x_km,y_km,radius_m,depth_m
1.675943880387124,1.6931105890340865,0.4604056492713723,0.03420623548684901
1.0732854420235023,1.654390895263721,0.08682426085753125,0.005749303871372213
0.5355548143890108,1.9025454516200786,0.3002073383586476,0.021655654150745392
0.39232021708031484,1.5840713986689785,0.08519909576486902,0.005634338467146359
1.5527665082315905,0.6924769858366446,0.4540158636162905,0.03369898819691541
0.22985133954360393,0.7174364978702352,0.24866194554367088,0.017705749019784608
0.0629159686781422,0.19689986064507248,0.055904234422445215,0.003591090267849605
0.13737369107365738,1.5808498463002612,0.305034345212191,0.022028084682773102
0.1323406230764983,1.8632201387665415,0.2054379340256015,0.014436553876665273
1.926698449354615,0.02695890628194819,0.47450146688051253,0.0353269288682711
1.2951230749436553,1.6138398744551297,0.2441987905636951,0.01736623780379676
1.369936407154668,1.121314853677189,0.2718011375032939,0.019472537124479834
1.4288052208418336,0.6821190994313717,0.4178435152480902,0.030836958932500193
0.5450499303236889,1.0275662403661538,0.2123578326147641,0.014956980542624648
1.9523273989747576,0.12534878333023625,0.41613767534245893,0.03070239997910625
0.5400990275263162,1.3840699578326763,0.28318112188854555,0.020345326673450844
1.870226920160497,1.978927579081841,0.35869006847281154,0.026194066163555997
1.9763907471167987,0.16774208308102145,0.14850330711547025,0.010204549834307733
1.2435329997918703,1.0035851855176594,0.07690363785236731,0.00504992760402349
1.8250939253774436,0.5907064990777533,0.23502953794399623,0.016670085547038707
0.969735554209102,0.6858227228010261,0.2586163162107194,0.018464481328003584
1.0273829923707847,1.4387826679852558,0.09031530452517755,0.005996762053460698
1.1294345128254668,1.6596468706873972,0.42590418968448784,0.031473306215995714
0.10419307577847836,1.8941034032669108,0.1479114866108242,0.010161082235576718
0.8589321504802117,0.8184818514172489,0.16355470331203387,0.011313936061495614
0.20648054937807725,0.9312624315882585,0.15227887143239938,0.01048213426504649
0.13157451861819602,0.6342274823112806,0.2238295895948086,0.015822304517102027
1.0025271550922414,1.2319744889499584,0.1612008329466996,0.011139958087821216
0.4037308873490284,0.5160275010779325,0.3897136725097001,0.02862299171645101
1.414877210944181,1.6642470415402069,0.15408411646774203,0.010615026887202348
0.3355191563219029,1.2425908513534236,0.420458969692604,0.031043343079685374
1.388309682553551,0.7006738251929756,0.20168162369463682,0.014154555600865714
0.34327104614467263,0.1945487686265106,0.11291777100968786,0.007613964156536584
0.039712325843284324,1.1900223847908313,0.2725792986558133,0.019532139199278115
0.7767555374681465,0.7836290195520126,0.23818059101153022,0.01690911356359744
1.688071086914086,1.8742931181322708,0.06905706632431774,0.004501128569987484
1.7270996416732725,0.018219511958997625,0.2583209190259832,0.01844193643761319
0.13159435552175291,1.0164998766819469,0.07949642394414069,0.0052321418492094676
1.7378668147522836,0.37970883730884686,0.29045928708703483,0.020904803200875836
0.780984853267126,1.9432488880305734,0.39799881395896053,0.029273965284191513
1.1555637881937098,1.459492732638487,0.2044028304132755,0.014358809531743602
1.5199687505000956,1.3651710194078417,0.337802635197551,0.02456680708017525
0.1638211524838331,1.1894388165178236,0.1883486374423169,0.013156574430448695
0.31428584501119805,0.16791831453262063,0.20286093047155956,0.014243051236661529
0.7799708983824101,0.8325524244185245,0.15740657150442283,0.01085988858778417
0.4566830243529165,1.6417348803715615,0.09369888202964019,0.0062372336934394135
0.5921518998920041,1.128859192738579,0.2690449834936754,0.019261528592556927
0.9197152102492248,1.670393414978075,0.323757737805953,0.02347649622109746
1.3449363524744053,1.2168155418989073,0.3326469739322368,0.02416620063417164
0.47182834514947514,0.4944676227132758,0.1453373220051743,0.009972157063541081
1.1093943282869823,1.0441281800000413,0.2990414861865441,0.02156576382935804
0.742424486878368,1.7775715631199838,0.10571758945830997,0.00709612643991882
1.776394084762218,1.6504177028719336,0.16907289909642131,0.011722467530249104
0.4091101351643114,1.6844876254636023,0.34748989321869467,0.025320665778720094
1.5424953909506391,1.2863380459607017,0.32977529317747695,0.023943249878662694
0.016884819404009654,1.7646412746851359,0.10510720961407166,0.007052337411378863
0.15403496170616893,0.25530679079433805,0.05538069593141997,0.0035551511683452708
0.8566656973885918,1.79738058536369,0.31330055028274684,0.02266681032517977
0.09853550119979526,0.7215100620317636,0.14600323384920724,0.010021008231184765
0.7502191048679627,0.7983731891254333,0.3402972250073815,0.024760794207431044
0.10664293909383682,0.16410306260280083,0.2639119982740435,0.018868950636469574
0.9260768624493496,1.5712214382436362,0.09419809965858182,0.00627276448765392
1.7156199275704125,0.3913242687376184,0.24520571708116323,0.017442797361628525
1.5742186536730132,1.2516194792637376,0.25423498079222645,0.018130278483433602
0.09223922473774482,1.3780386095944746,0.15002372782024942,0.010316275280041951
1.6772782467392047,1.1643744959625781,0.48976688560519904,0.03654320386898968
0.3762758001115747,1.7578797171230125,0.3488600617420045,0.025427409819225907
0.9849812006179925,1.79790175311147,0.30786542956486146,0.022246708338206255
0.02789702499484492,1.3734701606468158,0.4473005685567189,0.033166431386481704
0.7330992377488477,1.4069229150327431,0.47141299305160256,0.03508117960582821
0.5677409870491432,0.5418600091184835,0.4289086617333099,0.03171070679890889
1.3017100005017683,1.9330354300484331,0.43239537487502633,0.03198635585405767
0.08740104690505812,1.5605592367312997,0.2944082989016523,0.02120877252697778
0.9963523093938089,0.0519439131810584,0.46736661995941164,0.03475937867359252
0.36032745017548784,0.3111236338297636,0.4156110052870895,0.030660863216016
1.9519087271575137,1.5006635791057428,0.3785543586158595,0.02774770273442855
1.0364173440584423,0.7485632100666169,0.18037594060718687,0.012562117919068212
1.0351271639885955,1.165621501080168,0.18010918414807298,0.012542259039734967
1.0139353519100287,0.19939831915115525,0.4811278545113692,0.035854560903295044
0.8912395665730533,0.29157535331203954,0.3627587946607285,0.026511818730711085
0.2526191843284369,0.674914202060902,0.05455087351371095,0.003498234835011706
0.7853389129704593,1.9839030520378829,0.1396961595618511,0.009558948638055998
0.9896118067632191,0.11688627798369011,0.22187776795936398,0.015674856463692526
0.44834149746678387,0.1870534470552545,0.3367781276646718,0.0244871667491721
0.6313814236164594,0.9235028259982596,0.34739577735791016,0.025313334674246443
1.5488256768775748,1.1760586161321436,0.1715408820687853,0.011905480798269454
1.575811219891115,1.6717461900175996,0.165157567686176,0.011432505163949792
1.9552828065273289,1.7332233953964729,0.12137142946516383,0.008224858518047043
0.38351076032662856,0.17438774375438149,0.16462874132032854,0.011393377338973956
1.3848594526166642,1.81835392888341,0.40991592227661405,0.030211943311759228
0.7466053567215933,0.10852349667401118,0.364138631787857,0.02661963493146441
0.3948628704268611,0.41038459462789745,0.12187414278455733,0.008261281210077362
0.4660244608832236,0.7617105851666741,0.26536476509878276,0.01898000728477108
0.613502595723179,0.5727233871805646,0.44287318683849236,0.03281561878833535
1.0909925846442903,0.7095200099196612,0.2657279441199287,0.019007777041386918
1.9738956789137,1.3803713820020223,0.4610869918232657,0.034260352026359873
0.6004176128697647,1.5901306109036895,0.13455828387966906,0.009183604937442942
0.6253958135948352,1.5861222160246826,0.4944271285647058,0.03691503486746847
1.3274272159403864,0.7372505303185843,0.24992050073233874,0.01780156339128686
1.5752951720577106,0.2744279598455124,0.19778836559345486,0.013862658534925248
1.2523442972678538,1.2379178795226804,0.2307802065850239,0.01634809644637814
1.0415343690511192,0.07224141339615953,0.19023932649958852,0.01329780479251542
1.0187538235361981,0.649119658271428,0.3307554011042858,0.0240193282272818
0.45323745518945846,0.8513384581590755,0.11961000165952088,0.008097321565709834
1.5931980454333095,0.9377467813742719,0.061698459923789105,0.003990351790069942
1.6293721780864323,1.7103748240521806,0.3292426484757747,0.02390191124803337
1.1339658161122743,1.8161410691801443,0.17350332989462625,0.012051135965052386
1.2371229185472474,1.2772417120830382,0.0545705303962383,0.0034995823853478897
1.9252874640447555,0.5274659437376954,0.14222681936543308,0.009744176777111061
1.7235083803780797,1.6405297575569147,0.06553614723152579,0.004256239146077473
1.6035930560731049,0.7237106943855065,0.32881997261168777,0.02386911059773173
0.529758115157619,1.83326939960538,0.23931706394881208,0.016995376185916004
0.10973983721602543,0.13349132429389532,0.25657761293290765,0.018308922559041336
1.391897587304924,0.8158670579334959,0.16260709942741255,0.01124387636599617
0.6734224546210932,0.9397306754411829,0.21141376109546944,0.014885909687896095
1.8267523901386034,0.022197299404846937,0.3228102204091237,0.023403055974018403
1.4841470993151011,0.18329623413711538,0.16134848023529297,0.011150865787594695
1.658177490082128,0.543501031072491,0.13120614029652178,0.008939246846495687
0.5155008104053445,0.4023234175540358,0.17976582900234966,0.012516700702782024
1.5750322766809541,1.6971478579098964,0.1834393192740857,0.012790317953323369
1.6676739593507404,0.45442469697572974,0.36896085642905574,0.02699664942528112
0.8399032512576443,1.6818867911245559,0.48013535145449915,0.035775499860814845
0.30366566621178825,0.4953388795256257,0.05987178490140784,0.003864189985591767
1.6894331488112468,0.10854159407303987,0.47396711157464294,0.035284402403975186
0.5623052316283554,1.2829131348683371,0.3455164715135722,0.02516697588873733
1.5587211296633463,1.2714224193509076,0.3110699904292885,0.022494340185030565
0.7462990103224851,0.29563714711852396,0.22258608817335812,0.015728355370466855
1.0865715384523054,1.3759799254256235,0.4366295017235422,0.03232129934711919
0.7208064757581842,0.004958315711923511,0.12832064175235947,0.008729249685376176
0.41697560405640277,1.9565904614992118,0.31244819890720316,0.022600895238808334
1.3678635821882035,1.1575077097224444,0.3227467966574374,0.02339814065189542
0.43761691215501597,0.1088453574196191,0.12796989520682792,0.008703745555604969
1.2331484694721382,1.8378123030254,0.11449015839259297,0.007727359046288605
1.3467471080608835,1.0329507350382532,0.29529370279914385,0.021276963931699453
1.5981067115071712,1.0471137319713915,0.1630064570888093,0.01127339886066805
1.6286079750800952,1.8237334988500538,0.47972917309956953,0.035743147659985486
1.7696943203097995,1.699612483081466,0.1512618864997775,0.01040731696893455
1.7030729029760259,1.0134759550047214,0.4752851558531636,0.035389304434122124
1.1233524557634285,1.7123195346891393,0.10692898184009941,0.00718308406781929
0.6254988454363344,0.6699497544840496,0.14603387508491783,0.01002325643701053
0.19806905253813034,0.6616310876443423,0.4494984221929608,0.03334067195153756
0.4985531994621024,0.636520422534979,0.22266519457591838,0.015734330949030796
1.8632317431440812,0.9086450529120278,0.4876043771832953,0.03637074463086085
0.8806905735687496,1.7344260668156477,0.3245169938129754,0.023535355396862974
0.264396913073623,0.1230383376974824,0.43699476931513753,0.03235020462257617
1.1688507720732,1.5247788863984928,0.2640354904801356,0.01887838935156977
1.5297936317259304,1.7933867439457098,0.062448768474458585,0.004042248036756995
1.0057404925440887,1.9905189507312577,0.3951532507480769,0.029050279522033814
0.9974361102762248,1.1980184730801193,0.2452762173110541,0.017448158513246218
0.3297445848924174,1.185340325919788,0.37797524255501086,0.02770232747050307
1.8192402765959097,1.7450833209463705,0.1423330633514673,0.00975195816218006
1.8517150188085398,1.4015230393612819,0.47449154351873163,0.03532613909116324
1.1918371148079858,1.1213365918547527,0.13645186696990294,0.009321826154157345
1.512953089549245,1.1069409088429407,0.4019604742323984,0.029585569531711414
1.2073457104282053,0.16721387623196438,0.15150048603161753,0.0104248670927131
1.5255939270559025,1.5664047160153103,0.05367420101783837,0.0034381700026266835
0.1694372684788994,0.13712649184126136,0.06610163010740087,0.004295510077141206
0.8042947031537893,0.6877530518508317,0.0801645316618756,0.0052791617477402795
1.3512261507398498,1.6267192193188182,0.260836986174805,0.01863402095028818
0.1513526497727613,0.2414493986091315,0.3327274242810986,0.024172448534029833
1.0166362172157568,1.6835396368916036,0.1280972634339893,0.00871300643202922
1.90122636254815,0.8409571957825357,0.21635483432707503,0.015258120215524822
1.1316766146697446,0.17430524005683523,0.25920880536278423,0.018509705809940165
0.6879946454406498,1.9734445327534114,0.1988927108855018,0.013945416895499324
0.30906133916993794,0.6928122569894681,0.3624638459829921,0.026488776021214994
0.9329392400633949,1.9855548911727259,0.3422205973903899,0.024910428719955545
1.5375653444560893,0.253514119536149,0.205277780506878,0.01442452332884409
0.8432847671932542,0.06331538249061075,0.48887776541680433,0.03647229049275926
1.7943443045875758,0.16329669128570923,0.1213858953087279,0.008225906455167359
0.6284632006125979,0.5746577156941364,0.24279882150622278,0.017259830284555765
0.873294240507259,0.6528603689378663,0.14575817374362643,0.010003028876383869
0.018587341560401427,1.4642059133137382,0.05707340334613842,0.003671433225560218
1.0637402389699142,0.7550521784779187,0.20281611510625486,0.014239687624150182
0.5682432386305662,0.8928260002120825,0.07469961154499853,0.004895366843244303
1.8885828416709718,1.3986276016336399,0.24695579802868173,0.017575912692004966
1.5453023033353999,1.948610977493344,0.43228040288166913,0.03197726406173888
1.311538345211486,0.7413294208276477,0.22772063995065522,0.0161165134081491
0.236693755164614,1.5687672499233216,0.1636785828202731,0.011323096983933075
0.9152308213386502,1.6838080434826541,0.34343460406577936,0.02500490590111567
0.9194137811528968,0.8353010257955042,0.1841617352989231,0.012844171327255583
0.24311845045214486,0.6711132629443459,0.10718506403906973,0.007201475200099107
0.3007867939422837,1.1166391684265267,0.4100742211843182,0.03022441557538714
1.8692164926648411,0.05176517701806649,0.390193093238757,0.028660634551110915
0.35928785545476183,0.1851144771847386,0.09578289137855203,0.006385644601464384
1.503960825606315,0.48857319504498475,0.10048529669019596,0.006721334754560569
1.3599427240553967,1.403641891000095,0.19705931263360893,0.013808041606594207
1.854081970804039,1.9526072025463805,0.3785018019645704,0.027743584585076853
1.6270572893538546,0.996049265585216,0.07350728725203429,0.004811883740640181
0.6210203301101553,0.7864557431941503,0.11079759735347415,0.007461237587233656
0.7437514822481557,1.6711943059920067,0.28020805823134753,0.020117069500687694
0.7528048692688285,1.1125523554641663,0.3831665429754043,0.028109249908953266
1.470902092098197,0.7087916631883797,0.33964237039580014,0.024709861131198683
1.889546359227832,1.97978547660379,0.37272642992320376,0.02729128882054617
1.3077012013102352,1.9002519418634123,0.2592225068525442,0.018510751724125876
0.6396845213858837,1.1004836334315082,0.26412253938973623,0.018885042827833876
0.5715175802804016,0.912481002470122,0.4798780220185439,0.03575500329182491
0.41449161244173616,0.1499567998223359,0.3495709031220202,0.02548279987283164
1.5017468444023547,1.4267432641609974,0.2643138237212056,0.018899663941763938
1.674764680185603,1.448868738579127,0.2711088381056289,0.019419521395882124
0.9724323557407861,1.5926695182195283,0.20851195072858703,0.014667595342262129
0.965096938874705,1.7062489470113542,0.3705843667833716,0.027123656576715477
1.232073202848018,1.850395202856009,0.13777478040079127,0.009418470277737281
1.5033290994208344,0.029594351173086064,0.4681919630649787,0.034825001206713044
1.5600803908569931,1.6118492734562955,0.28173663544292393,0.02023440536355236
0.40523239179130965,0.178398316462268,0.1888067516539393,0.013190785624169848
0.6377465026692362,0.7589424926279527,0.4682870313052868,0.034832560538170396
1.0941802900051711,0.9811843081126572,0.488441766307808,0.036437519852068584
0.5187769581467203,1.9348267737115763,0.16588954335537012,0.01148667825136236
0.08462314916023228,0.47648406474929605,0.30575590840114,0.022083792415847982
1.9265713452595377,0.3164737820803438,0.14571637550779218,0.009999962468206017
1.877478084422895,0.902673583992402,0.34961346806870247,0.025486116857699484
0.9587970162057569,0.41852550020290735,0.3030536374646296,0.0218752124521976
0.948474341138442,0.7396123740377518,0.22117395123861083,0.015621709373437244
0.18437260348560125,0.3239169571368974,0.4830733987423857,0.03600957215706114
1.019287775811035,1.3832549764579467,0.15879774416617057,0.010962523068850429
1.5547418492519465,0.3250878781647566,0.23959949101139832,0.017016817865686353
0.3106741221920255,1.8076685522128613,0.3725531795040067,0.027277728221042092
0.16787301384694775,1.47163126533412,0.4954408478754107,0.03699594950911979
0.3142292021133084,1.6861896348993157,0.36672068106129685,0.02682146393092707
0.026925216004271446,1.5606670228330897,0.1645760005398309,0.011389475527509086
1.9412581923208005,1.4671315045860764,0.29899965111896953,0.021562538682565874
1.206565344772646,0.9427172608877099,0.3317649258965968,0.024097706247983637
0.053798594907073394,0.5987044908842878,0.45266253227373354,0.03359161819186502
1.8945407633426208,1.7925959011652657,0.46525188994418254,0.03459127428474327
1.558568833702437,1.1522541154199823,0.06764164633713478,0.00440257618489805
0.841222549484826,1.1107325649989785,0.05794031176541005,0.003731078940643059
1.224156205499829,1.4402273056632715,0.07385673405535152,0.004836341384982003
1.584618933544659,1.9693875420281566,0.15012956506677821,0.0103240554623791
0.7750266720357006,1.3242856714111506,0.13015089641686778,0.008862412306731954
0.21013750543132792,0.5265987748802958,0.45047244079190063,0.03341790862768663
0.06407210176065004,1.7619133343043045,0.3078281058140567,0.022243825196380015
1.9168732852489383,1.6416360246324466,0.24509524515609976,0.017434396798116085
0.9434612093061752,0.2074132892891618,0.41687236350890206,0.030760348516079415
0.788542055345931,1.2585641942625991,0.4893860276880098,0.03651282677382924
1.2026156330330489,0.9712189316850122,0.09974676515470106,0.006668540170890382
0.1364930846807526,0.07279650317075448,0.12364616945091242,0.00838975088104163
0.8814561052242345,1.3974183851575326,0.1190095839891529,0.008053877573803709
0.5811579903008244,0.13392310723596634,0.39504524857378226,0.02904179180553812
0.5924297143839856,0.1942385796527204,0.15327963041841497,0.010555791519835449
0.5877777951942462,0.02507790539437016,0.27600346883095367,0.019794547420058622
1.804649618910872,0.992316420408554,0.46372232949348247,0.034469719109389854
1.1432517528453578,1.1351526285978146,0.36259104914129736,0.026498713542093225
0.9480917837591374,0.5756246954532969,0.4493342091460551,0.0333276514993559
0.44243800749755446,0.4534170988572763,0.36997146654016994,0.02707570489448203
0.4356895815702997,0.49936372528171846,0.2645212611542004,0.01891552056821102
0.5132310845148633,0.24909141984431393,0.3771857440885154,0.027640475921182805
1.2382080026346984,0.8901846510177398,0.24773846651115033,0.01763546541810007
1.7235748727008828,1.5089200720349447,0.4125852754006982,0.03042230418758118
0.8227288022034083,0.4820644414596216,0.22671600792119456,0.016040518021871668
0.9108086402602942,0.7913862884464491,0.47013320422869476,0.03497937956656967
1.0462746390007331,0.3080710106468254,0.2497021009694752,0.01778493412708618
0.6353300368729493,0.6467216957177377,0.2355267897356359,0.01670779073598717
1.769876182981611,0.31509933459295647,0.4159452087245385,0.030687220338908153
1.387294105513045,1.951692352551968,0.17600395958991577,0.01223690023922164
0.426235943257119,0.06132837281706416,0.4062584580565231,0.02992386697526831
0.11659794723266925,1.249599947239171,0.4843243159188316,0.036109261759832804
0.9937200412702611,0.772079462460054,0.46932064925611844,0.03491475528567205
0.8630152009295982,0.2337753179835731,0.17011613666580128,0.011799806472429083
0.32599788401180896,0.9958222609370533,0.14191446941586533,0.009721302368600313
0.5257437305980863,0.17272970026335388,0.47017716006341115,0.03498287569046304
0.3595420245783192,0.4402049485598625,0.38947702343459945,0.028604411840984674
0.3927729501062913,1.8654222861886594,0.42825779045816936,0.03165926795876681
1.199850854993516,1.892518265359131,0.3941377327767884,0.028970477933433266
0.14060871322572455,1.617947165808529,0.1000295410398995,0.006688751480933206
0.2355084643677312,0.8137869834386786,0.4836926411479283,0.03605891934748796
1.673411749534069,1.7841194620827585,0.12325157684612259,0.00836113236042405
1.6441670875481893,1.0473011070932838,0.2068103840911955,0.014539677231410522
1.5457546758782525,1.0135201179752364,0.4753129290247099,0.03539151509351376
0.8951539360635923,1.166412191232685,0.10343312006485175,0.006932327513032371
0.25673409645094436,0.8162562768466497,0.4760918537085608,0.03545351874118954
0.44167292124508695,1.3109140712888105,0.1264930492281502,0.008596411457741768
0.3696125606567289,1.9140077593745897,0.24689601369378533,0.01757136427641571
0.9569778235976216,0.12388708401993775,0.48710940446794215,0.03633127815506192
0.8215248220832372,0.8000355217188151,0.3489793544736617,0.02543670478256195
1.776230787217712,0.5157966889649206,0.05626786500954453,0.00361606592828903
1.6106946484584097,1.738658635247297,0.46404174089519773,0.03449510066134218
1.1830596029045035,0.8320474528733608,0.33219276343291004,0.024130927893444214
0.23483826327098756,0.4651136316647053,0.053306897275041946,0.003413024399661233
1.4007476968288575,1.9009704137844246,0.48535031929179334,0.03619104052492864
0.1725546039158825,1.5734823939593285,0.39870566088256526,0.0293295466798304
1.7889022771107892,1.604461056312921,0.42386991296887033,0.03131263188108539
0.27546011841871065,1.2587783968840942,0.05294198979740128,0.0033880546804055836
0.2702521807472289,1.0553603745397069,0.196727779783325,0.013783209465087279
0.5218658375004981,0.513364916560981,0.45615985865016734,0.0338691327144903
1.102309873475009,1.7376447862396476,0.3526228317862584,0.025720699843434062
1.9386322404886458,0.2587001533621873,0.2802484105650512,0.020120166439429314
1.384159043867059,0.906946637428212,0.09447599577252029,0.0062925488099887985
1.852418033430311,1.2827604681783458,0.09608398349022246,0.00640710515574404
0.02592278382414759,1.4791736758115257,0.17158603185356747,0.011908830580951126
1.2661294128320264,1.0632722966747727,0.11820285456043124,0.007995529449547657
0.25325228705845415,1.828837098709646,0.24863203764611447,0.017703472524453607
1.158685562089396,0.3135678541352591,0.11858483884925848,0.008023153721233096
0.38070874743415395,0.22025538160121272,0.09777129712484199,0.00652745512646044
0.22632780619258352,0.28204719078320695,0.2112654797215937,0.014874748872559101
1.602849841417887,1.2118169241668002,0.2096653164384602,0.014754342536642508
0.45078601671619034,0.7384205926753957,0.3072553855685572,0.022199587393321604
0.3548817966365607,0.6695572165708759,0.47108331324476826,0.03505495359650638
0.04105496721139956,0.6151871632428008,0.4836272747933988,0.036053710121812584
0.347841456033829,1.3182150174816327,0.14201131410358056,0.009728394250658409
1.2725622054565386,0.2529019410470903,0.2519519829411882,0.017956291229946804
0.07714159294956757,0.8028984262449836,0.09290847199263541,0.006181004608546346
0.01924631474688243,1.0001618080948478,0.06393534607798083,0.004145196126493423
1.9479124636188863,0.5871832633245335,0.3672284855820404,0.02686116864581812
1.7277051984257508,0.6184025696050495,0.22964750466005712,0.01626233574598024
1.1936568469904283,1.6887311098780124,0.3211600377756258,0.02327518902844501
1.9644465168317833,0.9240251129966777,0.4293968705036273,0.031749293836290035
1.2282771096289657,1.5696034296057553,0.2547195297646672,0.01816721986128839
1.7917401181624635,1.3397362424625066,0.40030446544142917,0.029455290321931064
1.1824774172591552,1.6893990820490095,0.17985677543793455,0.01252347015757843
1.6737031537768576,1.4112107485159313,0.09218450731688194,0.006129531336079652
1.5283967752298666,1.259452396690057,0.12354104832005793,0.008382126170055324
0.2365064788520026,0.42583948663776994,0.16459688045824172,0.011391020232767913
0.6508319408302208,0.7922541876018614,0.3035394638956497,0.021912702468496956
1.0040578929746233,1.6902128830256002,0.17781438232958874,0.012371504958381798
1.6569252017629852,1.4798233232565532,0.47159831395618895,0.035095922428633734
0.02930989419185881,1.4342989058119946,0.20483000238621402,0.014390890190403955
0.04842301621639722,0.31047548067596775,0.29944947529127003,0.021597218135243824
0.5375586964981125,1.9873625803026982,0.15206417128961777,0.010466336379159079
1.2404711849893206,0.637938493459328,0.14049475954979498,0.009617376253180909
1.1722145004834243,1.383556838199638,0.20680453148112254,0.014539237376650587
0.8072646367428009,1.2134649254230976,0.4983798309347777,0.037230602375966045
1.7398090179921781,1.145165646549927,0.2977807182357314,0.021468582460708152
1.5617647034399513,1.1335024821969197,0.0604602505181623,0.0039048045553558047
0.5712265335175293,0.1757085495397286,0.2048061840173887,0.014389101306863675
0.9095314991814407,1.2662368449376118,0.4924133673029042,0.03675433128005673
1.9833769953203808,0.6401155284164184,0.11571243568906411,0.007815579601563396
1.1885953542081125,0.7935486457917611,0.27302430218034496,0.01956622884946959
0.6990907426838551,1.7577673091420654,0.3377047076246643,0.024559193936354095
1.93447102430718,1.083081208928325,0.4650358211898507,0.03457410148407372
0.38586321543397073,0.9736919873871488,0.13007323811906732,0.008856759535400742
1.211887367059532,1.5833590496813208,0.3236302557142828,0.02346661446548582
0.9262465400354201,1.045110776069162,0.49379562718258935,0.0368646344821633
1.390725268868355,1.7353074132831776,0.33879074408694987,0.024643633744837228
0.008827084632158533,0.1066876054821364,0.16342978305295086,0.011304698660063891
1.6963947447348073,1.9245170479408023,0.18461338211888773,0.012877847293789898
0.4859731769419351,0.3061938949508718,0.46552908594995296,0.034613306187875635
1.9442383697086916,1.7885402854859511,0.1796774013478314,0.012510118956068428
0.022567559662367787,0.0032676213741735793,0.09439054442955783,0.006286464824679541
1.4799206916775975,1.0385468304190724,0.44793445742828464,0.03321667852691397
1.9928453763239664,1.9031426751595075,0.09012946152141174,0.005983571939864891
1.6280527339752449,1.3590048662325704,0.4322254990203912,0.031972922415374666
0.6124898698269761,0.42738674212167704,0.31770345450685733,0.023007497509080627
1.1999007540131372,1.3819197118856792,0.40085911881635417,0.029498921103126692
1.2590597769839045,1.1167461845526845,0.24824272684732995,0.017673841132386528
0.8810650456464473,0.8650980627296485,0.3956064519869997,0.029085897620310032
1.7273514464741266,0.9740708876594402,0.12383097729866646,0.008403156562545503
0.8540312170545081,1.0401160933630222,0.46419209296681146,0.03450704858241122
1.2442632311568536,0.2053037379802014,0.42463934086656285,0.0313733977619199
0.7875245390763732,1.4025549244252118,0.3870255045692388,0.028411983241050827
1.902527743287143,1.0646014242550508,0.21472392375743,0.01513519837448937
1.6872868834299417,0.8397960416465085,0.33763518121325004,0.024553788865043433
1.2857178258648074,1.8980163081293382,0.1934086187659273,0.013534760901888099
0.8137512143755579,1.8289191645183018,0.09725369048358937,0.0064905207642839274
1.1509577090908425,0.07067889994958976,0.21012578389080871,0.014788984523571002
1.7155625285889262,1.70570421871774,0.37232807290202696,0.027260109401544
1.952892249387131,1.291549758290234,0.18747131957407143,0.013091073853314802
0.49411598939050316,0.008884502983109943,0.15820360883614693,0.010918682806199039
1.0379176193196114,1.1589344358643654,0.0872120313176519,0.005776757099254509
0.3351149446159114,1.842605737728467,0.31005473499659586,0.02241586737282956
1.6991227622597926,1.0765160653133108,0.1652022986245779,0.011435815199818986
1.3664048987553452,0.8899488030322513,0.3272971496441134,0.023750960067132985
0.3712497573711202,0.9658383725325759,0.24265727678086219,0.01724907423968126
0.13080886228905375,1.4931616736066926,0.055112163208671246,0.0035367264093025277
1.7329037657581645,1.1236346265521362,0.48495056443005824,0.03615917618948507
0.5729135419790954,0.5943008266552914,0.1417130835189329,0.00970655606196019
1.1730965446569914,1.0751419065983474,0.3493296805486603,0.025464002499070063
0.5013856021523575,0.4468742059720321,0.055572358265772684,0.003568305413664301
1.2537504115957947,1.8399890377286239,0.19385769777625567,0.013568358636096784
1.7963223709296423,0.09522279825934943,0.4793023348659208,0.035709151931658814
1.8001851165182938,1.8000041650235337,0.26600475933145357,0.019028944921227378
0.7109090565529643,1.0517213804784271,0.09984256653066802,0.006675387099339442
0.001111379671001611,1.6065455743536645,0.3478885337645287,0.025351719188868464
1.143333304290849,1.8031862540480386,0.38715042360346397,0.02842178655978513
0.24224275358767322,1.6804570654377669,0.18427275300252227,0.012852448569523367
1.0300529321526377,1.8450252794867108,0.30323933161646344,0.021889541518399905
0.10871720927789985,0.6521680885646572,0.2612452314086292,0.01866519977015492
0.692141597351863,1.3900681533251322,0.17771868627391557,0.012364387591946574
1.4379981593464661,1.3227389432243617,0.40163596436099547,0.02956003722209578
1.1864422549549356,0.12265702388251709,0.334034004322013,0.024273934159480058
0.8698150851991129,1.3635692657011813,0.24054732798145584,0.017088789771737358
1.6419034684128029,0.5743315754616984,0.4381621114845583,0.032442592855896166
1.9975229478787688,0.14924647384557677,0.3425946794503319,0.024939538305051245
1.960903137572978,0.2226262933252363,0.1956069817377511,0.013699281979159018
1.960370309696968,0.12903123601527589,0.18859127094004258,0.013174693174985066
1.5531877851650964,1.4649858277799044,0.32365758808829687,0.023468733107827242
0.5520919957528594,1.662628428335772,0.11123452275853474,0.007492695111374645
1.7967113657615243,1.0572784137970388,0.2758873248887847,0.019785643136159325
1.8390769941699132,1.2297028688535463,0.3594349206307979,0.026252217867724054
1.7253796342919387,0.8751893968085389,0.18494820834161885,0.012902816481784408
1.2185257351887857,1.776405831332409,0.3345663065914602,0.02431528738376494
1.315507346742219,1.6769371883322295,0.2956877487656582,0.02130731682172923
1.2644100561242326,0.0335889352402472,0.14218577556481898,0.00974117080735689
1.709655453107831,0.10466878922166734,0.38988045509697167,0.028636086677335228
0.4714032291156329,1.7900719973362234,0.09999187074691335,0.006686058781716794
0.14249917183379157,1.8868867691781255,0.14716642796250456,0.010106376780939619
1.5061420407646198,1.1573149167238057,0.48525402959477776,0.03618336513756829
1.9863791080610385,1.2586770530494598,0.0862856194887522,0.005711183384694314
0.4456051822213234,0.25527569370649994,0.06499059974026283,0.004218374812573137
1.751717174394527,1.162235358636484,0.3329438436684784,0.02418925651928133
1.7355149425435614,0.48093656919382366,0.16548164705688173,0.01145648804766598
0.6162042639953251,0.14297161531357316,0.23186510674133115,0.01643026515056903
1.420820280520384,0.5417025624922718,0.21393319195036276,0.01507562401883824
1.735644648071895,0.49670151347908753,0.16849470515149612,0.011679618106420861
0.2382271187789753,1.6105773077681638,0.3096017129587857,0.022380857356574423
0.47504329990688854,0.3693631332014897,0.2823372143020676,0.020280518725431237
0.6769051380563385,1.7864634315241137,0.24069341260851107,0.017099884127514006
0.43830892601995175,1.0423968251247326,0.0977497888292308,0.006525920110400357
1.6683071664313387,1.5906019405094831,0.3639156627376093,0.026602210907812725
0.6689672006796796,0.4060304802734438,0.16520368897393628,0.011435918084997382
1.105452135581589,1.785761277814963,0.403985579381917,0.029744936103059335
0.5161982858226506,1.907972175650924,0.20633641562692218,0.0145040587653667
1.4541753812838698,0.1976901031952305,0.46143036920547115,0.03428762732390489
0.07993838831571232,1.1659048450857945,0.1682936630119972,0.011664721432791361
1.8479145556883056,1.042003775571568,0.2897550791061883,0.020850627678300062
1.61920244414727,0.9739525642217437,0.3838855691306255,0.028165641217045605
0.17677344701790298,0.710318708023433,0.1270200498164576,0.00863470289574844
0.09605957544437804,0.6942044982749158,0.19218463582332218,0.01344321628370651
0.49083741882522935,1.1912800619468653,0.12853830070461345,0.008745078924251751
1.1470822759138377,0.32698756371708004,0.13521982057858398,0.009231878343699174
0.26444139088471785,1.839819666370053,0.4881942328947049,0.036417780178955354
1.0109263381705693,1.2106641122223452,0.18553377662648463,0.012946491896059767
0.9713754119302163,1.9724019846598693,0.1456220853909063,0.009993045366016784
1.1698625200817725,0.48893153649365617,0.32251163785064657,0.02337991649522486
0.3857541185685338,0.9225756338985363,0.15093703651209028,0.010383425787378074
1.5544294167546406,0.003434743764472392,0.4174352588170682,0.030804751658226857
0.033261856707164306,0.5456074450324071,0.1288235884847479,0.00876582926748015
0.23916454615371618,0.9512529470204449,0.17793930628768312,0.012380796539296291
0.6598962141483569,1.5764259476876386,0.2701087093551255,0.019342948843512186
1.909917467078202,1.7425356674986798,0.49255637714706096,0.03676574235824499
1.1630957850101942,1.8175524622668984,0.2830003134771108,0.02033144035448709
1.5177954617433376,1.5287961266260255,0.38473123558068795,0.028231973912514412
0.15260535003352205,0.8676668661738249,0.0782135554452217,0.005141933095062753
0.017865944453234306,0.10171077523080219,0.06281162317758093,0.004067360911804077
0.8311955719903814,0.420163957300425,0.3735093918707004,0.027352577980561205
0.8776690276141317,0.6344853670366728,0.4547459240765554,0.033756918586247624
0.8810222418250258,0.9749756852663072,0.201061273024362,0.014108018562884956
1.7082817003817066,0.2813198627749254,0.2625784118747487,0.018767041848052897
1.598955819632955,0.07954243019472651,0.10171621991427716,0.00680938782123709
0.5657756644164398,1.5819661218323873,0.12879220486106527,0.008763546431245387
0.2196413884732047,0.29823652084853536,0.4824187296425175,0.035957406573263254
0.5865544301844914,0.1535525104769755,0.20311047831795648,0.0142617819612813
0.8623093925961836,0.8628153059791914,0.13557098859204023,0.009257510270367617
1.7821699998597684,1.611269859641781,0.4858711378211494,0.03623255752401826
1.4060236144072116,0.39396418346536466,0.29285453824152863,0.021089140323775464
1.3223276835020659,1.5855554672449323,0.11250052090679823,0.007583891814201946
0.2695609018220362,1.173377474282951,0.2061736379783934,0.014491827417407847
1.0095047114483953,0.7169451500679966,0.16259559534976326,0.011243026001717987
1.9541834746523479,0.5002828129324077,0.39255444865634975,0.028846088371266752
1.4138805136467751,1.1731074170573261,0.2947887600789273,0.02123807288272134
0.6581185204373714,1.3838909825689885,0.1220426797998043,0.008273494412231146
1.0734260114278347,0.9938836979989605,0.48555460813206514,0.03620732502400474
0.21757878746092296,1.2458182355591814,0.2943722484120076,0.021205996315634062
1.8566077985270433,1.161618069047359,0.13099372630751502,0.00892377709560322
1.6277396892101579,0.3248661347223658,0.4791202910783268,0.03569465360541528
0.5497292020959113,1.5235677126793676,0.2714689681844535,0.019447098702142358
1.4009450522593978,1.6946052878825961,0.1317784809050659,0.008980938037476347
1.2970452942832242,1.543754190557496,0.1465077111550313,0.010058026831591373
1.7794706869509151,1.1169194587289784,0.4227137538484383,0.031221338058619232
1.950571298570238,0.3677431435482186,0.3525867630548907,0.025717887428519454
1.0943999207872692,1.2877652776775892,0.45184904266873427,0.03352708856596975
0.42602050049072226,1.488500745893319,0.4682134572055251,0.03482671029958607
1.6391464837648804,1.667539885465138,0.08037031209314491,0.005293649563559161
1.1815273923610907,0.5395483900940066,0.05700444951783423,0.003666691680935825
1.6765833856742698,0.6541233490582552,0.38813650015729806,0.028499178922096108
0.8023195899686582,0.7294303704058385,0.40341411966267854,0.02969995922551982
1.6320352102942575,1.88886792328942,0.4752744941033737,0.03538845579386118
0.3175593716867797,0.5469416166112846,0.27177752310188863,0.01947072859906908
1.1910415800165404,0.5423183143310413,0.2819291897290837,0.020249189237663077
0.36704228722784604,0.3786221672618053,0.06780928949730594,0.004414241416317938
1.0132102803293115,1.103317523497063,0.23356004901218252,0.016558690589130575
1.5457627438857824,0.11485466271868083,0.3514083612418034,0.025626013928123362
1.9861990078440361,0.16566818466510003,0.11609879294294013,0.007843479196914497
0.6959433113707683,1.0397828986739135,0.16942165377438226,0.011748318311421629
1.1577591629424073,0.21857980540460265,0.3831298495344217,0.028106372335710027
1.9731688532203255,1.4416778255466665,0.440276059698747,0.03260994256367623
0.7671681640490058,0.2755774560827451,0.4485492609974703,0.033265417499761946
1.924200159655759,1.8302156582196762,0.462403099222239,0.03436490122641379
0.814127106432597,0.7709218466877632,0.05198965152135751,0.0033229446390389827
0.315686499868983,1.3478525548187463,0.4049464644596166,0.029820572693172554
0.3640920303538697,1.4600126594073344,0.2871848385126854,0.02065297337911348
0.7152841941181145,1.2335199416461118,0.388369455864966,0.028517464467315515
1.5231296939413435,0.5986708024068172,0.3001227127441377,0.021649128477567316
1.4231391020118818,0.047651971953490024,0.3881754137667619,0.028502233340907512
1.6868766340103405,1.5607757689846538,0.3688548712380627,0.02698835954686854
0.4441130094573491,0.8421486676787444,0.12991527768078864,0.008845262265301041
0.9979659528926035,0.7149176933723032,0.29519269747731375,0.021269184062271816
1.7796127457937745,0.17825809611560706,0.20266248916668228,0.014228157634754655
0.2354068824923503,0.10564279329652293,0.134726026618077,0.009195843850727747
0.04187141402568151,0.07101997048583097,0.4839938464782832,0.03608292386128292
0.18516528529424092,1.1802759362259945,0.3000377868266474,0.02164257977498341
0.9443891895521039,1.034567291768942,0.24376296211929827,0.017333107245468275
1.4388924894481976,1.0399901334447474,0.47824071532320134,0.03562460781505098
0.34454333533234704,0.4333192927410079,0.21265312133780662,0.014979214718489007
0.3586646469570294,0.4363521720065948,0.39416273537443614,0.028972442521191993
1.3359807079245871,0.8769491542670833,0.49794011008042,0.037195488307677355
1.8022525314263007,0.20842768846794235,0.05490753197151881,0.003522690261187223
1.5357586603677542,0.9075027133834044,0.3787162871630672,0.027760391118473584
0.4755784314377822,1.9741114988432162,0.05817834523937386,0.0037474671242932124
1.1824948180289088,0.731092998625767,0.4242846388445228,0.03134538408090327
1.6341213314650134,1.5640099747762144,0.43774923955560496,0.032409914539423705
1.8711527592702017,1.3288941166693355,0.2801019987563933,0.020108929853105223
1.6290362384591952,1.2283260179853879,0.4096048375077219,0.03018743412207459
1.3432297746650088,0.3114070249590908,0.48613847632011736,0.036253869579693544
1.087986019935359,0.15367367769372953,0.29029713671334134,0.02089232798385274
0.02826204097154683,0.2865873881155556,0.2340998895891826,0.016599607729025263
0.09607458593030516,0.8457237355996456,0.4726515290837622,0.035179716375790704
0.6570813808025435,1.15040195002003,0.11630476710316662,0.007858355604107234
0.18920004325428263,0.008450133030251772,0.45631726955643825,0.033881626806639815
0.4096463688529759,0.2832868898880079,0.33290215874607565,0.02418601904477095
1.0354418164527395,0.3178359472348562,0.3404894841515449,0.024775748963602857
1.4534074205824514,0.4127024418582417,0.25589461269370056,0.01825682676415776
0.17079151456505137,1.824387491692253,0.2777983764076631,0.01993218849760229
0.05117824416522909,1.690534446322956,0.0934185580053492,0.0062172879255121905
0.4381699267471202,0.4284387666585361,0.2893399050969044,0.02081869212385802
0.6781704989803328,1.9631230403582507,0.10930596367119752,0.00735390840901049
0.9110660895736622,0.08119571660262204,0.37949757371011217,0.027821616364421604
0.8286319154708806,1.5339292790773815,0.12324350667919406,0.008360547123314745
1.4107649950521033,1.4429440845507284,0.4760470435079524,0.035449951587855966
0.5792578024219692,0.6535170170529423,0.1373911093327338,0.009390434949987307
0.4120898760641789,1.6481283051553173,0.10147771082873733,0.0067923205012946275
1.302314912697682,1.7108807137875548,0.20708815644067335,0.01456055428746614
1.1268238154744057,0.5433877318578051,0.44007944318474396,0.03259437516786535
1.7421429997682034,1.0959136525415156,0.4435697291427405,0.03287079475711286
1.4245366326777653,1.637923791314982,0.3268838350368107,0.023718898962820367
0.8756915334046749,0.06246122037662305,0.3654253146884723,0.026720197754267556
1.6825479179393092,0.14420839577407896,0.25891190975339473,0.018487042983229063
1.3239846689107648,1.641538704781458,0.21580153376536787,0.01521641072402504
1.174552821807307,0.5696914475716339,0.3509396585924345,0.025589477668239578
0.19688080258921303,0.8195194960201877,0.36124977187253543,0.026393940756930814
0.49105203334240044,0.29659201368298116,0.43656977433143385,0.0323165730073063
0.6034097843741135,1.396649687920196,0.33647398254749933,0.024463527173378803
0.9953265489131713,0.8941377802354371,0.23209567199561398,0.01644773123822575
0.8289370818229509,1.8213444622834423,0.12257550290596736,0.008312113616322668
1.0567924639966622,1.0850983664304217,0.14486951506285592,0.009937848064639515
0.23255598659795074,0.7438067418848233,0.4466726854515437,0.03311666515494164
1.2894401421764377,0.9519033079095767,0.4998167891924529,0.03734536609718236
0.7259140328570035,1.2197050725446617,0.18843293909393227,0.013162869504423386
1.76201867162736,0.5525371827401975,0.1721453218298269,0.01195033083097822
1.290174890163855,1.1541350935054653,0.47675561097696667,0.035506360403264006
0.5989083878368104,1.4853122876841027,0.48334919774646795,0.03603154993544922
1.0227486710533995,1.4043471922000843,0.1098506449603176,0.007393088826720537
1.4201448919935327,1.0267564799096975,0.352798156144085,0.02573437082705549
0.5986437997427623,1.974968435469174,0.2334888042584231,0.01655329109022487
1.5320842583966845,0.2550562445867983,0.39182230185220257,0.02878857948718148
0.015070292716208966,0.601565101492932,0.12437672364586118,0.00844275222705793
1.5634715401821935,0.5190574565688735,0.38970787348752495,0.028622536412274628
1.9745315852900465,1.670662374501387,0.28172177840136925,0.020233264703123765
0.8287768541047107,1.3833606357468184,0.3969489509967322,0.029191424129914496
1.4978912125410966,0.2820726393474018,0.3913548150124005,0.02875186307001212
0.4176437542080609,1.436503295182951,0.37582535268817074,0.02753391996609821
1.1611568378844834,1.1201700397253547,0.18681690933604211,0.013042229331190572
1.6401222901925956,1.886854319531681,0.13933538380426563,0.00953256091084771
0.9400424233545375,1.8929125471836221,0.43867308371901115,0.032483038635299125
1.8312364831404113,1.9719528683204037,0.12112166453577547,0.008206766363978303
1.319649276408757,1.1338531654083663,0.2880129924179622,0.020716646040447952
0.6590827453600145,1.5001892701895163,0.29054026526645305,0.020911033525948683
1.9346014601110606,1.9232842954693334,0.25325244417320075,0.018055386101895037
0.8576363239880462,1.7250279557349268,0.2753207705019248,0.019742211424469976
0.19903473119757353,0.8575017337399125,0.12611595747245571,0.008569019027457821
0.7140637593300778,0.542356427096536,0.19231605098527493,0.013453043215546188
1.4403137698745103,1.736985653014146,0.06321272317167712,0.00409513236043148
0.00561431428854875,0.6709281996258885,0.4499808667408613,0.03337892687703395
1.4031276402700703,0.364244391555949,0.15800308821887263,0.010903889283486916
0.778453105688977,0.849880614415373,0.16200984462638182,0.011199733674067647
0.7349697214032065,1.6333903362653595,0.15183554197103633,0.010449515260369557
0.8644273538934375,1.1118924922999647,0.16386743356560393,0.011337063467035923
0.18337038144113982,0.07187666207872923,0.2638242403733865,0.018862243339103184
1.1182477988969504,1.5843649415030783,0.42835275323087646,0.031666772601303704
1.539515939735005,1.2808896321538894,0.20772374715134045,0.014608331832694957
1.374638992187081,0.6017390708525363,0.4548968718960024,0.033768897115644514
1.3159641612846251,0.41800746722036286,0.47815159187765127,0.03561751088661892
1.5037044752887037,1.0636454687680725,0.12121233135603776,0.008213333674364404
1.222493495401868,1.614835064022906,0.4714282983830882,0.03508239717479821
1.6590187681669384,1.2518229278262023,0.31497291061537713,0.022796175284003843
1.7752388602077092,0.0014162540998681195,0.29501761535469767,0.021255698910460735
1.0940629139717963,0.008087707588521287,0.19835931057097866,0.013905440522422373
1.1486649615264186,1.3134990504169561,0.3469438503659662,0.02527813397326079
0.4129055677084219,0.2662691558688308,0.16393059391755208,0.011341734747539217
0.022997066242156583,0.642831769665005,0.2256995070206082,0.015963648461105078
1.8650171207103605,1.2016241470619335,0.09352443213403591,0.00622482065462573
1.208194784166142,0.16395980869304894,0.10661055342613374,0.00716021963808537
0.7493401261253483,1.4935218072039895,0.18456224731690274,0.012874034263760855
1.17173399039838,0.9680447558826455,0.3655297753273924,0.02672836312116985
1.0644563756748004,1.5240043980925602,0.4309761003145436,0.03187413369618955
1.6833103767176962,1.26259040530656,0.10386690210552271,0.006963411124414548
1.4988046763017235,1.3751807166047638,0.3129358717169389,0.022638607036724098
1.7475461921002031,1.513210866388769,0.10672858196396011,0.007168694008841909
0.6700421492518578,0.43092816773384857,0.4506064895684301,0.03342853918561608
1.6354688490571723,0.5003668354117681,0.08246871557306917,0.0054415311600977834
1.1462575034905906,0.8493297707543146,0.09081232191972002,0.006032046805175621
1.6666870826044287,0.5861647674209107,0.09626871571151371,0.006420274374085555
0.5025747959085116,1.0815718296007977,0.3905813663388514,0.02869112305664015
0.2134434918012882,1.6499982721353483,0.36566658602127855,0.026739057435906086
0.4801946072061847,1.0548069723002502,0.11908316810924686,0.00805920103576402
1.5888046634317046,0.7022253389343505,0.43994448382623325,0.03258368984392929
1.0752173303022976,0.7450672904864328,0.14195669154494137,0.009724394230341363
0.6393667173817728,1.4997531379004223,0.3443812432233073,0.025078591837174823
0.7191915656990306,0.8316794595810704,0.09508709841351151,0.0063360692915396186
0.8498516954899906,1.8470857906738365,0.22082384963562568,0.015595276604946457
0.8060291767116963,0.35056248439487536,0.30440655656872073,0.021979624137226424
1.0526778602729043,0.012372846743770483,0.16522550163309851,0.01143753221902033
1.961555879378899,0.5154035985682213,0.3230195696372173,0.023419280950611628
0.2550265992562437,1.5447483429243494,0.3492947504575894,0.02546128063077779
1.945568384016761,1.7682589901702972,0.3344857820316972,0.024309031341663425
0.772731590385934,1.1460201813156068,0.2385300913106016,0.01693563894911596
1.3800402447510753,0.5961676679534236,0.26732747888614267,0.0191301133871547
0.8573018979739593,1.5839199445078276,0.09548759828020492,0.006364601896604367
0.4500844903735002,0.9475582751641922,0.23676698614777375,0.016801855214104804
0.12748098694738497,1.9181878239508097,0.38730579640626644,0.028433980115094678
1.6688752115798435,0.33737653016418645,0.13476833304109634,0.009198930795102749
0.8654549167045706,1.5557526557700905,0.3651377438610787,0.0266977200591353
1.1246829840633827,0.6452788543918799,0.37862827598532744,0.027753494699256937
0.13371059652565975,1.2452932616465537,0.2541707987490978,0.01812538569283295
1.2067068868440871,1.0631152777562132,0.159474471169868,0.011012471421146433
1.4099872965917128,1.933631937246124,0.3129970646794572,0.02264333938246187
0.9755689032625587,1.9599947349274938,0.43467129005856825,0.03216636568804235
1.8614976757671697,0.5118134490842814,0.27292798455124656,0.019558850078583233
1.3083310575832052,1.1656065653690812,0.48454617042757925,0.036126943913586965
0.23715051823109312,0.5405466979147635,0.06559698220724844,0.004260462816903425
1.4232835971266788,1.0276807853976704,0.4807081654906539,0.03582112784180418
0.9295431171621551,1.013342458711958,0.16287366453664937,0.011263581623602331
1.132546700974809,1.0846782433109061,0.35496437317747315,0.02590332103607359
0.873602636970342,1.6721057103319819,0.3356948565125503,0.0244029765962561
0.07434825883770446,1.6136669512641093,0.06795034332488656,0.004424058005446876
0.6793085132877428,0.040880949157654944,0.322204017390471,0.023356078145231496
0.004518779443065668,1.9730110997425467,0.08614030472130998,0.005700902040627009
0.17001015840122946,1.0004975045886764,0.29917363505804323,0.02157595164756297
1.8350137130477222,0.5450605676509244,0.2692483926005599,0.019277096321961687
0.5924322757529377,0.6930544159715581,0.07150307738727343,0.0046717659084290165
1.8009881166424242,0.779020965953167,0.07856252112190415,0.005166461627459053
0.44851603976116006,1.0748354368692763,0.47524287230875256,0.03538593881060805
0.026973914779987007,0.7159808923859778,0.2747530026043404,0.019698692871976745
1.2163316195356484,1.9391660901427656,0.4022288680732373,0.0296066877287112
0.5863507130922037,1.6175560251398817,0.437500996525034,0.03239026742579492
0.2951946019057572,1.9619576237027976,0.21285804033642974,0.014994645632398723
1.2387880310532795,1.2271531448807258,0.2521005409220689,0.017967609534763337
0.9714727197682334,1.9903866170386857,0.49256939308369896,0.03676678094055277
1.7536076383602308,1.3277114051414927,0.4108317744279366,0.030284107278878165
0.549091977067087,0.49948778837535657,0.40791975060252506,0.030054694856874183
1.3425638647489089,1.315386693667705,0.22712804794738684,0.016071683983359845
0.8379809370856361,0.7528079671419052,0.39327348049242833,0.02890257430068823
0.937102540844378,0.41978107391234754,0.0781262442246756,0.005135797235295971
1.9555681552023305,1.3977127337074666,0.4255225391088858,0.031443158067098374
0.3717063300550352,0.7546264960990046,0.15581273144462138,0.010742379153883331
0.210581579831838,1.6833787260477258,0.06902692655280163,0.0044990285452328575
0.1984802128635399,1.1821906953703334,0.2904928466736503,0.020907385204545832
0.8491882809101752,0.193048630555386,0.06676521693607698,0.004341623563427534
1.9819546479388608,0.050810044614596483,0.4630306788926067,0.03441476225828687
0.539511806536848,0.9605417606763298,0.1371050662230771,0.00936953693392337
1.9035438611606674,1.6866722122064728,0.18107309566699104,0.01261402769840897
1.8079850551971455,1.3133570091071887,0.07834721288059582,0.005151326884296179
1.9700156384912952,0.863981915910712,0.21262888478729125,0.0149773897133548
1.7189544331639364,1.1923152499565817,0.4881269201739674,0.03641241241253121
1.4971598503876236,1.719013228526472,0.19386796558098396,0.013569126882194488
1.947924275139673,1.975854768966194,0.32604939112602177,0.02365417908991691
1.393219058502609,0.7868797164749719,0.4204893740087038,0.031045742790399424
0.17342334629545642,0.5997992919317958,0.23017364323345224,0.016302167858692075
1.486965664686661,1.5917824937435288,0.21638860531182297,0.015260666214339155
1.0500028580494272,1.9445729908534632,0.22416616783891874,0.015847739913215305
1.1185136720873983,0.6332966779165674,0.4576612140702901,0.033988311098596194
1.04762200867077,1.0728723092192554,0.4687158803596213,0.03486666169791069
0.7100852654168015,1.7863572006911381,0.4527375319563339,0.03359756790449376
0.4524773106559392,1.7994273434430925,0.46053191413734623,0.0342162638250834
0.308871113739837,0.44922038022680866,0.39880854630782564,0.029337637422285723
0.38678630752032683,0.4190362243937089,0.07947850475882257,0.00523088111218999
0.8780849691175321,0.13927223209619566,0.3914730129847009,0.028761146053248754
0.12277116389232878,1.256656718218122,0.2898054923643581,0.020854505726068496
1.6833340103699923,1.5783755069887921,0.4505207223252474,0.03342173750460381
0.9644277453303252,0.9369126753956047,0.3047633929838652,0.02200716837058172
1.8080230072214007,0.3860120952030912,0.36095059897548865,0.02637057476639868
0.11265978236028151,1.4471744864064164,0.388143518959531,0.02849972984248344
1.633040330392768,1.9845499710790553,0.4069765976192792,0.02998041641780838
1.3268968427838017,0.6153319158999462,0.06383132905476108,0.004137987346022056
0.2002180497641881,1.7251101579639658,0.4111566371397389,0.030309707290703664
1.8266067686877154,1.517090419680967,0.4873714413148175,0.03635217122659316
1.683746133246431,1.1175612714904926,0.24084529411462285,0.017111419218275255
0.7360321087901422,0.2884075803684356,0.49881837782151994,0.03726562482585888
0.23680280524495267,1.1608784935349867,0.3540564072169454,0.025832497175454324
1.3734892466488595,0.5634300814560125,0.10484010884509265,0.0070331809489507825
0.38730958602175547,1.1533936349053364,0.17182420934709444,0.011926502609341295
0.03478573179679345,0.1568820257221133,0.44194920301287133,0.032742435485884576
1.4709327942449568,1.427736808663258,0.05786697874977595,0.0037260310273287954
0.20728134186454072,1.4353757503920774,0.30700662090508896,0.022180374195270493
1.252235366348264,0.17356321682861586,0.3500604298508385,0.025520949206283578
0.4775892536336033,0.3521942373734215,0.06305209163665829,0.004084009055261208
1.3297805225002974,1.2724247525870938,0.25749186303676125,0.018378671895025685
0.7168845930245944,1.561559132887312,0.19405144396086993,0.01358285536765942
0.0012602960134271424,0.14170614704852524,0.12100544609449329,0.008198348757674207
1.6686928864269028,1.197952479317121,0.14164384273308653,0.009701486299738323
0.3532599493779789,1.1581709290214388,0.4979451009148455,0.03719588684056966
0.3358229810588187,0.2665177706432871,0.08672700497847258,0.005742419711494788
0.5359438937047933,0.6600896951545012,0.07390766015599422,0.004839906350289774
0.6406226675414146,1.4719048815865101,0.33684937950517835,0.02449270498726648
1.0132387326265273,1.7723456565378,0.4645027267578373,0.03453173434247003
0.6842563353264814,1.0004602650313528,0.3433628432828442,0.024999320647284502
0.17781332730579957,0.3421590544473785,0.162094882441411,0.011206018075966362
1.107520649338929,1.306646705706393,0.18634008271013563,0.013006646903256683
1.3298683503405044,1.588606940382842,0.4177392602972852,0.030828734072201304
1.6322523110627294,1.5142049177598687,0.158248075865621,0.01092196356194451
1.7504952940931644,0.6964703499692875,0.4213692255195005,0.031115191702814002
0.4413479104044744,1.6614463144240939,0.4959510958273539,0.03703668160608791
0.5156268225971636,1.482082403474175,0.24144871759785086,0.01715725295730549
0.5157876647411248,1.646648257718214,0.4931088484737066,0.03680982743902968
1.8896593984782557,1.55786327361998,0.2888517210525889,0.020781144617449447
0.9769005988170001,0.8866338133524174,0.2868443936446208,0.02062680192788161
0.3618944269663631,1.0494928146510858,0.31026743216869346,0.022432306050407396
1.1566976932746602,1.74889020187225,0.4117038968624314,0.03035283591074332
0.19446736449292734,0.7075766075997778,0.42023869411396897,0.031025957824575814
1.538911994991781,1.310273604157535,0.4640448594698682,0.034495348480183596
1.789030957879801,1.570035873325324,0.13494198297276525,0.009211602093397369
1.5003637202111613,1.6021979001051943,0.2813981307819009,0.020208417446538427
1.9122742136377429,1.2180182010539748,0.37331806574434845,0.027337600421323154
0.6035079455538159,0.5156931389799562,0.44673820097596256,0.03312185771257608
1.9224788569340308,1.586430162845906,0.34035016444093635,0.024764912009705313
0.419552744359623,1.0970927640811536,0.23407882426893184,0.016598010963897944
0.6486075610566513,1.9807207712202461,0.20277143064838454,0.014236333887941342
1.5641716744383622,0.06483730843233415,0.07599384835985265,0.004986089652250775
1.113773710909112,1.727566791803885,0.3528519176788943,0.025738562997145414
0.7377916495571633,0.3330763443985798,0.08016778644222958,0.005279390878137651
0.5489091679275857,1.3821980664568236,0.07234423621966703,0.004730540232068776
1.7180306401962295,0.6218612612161953,0.23173768693568847,0.016420613189012806
1.615863321945029,0.8761954995608812,0.11706382818296165,0.00791319418019624
1.3419742263011813,1.7421554363072995,0.41017652574093844,0.03023247625878679
1.999755839025025,1.9217780682135273,0.4900015862545989,0.03656192432304701
1.8842407370901983,1.2238627253613568,0.4338718065537701,0.03210312440433826
0.6315618943706893,0.8295073430993414,0.1909406918572677,0.013350219943667425
1.796298737158259,1.3074409381381162,0.06735337045303463,0.004382521548895131
1.8097348002337093,1.1521835842807229,0.46242500760873945,0.03436664176306492
1.5051806572248017,0.9714540020700475,0.11955883511377954,0.00809361875693948
1.59281471916767,1.9264284738042636,0.3132591179564509,0.02266360594309683
1.6007459058976352,1.6589124374101436,0.2053065073014289,0.014426681204906148
0.07436893010700518,0.6771197123676231,0.19593336633400926,0.013723718861583273
0.6833048884719399,1.3445970844989732,0.2853842513416409,0.020514578889299914
1.5867635297451876,1.6001195910129253,0.399256681910351,0.029372879756383596
0.0025749162327006747,1.0504850534488297,0.48758260875080534,0.036369008874399346
0.16740943791189067,0.08905494083566867,0.21930314772413623,0.015480496798678795
1.1482233113879226,1.8545524368490243,0.4579522210518814,0.034011414510181595
0.1077501045101712,1.5016706500614343,0.4658090620688489,0.0346355599769296
0.8561562974945665,1.2255670963012413,0.45771468125968223,0.03399255585025906
1.601234389996939,1.5979477561308915,0.3603995074586138,0.026327536935732428
0.9253704549732507,0.17041666381088683,0.42863082014933995,0.0316887481128978
1.5146327088391376,0.22980497036002823,0.313256750816628,0.022663422869045075
1.6956216191405407,1.1004204294078268,0.20346943948625218,0.014288727886709257
0.5557535233288564,1.8988884935223613,0.19264811398572596,0.01347787620783929
0.7629566248107003,1.4057509951386453,0.3427952404155241,0.024955146068749226
0.05124404537019012,0.571157070242875,0.39198115621293006,0.02880105659719914
0.9928234128719935,0.9820071366764027,0.20841643808885357,0.014660413106492744
0.42220180481482794,0.8291016389951347,0.44352349137603186,0.03286713188887105
0.7330631263564853,0.45697812346451894,0.23671753178671767,0.016798103625028683
0.41895794849220414,1.338302219031426,0.33886376923111583,0.02464931215247994
0.5048828618408787,0.873433563649531,0.35053758583764477,0.025558138017666935
0.917998918588923,0.12494809901838755,0.4999610302372988,0.03735688727207488
1.2400177979370393,1.3844634811611527,0.06267831086581961,0.004058133310192178
0.7652467277186437,0.8851298183867577,0.2151287727358121,0.015165705877880803
1.3746680424284872,1.442243948374295,0.2759285635349682,0.019788804705910438
1.1825721085211305,0.1518142979898396,0.07929697930336838,0.005218110663538111
0.3957138084391254,1.5492977581697012,0.07262971807019013,0.004750498463880872
1.6007631648836118,1.3237348350021072,0.2586927008434296,0.018470311338227557
0.9963426401255422,1.3834017542603874,0.07837323523548986,0.005153155931166591
0.6632241409753965,1.2703544800145867,0.43974364503247787,0.03256778897510019
0.13436307167856665,1.2353159324043126,0.13223526468759067,0.009014220654076397
0.5954058232390262,1.2412687462812588,0.2422097046367348,0.017215065888724155
0.46243333087694705,1.3104230916204629,0.25902676501135397,0.01849580997613842
1.5441235218981673,1.7516255761813218,0.0872187536943422,0.005777233101947102
0.5553889355721096,0.9914608230377284,0.47603391908552767,0.03544890681166647
1.6649489500684513,1.9663502283783072,0.42625596207260547,0.031501095814936174
0.47335789316891486,1.5649085111982515,0.3306009751677263,0.024007340278888185
0.2761430320657927,1.6650764845499622,0.17869426186483622,0.012436958114266856
0.580166431904934,0.1593247064298875,0.2619074251378603,0.0187157804877912
1.5627603337868152,1.5669410388822316,0.2583475650546461,0.01844397000554715
1.781835544933989,0.959347371878349,0.3105213304762376,0.02245193004877232
1.7679251270715484,1.1042794784306862,0.2967546401986728,0.021389512193432294
0.41255900811619584,0.6158321182662159,0.25210886700971374,0.01796824389463388
1.2950663099150586,1.764500739714149,0.08212290505946343,0.005417142672256952
1.1355880029541465,1.8056162282342483,0.3580572479114209,0.026144667476555205
1.508554634498661,0.47322370470903796,0.35229647880041753,0.02569525359417313
0.03297089915180873,0.6420334809365968,0.2910823369381311,0.020952742693710318
1.50690510657182,0.7419736125824687,0.4495784560200967,0.03334701795251273
1.647356872170998,1.4632994127162071,0.16066319293257042,0.011100244827958046
0.5519814534250256,1.779894893813209,0.21510896475937052,0.015164213150270603
0.22196522629283644,1.0344327154039823,0.30468028163031036,0.022000752799217618
0.9889688984599783,1.7133691099335673,0.3559173771480545,0.025977671432481093
1.2842531270972501,1.0475657798729527,0.2813493358715563,0.020204671507308106
1.3250709189415368,0.04863270683321974,0.26089220388089124,0.01863823788273106
1.3359216691005538,0.7716032563698547,0.14457362781479094,0.009916151614756005
0.4295908446753054,1.21779362692058,0.4026130895552956,0.02963692135511795
0.7156120516692996,0.8138554806510834,0.4829891982877517,0.036002862592002756
1.565763376349184,1.015920367313359,0.1467595515638609,0.010076510202051154
0.6132544161648188,1.753963147035003,0.30815883907712555,0.022269374135818212
1.5379108146746565,0.6858738596812226,0.30546176793325597,0.022061082429991725
0.9172858509933404,0.11553891133180905,0.3084267978152759,0.022290075169710263
1.4836940262602933,1.1160806621507706,0.28966762443447974,0.020843900324440234
1.99976637420666,1.685507994246294,0.45362616955883106,0.033668068554821955
1.4696534698389034,1.0603466773159025,0.4292354614264298,0.03173653605295511
1.5871425973688802,1.6541769708075993,0.44798289461338325,0.03322051825042693
1.7653620416850218,0.4156462060394168,0.23657428432690786,0.016787237232274994
1.0797445167534039,0.7067220947060071,0.12109911922007967,0.008205133381682392
1.0802363114278757,0.421221096622004,0.12142921327455934,0.008229044554210122
0.9997727601718343,1.709422732218507,0.41004931328182465,0.03022245307660771
0.20514902363444043,1.5445667559743606,0.3525230948022295,0.02571292302336665
1.3683199361398837,0.4410020343606962,0.3771636807917105,0.027638747548145593
0.02028571428926851,0.344116636337946,0.34225142602434966,0.024912827599234334
0.17831877974203447,0.5071917837691367,0.42685529018453827,0.031548445664818923
0.9718623620109503,0.9865882282436853,0.14787489957460492,0.010158395411117535
1.883324758872058,0.7245770520143047,0.06518797167464711,0.004232071110074001
1.0180264413420337,0.9065024955413505,0.394127978261642,0.02896971147136334
0.45405897584431054,0.6415699967934685,0.18900172271817783,0.013205347471598034
0.9799738339411579,1.0974612093210836,0.2833042517117358,0.02035478355271468
1.3969379442125878,1.1239082301315841,0.1347331248732997,0.009196361779683596
0.7923868514826704,0.925514656637209,0.13974765384042548,0.009562715397335646
0.657841395638133,1.9057579065602663,0.055471903685073494,0.003561410583987165
0.40243928380259986,1.2940202373083747,0.4185626822789251,0.030893699166730956
1.808466971433096,0.09888758716048573,0.32529952357423625,0.023596028748573063
1.4837644703578388,0.9530448870687829,0.4018315085168192,0.02957542238934262
0.22611101388429833,0.011628020765419578,0.1243570406291692,0.008441323951755777
0.5557573633094368,0.9357736372012995,0.22966470025509528,0.016263637464933284
1.8716996131763572,0.9136909173666696,0.2843477117081182,0.020434936966626075
0.12096991015012382,1.8203899500953376,0.23222898205949138,0.01645783046687589
0.5081354921399979,1.3537505829324283,0.27340045760442877,0.019595047357320525
1.319131045198008,0.057214278602242485,0.44057186555694167,0.03263336432241255
1.9646839006416321,1.86096328786794,0.42749370621414223,0.031598888697096456
1.9723207319429346,1.0182113853050812,0.3222475564886543,0.023359452013546306
1.9334595992470585,1.983348754751053,0.1840805752076094,0.01283812042246346
0.9462068126067429,0.4645390453643352,0.15679835653351523,0.010815036841853953
0.4627993972570479,1.8663945727607125,0.07622614275198944,0.0050023842569798145
0.7869607493628701,1.6051257236089158,0.3082544330505826,0.022276759063535784
1.2683631052314757,0.8424866041645618,0.37853656047882844,0.027746308132282585
0.6987722355916857,1.5713048539266057,0.345543573965267,0.02516908621564576
0.6639616822959069,1.7905910109604297,0.09862222134637472,0.006588203008443509
1.7803106870761352,1.0418406611139515,0.3087578854273687,0.02231565491073729
0.8317030982467974,0.5871459280526738,0.2657851917766197,0.019012154607854544
0.8260812474627652,1.1476687548033064,0.3937555923858708,0.028940452190438087
0.24490789663191048,0.7027228410467028,0.05834246759661432,0.003758769354453031
1.9187091859083414,1.3146103006691214,0.13763384246157187,0.009408171138393736
0.5291569012679533,1.1250423405027226,0.4013125554264485,0.029534592949909594
0.5122959653009092,1.813524829604782,0.17191334791432689,0.011933116848274711
0.9403683066658677,0.7279767250021005,0.27938768258597974,0.020054114439412397
1.886025243610278,1.733276916961434,0.11962876242964704,0.008098679268177924
0.8055759194094596,1.5288548485558227,0.4229720189105709,0.031241729956606283
1.485767166443817,0.4689811414422682,0.4425390040783751,0.03278914892806442
1.315082623753889,1.0987394471708731,0.10954489263098098,0.007371093569190648
1.758141544874168,1.6132075711688187,0.3519604132845714,0.025669051743642514
1.162383514788311,0.003445060445978365,0.3511142333217828,0.02560308570603046
0.8212454740693229,1.02023630853343,0.3538001346423034,0.02581250947086397
0.917484864899154,1.1339510122358731,0.304769714391052,0.02200765634061005
1.6607760145510588,0.36029048098050076,0.11635343723679281,0.007861871052076563
1.750116314558611,0.44052526157277616,0.49373304095617104,0.03685963969179602
1.4266405790107326,1.4696854796775967,0.43125772658569334,0.031896399883687664
0.3724831922950751,0.7348049812915989,0.19518195811013578,0.013667464068881653
1.478262247936611,0.10706323230194603,0.11331603579513569,0.007642675329108788
1.034438391727512,0.8314715106746593,0.23608434257119687,0.016750074913766504
0.006469127545493114,0.21230109607692516,0.4819759965274686,0.03592213131861551
0.5092634300220038,0.9506048599740549,0.12987927848298592,0.008842642171348624
1.104370326772159,0.1211001816998849,0.42952175029095224,0.03175916456936882
1.8712726958550667,0.5874809425721164,0.31899543164474087,0.023107529941689197
1.2240197737207659,0.05510102866898414,0.2881630984683112,0.02072818830640081
0.6823031212756747,1.4407404870876248,0.4186869833425415,0.030903506849429437
0.45458891100603815,0.701366962137876,0.07048678084281668,0.004600817846799597
0.9862922873128852,0.9100595864928673,0.1884759208024061,0.013166079160880015
1.7476745486109553,1.0781996518149997,0.0688723950656425,0.004488262372740588
1.0710652711272337,0.5057428378413722,0.18244485459063625,0.012716208329508724
1.3921979052629876,0.8791566870527705,0.4056008700516002,0.029872091675484918
1.0140830876771063,1.9631318436210463,0.2927941402913778,0.021084490850751696
0.9364247709325071,1.9526913102773031,0.10675404384723694,0.0071705222400000185
0.8308848897875254,0.39182555364502236,0.07452020261346637,0.00488279923456182
1.749770243867434,1.0240122560872313,0.1654327887994323,0.01145287217668267
0.16707898045186842,1.7492011137743355,0.07727731494662447,0.005076162849874729
0.07081603109230472,1.054302099004323,0.49247611646256834,0.03675933814895774
0.21005159409763352,0.46163539913556706,0.4825167636236961,0.03596521784218282
1.2124468871056724,0.8115433680855844,0.09743148525777565,0.006503205970315819
0.2572795448446832,0.7318216644134636,0.2974062700052765,0.021439725045004254
0.8212279464165773,0.3854661281622729,0.3961895236606816,0.029131726667308712
0.3643490547809305,0.5933616648297593,0.2336622427814149,0.01656643585109244
0.741126257564146,0.7625276469079874,0.26055431572985643,0.01861243459749878
1.7391762302490752,1.9161195486643583,0.35525805816733,0.025926231956166595
1.3294178224909199,1.8833401215992032,0.2973937908091373,0.02143876336014534
1.7374116407602742,0.4160976828575773,0.12423636772355863,0.008432567803216716
0.19394618956527165,1.4670753558536158,0.3428694745477508,0.024960923169196708
0.019436780637135165,0.7224005275312786,0.39383811017533105,0.028946935653007287
1.1120708555286942,1.0826404758052035,0.28489756134142374,0.020477181854789774
1.384791316946871,1.7453863213093146,0.06620306870489276,0.004302557113223285
0.7488420596265337,1.4899016227144042,0.15110936846398892,0.010396099546750996
1.2557562893779004,0.41677568729866055,0.18939570811622458,0.013234776309576845
1.3059872417086076,0.10237006792948766,0.3093415730583234,0.022360755070624384
0.9923675430408572,1.4121839249502326,0.2825488407864619,0.020296769343524722
0.8262985590040073,0.9227345566043952,0.3139088585401859,0.022713860337644557
1.0512462552215311,1.4848139436273815,0.40230625939505743,0.029612777338132126
1.3560178998933101,0.12175881410107814,0.19170482923672916,0.013407341359347106
1.1470271890189319,0.6837657862746167,0.4222276466162566,0.031182958702530787
0.15973792921150176,1.526909172191468,0.051793473692718806,0.0033095424042939806
0.8839606975692955,0.3853255299484397,0.10660546876177224,0.007159854577095041
1.8612757970951117,0.3287225894521637,0.3493323016876459,0.025464206747651586
0.4268562896488599,1.8766527732531328,0.3455447559640552,0.025169178252001764
1.5470474560471936,0.06391910580458338,0.1983458173683172,0.013904429353086634
0.6424263878263263,1.5440262543915315,0.0839046882351065,0.005542879160197958
1.7616085206924266,1.5017730152894049,0.09322843865602543,0.0062037627991194
0.8838284253773772,0.7898488974464506,0.10728727298516758,0.007208816417683022
0.29941682978921214,1.0907603465450784,0.28334973510848416,0.02035827693728459
1.3597063575018178,1.3960876411695284,0.42319372968023095,0.031259236313710394
0.049863818784362524,0.5746637273876738,0.11426061857494524,0.007710798730506735
0.6722238757958809,1.155602319622258,0.12408755356293669,0.008421770504757557
1.6306012449806682,1.7451508011656334,0.06414405176078215,0.004159662674106254
1.5566681833002338,1.8718270301419957,0.2424149345858222,0.01723065955673526
0.049189604050048574,0.48319506593621875,0.30790147358647385,0.022249492647887448
1.8250666126799022,0.8392243571604154,0.4958900462040663,0.03703180798160836
1.5204396282235044,1.2414162633696904,0.3344353653171078,0.02430511446424932
1.162864217434524,1.1634514219658554,0.28397405286307187,0.0204062320136732
0.7973059009909738,1.4379931600996854,0.40162606391869987,0.029559258281542582
0.6150748890002946,1.2882572223704856,0.09399611839509524,0.006258387315246211
1.1225835014819034,0.3696812937894276,0.3460149630864797,0.025205792660126132
1.3077462905593273,1.747713389840528,0.2709497880733304,0.019407342791533076
0.6424251294750907,1.470118345441244,0.4266031665689344,0.03152852610765919
1.9617593225786107,1.1512341794475356,0.44895258670746707,0.03329739392521911
0.2699158458821975,1.215966458712747,0.27555668302605785,0.019760295585259352
1.47691828123932,1.9251335043164608,0.37814794091984766,0.027715858339208983
0.3925609294527388,0.10851192777659091,0.10088759507639194,0.006750104691486038
1.400707260248398,0.024870552313371208,0.14688970339422722,0.010086063317846505
1.9460335931807575,1.6682686999078336,0.39746330312423783,0.029231861069251994
1.8321598672133308,0.29373604152114785,0.3572187718990797,0.02607922437292814
0.4935668006185312,1.7584685059059164,0.2618923051905661,0.01871462547378853
0.3394516028336634,0.7062824865902961,0.387982190659894,0.028487067022365888
0.2591237271475939,1.9086644794463894,0.09329830157301,0.006208732639248508
0.9486569057716681,0.9057205008444666,0.2988148315336434,0.02154829095365474
0.4427747273370528,0.9934906459524651,0.3787649578365582,0.027764204924356793
0.6562040111520131,1.8488354479814342,0.05074171383425671,0.0032377496024431815
0.6779592396625227,0.12593855515801278,0.37824271723584924,0.027723284218349627
1.343486125211392,0.3287201358190248,0.35545417472091334,0.025941532106296808
1.2301329101903131,1.349724005356882,0.21777397299355455,0.015365132845042699
0.9623844496996052,0.5027113811034791,0.3006695635972863,0.021691299626963638
1.2360876220208161,0.2373597316487679,0.2312920630532856,0.016386860371144698
0.9684283220376373,1.356617374194994,0.4837817052933588,0.03606601719387794
1.3545387366512134,0.6003194545062269,0.36579965765866607,0.02674945973830941
0.5279458995023134,0.5474126043438143,0.497856597568172,0.03718881962742991
1.8485120323426023,0.8480672471150787,0.4088521200524164,0.03012813568250492
0.9233267978751707,0.992228789704251,0.30898602776431494,0.022333282228700874
1.6917380957715418,1.1870337374537068,0.25456678767174173,0.01815557448077325
1.307784376353914,1.2703348304367235,0.24600061521609018,0.017503251111846353
0.32463716738453074,0.5516797107163507,0.3938991428856471,0.02895173108283504
0.5859870811366192,0.6768291477803601,0.4847962539463102,0.03614687663365679
1.3978116359437518,1.971550865584662,0.24378420029357445,0.017334721622225796
0.29755155135949396,0.10414194393206855,0.2044803101148796,0.014364627922073592
0.3874602736761945,0.6752276357026663,0.28776246751693607,0.020697383084378747
0.4825032629283603,1.8106241529717884,0.44646859378955844,0.03310048981853532
0.10851955399063606,1.6116761041695309,0.1781321881902962,0.012395143572906232
0.477605494689914,0.740333027480099,0.36008283825928566,0.026302808513805936
0.2108857154441588,0.7909042117586818,0.20042309169706157,0.014060154254765792
1.9286313024316557,0.4306315720748868,0.2982763858316386,0.02150678567953705
0.47104031194887863,0.9557706901513641,0.19290486188732892,0.013497078862394646
0.42201535898691156,1.3149559388676972,0.368037300831681,0.026924416901765127
0.058366409640056904,0.5149870306023352,0.49576869411209107,0.03702212050134557
0.8426707742485771,1.1736550902063758,0.48253664794843476,0.03596680222257388
0.5019534109668233,0.9441001145752173,0.2709832680401477,0.019409906341793924
0.7681827962604477,1.6365309393733554,0.1937576849149833,0.013560875733544009
1.4265774677720817,0.2673462622194096,0.3535964960909869,0.02579662761270717
1.906089511752452,0.6727355699690856,0.05784547029568468,0.0037245505662613005
0.3797492623081473,0.4585981938660002,0.26134930399205947,0.018673148619744423
0.6514778994426356,0.8175219890207017,0.1365163581961033,0.009326536002653926
1.9407431455982984,0.5286679463707236,0.10427914768481875,0.006992959796012754
1.8097531045618038,0.596507183489255,0.1075667071252933,0.0072288894008657074
1.2834261405365872,1.5377074445867285,0.18697066918540134,0.01305370475220813
0.6386665161268794,0.5217219277233645,0.24224235426473778,0.0172175465936641
1.0226196605889222,1.6498241954033859,0.16531066131623862,0.011443834165560234
1.4278850231009417,1.403969737414653,0.4768154260218788,0.03551112252356233
1.0633800002940041,0.5290750087405316,0.3629398617975801,0.026525965145516972
1.8897029505093803,1.213681354514923,0.06738410462703068,0.004384659367310139
0.5798532661544982,1.912661915073529,0.1164832324797593,0.007871246669725074
0.16601912002813757,0.5648211981198528,0.17765306885568521,0.01235950746827942
1.171854561186652,0.1704473797874313,0.2459518921709949,0.01749954522895879
1.1550676252948255,1.624582303346035,0.43972028296946986,0.03256593937941553
1.9042615315882871,0.8419891731116182,0.48204342168086844,0.035927503348630936
1.3637107361389684,0.17672862142054768,0.0828966222492118,0.005471719294086766
1.5316948027038566,0.6576621921758268,0.07109000018915432,0.004642920376999361
1.4947961104524237,0.8542539595945708,0.2175212819696531,0.015346074706776498
1.7966269235185075,0.7166563017321046,0.4129693221729038,0.030452577095994922
1.9700883465026342,1.9242100156592579,0.06028834149896381,0.0038929369503051437
0.88077089730384,1.601425453746209,0.43251269384870533,0.031995633413591094
0.17391488158290658,1.8365852632827644,0.19806851552233,0.013883649635929045
1.1628084809801227,1.4306698174371266,0.19842890026215065,0.0139106555910982
1.249036868772415,0.5858504947350616,0.47843585822677,0.03564014742542532
0.3079849776516703,0.4166614877176993,0.3950906091067071,0.029045356597081663
1.1708827879359927,1.968708113342165,0.06798543284696729,0.004426500266318399
1.1021644936274242,1.8946126140277295,0.32004409146155544,0.023188743884493455
1.7955290318638168,1.8219895252664566,0.44710866273038746,0.03315122035268318
0.9915602252036144,1.1801173026397698,0.2187624392637022,0.015439698323970455
0.6073361054028932,0.8135136708363087,0.06211383001668975,0.004019076155218902
0.14950585304444242,0.3397394874370079,0.28248443768460024,0.020291823795071814
1.2880330482671636,1.0542014623047993,0.29588267354812653,0.021322332676917355
0.3639607170035952,0.05938009016072732,0.46962566770606934,0.03493901316829583
0.5301380271997604,0.535938625119319,0.11299625590841979,0.007619621632932929
1.7385846371751374,1.0982142035605815,0.14520378682732488,0.009962362804632148
1.0809381911718265,1.1136548099740549,0.14516819164765338,0.009959752148735998
0.16651437334781272,1.5706993855014926,0.3894235799158783,0.028600215972438777
0.8693866741578209,1.0947160463205365,0.42083910877015435,0.031073347043076332
0.2656335868556592,1.1800106121879625,0.42303718872437196,0.031246875721381868
0.6809536126478435,1.2873173742072634,0.44099105124735216,0.03266655709227803
0.5015696343542526,0.7065725887896379,0.11119037585696603,0.007489516258331536
0.601395431704381,1.780341672888346,0.42692778820415156,0.03155417367382619
1.4754608578753048,1.767318570165708,0.09500739696740099,0.006330392150714735
1.6739851618667547,1.866471239725863,0.25287382393567764,0.01802653168834072
1.9887671634147022,1.789592439796658,0.18199027653190336,0.012682341477722726
1.203494942019455,1.5126842287331814,0.23373375365583732,0.01657185579661134
0.07660276882976547,0.14166128104913667,0.10830422754501115,0.007281885995110196
0.7411605712815794,1.3132158466546997,0.44415086602858095,0.03291683356531785
0.9034057252064771,1.6531302307580291,0.14849231086652914,0.010203742080740855
0.5707762421579274,0.3315410561842651,0.12468804246691823,0.008465344789258231
0.27001184809608514,1.604531698178725,0.25402830529884346,0.018114523292386567
1.4563444120448648,0.3687923678499587,0.11033324257526325,0.007427814599505155
0.36878280135425423,0.8833010398912877,0.48287741547559954,0.035993955234505146
0.6920515505284683,0.834521909393402,0.31045790525656786,0.022447027760261896
1.593376822293597,1.9704571521379493,0.3124094052623948,0.022597895495821793
1.5960110835146633,1.0063923816972267,0.41745277472626485,0.03080613344045237
1.8298899027648283,0.4814576700039064,0.28752171673550875,0.020678872754393427
1.6395690102749036,0.7081700547894885,0.2484063420332296,0.01768629389193152
1.6236760256782101,0.8745582668804819,0.2995717915044555,0.021606648795730113
0.07593199427445985,0.934557163620841,0.10863749001213846,0.0073058416823632314
0.6848019284634379,0.7602324694475682,0.14991457352532278,0.010308251655473527
1.084615602347868,0.5349969482691292,0.25949702845478795,0.018531708353934074
1.4943355913362633,0.8252062008139507,0.2294647085234966,0.016248498362379578
1.7583745337953283,0.84147534803153,0.06469593007292652,0.004197932043478163
0.32898085903952534,1.8655021411150927,0.36651257059508013,0.02680519308252661
0.5969670448655628,1.8435015976320448,0.11603100098636862,0.007838583346190114
0.9410807521911515,1.3913438725985903,0.3661807166438561,0.026779248828193998
0.84277876908162,0.17663203769939195,0.33645571942371205,0.02446210772520521
1.9416888337295928,1.95621663797192,0.1479869224531689,0.010166622125734099
1.2006248296244455,1.844523192384305,0.12866851742721486,0.008754549814821076
1.8157444486530823,0.7957685962017234,0.2756999022396383,0.019771274749056825
0.9745344521584334,1.4586023389764067,0.2728686542367048,0.019554304948176945
1.5375470064882861,0.1981129436583684,0.1552224873220283,0.010698883077457812
0.8249627819926417,0.7611114943305253,0.17374659882430837,0.012069199615472965
0.6153879719185196,0.7680035681910953,0.05735337525885825,0.0036906892848412053
0.8956490721776089,1.2868213089358866,0.4785385982698232,0.03564832899137749
1.910712943921066,1.4884025247509765,0.4347779611812515,0.0321748042663856
0.06833838770232759,1.452627451231272,0.48576094814551435,0.036223773508375315
1.7923583252256845,0.2519211271313473,0.46462978912035025,0.0345418321910226
0.42941798348445426,1.7983025572754119,0.3916752609678044,0.02877703056985911
0.5174117157406763,0.28060010763206567,0.28237014282396966,0.020283047223479192
1.8984061512787114,1.0923677056582408,0.13734497977431454,0.009387064568584973
1.4675882511787393,1.9924922085790948,0.21025636781274992,0.014798809595319571
0.07255009366381393,0.2217335289071336,0.319390266481823,0.023138105948630205
1.6785048894501071,1.1328854011368557,0.16536284734514886,0.01144769612206011
1.8076561974934147,0.6937259965528801,0.34084662235995244,0.024803530279941814
1.147834971503659,0.20094829061452657,0.4007346192695677,0.029489127213923626
1.2693072902630864,1.2478127805705002,0.3821042518660352,0.028025950609145436
1.3571827068198534,0.7960032478718744,0.20656457783129123,0.014521204324013376
0.6971481616219513,1.1846126561971995,0.4883415879185338,0.03642953099424414
1.7495030378700087,0.09500987163755426,0.10804687850294627,0.007263390621987668
1.3558516398412235,1.0802350592243986,0.45529909971606075,0.03380081741690276
0.07337595804636732,0.08966912558146456,0.06308359463389936,0.004086190399783136
1.980402558369851,0.36285894599774915,0.1217616028490412,0.00825312654067748
1.8564366979202387,0.5853595962326135,0.28683255120177253,0.02062589158727288
1.5266151995581454,0.03527744757604645,0.3193608002159495,0.02313582399111479
0.4037533016220545,1.7133007449915847,0.31763644296130134,0.023002309847632144
0.26696243322453106,0.070601455706367,0.06852794769671214,0.004464270808194351
1.8340332682708214,1.3610194310585966,0.19068980340857727,0.013331468763595374
1.8902665612032212,0.29705370765816164,0.2898051155709134,0.020854476741001177
1.8218354051328296,0.5330624789244611,0.4120563479359228,0.030380614082727013
1.9391929903561764,0.07514187598145927,0.42788862229579594,0.03163009472163351
0.30994617329910223,1.8977753643688433,0.3923249309724966,0.028828059351199985
1.6579092275773257,0.859605801776171,0.4507056539126779,0.033436403420985396
0.996950285958992,1.0015844004213523,0.062401039718654724,0.004038945516845508
1.7185397326916303,0.7661891440940756,0.26033033884079226,0.018595331571983453
0.692950946978705,0.45603506024685725,0.25943419948974034,0.018526911935639163
1.5019205369191935,0.2890521120261764,0.28050534820530415,0.020139886469823953
1.7304848375904283,0.7560504654116489,0.3211598471061006,0.023275174256737564
0.42706298609267446,0.7545780379706037,0.41961279464461476,0.03097656212717636
0.0906351590207859,0.6179342960406291,0.41622657186711026,0.03070941131828674
0.39880246631110294,1.181068234394599,0.25715866374707674,0.018353249703254373
0.47702231196410394,1.0085881535588155,0.4047352000126251,0.029803941834525026
0.3631287675255137,1.5940238472601918,0.4171254527989649,0.03078031256910086
1.4227847777476845,0.8184821489253553,0.12290610789595807,0.008336081808204207
1.9887677468177232,0.1288607021323691,0.1805079427703674,0.012571945666180737
0.9361894045923189,1.9514655986045855,0.09039712513979989,0.006002569824392407
1.8733950674062405,1.3329262312032994,0.34078178396236797,0.024798486436108668
1.6785233642387745,0.7708663371990379,0.3860874514751273,0.028338374270243848
1.1411504159430463,0.40145122139184863,0.3992707480547968,0.029373985992008383
1.3519830380113247,1.2403281512505155,0.4496444249793266,0.03335224878783711
0.6197549091827976,1.9578852596171332,0.2686317086546096,0.01922990148360703
1.8866328166768696,1.3067764134893054,0.24813497017153557,0.0176656400759713
1.6350316633041992,0.9912730615925485,0.0864315526462863,0.005721509683676924
1.2371978007112736,1.4963662837972,0.31069495700223543,0.022465350415986702
1.1385806194006092,1.9717085992402745,0.4247094397138855,0.03137893422468838
1.1634269026708737,1.1389366617268866,0.4913186541766492,0.0366669892286477
1.3274668751354919,1.2290742230146217,0.21553351513634067,0.015196209310179992
1.5816711768559883,0.9399947648579765,0.05998754089143952,0.003872177035425256
1.1365310874735595,1.8392906757853968,0.1715224267758273,0.011904111568487879
1.9736603899998908,0.7682268046703971,0.26823203320597633,0.019199318302390318
1.6133213789973655,0.7000523430120833,0.16957386245781145,0.011759601643753176
1.3094473725681848,1.7526327692551948,0.49355612247391184,0.036845520675651326
1.1205988501026616,1.739679865637316,0.28488962351627045,0.020476571952489083
1.3065226389132234,0.0714786928576907,0.18673222767913084,0.013035909639244676
0.600491278043539,0.5376465592041675,0.28046633315228847,0.020136891974118873
1.4086835353330873,1.646886492541804,0.17516473501260232,0.012174536330730656
1.618092324039679,0.4998073034837711,0.2502094895448155,0.017823568945824726
1.6661128894474635,0.04578643793124981,0.16076849368158658,0.011108022240708039
0.7768983884311642,0.5180411670435663,0.16188014821050145,0.011190149383497246
1.0338403463452703,1.0129372611690257,0.11428460221182729,0.007712528939984004
0.5710552452955204,0.9736808044680516,0.24489233732150667,0.017418967855851744
1.6698428533388527,1.6635815626138732,0.21715938317451916,0.015318782700988659
1.7773931960051264,0.8710534109852235,0.3474553519845448,0.025317975191904565
1.3118407244592258,1.604395849123733,0.1685023545216766,0.011680184928095232
0.8457688440074829,1.8078299341826656,0.1561297451978569,0.010765745123582103
1.4225895036538105,0.4890375767412487,0.06756968580508367,0.004397569516407679
1.6788110630451123,1.111635657186102,0.27870296920649806,0.020001579770057027
1.5366107837942626,0.12101095238096171,0.06893005577282632,0.004492279385961622
1.352952455988679,1.4698828729730196,0.1804289102874253,0.012566061526832135
1.399438502322328,1.7135193979820496,0.08198444438707958,0.005407379637497442
0.49567791545482875,0.6838334517701516,0.07732618523904766,0.005079594599847369
0.0008983289486388379,0.032479423580509925,0.2039015670776052,0.014321170503603362
1.120293947090433,1.214353511923022,0.0989782013161618,0.006613627336176033
0.5455080558108085,1.9428159562369256,0.34773928870539955,0.025340092968788457
1.2753374044392927,0.8301051587223853,0.0946369414863864,0.00630400889254291
1.0067681683250564,0.8245192910716348,0.4082920556645248,0.0300840191739489
0.2470759994683389,1.683936255948881,0.4421337806966959,0.032757053951122446
1.4302480259401975,0.6691964323546387,0.19495245003587375,0.013650284735038234
0.2809808351568843,0.6066698072920018,0.44560732777997525,0.033032235584489804
0.8281491436914046,0.11676450202785538,0.13390642568852876,0.009136053802693606
1.9537363318171566,1.5502938044928205,0.26391632889565214,0.01886928162794049
1.284116269436196,0.9785692500971108,0.12991531578130947,0.008845265038360044
1.123660326604577,1.6169875103465057,0.42600946095247993,0.03148162235456488
1.7749302600673227,1.0138931703685734,0.09622384670807546,0.006417075585373926
0.2646549073911393,0.8065343010265673,0.17001284314811155,0.011792147490468592
1.5361114588342755,1.2233921518814777,0.2943271999586709,0.021202527213280576
1.3160940928789078,1.424011009068784,0.4194208418229187,0.0309614143173036
0.5913914751685281,0.7918391053140679,0.4803764774507951,0.03579470649614928
0.5188856017428816,0.9283057248413282,0.4263817430214254,0.031511032743956315
0.874266733711544,1.2935615980790078,0.3530261662616668,0.025752150704098045
0.4486515507072626,0.9671961476826851,0.05323520022422251,0.003408117413605279
0.5682761896656507,0.6227669582433679,0.19806504917257445,0.013883389896415547
0.6855002015871452,0.5271531061704942,0.11754767638592709,0.00794816274298044
1.122303479232984,1.881046827894495,0.44428000568668297,0.03292706482792385
1.0126213880924502,1.4551604410061405,0.11649943893413249,0.007872417375900099
1.0820083132559803,1.9857535576974792,0.10527497199926039,0.007064371044743741
1.7538288409877356,0.6667769166809916,0.24269869173091962,0.017252221334849733
1.8368584991974726,0.8142758655305147,0.17716839440955484,0.012323464930335695
1.0423544823103963,1.7628120695677727,0.2174173806977478,0.015338238841415162
0.66338182221422,0.8068916248662605,0.40515220992776935,0.029836769670069742
0.7035393921049546,0.8228008795574939,0.08496951317734369,0.005618109750099584
0.5440891006023529,0.18981893319448284,0.41719509970687957,0.030785806565638556
1.662528211189667,0.9886070520245063,0.33093412042313447,0.024033202531482906
0.11693892835404296,1.1770620507338654,0.383456865382906,0.028132018244732635
1.8074903868533683,0.024254198318199638,0.10456012053545075,0.007013103807336894
1.1016866174982334,1.3372268607042082,0.4640721927227887,0.03449752053348417
0.880785802400357,0.13852824484210302,0.3636790685845457,0.026583722949452913
1.499026481100879,1.2618337654381675,0.4832312881080713,0.036022153885876096
0.35340226102485506,1.5150643538975543,0.3904267958788562,0.028678985415246258
1.70748661858719,1.98984367280439,0.37292805977173404,0.02730707127297362
1.4029832224508403,1.2964715094176933,0.30673490900026285,0.022159389907426295
0.5304061330895191,1.9115943243677849,0.2519685027820715,0.01795754981742713
1.5079724425694667,1.8848749201996888,0.07145759804070324,0.004668589482525168
0.0877627947606745,1.6565013577441674,0.08394547264234828,0.005545759397856486
0.986546403092319,0.35730419709322647,0.3495122636692289,0.02547823028564876
1.6765855613467504,0.18861947369117238,0.16035169277120143,0.01107723978350173
0.5904247746752109,1.811749702901562,0.431754059907417,0.03193564387346717
0.4443621796943851,1.438727644075403,0.18601786885898658,0.012982605763435075
1.145595303385495,1.9454467837594243,0.16377423093961185,0.011330170515001684
1.3689806164191731,1.4382746647157576,0.10549153659446739,0.007079907227882813
1.0312643513187298,0.30072853067915206,0.33258952578329287,0.02416173918492411
1.7246064729160862,1.2786366554397535,0.43005846469253894,0.0318015897380534
1.5216178566117156,0.939391244435918,0.47763001040416514,0.03557597901795764
1.0028943161061865,1.9284207122701627,0.22631001643951493,0.016009813383722787
1.575311075834721,0.4674526536695578,0.4800625357838328,0.0357696999366675
0.319833916272829,1.599402391065833,0.14567384485858154,0.00999684239090852
0.032618791552059045,0.9190226761721878,0.07547887356025983,0.004949978315302015
1.8368231442617082,1.9875333362777452,0.2885663640346764,0.0207591990931266
1.5924906698319492,0.4482660639981011,0.1067847055663051,0.007172723873173829
1.285065160290045,1.8363913362958602,0.264112179519274,0.018884250975953126
1.4885551860417454,0.43655451492815467,0.14108397289705532,0.009660499307543254
0.12178011415361056,0.5124162379545467,0.3558168428358822,0.02596982741034238
1.020521854883795,1.1285464625171573,0.42407376083082776,0.03132873010827662
0.943557848465779,1.3586006435937423,0.17635849860270725,0.012263252682022392
1.4012532691967747,1.0180399379549423,0.4597987830118908,0.034158038978455416
1.1417265033582242,0.9696436277945069,0.46114280553875825,0.03426478534966668
1.5483584095507987,1.9917610255248144,0.1045051462971075,0.007009162201073957
0.6828398776300202,0.8402201107341811,0.47477832413814725,0.035348963747931214
0.1468318657974681,0.8154230750691833,0.27320791331645394,0.019580295562256506
1.9441787460653557,0.4975309398641805,0.2077790350735782,0.014612488319815072
0.6738687502682972,0.9698281489464249,0.4369009467732503,0.03234277986161147
0.24029542823489702,0.34408225441087525,0.43767023159471086,0.03240366139672368
0.11353755939386612,0.7473013606885963,0.27748097335387467,0.019907844216012938
0.3783836232960134,0.9580377075679565,0.3263409576537728,0.02367679183317247
1.0404849002225407,0.17722523814150537,0.3441411172614986,0.02505989922348846
1.7048831644551254,0.22602428810163455,0.48542432777203187,0.03619693991653382
1.8982549610460164,1.6610816824189931,0.4674256442318347,0.03476407139263461
1.1789264002513462,1.4947701068794021,0.2969843257157573,0.021407210278255165
0.8968599972484059,1.4723387559252774,0.4677354923105489,0.034788706504603625
0.43402297771080356,0.6806626718488338,0.4272311480479134,0.03157814261388678
0.08809526442801507,1.4005540730170998,0.25354874329758087,0.018077968950911173
0.9478486259005448,0.503035997302838,0.32428634263206463,0.02351747381017371
0.7275743923733042,0.15838428131726667,0.13473927684569137,0.009196810664000655
1.3187221593728415,1.1145498374084701,0.35101113437350556,0.025595049123385148
0.5537610163647166,1.74726796867627,0.36755907376225866,0.026887019033053926
0.050970962960578126,1.2387542849390925,0.11112808127691859,0.007485030807077023
1.643787053210242,1.9813123337152034,0.2460169598541433,0.017504494299071312
1.1584480543493656,1.3847941887094353,0.3166384201552532,0.022925057413929414
0.24473659615476673,1.6972302829104835,0.33853630975546095,0.02462384968711988
1.9979302374662045,1.722305136420616,0.08190220866546996,0.0054015816325399275
0.611722867120341,1.1441891350491362,0.3178568849148431,0.02301937552290566
1.2746129804861401,1.746191918364585,0.11338075295375785,0.0076473414903288
0.7145490184116601,1.1925705198361793,0.12359897426687447,0.008386327635364807
0.06373037622724298,1.0534295558043767,0.4598511713943349,0.0341621994208571
1.9208741862782812,0.5889248540053287,0.47159047746964355,0.03509529900499414
1.14994360258822,1.093146479760564,0.4379000721593841,0.032421852512113665
1.556954289126552,0.07918292461901233,0.13146085191243834,0.008957799340277158
0.6399758729897962,1.7911188733812737,0.12876034140885653,0.008761228731681713
0.5827486005413802,1.2303463665664454,0.41963006784794354,0.030977925252236242
1.1265708940299801,0.33856945944054373,0.3022691282884362,0.021814682589061413
1.6477453666775288,0.10332619681208155,0.1770395248062684,0.012313882760153225
0.740175671592219,0.2330960457435456,0.32076254351275196,0.02324439533836851
1.8196619500005278,0.8702175970867947,0.3914889608543852,0.028762398575220213
1.4705544450328043,1.3657027837598854,0.3795095294410773,0.02782255333869188
1.9941585302213747,1.1234010877445946,0.1163334044581238,0.00786042407044832
0.6838002767375495,1.5382819351778554,0.29794904060663135,0.021481555293163354
0.908855851263463,0.0057537640371285725,0.33629656138217906,0.024449737854451217
1.04738983776097,1.6924909595218534,0.1521940646119146,0.010475893896929609
1.09463421677289,0.006559763344801128,0.39775114010684665,0.029254491591431907
1.6462014708344015,0.8459046107201553,0.47726024109404985,0.035546537362946086
0.88192482936237,0.6431356780723234,0.32382663522968974,0.023481836906545903
0.23597351649519593,0.6244374680610199,0.4744630863731866,0.03532387425996155
0.5034184726800999,0.7791029505044034,0.3062056076372573,0.022118515690819306
1.0941649821335535,1.1443739159961055,0.11598690290132874,0.007835398743318924
1.9429216867791466,1.3321068124144457,0.32426591127493437,0.023515889880165834
0.6462369063178239,1.2278053986490929,0.27718171355086213,0.019884893251025666
1.2498524092760677,0.9961511902885465,0.3990088686728616,0.029353390860333214
0.20556314810288123,0.6048905966374909,0.2439508139139463,0.017347386755398046
1.900867938736485,0.9406101112376293,0.3310401405580466,0.024041433310788726
0.3595831692931195,1.964142354203817,0.18375337099115446,0.012813727522715881
0.03988409814377181,0.4652798948896171,0.34321736103944017,0.024987997784201226
0.09460760066922447,0.010252912720797536,0.4225343216073584,0.031207171089122764
1.4883231196559612,1.1514198269531082,0.3573315560999767,0.026088026570246847
0.8647840965920788,0.5865568987024763,0.07528386859805655,0.0049363085042589076
0.11082124531604598,1.1399749650809305,0.11454980371364246,0.007731662576200051
0.12590323786905988,0.09710188977376344,0.45459697359752316,0.03374509882559065
0.1359795625692386,0.5074343459890396,0.4697491984980231,0.03494883778646435
1.844235256743478,1.2353192386529726,0.2431507244808896,0.017286573418248827
1.7228933108382143,0.7927089573551518,0.09036263534379696,0.00600012163385408
0.1845233877825294,1.8603817367406617,0.24870928481630866,0.017709352375316567
1.3244271790410669,0.055722436190429825,0.282075317523891,0.02026040905783528
0.8913486427810866,0.8621736208298132,0.28594066335715257,0.020557338722473346
1.397379010848606,1.1241236825300862,0.25755876316082255,0.01838377646469863
0.7235633012087881,1.036033586402613,0.45693515788533867,0.03393067300225904
0.5343902541043073,1.0388309137560077,0.39586788721645083,0.029106445680061342
1.1091071671367707,1.1168400586140181,0.10555169691012597,0.007084223475018914
1.6755069944332448,1.15395948296317,0.1720551542724795,0.011943639617837384
0.5680681054250842,1.1465614605758927,0.20348925785254413,0.014290215675877304
1.8594315777321686,0.07642094875204619,0.44862354734043536,0.033271306912597214
0.24100172241868956,1.4780322538908182,0.431971107775238,0.03195280635198582
1.915208464222946,1.6897245806842471,0.4316122689523753,0.03192443245511637
1.717437620554052,0.6618664253970246,0.49838154072347357,0.03723073891593589
1.540429941227627,1.2755879262887158,0.11332950884864185,0.007643646732373626
1.632805710698303,0.18662109781313596,0.28567846779054235,0.02053718847994694
1.7049625270710527,0.03512650171083642,0.17855174741697527,0.012426355127682493
0.21061097686109176,0.9974883996591166,0.18086621305609046,0.012598621892492097
0.9924328207835476,1.035952551371172,0.31431100203230294,0.022744967852423255
0.18132482419374885,1.7441377952698873,0.4608592697909314,0.0342422642863816
1.2335581485062572,0.7402434889708847,0.17182177860358644,0.011926322247200654
1.123278367052788,0.5747119514120043,0.11853657178654127,0.008019662813083694
1.7856726283884485,0.6062708417903111,0.4735667859450125,0.035252544807929324
1.785955317809536,0.09609645893907093,0.09291658057302433,0.006181581278852507
1.6008197627671812,1.861205628378962,0.2702170039408323,0.01935123922568537
0.14191601283639232,1.7935007738510498,0.3545949201512554,0.025874501166224514
0.015860049178840985,1.1335417094039513,0.1382680216937715,0.009454519952807352
0.32093225900634637,0.5309747182406825,0.3202488534457082,0.0232046039153757
0.02978807650875326,0.13303275560035877,0.21860689976196224,0.01542796357492737
1.4530808606446257,0.3813692063185352,0.055091293091643234,0.003535294712936951
1.7689152741969898,0.8785483952735544,0.05088481145388004,0.003247511414837892
0.03153645174425579,0.6606433689203453,0.47569868427181267,0.03542222095110396
0.10796244651906628,1.096742567779963,0.2695187746983209,0.01929779102400174
1.039785221047246,0.9979620147511343,0.3699344927716357,0.027072812340539494
1.139372251342189,0.23801230478915625,0.17551620208546292,0.012200651818824744
1.1835479601413605,1.7875323262634695,0.4713720391765585,0.03507792165860939
0.22596765103088257,1.9431631739238941,0.08722971662760559,0.00577800937832933
0.36368582406800676,1.8049197184572774,0.49448047523210364,0.036919292690499414
1.5669329983038547,1.7890099763152452,0.15055784858903298,0.010355542795363671
0.9668920376838694,1.3889537176756546,0.3138366813599624,0.022708277415770053
1.7861220393290025,0.20020569645241348,0.23024310847138452,0.01630742729890939
0.15206611258659675,0.8331625494567796,0.274085781118647,0.019647559283115158
0.3500309264182011,0.5157348962406807,0.3141488398506817,0.02273242358522066
1.1612772177579687,0.739877137390083,0.07691526521501847,0.005050743809409857
1.4312566798959596,1.6179887449012675,0.2536207769314584,0.018083459369541366
1.3411894875922226,0.35272438041835863,0.3276030978860667,0.0237746944866835
0.11375637127688787,0.6706974931716092,0.4420698781870128,0.03275199285492121
1.9765985889612692,1.5352818171270566,0.33261002672576867,0.024163331291293902
1.7781009431992811,1.4720403820085937,0.3707723522856831,0.027138365158649078
1.6846899548739718,1.5342629034983077,0.16594912409233953,0.011491088513475382
0.7202216809915294,0.048360414462694346,0.3386260312900223,0.024630826050027966
1.7697181498860828,1.7587818975614589,0.1918955755543369,0.013421602635342601
1.4849814300872182,1.2565796839083112,0.18616597052429246,0.012993655623493397
1.8127699928022651,0.6656287128835126,0.11766826326029863,0.007956879316774194
0.5344513548103182,0.04977643967320455,0.4164206326526301,0.03072471740481387
0.9906632229090093,1.706783285372076,0.19117634005396372,0.013367833629210624
0.042799049499571806,0.8559478164808338,0.42694870424453807,0.03155582624547997
0.33856841978382257,1.5813061203853052,0.46744374467739824,0.03476551047499199
0.3011135115210659,1.1214476268254794,0.49854352596031726,0.037243674847732756
1.3494945432559786,1.7333752294481228,0.4119630884001691,0.030373263741481665
0.6335664436287727,0.9519517409235059,0.12158671451954878,0.008240455124603875
1.3620105017493336,1.9494422065408734,0.10964335996097273,0.007378176665081591
0.29156436471533587,0.25283659161052263,0.39629772922043677,0.029140232064747116
1.8961849062315048,0.3568909160847549,0.30083701602487756,0.021704214008189917
1.8429241533778988,0.8641418116743944,0.2880250153589882,0.02071757051809309
0.4466797802855029,1.2714949483911353,0.18853871899284452,0.013170768702716008
1.6932272430364004,1.2341417874871727,0.4531238807333947,0.03362821796745068
0.832144954165438,0.05462653355048408,0.2648062373137367,0.018937305694604716
1.611599339785109,0.8885047536703665,0.3155055662111947,0.02283738867101207
0.19695314946914744,1.7575815540546786,0.3366919427150391,0.02448046790364533
0.5932429200893814,0.7092695173358758,0.29036418675331627,0.02089748649400451
1.4037666974433163,0.9601963136597826,0.1466993996747421,0.010072095264067877
0.09188731873961697,0.02970683056469481,0.34119366216768093,0.024830527979072294
0.18743887201478016,1.6181164691426242,0.45728696252994977,0.03395860028652279
0.583538978475979,1.5059646234617954,0.15676022864077288,0.010812225566652319
0.9434412678423836,1.8823938815242025,0.1356313994747705,0.009261920152706219
0.6647474802255258,0.5793910653825611,0.47313081667278295,0.035217852832813895
0.8695620100914125,1.1302085613772523,0.15294879920200566,0.010531438199309408
0.3933940697578193,0.27289844730471846,0.4826582872712499,0.0359764945259502
1.8011395584998473,1.7613685320560797,0.08869375328848228,0.005881736789617322
0.6656954468732335,0.18229117596666877,0.15589596427207802,0.010748513635813006
0.7415109292699538,0.619047829867289,0.08632608188771318,0.005714046402455221
0.08224871843392867,1.449967538713818,0.44794482940523594,0.033217500734210696
1.88068403055022,0.10464487278098056,0.12117076189316703,0.008210322612756229
0.6262814036210005,0.7206258687869462,0.3797646051462817,0.027842544184421295
1.7011794331824555,0.43536935616994077,0.17627730954456988,0.012257217677585232
1.2859497085667628,0.4014622119840501,0.3081672776294496,0.02227002603351324
0.706895745097516,0.9896987874985679,0.3681229336091807,0.02693111383071546
1.4640033353620903,0.9936262495998649,0.14400629266850767,0.009874559346943918
0.9041677196654185,0.09189223759867882,0.3563045983341251,0.026007885148188213
0.32895060924240815,0.6386704117242692,0.29695522257575474,0.021404967725689252
1.2299724635721991,0.1661340197365393,0.16094543310765405,0.011121091609157948
1.890600523037816,1.023950915733385,0.092498015206357,0.0061518180690446796
1.5273291132354931,0.23522703750428664,0.07720045528850394,0.005070765944928189
1.0975004222973186,0.3303286746876759,0.34710861920323205,0.025290967490967195
0.6179352919995225,0.563048795309935,0.17358740490466135,0.012057378659295423
0.5662215547382896,0.7668444497334614,0.34501186975798687,0.02512768726217579
0.023265237669110927,1.9183036584982924,0.4947988715043828,0.036944705901915564
1.3321869217035671,0.12446356439682438,0.17597708516355753,0.012234902845863765
1.8132359784945098,0.6699413906796139,0.4776232330257621,0.03557543937752629
0.08220909412785082,0.6037339214669764,0.19746945387763953,0.013838765583948604
0.3903552215090953,1.3593873421917289,0.3921526512476322,0.02881452695218723
0.5094204414418244,1.8493759599909205,0.34965271508205664,0.025489175308620878
0.7785698314365894,1.905937498273843,0.1507215312249975,0.010367578348832705
1.9424101432314944,0.9872748663189246,0.3343524635602139,0.024298673910637614
1.6032031744975093,0.6790455711992858,0.11937516263382117,0.008080327690342448
0.16954542527956096,0.4119412679087058,0.34533881148393836,0.025153142709407335
1.521302821593007,1.2126416021448567,0.3688310754668622,0.02698649832782667
0.2882928132855198,1.0122342654677572,0.40423222562032524,0.02976434981248241
0.16784631738662648,0.4391425968134053,0.16972118492233879,0.011770523422941808
0.2641701035832831,0.7127279506774655,0.30876292865902816,0.022316044564116257
0.4301466092081463,1.829032505723356,0.17031371031636336,0.011814457007880218
1.368406605087245,1.620954470728079,0.12076036715610536,0.008180599720399561
1.0395348724219073,1.0074745996626555,0.06717042469377003,0.004369797537617602
0.32567071108659307,0.28136436309470425,0.2688636168178487,0.019247648545237767
1.584136619754954,1.9977554958329806,0.14590859336343945,0.010014064484076747
1.0048586004946476,1.8147673025138062,0.33220117347796574,0.024131580964237297
1.1614993674489873,0.37015424828676147,0.11509066190051606,0.0077706936313032896
1.3210088457590436,1.75808422390705,0.42071381136803415,0.03106345724889167
1.0312165803031157,0.6161104314591588,0.14434435184587655,0.009899341659857399
1.9313166845062202,0.7451202657974121,0.38003847996492046,0.027864009389566624
1.5424692725457094,1.2026535887276313,0.32489495812157726,0.023564659555524732
1.4391927935263409,1.3865808536803497,0.3430072135141,0.024971642615785484
0.14386722453772638,0.47939375081336677,0.2798723151162298,0.02009130326608099
0.6939766014690023,0.21263454359942813,0.22292869314898633,0.01575423629090685
1.991081989791386,0.747920959913734,0.4838054998767919,0.03606791348622603
1.4959887167141404,0.8295886371996835,0.32274681573815045,0.023398142130635055
0.1196667539876497,0.6907196379015443,0.3053891568767246,0.022055476510510028
1.5011016087775049,1.5760974579446378,0.1366741135960894,0.009338057659168422
0.05968013795566196,1.4584341200965474,0.4231769894744646,0.031257914479329
1.0121347857890255,1.9200394671176129,0.1493936183652017,0.010269963267487985
0.3989527439904472,1.1084111764063787,0.26302462641476604,0.018801136297011536
1.4023496186354791,0.3383942097114696,0.3283638066053235,0.02383371429700366
0.4848717799449638,0.6630801708965073,0.10784207289804354,0.0072486736555049435
1.304124494913555,1.1838967470797779,0.12914321096596232,0.008789080703653158
1.1682029120110142,1.4172616545860615,0.36105886720586605,0.026379030573484175
0.2710404377764173,1.025417080304193,0.3566269991516422,0.026033042852270753
0.6770993490928396,1.0710652139984367,0.06481805036423154,0.004206403386056221
0.09564258393681002,0.7616203090767995,0.1732908218785566,0.012035357860291068
0.7369382686100736,0.2422155573846103,0.15251891008072216,0.01049979840725422
1.3757639661992835,1.1596802529098285,0.14749934934396103,0.010130818964416168
1.5547482886508557,1.7152152308672954,0.2619729967470444,0.01872078956158473
1.6132223562567356,1.9198575155536797,0.47893975735698513,0.035680275919204696
0.382230492269231,0.3300072200110886,0.33126296861036303,0.024058732962150272
1.8537359942997353,0.8795750030314342,0.0705795437231988,0.004607290748371493
0.5708248462802659,0.063420841736757,0.3729508573261988,0.02730885577458826
0.19604839314017797,0.4057194463635454,0.0661537154957137,0.004299128405593483
0.8140221997186445,1.1863341551994884,0.42101069147285364,0.03108689049158485
0.13646837261685474,1.4423978643375959,0.37329970933525697,0.027336163456685478
0.6483085376526283,0.46687690065308396,0.09340254373263034,0.006216148593821159
1.1316187722572386,0.24276441632943002,0.09885973294630854,0.006605165544296295
0.1309668886319888,1.910834216842659,0.11340233365824817,0.00764889751802173
1.9877317379658765,1.1443926935280695,0.17332288516456607,0.012037738380940246
0.36958222595686885,1.1807220644157672,0.4145277767991867,0.030575443911301296
1.7068938274539047,1.4078359437278511,0.4395277538379267,0.032550696931940355
1.4855993657061919,0.4424324515591229,0.42223175189620044,0.031183282811672913
1.1306658217865686,0.7453600448619306,0.4077981960853069,0.030045121110186184
1.7309156221356845,0.10308567183743955,0.20105826713017877,0.01410779309288556
1.171850735335396,0.2818230345301207,0.3835300145253803,0.02813775510372213
0.14453104771176029,1.0317315517810959,0.4728548966586701,0.03519589781431043
1.2053784164097527,1.6502024322686033,0.4451416315300134,0.03299533354024207
0.5698086619832936,1.7495080482441103,0.4553121849051785,0.033801855873981664
1.524642988591271,1.5781050899454032,0.23332538062516678,0.016540905965957482
1.7675379237969773,0.7460716267247289,0.45116062757224046,0.033472486669526624
0.48750917684030615,0.9248056068030763,0.1816531077555329,0.012657225589768737
1.5823072047585254,1.8173163216458967,0.05273272278569576,0.0033737404063728152
0.04802848451855635,0.807451322288613,0.30685959156253245,0.02216901897218461
1.9809249898525407,0.7803357053477242,0.4365974760597222,0.03231876509112814
1.5094507093493525,1.1711654997387704,0.25017525787346406,0.017820962224212193
0.7561235515626004,1.3315495280990246,0.12466543801410448,0.008463704241673083
1.7664004607398196,1.9467242828550795,0.3530260396485241,0.02575214083078068
1.7333691775694822,0.7724284314561658,0.2669928699408451,0.019104517485555306
1.4753804041937477,1.5844914474914487,0.46402069187691525,0.03449342799530013
1.7166376424404386,1.2729077900281778,0.2953753014611954,0.021283249149831054
1.3874329552884426,1.6393813984956944,0.31738198439590415,0.02298261176755235
0.8162428853910466,0.6848236858843326,0.451872230828293,0.03352892784334819
0.0457929957513763,0.10453589868960744,0.20889897376473682,0.014696700521826592
0.8436995714070561,0.49326087819752984,0.2781938825540429,0.019962525840932555
0.8809521781351819,1.4745287753516014,0.2120498017458025,0.014933789202413929
0.001110678419304234,1.4668893557459162,0.26644491550712507,0.019062606508128892
1.4327044776395097,0.8268262354248399,0.4840612566028974,0.03608829624227435
1.156565279493689,0.8913688438022049,0.3571483965690804,0.026073732055930228
0.008000523467474485,1.4787670050485022,0.12064646512768745,0.008172351585693368
1.7596309382946749,0.21317317263394142,0.27820538025358876,0.01996340781780231
0.7318940102649847,0.2836612209568248,0.3275311855182959,0.023769115633281684
1.9645272250628347,1.1804275527424066,0.2356419463428468,0.016716523517715593
0.5606035819513238,1.1418673249562612,0.2446414326330037,0.017399890492682618
0.8208285368481616,1.906732004756704,0.05165295327584729,0.003299944655947905
0.8602968000608271,1.5486200037424644,0.13812730293531264,0.009444234292441381
1.5721688193745473,1.5324170871646112,0.05776013704806073,0.003718677317654268
0.4383049811434139,0.6065207325767947,0.20625344263558093,0.0144978239715555
0.9326676631667878,0.9424834805957889,0.4520010470106971,0.033539145620189295
0.1118933730534899,0.22166539160817123,0.09233749448588852,0.006140406276749912
0.5184283488638954,0.6845256070929195,0.3585450226380557,0.026182743190455778
1.6162838440312968,1.1338781091883683,0.32030846375353017,0.023209221219009053
1.5708897860304527,1.2669139392686888,0.31186550488989667,0.02255584076506016
1.0052816419571515,1.0133750085843738,0.10788712285929683,0.007251910700273734
1.3581705495625913,1.3639581722415024,0.2033155873125892,0.014277178354712294
0.3346933045729006,0.8124069763563486,0.18210419759393104,0.012690828246404126
0.05248310686956392,0.3554192278516508,0.4920532357266304,0.03672559658200482
0.7857083361962311,1.2013330440471377,0.2442170123850736,0.017367623068738784
1.2126868223742286,0.43398777409428413,0.20151514223584988,0.014142065638893258
0.04739587722965943,1.7389442490474283,0.14789998715577415,0.010160237750723451
1.201641603936491,0.37361238176096245,0.20551427489980467,0.014442288742975321
1.916106895728528,1.2545109194100268,0.28599172921105553,0.02056126338167516
1.901177728325765,1.7586433582733128,0.3092825419674774,0.022356193611059262
0.8502218073428842,0.23328284480420813,0.15502484153253684,0.010684320776949325
0.858710975775919,0.9260891229547177,0.17505637548944009,0.012166485489290703
1.4933838494055682,1.5521160365741276,0.4732854703598728,0.03523015904839848
0.9037531790484801,0.3174611604628568,0.25783413528242005,0.018404788691961976
0.4529852097886602,0.11375503220549277,0.09078605329206763,0.006030181582536437
1.286849471939346,0.2493617770904828,0.29473292679144136,0.021233772845115833
1.9327561147764465,0.007945690484766343,0.3414068411093871,0.024847113013048466
0.02868416174124122,1.7270857985674832,0.23781275971988836,0.016881199844808722
1.250852605482054,0.24463542359362767,0.45057567177337743,0.03342609520251001
0.761338711675744,0.19886527657233088,0.16855430859393072,0.011684034794539003
0.020299697822588225,1.3565625116857827,0.4185309206161191,0.030891193119759543
0.18509562186973882,1.4871186597321786,0.24835895365119687,0.0176826871016942
1.2928905117440623,1.4473674766272913,0.16625396855158953,0.011513655300158356
0.44548487550028293,1.2532995636728097,0.21539202901734372,0.015185545751667355
0.3765974611320726,1.6869949733235896,0.464313509472818,0.034516697296373876
1.7748739020001858,1.7755874765584845,0.22867714408556972,0.01618888966243834
0.1669491956235587,1.2851103592175226,0.15566349209199723,0.010731380380805044
0.7003856342069721,1.6861282170503704,0.3453365098814142,0.02515296350247924
1.9435234231690173,0.29891829687039095,0.07749331278584579,0.005091331693545123
0.9043561425774183,0.5589323573940579,0.294901592256902,0.02124676289914274
0.29133598426436813,1.4237857295665608,0.3714676444253174,0.027192771490276674
1.8236730693575007,1.9899791267569649,0.186752679860344,0.013037435943241216
1.7382964810555677,0.16810070433658675,0.38540674796639085,0.028284967230322474
0.7339877569815203,0.3277897327715176,0.48284285298380997,0.03599120116842217
0.7606980367952538,1.534670107272232,0.131874973982967,0.008987968146118663
1.3422285742755413,0.7310032921026659,0.4141613779707591,0.030546554568114833
1.8792079167131466,0.24599513522511818,0.25236346972631923,0.017987642628193877
1.99609413398917,0.8805098646754288,0.1927856164624241,0.013488160055134145
1.0260578926972406,0.8652425466168276,0.46593799671401037,0.034645808605690304
0.23608715250527257,1.3179053561408915,0.23423011127351678,0.01660947883837648
0.915974170759307,1.7048312051268826,0.3560233197624951,0.025985937593829195
1.865908289853302,1.2763378165258201,0.11832297735975893,0.008004215805730025
1.991424764676691,1.6806000442024092,0.10667788764448537,0.007165054111051342
0.4900434124749711,1.8888777533322614,0.46288986675784544,0.03440357436700003
0.049312494011843455,0.06194116904282354,0.3340906682749276,0.024278336023318064
1.9512795673176755,0.5066248090821617,0.4384752320217669,0.032467377386545544
0.10953046200126226,0.817799665906106,0.23332116779555956,0.016540586702922102
0.5016535870578773,1.9636530342665066,0.09858517427252567,0.006585557445005354
1.8516289615296968,0.6331042162423552,0.26499380687787855,0.01895164541437712
0.6925025847281239,0.878667591756294,0.30439285692217943,0.021978566704731306
0.7865589373584889,0.07973680435066521,0.30814337076868376,0.02226817917639359
0.14867259518355436,1.0050448065704616,0.4238729373334672,0.03131287071661812
1.359315394312006,0.3847788300988908,0.15633098843575835,0.01078057975460474
0.24724940168852827,0.22972170600841801,0.39900190211224207,0.029352842997810588
1.794724501621984,1.961808635585014,0.37088239569873205,0.02714697554310046
1.7154381702658739,1.2897276826841586,0.49399464774354607,0.03688051791539424
0.40993469384947123,0.055712090802156666,0.41909004480493717,0.030935310846627914
0.6769481502596286,1.978729785540478,0.289256653285199,0.02081228870080755
0.049115371546661235,0.7417123275927597,0.344133651663972,0.02505931807821595
0.045705430589301876,1.959958035391618,0.2640414489847934,0.018878844777714475
0.8263703783149274,1.9747815977080323,0.26461834183322774,0.018922941761138838
0.6156893955347373,1.3551540670572133,0.34894905211833005,0.025434343685149186
0.7877097389271641,1.0970995879295933,0.34511063716519896,0.025135377045956378
1.3978986924723027,0.02509866736363975,0.25286801579986057,0.018026089077114758
0.2772889716732889,1.5833982298998135,0.055832510620199866,0.0035861653000416756
1.36337409979863,0.7909133818291889,0.12908377518640862,0.008784756654285441
0.0874742325254283,1.0797157531100396,0.12025235954843694,0.008143816858022991
0.8531052550156037,1.878612270050203,0.4648136252028355,0.03455644227488524
0.0004262658035336653,1.6252155699960809,0.15088005297317222,0.010379235282895354
0.18935471687553762,0.20248008557773067,0.2635816129061754,0.01884370023086615
1.498357041611113,0.057120299340569725,0.31674186733019993,0.02293306401253736
0.8744468084723744,0.37138154326583783,0.4333562514077579,0.032062346876580786
0.8675307880655609,0.665617766715288,0.10402583078841468,0.006974801754866948
0.47049187408658977,0.19506217829062966,0.43733395768472527,0.03237704762420073
0.07327267048732122,0.31485532162655105,0.23598356974138546,0.016742431905459206
0.26422799790100737,1.6345023735943143,0.10368552703383771,0.006950413200764295
1.700165162843086,0.2669919865827375,0.1997441856115732,0.014009247088232138
1.7577882499834607,1.4681354766293573,0.44861462390802415,0.033270599460332645
1.108691421556621,1.336799098385747,0.34568239139395274,0.025179895385639608
1.7205822445830288,0.29961442012079353,0.05478850229195542,0.0035145273889072752
0.3098848765427562,1.9682932003667557,0.3257153643457331,0.02362827501277411
1.306619354797481,1.7388299535525917,0.44418720300361625,0.032919712390147814
0.2069640987693544,1.428419058642558,0.41835993325177,0.030877702163477433
1.6659558652858928,1.86428816528979,0.2755069195647065,0.019756480817810992
0.027983227476282124,1.0299161404895496,0.313202980565295,0.022659264315834083
0.5076905591203835,1.9334522794938558,0.2624692013301964,0.018758697875816483
0.06075145760727074,1.1221744430922673,0.4590776238244371,0.03410077118548827
1.6645881744682425,0.6363257521061216,0.0547329604670161,0.00351071883453809
0.5877697861460367,1.1610499026764505,0.3778330126756524,0.027691184119449836
1.4933577069734978,0.3562557072542203,0.24808356148151994,0.017661727592269975
1.5670829828943973,1.070801053507175,0.4937896934090493,0.0368641609263359
1.0607016267708511,1.3328421241626343,0.3279489372022577,0.02380152536104753
1.1880610768174893,1.7525763662273885,0.36511467764935324,0.02669591716394582
1.0167550378622887,1.8417234804810274,0.4418290761800543,0.032732921723844156
0.018512037521592806,0.7771029427432175,0.06040351117334036,0.0039008873411987776
1.8810459087812474,1.066173705951267,0.12129125188438303,0.008219050436271814
1.3815393937171718,1.7325861374294655,0.25323591922965627,0.018054126684039034
1.5791163633033056,1.5725526308257605,0.474739376192625,0.03534586385400067
0.2864740677287563,0.9239706980169677,0.14615826261590753,0.01003238332127327
0.5210236228592307,0.37319841107675233,0.17041098335081706,0.011821670455476708
0.005685825607433026,0.46196996829569414,0.4880103345648469,0.036403115563776144
1.6826911339032158,0.9659277632942873,0.29692915175635587,0.021402958842518218
1.408189688107686,1.5381676012133858,0.37766304456153693,0.02767786792752825
0.12020119378746341,0.628338769972729,0.13967639435969206,0.009557502857076242
1.9182965879339529,1.0141883796038158,0.38740139786641786,0.028441483022511534
1.9853006578960049,1.2167788207016963,0.10335787876952987,0.00692693684591913
0.24508459646597447,1.9234215591340507,0.06098498625032603,0.003941043652891134
0.9499653537576684,1.4496995088341451,0.4418052904832042,0.032731037973879454
1.255771406580313,0.142975658196679,0.14930825123817187,0.010263689958892964
1.667628228626687,1.6130057888172522,0.18021592080856774,0.012550204884950764
1.0513383594823704,1.4440061332499219,0.3614314896797393,0.026408133926272212
0.5672441966731525,1.8857809000316337,0.3768815583335634,0.027616647529110295
0.7135561342102432,1.7452493833956113,0.10375844366981854,0.006955638454066865
1.9949079772259914,1.4428064698856158,0.10768590872651196,0.0072374532715050515
1.40966771782139,0.15113769072826932,0.30663296689365793,0.0221515172578081
0.03305429797855175,0.6787349175699735,0.11333128609375771,0.007643774871827865
1.8901950435601909,1.3827920469260715,0.4857449967427952,0.03622250191813787
1.1017594612037185,0.763819351154079,0.18391722965339236,0.012825942724255475
1.2513321828579875,1.8580946069022304,0.16045202356983562,0.011084649120618944
0.3020086292717121,1.539236642832458,0.23143376102379287,0.016397592491537116
1.5078336704077235,1.2838138485464123,0.39603248684046066,0.02911938321914784
0.32791544275924034,1.5030338748186771,0.41071478229746244,0.03027488834206194
0.5853657277718849,0.8468043016312559,0.44645213088296887,0.03309918506893422
0.18706908296518976,1.003544337627823,0.05505697782963576,0.003532940756901098
1.1739851651865811,1.7963199448596046,0.440281298626308,0.03261035736987693
1.8596383320116787,0.975042929036392,0.4204136207119771,0.031039763858962642
0.4312414861724696,1.3028883743442083,0.19012625459473825,0.01328935583434274
0.4041287333591239,0.5483298568311283,0.18637797419347357,0.013009474265311839
0.5103343995798417,0.6336174521804028,0.3662997820364968,0.026788557142629992
1.8717247817114862,1.1765738178823024,0.25283592798249716,0.018023643825282598
0.22116973676875196,0.7588828496944688,0.15297892578636713,0.010533655742891623
0.4283622101714961,1.2171867002875318,0.050076634003849874,0.00319240429255417
1.7773637551297308,0.8659144843692816,0.3580473936630058,0.0261438982904112
0.6444103814886781,1.9538982648664596,0.4050821694936166,0.02983125578723028
1.3274163932709004,1.6495391905958574,0.3763835491315927,0.027577638841837174
1.4620595703558636,1.8990185111503828,0.1176163306560107,0.007953125313725377
0.9417309559785318,1.7887353346785526,0.26291221702573364,0.018792546921817515
0.44707156457686015,0.8517179347921449,0.22586964769925943,0.015976513132668548
0.32029020231270455,0.6981206827473962,0.47651751196938186,0.03548740477643185
1.3489144296922841,0.9271450011544202,0.11588308733858153,0.007827901891902024
1.3052821185675807,0.4477956954879514,0.3357950773668786,0.024410764819554943
1.2233011956461495,1.2998931133204776,0.1859283046276276,0.012975923673787804
1.1686796484670041,0.585570902091973,0.27823583060342766,0.019965743645402437
0.42732203249205547,1.5252753841589395,0.159431831882589,0.011009323837652055
0.8528374775058345,1.3664677144535466,0.33628797885992756,0.024449070826487347
0.13753950825684136,0.08859818948028497,0.12943919386011946,0.008810615982707477
1.698905576544054,1.2040416428501666,0.09621214022215738,0.006416241026711022
0.9182750503321369,1.7723402554668268,0.26462935979745694,0.0189237840254446
0.4415608295076787,0.7092946296151643,0.3502937059927239,0.02553912995704014
0.5985911875306806,0.737850588322507,0.39979270107933984,0.029415037025216164
1.5934133979429408,1.0571701800558664,0.4797812922854725,0.03574729885964695
1.335994822375845,0.1689542295052704,0.05830613370728835,0.0037562670442604033
0.8946839658692409,0.2953354364166483,0.3320931864378063,0.02412319546188767
1.3711028091737396,0.4893175778830634,0.47077894186793456,0.03503074199558131
1.296548523944424,0.2945799591900016,0.27607455688617744,0.019799997579825684
0.04814088169870234,1.4458602492798853,0.1976272124732204,0.013850584567582742
0.300408924469149,1.8880284389842674,0.33975015602335834,0.0247182439823695
0.8471852896501673,1.8658121601162168,0.19094142983586387,0.013350275102041778
0.5886829572375385,0.9968053529725704,0.2962686777664217,0.021352070178295556
0.3025808758524333,1.589755285541782,0.37899860867231766,0.02778251413973666
0.4468290126741068,1.2638178716611275,0.2037429950210165,0.014309264920781023
1.6080224829197067,0.522879563947396,0.2338306016570167,0.016579196273681426
0.5320261711040244,0.44587431950523504,0.3212337062801363,0.023280896381148223
1.2637622967953257,0.43017227177228934,0.13138251133688117,0.008952092963809805
1.9185357058412214,0.09389667345341346,0.4988225036925483,0.03726595432890889
0.1073736426167533,1.4621859407105324,0.14060177574766378,0.009625207575768976
0.5126581594835968,1.9450689296118955,0.4883889278322766,0.0364333061640332
1.7461989777691773,1.3095985141389623,0.22146162353384752,0.01564343087284105
1.1895222785355757,0.7599210096316862,0.2345641443369209,0.016634801059677896
1.7118966282825698,1.7983534691370482,0.072904893907059,0.004769741319526142
0.2504874210653152,0.28000619412862604,0.2701271622154259,0.019344361467309362
0.11205852727612697,0.467681223658579,0.24142001784056605,0.017155072854371914
0.437865085921995,0.508044873367727,0.38207299573039166,0.028023499908616713
0.7830722215058545,1.5223554022107968,0.3642910173698973,0.026631543599574425
1.608391858209557,1.654633768520619,0.465620753685252,0.034620592259243896
0.12940142825956413,1.908973200264436,0.2669997706422751,0.019105045332168724
0.9171627324577007,0.7661312048283662,0.2539925210042801,0.018111795490325537
0.9745226982850816,1.4712935629419575,0.16725909235810227,0.011588082018797732
1.5951312699763454,1.195602475012483,0.07063531345747927,0.004611182587587934
1.2268776012247045,1.9432290237725078,0.3487618983693096,0.025419761362221294
0.5525639055262987,0.7217323931203334,0.3112269601839282,0.02250647453138498
0.4456352167909501,0.8952379252632185,0.38296670495913665,0.028093578441126085
1.289504689362542,0.9008666613002627,0.47693255208515767,0.03552044752774586
0.8182763820382759,0.25827239185293815,0.4950927217385037,0.03696816094072991
1.5391025042960402,1.4623017019564382,0.46002453855257236,0.034175967669810105
0.5585902663878257,1.0700287154112063,0.07412152075926787,0.004854879022348723
1.08180977073062,1.19617291715889,0.19215464225702977,0.013440973496888789
0.19287696310904967,1.5455691422960451,0.07948557895115334,0.005231378827572404
0.18539176067217134,1.6903235745142193,0.16972066499636074,0.011770484876979048
1.3681398770997664,0.8225816013403566,0.07471825369509799,0.004896672846751358
0.765685513433517,0.44441529822811243,0.07916191397412868,0.0052086100272295535
0.16376628200650867,0.4818756817975467,0.26877340118060067,0.01924074455542717
0.7497323644258924,1.903878656888825,0.4243316408989764,0.03134909611958759
1.1363656188568678,0.7765044137763875,0.41696354086055826,0.0307675406224624
0.15209043744286288,1.3156556339055372,0.06718916376099167,0.00437110074363121
0.47120156727159945,1.3072496798332605,0.1538859726143063,0.010600435309222478
1.5599696231493814,1.4806971452816708,0.3534732313499693,0.02578701444916592
0.2813910193451352,0.3418295409118428,0.12343774114158369,0.008374633465914551
1.4994671918055484,1.146224684302777,0.20126004152913585,0.014122928564069012
1.6738770353301948,0.9975976436302914,0.2292266577993543,0.016230479432587028
1.0897466616945137,1.723183474045171,0.4788417914550399,0.0356724740817869
0.5576083013327446,0.8100921856922108,0.20186651887523993,0.014168427851858734
1.3000907393201229,1.3202506886035743,0.44086202367186833,0.032656339949907034
1.5959858816844912,0.9237454445514532,0.3349557150694996,0.0243455424247226
1.5484213725749432,1.9778773857531435,0.08254827449594898,0.005447143099071567
0.34284164892817626,0.591212841337106,0.2901829499667331,0.02088354318962818
1.972473656283537,1.0698310186462539,0.3893955211711827,0.028598013086905228
1.0362484819733053,0.4696230325610191,0.0696848578024301,0.004544885034244338
0.9959214337228934,1.0387795538070501,0.16757875861637916,0.011611758924553748
0.703467943998414,1.8686402565038356,0.2708142046840389,0.019396961438652424
0.5132098515066033,0.6864985470496081,0.3909843166810903,0.02872276627982731
0.8840682221235538,0.9927415416226637,0.41034885711640545,0.030246054742383958
0.9444109757428876,0.3666364727716802,0.36914666810743846,0.02701118351473998
0.35702477316834735,0.9734854905031469,0.32440574343439993,0.023526730431051947
0.10641290999420638,0.7050948497359297,0.475787066806852,0.03542925638327627
0.5638290431738708,1.5486329304434858,0.4689713064588317,0.034886973658248006
1.9352354835716148,0.6424161418005925,0.2211098993976105,0.01561687322569507
1.5415161282366892,1.2696888967718187,0.42596491574665063,0.03147810338938724
0.5157366119877762,1.3979204616651837,0.4309841038392455,0.031874766464142675
1.4587142289366113,0.041911657185995654,0.32655450220942017,0.023693354386254934
0.07139450949926363,1.2301370674181529,0.16362886992139652,0.011319420644406369
0.36368080576881723,1.5931640266609828,0.26191637031573795,0.018716463812822447
0.4881008106059166,0.6182175223570674,0.1675507124859674,0.011609681490777464
1.7858682401831956,1.1178647961344683,0.19266259898378207,0.013478959520888364
0.6630387205653028,1.3291079031341373,0.05265242938071997,0.003368249219526986
1.297358961811377,0.04144158638122075,0.1987354521141711,0.013933630164600606
0.7151864438600124,1.3446098287559798,0.4102476812608158,0.03023808275868487
0.8608809078538455,0.8409805359780547,0.4282226992175388,0.0316564948251414
1.1194262159303,1.430458795310115,0.25929122904148727,0.01851599774495854
1.1892129756110055,0.16355544316760207,0.14320310252848478,0.009815695504666098
0.7245335621587901,0.43536241779035434,0.3340026764764677,0.024271500519571047
1.3775786347792303,0.644500435710516,0.4109332984730168,0.030292107483064278
0.8108540567596598,0.24507654610793472,0.2035466872978653,0.01429452703153507
1.2249045386689315,0.13165852409820755,0.18072888697600237,0.01258839638323342
0.7810683782967771,1.7189448822987619,0.40884997123504235,0.030127966411279718
0.5796427026454491,1.4960905464308447,0.162853165892627,0.011262066225999907
0.5948882728819997,1.8853914495131634,0.2744312871212197,0.019674036618923346
1.7418527620463442,0.23330913489135452,0.10447103787059556,0.007006716727736382
1.5409828374876657,0.8906528648376719,0.08972631605701353,0.005954965348891547
0.2636439869506284,1.7957079784547862,0.12345026482958708,0.00837554176590073
1.5428447988079668,1.6733865147571778,0.24220751397114793,0.017214899443704475
1.4222540545750264,1.5026071866764115,0.26596353400773093,0.019025792351073642
1.1139081400005644,1.4271590097616014,0.4165636027600883,0.03073599414955383
0.8119701808654107,1.9550538913657813,0.3152854013369535,0.02282035317839815
0.8456847475586873,1.8237122044183303,0.3452896344220947,0.025149313712514575
0.5502686222659845,0.6737213045597856,0.21363147490243412,0.01505289642075188
0.13108494723207587,1.7517528771213875,0.3289432539392698,0.0238786772210138
1.4370904120753962,1.6572559660590793,0.053994928656539105,0.0034601367222575853
1.2496882685965185,0.2699195629026725,0.42693309695983556,0.031554593116891586
1.6108718488876155,1.646139044375145,0.14184539940974067,0.009716244614859999
1.7175650139466423,1.1136778016117752,0.16501660716130123,0.011422074658609805
0.6710712418356213,0.6854846081533081,0.15918282333690445,0.010990943471694726
0.18449384086863807,1.7334990141978055,0.33929847559062315,0.02468311650166754
1.4657854062980917,0.5834789623920977,0.18474523411799992,0.012887679595912254
0.3437224162563517,0.6097298113897773,0.10416191462274324,0.006984556018969002
1.9293829173080856,1.868877945601948,0.13362128990253763,0.00911525900325979
1.9293102288907151,0.7873439310018482,0.3190487855352107,0.0231116615140638
1.7331414721580911,1.8330760168691747,0.21157751294177984,0.014898235559523597
0.7242633955024065,1.6566611654653496,0.08564003877761439,0.005665516271724465
1.2271467944451915,1.9657679891511652,0.11009634793817993,0.00741076730692939
1.0737976676904462,0.7417565483608537,0.21314231468920147,0.015016053900410468
0.9329363059989348,0.354986234230908,0.2821742593386256,0.02026800612482
1.5416358959369756,0.927923421791782,0.4074374351467011,0.030016708403155654
1.4233113326026696,1.827424714649974,0.1654581934695764,0.011454752300231493
1.7226327384694926,1.9963460468961016,0.3345953391975237,0.024317542984521205
0.021905858615592466,1.9808704708127314,0.1815625774787769,0.012650482487083734
1.5831514768900345,0.5060081084502375,0.11254776443682578,0.007587296397252053
1.6913012040058637,0.3016782505561948,0.40023682568443203,0.029449969850874662
0.9742459622697917,1.8087426239136744,0.4991404874869903,0.0372913499273565
1.7714071920387435,1.20508608579225,0.06793404681067877,0.004422923783652099
1.7986086138733786,1.406718488334219,0.1612127079830697,0.011140835351265699
1.7395476509826107,0.37955538595303784,0.19564398857717474,0.013702052592930471
0.39630848753596815,1.6747173915373177,0.07537410521434676,0.00494263377071081
1.63385776616922,0.7108446442177967,0.37497953599067635,0.027467682732430082
1.2918853143639422,1.7613734240281038,0.1391050277398324,0.009515714757805941
0.4129885681314993,1.6379551541099646,0.34321645895558556,0.02498792757617128
1.8231153606744925,0.43106994535650833,0.251829444801436,0.017946955665965346
0.5938003303373307,0.039871166369978894,0.3615174206359448,0.026414845782387147
1.6586391813148667,0.6474928790464773,0.1408180120950399,0.009641032758446239
0.3404865346697641,0.3964782194709384,0.33683905770887235,0.02449190269329261
1.5611614456403287,0.15044153149862383,0.07634775601359388,0.005010916351116826
1.1925140333896258,1.5514100470873446,0.0988943625332594,0.006607638945332122
0.6019991759822605,0.5663092130171392,0.3750398916490689,0.027472408937520378
1.8495399687048268,0.14263572283484405,0.48178313325875605,0.035906765421599825
1.7520088656681267,0.019942734549967867,0.31197623611215597,0.022564402165243892
0.13909456937392983,1.8713261659250455,0.49430985571151814,0.036905674936761716
0.12487750127686437,0.9170370508511598,0.1795590460187655,0.012501310016466531
0.1036552741289527,0.5691049870448781,0.29510702223747154,0.02126258512644403
1.5287709578804163,1.3326412558049834,0.11305394243120848,0.007623780059791281
1.984061964844852,0.181281844051969,0.303157564271966,0.021883231876774215
0.07405200343394336,1.5843721526093488,0.4478676102933153,0.033211379452735675
0.6504137574949669,0.7245562916410226,0.09416730934435386,0.006270572673288925
0.39826942242342445,1.3950395002922968,0.38943268491605126,0.02860093080624264
1.0270364806318482,0.6433847602204563,0.2905190961420325,0.020909404797513555
1.9938539660436743,1.0026659139055667,0.3973937279934958,0.0292263910539417
1.3798185049960703,0.7939857419045868,0.4749480746080227,0.035362474510144765
0.31696354004182714,1.5025960876238305,0.05531669122220413,0.0035507590708267985
1.9419095071361394,1.1778997218479033,0.48424067211334587,0.03610259536186161
1.661650879372516,0.7863457556213682,0.3855334498988233,0.028294907593105725
0.4216124132827215,1.450831527271738,0.31815443350542016,0.023042411759967244
0.698848577722295,1.581111858546343,0.3312381893801499,0.024056809142939208
0.5803786673298674,0.12149787209798779,0.18583118201721194,0.012968677929604062
1.3794601560986723,0.5887744286877681,0.3375748699840678,0.02454910025587831
0.8214298206929742,0.11241787807866377,0.3820022406963245,0.028017952268175918
0.33797107664309145,0.3729367037202509,0.44949697499914265,0.03334055720210874
0.826049580050304,0.7956511382460698,0.45486647517008116,0.03376648494827599
1.9358887502372593,0.011218768755240749,0.334927817612592,0.024343374854702192
1.2332822612603893,1.8832156969860179,0.31041533061430315,0.022443737102030716
1.7820121917055383,1.5867698588313361,0.23052649535834147,0.016328884580509708
0.06509434406687498,1.772547308796664,0.31843558307277475,0.023064179749246228
1.5152210798356247,1.4977222894645774,0.11638189671613718,0.007863926729750692
0.45895715906102663,0.26402031476046206,0.3209028507819402,0.02325526457477659
1.1548522278711855,0.7813726310390323,0.1394161301531238,0.00953846642141556
0.17871249439869175,1.4479824948369284,0.4849561522927726,0.03615962158379425
0.3613755569760555,1.2396342834427165,0.16114921510327979,0.01113614489261655
0.023636027998777065,1.3941615268054028,0.11662566557359652,0.007881535998282806
0.9955205477092242,0.9962777911497689,0.17511632972925278,0.01217093989681426
0.7434758485753252,0.39973169938129205,0.1883399161360838,0.013155923193711292
0.39154083975331444,0.9374469691476852,0.12242493956510776,0.008301199556664257
1.3075103729341153,0.6295306789261206,0.10806799092273459,0.007264907832425204
1.447669682668205,1.9185372098552136,0.21891424771405887,0.015451152137291453
1.0442240516520664,1.0204390063597344,0.48521062950445276,0.03617990568960165
1.8422382556254784,1.874990012048187,0.33670716671584283,0.024481651201757753
0.2523269272618691,0.3350167882530326,0.22946395889304044,0.016248441618083986
1.6687804057392497,0.9030618391811722,0.05484765821396072,0.0035185840582330785
0.3472126193355749,1.156078300378608,0.1964849638061688,0.013765024137462561
0.6120252954191461,0.2043055002243439,0.07713207931251126,0.005065965055841772
1.1107601545358816,0.10961801023979922,0.4057813648551147,0.029886302387235213
1.990105854924862,1.3381885248070615,0.08021902763571855,0.005282998246085251
0.13159907060513243,1.5456767538905893,0.4794313490863935,0.03571942710866514
0.6990813999846028,1.6270122330793297,0.08601132366542522,0.005691777345515584
1.738888705900252,0.7757557358319938,0.48261502752108776,0.03597304754053318
0.29873801358566365,1.3923792000351864,0.23272921851724798,0.01649573066352465
1.088848355565564,1.7324909005811822,0.4389588719116517,0.03250566149006271
0.7080952537592933,0.553786809260929,0.30679667344474987,0.022164159857746474
0.978295366254007,1.2782526906187244,0.4846380448596159,0.03613426661410163
1.5702925260587695,1.1691555941996303,0.11167469753018563,0.0075243952040708285
0.24687308219827897,1.5420685288508467,0.16058528780664147,0.01109449105611306
1.2710350112811946,0.6560053988272481,0.2843719336986483,0.02043679782095169
0.8623828334768455,0.3838126930917376,0.24517210474261447,0.017440241367074318
0.5953875129457962,1.6656893894712408,0.4726298077268172,0.03517798809128855
0.7608209759310405,0.3150636905468178,0.23847521509358371,0.016931473931574677
0.2813287015341208,0.1312308172958483,0.1500775106129898,0.0103202288497032
0.4356301728120613,1.5023641622891748,0.4346298548960479,0.03216308785852056
0.3933066670650589,0.25828671730629016,0.44219556237408547,0.0327619471248157
1.066936436843962,0.9077889779006778,0.4406091079358864,0.03263631323212523
1.464372765942005,1.8822386823565325,0.126818783268824,0.008620077734301701
0.6515547580005687,0.07594380218987484,0.2738650828946423,0.019630647609924775
0.7118243105189623,1.7436844284122615,0.46878175182190346,0.034871899846517666
1.3704141842086817,0.9285226007353826,0.20269518641183676,0.014230611589681827
0.8044170182598727,0.013581618098789328,0.15123807209433482,0.01040556541159653
1.495933965655361,1.2297558398373492,0.11722680357102284,0.007924971587092718
0.5573747308300279,1.8454909272184747,0.2737078363335714,0.01961859868718114
0.16860020041323454,0.8680547466329376,0.3682338244646072,0.02693978623255988
1.9191407369311857,1.0460176766526552,0.49417350627294204,0.03689479263389862
1.2438504216717539,0.36249205364379233,0.18073604256416154,0.012588929185999327
0.7989339595940452,0.004713304093504789,0.4070891693624325,0.029989281432596805
1.6908863084238812,1.5268399402246953,0.48712418878057545,0.03633245693696561
1.9902306257322453,1.9783120339485694,0.20443791112096193,0.01436144392224488
0.9871952296922932,1.6409457309398847,0.3510530884009496,0.025598319428160054
0.5252554725305791,0.4709257087206764,0.4050896837834897,0.02983184734114993
1.9047760112502616,1.9094548959902107,0.09974900888049426,0.006668700524881688
1.1421633779898832,1.9653354284988631,0.17456637790752044,0.012130084190902462
1.7318495330864991,1.0985865011126363,0.32295994945026557,0.023414660195042868
0.8236750613264057,0.21936070968530252,0.056786969968425575,0.0036517395003882068
0.42978214260058567,0.6624250108113687,0.1151075690266228,0.00777191393913114
1.6151653079539694,0.8676156492648028,0.26741245923287715,0.019136614308446244
0.4203196738420434,0.2960125487530485,0.39633633853455075,0.029143266952783575
0.7943644677251378,0.26726050616741603,0.24948924685135032,0.01776872808169586
0.5380801326924822,1.2684223364367975,0.35599062575073287,0.025983386628891218
0.00791556976134844,0.7647939110893605,0.31867410973164123,0.02308264870212819
1.073518987078049,1.3551794068681782,0.0591218556703212,0.003812471499381406
0.6907904965222562,1.2798549781648425,0.07416205672912901,0.004857717337119318
1.1412296269243483,1.4711326098844508,0.38143353135072955,0.02797336444873167
1.1087366684433737,0.8289927672860276,0.1185197132511348,0.008018443545120959
0.9659364766644676,0.06302083077202969,0.46781687291616336,0.03479517702461687
0.8404749583306499,1.7063090775546548,0.4238863617442638,0.03131393085024089
0.07024146782831497,0.6658975816585806,0.11592751787351548,0.007831110305202948
0.8643568363011931,0.7389084409176774,0.17435240664704935,0.012114190747784009
1.811528328023323,0.30722313520641986,0.4886991214512009,0.036458043495758076
1.7172894958675367,0.9455309938115795,0.18912484805691693,0.013214543895315189
1.2121415956020603,1.9180776008602918,0.17782395814121243,0.012372217171148154
0.48821387739654654,0.5857614214197655,0.4595543490820251,0.03413862760160153
0.11555681525859951,0.7859641069303132,0.4380186427999874,0.032431237241135884
0.4018964036964814,1.5080810008971315,0.45003605972896993,0.03338330352657735
0.765517938606378,1.9143694663708444,0.18298605328578266,0.012756536160388465
1.8571159761952,1.0157280426357043,0.09456389871165127,0.006298807740833326
0.12980719628097148,0.3044247951394583,0.41709540229583875,0.030777942097765503
1.5139260059651949,0.3242729988005717,0.49392535974394425,0.03687498812850625
0.007654364064003438,0.47640587679265645,0.09938360284501424,0.006642589068587685
0.8115322810795049,1.678452768960465,0.3555002013210292,0.025945122983415118
0.7282420904679445,0.8003568072329399,0.33627534532187514,0.024448088958386707
0.08262485175222078,1.978952718350972,0.3862296274691292,0.02834953001940691
1.5923054272869375,0.8608583287092546,0.1694326045381917,0.011749130075583245
0.874194290242754,0.9832011020013078,0.061096845752104306,0.003948771639605527
0.9345091462773454,1.5293196554880772,0.20065480298807492,0.014077531644681406
0.5076030680364365,0.13954477899174367,0.329943372469786,0.023956295492961677
0.27151712699508557,1.10365570706756,0.4579934120693942,0.03401468479891105
1.6276508480362404,0.7751843922322881,0.28363677442890606,0.020380324088380773
1.5079941652781481,1.2588497357252952,0.2607123552225577,0.018624503209689693
0.3249604150199057,1.0566858630833174,0.10803318204323348,0.007262406358654485
0.4607761925878491,1.8794093207197953,0.17824601125318673,0.012403610517227113
0.14167544418664169,1.591265600065364,0.31333883646330624,0.022669771409891997
1.5807340255593962,0.6829092681637419,0.37821191064744,0.027720870457751432
1.2016935663856083,1.7185692644041162,0.42510351633098636,0.03141005988294427
1.0091370145438647,1.3982508704777836,0.4575834072019479,0.03398213408482054
0.14751541749534258,0.019230507375317396,0.0876329753986165,0.005806568475226957
0.37565249203618545,1.3610866954579766,0.13503161044467943,0.009218142682754744
0.38735422395825037,0.12520322833776354,0.20161950665954598,0.014149895302548295
0.6071063983121305,1.5282635544295686,0.11661543681773315,0.00788079704678723
1.0686549361371025,0.650284616675854,0.23828216604111147,0.016916822341331305
0.9537429024977113,0.08496307901200395,0.3518195147593075,0.02565806689290105
1.2877016478673793,1.0289989025767763,0.4409442502907981,0.03266285110066478
1.1416545927105894,0.8025586824788973,0.054711981529399045,0.0035092803587288344
0.2555752393111612,0.9010106483179743,0.1630847390151681,0.011279186433488885
0.03277378338332282,1.7916331478145402,0.46032928554302055,0.034200170540249604
1.413708297835503,0.0550816945942314,0.14739774440266046,0.010123359001627712
1.8178584799095856,1.6843064832005248,0.0668701011898061,0.004348915005408645
0.09657145439481973,1.2887872922187913,0.2898218294291115,0.020855762467316286
0.6917135727014125,1.6876513658722516,0.4521541389824426,0.03355128922848944
0.5612010015561575,0.07755106224573738,0.39187388923167454,0.02879263134529885
1.0971838186304497,1.6534060907535826,0.07970821349061037,0.005247044174012744
0.4015014190097659,0.9245580374665325,0.37628518640180647,0.027569934584001893
0.2529814358604716,0.3214003212864043,0.49827686177086056,0.03722237954428794
1.0452178452759542,1.2711153958230936,0.4656087041720853,0.03461963451625441
0.1941864913852338,0.19639560803728906,0.3672213229623344,0.026860608581572777
0.13010468641968442,1.9861224727007367,0.37294383114295937,0.027308305792192216
0.47663348434278086,1.9169357702747183,0.2961777224263085,0.021345062800123816
0.31398398734217237,0.6144137153221048,0.41851771611852845,0.030890151267236137
1.2265066535682319,1.9522793970849885,0.1768601092799496,0.012300543021580382
0.7037261359159523,1.3705599731089473,0.17899860845507704,0.012459603264963152
0.0804048640862316,1.7872883246660365,0.44581379134467786,0.03304859673014558
0.5740720942568736,1.9476073122314679,0.16088398085223138,0.011116552416970847
0.28437672088633104,1.0724351022262786,0.20659877618521938,0.01452377431840054
0.6513109393083278,0.9118196064112336,0.1618884760811231,0.011190764779592667
1.1667945466234784,0.35552226373186935,0.419332812936057,0.03095446774510434
1.8698010528498794,0.7187221076947343,0.45762001430524285,0.0339850402791426
1.5284762499097446,1.155735882354251,0.23290618603022156,0.016509139876508924
1.9669471410463222,0.6938779687155698,0.29320803745329543,0.021116354246782276
1.3228844597979963,0.13434535853910168,0.10111503813479625,0.006766373542585407
1.8491458851147162,1.501508706145138,0.3631708133913168,0.02654400964026641
1.106124567896425,1.2136752496520857,0.2841422719141293,0.020419154495149975
1.0027447770173752,0.5928947274462224,0.23381303974582573,0.01657786517429767
0.5181200533567338,1.2815908066731012,0.3575577788527677,0.026105682611269467
0.7302852715328108,0.3383907640352637,0.078989090491582,0.0051964550743366835
0.8044775190063611,0.8738269653162289,0.05310774897507773,0.0033993957052865977
1.200237248137695,1.4431756468312922,0.13077982463426996,0.00890820074819609
0.661805258678499,1.7656536162147818,0.20740957303421131,0.014584714007004177
1.4562596124802247,0.13160865380114073,0.10484854300978799,0.007033785795651078
1.6317618980999253,0.4568047770260395,0.09360377885234761,0.006230466398168283
1.7641634701600584,0.0892259153688657,0.20098234814552857,0.014102098540604529
0.3382594577957023,1.5865190586483435,0.33003696411086747,0.02396355988492965
0.744765035251703,1.352182323365463,0.3019993626447018,0.021793870960179745
0.06209348038182161,1.1467890354610366,0.19501890446929226,0.013655258895426698
1.9932899782807625,1.8711043959188856,0.15885184350244028,0.010966515532195992
0.5007079717902154,0.6712017275374185,0.1643054226381529,0.011369459282679363
1.6849559131227754,0.004859411695221194,0.25139379774810394,0.017913768449080398
1.2060296623748348,1.131529021087199,0.43798369680082505,0.032428471287513076
0.7310047884199415,1.0509042010846785,0.38787944916445266,0.028479002928646427
1.3146330960938126,0.8712936011103343,0.34977386352820394,0.025498616343967776
0.5598268682824223,1.2108509473399534,0.19924108599180956,0.013971530311255018
0.7420013829983927,1.35381097726901,0.22532494104070167,0.01593532914893283
0.22317993886099607,1.3047060548251435,0.09349404289833341,0.006222658462023114
1.8108705485578531,1.4329344190196662,0.3280071678627391,0.023806043198945963
0.16804976930621263,1.0182804593675758,0.4217001476610775,0.031141314817826983
0.7524448393537242,1.4919258703086018,0.2665523400440129,0.019070822539360238
1.0506227341857253,1.8023962915872345,0.4873958045518262,0.03635411382810563
0.3179871624018906,1.4577185716434602,0.22893733274597322,0.01620858109965764
1.5820978897760019,0.23928276134367898,0.25456248455250036,0.018155246408833953
1.499228654155976,0.44755873868967844,0.3569590146112465,0.02605895245000741
0.03010019301087019,1.320787217133259,0.36976093120217957,0.027059234434808142
1.6904743951775658,0.08541916801468363,0.39776773664846937,0.029255796490892626
0.5508060756169952,0.7381288869895715,0.4924251256494717,0.036755269496436926
1.88603997961458,1.853365195158286,0.16057651524082364,0.011093843160331995
1.9719695662203065,0.11933850608066687,0.16117777710675052,0.011138254859828575
0.4149272208221735,1.1926995917760064,0.10390569988351492,0.006966191701971497
0.8702065771336507,1.144101051120144,0.07549276867498805,0.0049509524533054615
1.704230108732336,0.39083995516095826,0.24234016251914658,0.01722497816156939
0.8867629234329963,1.0005442929175836,0.17116772620225576,0.01187779770202847
1.5220397005675128,1.5509862908437355,0.494607106968541,0.036929399831589216
0.24283423652277336,1.68205215196513,0.4063432286210795,0.02993054182059616
1.0977737318437708,1.5914853951513714,0.30094801596377363,0.02171277489516465
0.38697233257852304,0.39409876994001425,0.40946043931174436,0.030176057971983573
0.2007219512219458,1.1641679462463144,0.4711664694738986,0.03506156855026767
1.3166223376387363,0.5591238736041804,0.4521245815332459,0.033548944641343365
0.07731116033138608,1.4639100969553647,0.37573768854261314,0.027527054371014405
0.4167649389665602,1.3451198767918784,0.42390851583930333,0.03131568037723308
0.42781476937238283,0.6372951160574738,0.15555472472384146,0.010723364805961576
0.31039424896892287,1.6934707420919635,0.12137534832125356,0.008225142407640908
1.7483279788197907,0.7522239336816419,0.40360721442889097,0.029715156305067183
1.726906752178872,1.8017841511773802,0.14169981698411913,0.009705584682261159
1.534708890206326,0.22137508156489227,0.17845066401272636,0.012418834939006041
1.691156965180149,1.2804107494031858,0.3816595898670858,0.027991087287687698
1.5728825303945488,1.5113101439952883,0.4378132039916475,0.03241497710842057
0.2475691543041636,1.4727436865403158,0.4496695773215071,0.03335424319068035
0.9514875480169382,1.7370815744277983,0.44479170125876843,0.032967606612743776
1.5609934920420419,1.9785015468705327,0.25960089494952066,0.018539637788958188
0.3211209579785783,1.7823802089800427,0.4347050999831497,0.03216904032050542
0.17768946218859383,0.07842868229961497,0.17020501130201934,0.011806396583599475
0.1095109301478343,1.1675142151806872,0.43458251549050375,0.03215934298585321
0.7667978179972326,0.8104352513354636,0.2937869509562336,0.021160926441231624
0.780845390485142,1.1667374905121912,0.24586497593587614,0.017492934491491627
1.4851533900958218,1.0458581440862649,0.43397568960287247,0.0321113413771926
1.5294855784437817,1.2500317038113924,0.1504402820416063,0.010346898706273533
0.322504110004596,1.3327726322340707,0.2422694387647959,0.017219604480041378
0.8546293015112161,1.0021677373793856,0.050264921900208454,0.0032052376157792974
0.26860354508971596,0.3791111666446414,0.23195679001147956,0.01643721032087247
0.7899735044705287,1.005878993890824,0.07167612775889734,0.004683853584531319
1.9759149513074523,0.43825376208000133,0.1288391808389118,0.008766963465342491
0.7327795557668721,0.2912287228160402,0.05158093421256362,0.0032950263473829036
0.42933330383574564,0.569304177536498,0.18444943803314612,0.012865622536592547
1.848885571014832,1.5078481215691348,0.4299181990715041,0.0317905019379612
0.9690496386087808,1.0622059237218122,0.21574487143484994,0.01521213976013949
1.9283843653929655,1.3456785510196405,0.34144453556962323,0.024850045665543878
0.5569393253989705,0.6688381978288629,0.24781173942743628,0.01764104137096482
1.3512970910918827,1.4290526736949876,0.12677249742472896,0.0086167145704664
0.6878840786787019,1.5223349535637225,0.14009729019260642,0.009588293507101537
1.859536335366979,1.7791019536823092,0.4323657668122273,0.031984014482183194
1.2521536959594,1.1876590791039938,0.35051033942235565,0.025556014379450733
0.9708638560135598,1.8018684162456444,0.17370877423910452,0.012066390880410834
0.8616996443638947,1.2283844778313333,0.465993467592662,0.03465021787989637
1.8135819810585605,0.05716141901317151,0.07057190450726872,0.004606757669287561
0.6809956335962439,0.42460378277805466,0.1672524917982888,0.011587593164193907
0.8854443497963247,1.1338988945983344,0.3713151325570051,0.02718083689556036
0.7590946469576594,0.497686756140141,0.1984644630449724,0.013913320723569943
1.8197305008757585,1.4457668451950998,0.35796442910755544,0.026137422442326988
1.4565647096769851,1.2025143043406417,0.17740536467352513,0.012341086239604896
0.18480546589869973,1.4902094880021841,0.08226858471058382,0.005427415952406174
0.6205839263718576,0.7334596614320432,0.48604241907957474,0.036246211864262176
1.1191278657874917,0.011837473577310353,0.33524421945486377,0.02436795930068772
1.9470576396701005,1.4366592129790252,0.17314952491192476,0.012024867708553195
0.35286876838313774,0.32659725207074763,0.15077661953916696,0.010371629185117626
1.6181017708171523,1.170839426271302,0.27068351954690933,0.019386955474700433
1.2451924801737912,1.4556397255340743,0.37134205310997825,0.027182943499750176
0.08197069130447354,1.8044520832840643,0.1335101887751984,0.009107157286367377
0.17634512997118268,1.835409308132356,0.10583526215697156,0.007104570361347003
1.9253546388157794,0.39079792589313,0.3588446449098517,0.026206133488909135
1.8007209144744931,1.1791505791292571,0.48740719811288435,0.03635502229543928
1.326053896531451,1.4773104469793237,0.4761387338498758,0.035457250698673025
1.4002770647264136,0.5689414935844861,0.11141668518774547,0.007505812866011123
1.3867751009422848,0.6752171873502766,0.4514040917786369,0.03349179646596998
0.8660605221109552,0.07311984732075483,0.21679388794372872,0.015291222660948093
0.5960032377638442,1.2097557381733626,0.4644685864859495,0.034529021193108314
0.8905818072926039,0.6571209099093369,0.06293312627777838,0.0040757722815428
1.650277554636961,1.265777184849693,0.1595003112083142,0.01101437893153573
1.703224651172657,1.9656581707958845,0.4627744807317704,0.034394406821401026
1.4935962460553882,0.6330652951444602,0.38887059594145346,0.028556803348869158
1.32764622889973,1.7253164281393185,0.3074049819982636,0.02221114190581348
1.181983148492571,0.16362164489945097,0.2819877175191422,0.02025368300452503
1.8353919592838976,0.8716930014294058,0.36758428161740614,0.02688899023052585
0.12647920222563402,0.47212997333463225,0.05930724385210413,0.0038252525111158965
0.5038334934351261,0.6414326483522044,0.4537440054616565,0.033677417859920296
0.3793175578799486,0.15316909356222208,0.19587665211580607,0.013719472385033493
1.7434656535954833,1.010668971221113,0.3443854389151752,0.025078918458947483
0.5041169377158279,1.3005982819062616,0.3832080186658184,0.02811250253868213
1.3822117802922047,0.3376791395087104,0.14009125089265373,0.00958785165671006
1.884924593283775,1.1256275949660879,0.3548938204340363,0.025897817278264467
0.7052776187741177,0.048489870222157005,0.05724305198240412,0.0036831006348962223
1.9315550008487707,1.6499516497348021,0.4673020988192714,0.03475424897339938
0.27664612908904074,1.2158964891186677,0.19934355165909695,0.013979211507468326
0.06888732250861862,1.5706195713983528,0.1206259286943287,0.00817086451157415
0.6083469734830411,1.8248885375163695,0.33572141582428666,0.02440504052083676
0.6685236035450393,1.444030807082974,0.36296336555731606,0.02652780148317125
0.10131682481897197,1.6374384593568692,0.19555834503410724,0.013695640720205389
0.34324698633756956,1.422333175131776,0.12498311071581725,0.008486761632534262
0.9316976533593837,0.5449453808473737,0.3104318571846081,0.02244501446184594
1.8292854049681742,1.7096125701961895,0.13106190772559168,0.008928742444262384
1.8899624311920729,0.13235981497589577,0.35255307252455337,0.02571526046883295
1.292608923721732,0.714941057860879,0.09661588853606931,0.006445028398111357
0.8531869676149668,0.684975797313115,0.43775133928924265,0.032410080725436545
1.189403161345004,1.0058153168712949,0.11849153845289548,0.0080164058723523
1.3100348868689464,0.5005773922484493,0.05255517248788818,0.0033615986902995514
0.950010662446378,1.1863900104536491,0.226218412982773,0.01600288605182708
0.7539132133725901,0.8556052416980786,0.4042079711675653,0.029762440690168222
1.6199436542479908,0.42143021237831824,0.4003222102739964,0.029456686121783836
0.6613167946223859,1.9462902562811908,0.19046247696862206,0.013314480057013746
0.6732991293681057,1.0947462687882767,0.2120003985039587,0.014930069897289592
0.9269757553761699,1.638803945492638,0.17757124320186862,0.012353422073782825
1.38608823135053,1.5323067776835697,0.35077770018008336,0.02557685348550889
0.5694002060098973,1.9561691827546293,0.18075091424419792,0.012590036531111577
0.43718655187107447,0.6134250351630728,0.06810190263134985,0.0044346072865821375
0.9984779541697086,1.2296929830948446,0.10116545476587767,0.006769980152867072
1.6587843110663987,1.8005816049086436,0.09116210081952311,0.0060568866496772756
0.8799445082850896,0.48444307822901456,0.48961274542663247,0.036530909505483
0.15340841979845354,1.7992243801055732,0.24835543733215326,0.017682419472056364
0.03140766764688907,1.3941655327513323,0.42689183870520303,0.03155133332503995
0.9084710831872254,1.409313536766184,0.10312059382011865,0.006909938325763223
0.960086128798519,0.7697641087226057,0.17498893885576727,0.012161475289716974
1.1150395063559388,1.9590151925689825,0.48037224513055893,0.03579436936943593
0.11540947016091363,1.030548429592895,0.3275558987717754,0.023771032840809912
0.5280988717521,0.3481252864465021,0.20381415893813926,0.014314607825402302
0.015602974295914729,0.9689037161453038,0.3912919301576928,0.02874692432425829
0.947627270718866,0.25061228529802704,0.4621030837779105,0.03434106673124931
1.7597692337795035,1.7247192455540041,0.18340718703935477,0.012787922956608657
1.8595189441535582,1.1148891768179183,0.11163780935776113,0.00752173829490062
0.31480279423059354,1.0413536510372796,0.20847866013047728,0.014665091973207681
0.7187775055092882,1.2627780059732523,0.3652633389944657,0.026707536930877872
1.8219319343898162,1.2854918161560063,0.13196036490240415,0.008994189690913652
1.3285042042954514,0.2539601787330361,0.2837583327006617,0.020389661299758895
0.48384567078894025,1.9465367722415232,0.3077988106796119,0.02224156225669719
1.864626118594486,1.8326707575395391,0.1581534700830698,0.010914983669771151
1.7284394028032053,1.7222787630765837,0.4472467471269029,0.0331621652924057
1.6206822121497346,1.764812703706622,0.14962623514473383,0.010287058653286107
0.4536423816299642,1.129554565690972,0.30293947376743113,0.02186640332535018
1.184397292195729,1.3606173505073553,0.48969721114345466,0.03653764653627299
1.7187084637505203,1.8943450544240696,0.49884507084282975,0.037267756604967534
1.1878179924056893,0.5012235818090265,0.3589789244460063,0.026216616586357717
0.22654080816197664,1.0046492275805037,0.35128557557028095,0.025616442227066584
1.4120501502072265,1.4423371328778472,0.3303179146122831,0.023985367542496878
0.40980012599759563,1.7666950092711633,0.11616077261184508,0.007847955464075962
1.398380304077634,1.4305951831456052,0.16904543466235458,0.011720431937175537
0.0015406879380828187,0.23007338486386364,0.2442825968134762,0.017372609007469352
0.37695957748255116,0.8707808587879151,0.1912184530939276,0.01337098155500876
0.22014508747141148,0.7445303755867261,0.4556861941464618,0.033831538588525494
0.6181239028977237,0.9083538275296894,0.07256084389124211,0.004745682926586094
0.5793469753816316,1.6713331797503301,0.0820544620193546,0.0054123165260321765
1.8365282912526826,1.816474614515626,0.29821229070840244,0.021501845347855812
1.2618416665521899,0.04218243612980643,0.40993341652822657,0.03021332165565246
0.22335847132724562,1.4337216925829466,0.4076135323289519,0.030030577198004168
1.5369993341936612,0.07396511351502388,0.40521912956420336,0.02984203793179312
1.4820707250491592,1.2012977580675626,0.30213589849782946,0.021804404140892686
0.8266374584608958,0.017778494252001398,0.2006029551039349,0.0140736431471835
0.708148384104909,0.06889081580071821,0.18925553418366142,0.013224305498035528
0.7384740228164499,1.8123616927184811,0.33562854024524247,0.02439782320715222
0.1601387013184592,1.5128489329801826,0.42599488503418903,0.03148047088893718
0.9761043623988181,0.44426098236838296,0.2580615914123069,0.018422145864724536
0.03748089390367659,0.943216670436646,0.1489531004478878,0.010237593923123388
0.1831360888615201,0.8634003142673994,0.1798356211800256,0.012521895552600512
1.027845153944863,0.8815288573988547,0.20932197342456876,0.014728515496416359
0.783196052021599,0.8744721280465515,0.29679989826112724,0.021392999413131126
0.6187844123263413,0.5460106544707151,0.2771760461592956,0.019884458621418778
1.7169125946957375,0.4711517408371404,0.4425918611107881,0.032793335522207
1.0011339475144287,1.175754734212123,0.09526565329071751,0.006348788962114604
0.4425805571996977,1.2668024727923748,0.1842821305533186,0.012853147755394213
1.744853397791275,0.027348561025721585,0.18519830452131408,0.012921469083063804
1.6652813813611946,1.6640342243670534,0.11085204855375763,0.007465157469755702
1.8626056757124103,0.5673870442276938,0.4477717083432578,0.03320377725443323
1.9770400537941624,0.39973567346839967,0.1986681382281319,0.01392858510588859
0.9325180166938225,0.08569381988578018,0.30886285444208755,0.022323765184202787
0.5392392100508516,0.7722626279327405,0.1351774399597434,0.009228785271766357
0.9944073712259696,1.870680595405672,0.2551736629646291,0.01820184678285241
1.1980529455263327,1.9500704983859631,0.1101737080838929,0.007416333980740955
0.007469904950884398,0.6366584432625273,0.26462551504940546,0.018923490114790192
1.0541579999271542,0.5700448462270278,0.2876329245911152,0.02068742293274766
0.29361661865651345,0.6252318910419423,0.11463548573394255,0.007737844976919327
1.3132362634153412,1.710970546969802,0.25016929588078884,0.01782050822449768
0.4836121724351723,0.49517721897356304,0.07294848532492317,0.004772790097522738
1.83146946706932,0.45023348471899904,0.14644323077386,0.010053294763204615
1.232626651290981,1.657440071588029,0.41694346111907427,0.030765956715012782
0.29587734526266374,0.40029793409782055,0.3808874629208247,0.027930556033652628
0.10480757372540128,0.9011259731760306,0.25357647815096684,0.018080082894492682
1.348542152375647,0.1830783130755016,0.17525651054412367,0.012181355291880684
0.12267498981742286,0.4562656857313745,0.17234757206878357,0.011965340428562048
1.205328044167233,1.661451359882701,0.06014306325006064,0.0038829095996819442
0.7377594900191475,1.1191709087188986,0.47817098733489916,0.035619055345304074
0.29123819212366175,1.5959783597285704,0.4499365835495424,0.033375415370635146
1.8324405207222636,1.2509645638281495,0.4267552202320704,0.03154053933031122
0.9919772576006209,0.33668602327963826,0.4166041099382782,0.030739189195417165
1.457263842086361,1.3534268588447773,0.11762122962414641,0.007953479435916802
1.6878739847180322,1.0336685040344045,0.07951352328693603,0.005233344922994013
1.6305663824821512,0.6686361173911386,0.18875950306027378,0.013187256914044172
0.8852792323901824,0.19902183460327705,0.19627976670320074,0.01374965742611609
1.3585340636637435,1.2517392161821301,0.21086250148191815,0.014844420311524137
1.656516434545397,0.930190961447634,0.2451155667230761,0.017435942081662634
0.8876940555958464,1.5032682650588782,0.413719982598939,0.030511754335936402
0.9489462127265151,0.961927052230946,0.0709053424288889,0.004630029304908641
1.412770721840591,1.1761832512343113,0.4174243429426613,0.030803890536739
0.7589539858326939,1.2807634799809995,0.2715466905898499,0.019453050701198158
1.3934779125040233,0.8375866515407826,0.40220238679415926,0.029604604042761728
1.8087748374534325,0.7843437850546207,0.3406551740634381,0.024788637516272964
0.1728021126854984,0.7296650818815418,0.30383011494928985,0.021935133266710465
0.9264117646950618,1.126929088131426,0.20088060381243894,0.01409446710616703
0.28934692897783343,0.39538952675576344,0.2608892004417635,0.01863800851088183
0.22891999813245234,1.6652239703641556,0.1942704342980512,0.013599242152730354
1.7534969514553596,1.696177982279804,0.3144096458144848,0.022752598789400003
0.7165160102259764,1.1995102802477455,0.41798542030586044,0.030848154304885748
0.7597725656322487,0.08370332197709063,0.42832272488058126,0.03166439953228733
1.525073088612759,1.211452387966408,0.13345414278694348,0.009103070477064953
0.24043908634674827,0.6128202483840388,0.25443131921771245,0.01814524648246122
0.9594607688216314,0.5271488306205452,0.2776105107254297,0.01991777928309127
1.0754533208529686,0.8779707642329648,0.2722272296029955,0.01950517154715334
0.037464058302833614,0.6106445765134239,0.27990028307290715,0.0200934495546348
0.39009262192763616,0.2242642281846039,0.45118436766850495,0.03347436952833516
1.6916059336583862,0.88237653141399,0.2432757308997563,0.017296074019000043
0.7457907331515436,0.876458561419061,0.2002696769751356,0.014048649546807094
0.14250030683811765,1.6899362564579352,0.4262026235224447,0.031496882031302915
0.3084005007948687,0.26453316288776163,0.3266843792637389,0.023703428038818048
0.5885298395782832,1.8930107621913121,0.21477520309659787,0.015139062323492256
0.6303470985410928,1.1927982052114041,0.24277576211390645,0.01725807796185604
1.6075079703721697,0.36380829922114244,0.10082136173074521,0.006745367539719018
1.8643608785142274,1.066927095755325,0.2131318320058257,0.01501526443050872
0.17222866539552673,0.07208795619012531,0.3442075121879881,0.025065067648815182
0.008708176357813402,1.7005300897507152,0.07736713372670499,0.005082470183276281
1.1008717540318562,0.8701053505946803,0.09270218798559307,0.0061663351622091855
0.43417229262678503,1.5440899136066204,0.2138982398121101,0.01507299104748852
0.35011529359831917,0.9146352343761903,0.3101224147770853,0.022421098040129567
0.6945347899408854,0.045904713024051746,0.4423024191413251,0.03277041040428245
0.2828670611865505,1.8269311024617494,0.050377957614934625,0.0032129434964238185
0.28900177148194484,1.1655660724202386,0.16105475890615809,0.011129167292827664
0.6020291798861777,0.5454710789571369,0.40732318612581686,0.03000771077321495
1.756807311902128,0.45034844595491696,0.46693701540521465,0.034725224237543664
1.5632030209686896,0.7761271015131548,0.21822045727015377,0.015398810738437348
0.9042116956875705,1.995115935970008,0.07519306343738677,0.0049299439129273275
1.4552356974063498,1.9730510063909967,0.34374356262590894,0.025028953547953245
1.8671469995266965,0.49682415204545305,0.4627850901090298,0.0343952497414101
1.6361702989954279,0.287021626582308,0.05228405587930861,0.00334306393725664
0.5923016468277273,1.3284125549268495,0.4998440355868671,0.03734754237052296
0.35202658700180756,1.22635402146214,0.07464785603317564,0.004891741151913162
0.05218047960171157,1.9855706534434543,0.3906560878350962,0.028696990679055765
1.7310842314543848,1.406549364327349,0.4963517262278196,0.03706866517479713
0.7048731360311684,0.733546950688394,0.2611443353549551,0.01865749374595588
0.4912087338910074,0.5709087750142436,0.3566419313932887,0.02603420808870633
1.8530292834200235,1.5380679703222835,0.3341733696322071,0.024284760660750953
1.0110133633908156,1.3614285656437917,0.3726020529991369,0.02728155358703512
0.9139632521952419,0.590112832366636,0.2109307761151718,0.014849558450186798
0.7761530731300956,1.4070218508193875,0.10787620538892193,0.007251126221770663
1.5244009801583494,0.30294790270994576,0.1800198716973574,0.012535610562472337
0.006375554694104224,0.1582022797687881,0.4390835631833067,0.03251553230915189
0.6295363101507205,1.0255012452051222,0.09929617487107063,0.006636342556501615
0.13500703846466555,0.38211161019074624,0.2079446018949655,0.014624935913521448
0.9432328082889292,0.09233013739786333,0.21929933675324492,0.015480209222369964
0.2467718608930578,1.980019315617984,0.4697830776901026,0.034951532288531637
1.0486238523517226,1.5039491859220249,0.30827365810238433,0.022278244276854375
1.5577535476067657,0.12738624138631405,0.100123265275006,0.006695451259179451
0.5673665627033435,0.8027324350670948,0.4292838216210292,0.031740358410968485
1.6770840038294759,0.12007180686678742,0.24595982877380812,0.01750014888483118
1.330380120467256,1.8905983960885424,0.4075676588820248,0.03002696432680493
1.128860613693417,0.07179415657542187,0.20131177175862852,0.014126809113014215
1.3066008617159484,1.0680730290882803,0.10759640554017746,0.007231022980306441
0.9082817971871855,0.4744716994926117,0.25805374452277696,0.0184215470511543
0.9820023280384362,1.7432062162445119,0.3619306667913318,0.02644712496267113
0.17456167285646051,1.7535629876313852,0.11992817379375707,0.008120349424530873
0.16535856503206325,0.3271784737213652,0.19934805913841203,0.013979549410641817
0.21218636441398053,0.6626742424205778,0.32435878670095,0.02352309005326504
1.0992173328968389,1.6403141186275028,0.17726487518903566,0.012330639126555827
0.8402729428675515,0.10346162026492345,0.21270248909571088,0.014982932140545958
1.8491175105791346,0.5744883160075365,0.24940280712423635,0.017762147104135605
1.5452884272146947,1.0391262970710087,0.45167722642822794,0.033513460359819856
0.9900679195163384,0.1861462787438981,0.45509933258400787,0.033784963901587035
1.3737071392433842,1.1755777741023496,0.23126451118622354,0.01638477366171829
0.949767082581211,0.649511031411711,0.25193919894101324,0.01795531726669129
1.1880132186772614,0.8956049269460804,0.47689756348463097,0.03551766188998155
0.050323777292697436,1.3885502477943994,0.18307490939204663,0.012763158127694166
1.5722339990070227,0.6937407780700295,0.46834896169752516,0.03483748497745473
1.858438460566277,1.3846755431112494,0.4797112662502059,0.0357417214187388
0.05016782342154236,1.9889429897666742,0.30216560992931185,0.021806696299410393
0.3661966948163409,1.7170419550753582,0.27468068381829597,0.019693150191409832
1.6737568588647498,0.3504337469704455,0.27414982276324634,0.019652466844988847
1.5290564734502061,1.1605593394655322,0.43583739310452774,0.03225862194583628
1.128997256149492,0.9062492577165311,0.1585673725264929,0.010945522981085722
1.7458888383327056,0.38065361994798663,0.0813171226686743,0.005360341936777488
0.34878664729259157,0.3904969134991898,0.24659346688821276,0.01754834756282644
0.8149312055594706,0.5587391938082467,0.3868635226736789,0.028399271651109684
0.9051057449696174,1.0707999113326105,0.20710034444857828,0.014561470368644368
0.3152971267093234,1.5923991537056124,0.06421562088898743,0.004164624275461073
1.128829409129323,0.866390006159538,0.3153676774908595,0.02282671928777703
0.6830505504378122,0.860614417213339,0.09063613266967073,0.00601953707487068
0.44210010137697187,0.9570977009881603,0.4094072397917607,0.030171866814021144
1.6133094384809756,1.8930734619511667,0.41776316976930944,0.03083062032087292
1.7828911132031904,1.6029560863380234,0.10108177351728889,0.006763993988780085
1.0072699925021706,0.9561427479721145,0.30329422696999636,0.021893777627515442
1.2493955645111243,1.3813492543730046,0.22442357419581793,0.015867194026443817
1.9153148722217852,0.17820819289964795,0.2575624663282106,0.018384059024036087
0.11368046729127679,0.5133861823951908,0.37477707931287874,0.027451829560294558
1.0253816185634725,0.7372296373493414,0.27178722381750064,0.019471471533831657
0.8935926798084071,0.14610428006342402,0.13553239720582128,0.009254693241754692
1.2904128653459699,1.730061636469945,0.33730566643930426,0.024528173013793786
0.5518085961244346,0.5229660724185097,0.2952405125175008,0.021272866961850535
0.8575227834119317,0.7346277719574692,0.3692359518783644,0.027018167422809446
1.9964842425965628,1.3163688910762672,0.4420803433230663,0.03275282169309545
1.83800225836426,0.6659886160583302,0.33919662899108144,0.02467519627108856
1.105914903525356,0.3480359464553675,0.23315753759433844,0.016528186538948147
1.458224811010081,0.7511926766712758,0.2074498170849331,0.014587739188392722
0.11899508493412192,0.7074836384620324,0.09159361725785897,0.006087540214264086
0.7779116874204464,1.4842202921760141,0.36252095160222486,0.026493237266559073
1.600779689462628,0.8280677519628497,0.36009132305131963,0.026303471064266813
0.8255706141412924,1.2786458437109585,0.19162744113546554,0.013401555665342632
0.6401431630648131,0.5721587620447366,0.15266022650158842,0.010510198602221523
1.7970456974821511,0.9051173507895467,0.3028289041487357,0.02185787174401398
0.9502914580515114,0.3758993218915505,0.21194167128943675,0.014925648718067466
0.48509258755994145,0.7288951472485579,0.32427793444773795,0.023516821969357775
0.8514561027142644,1.051265257787393,0.0783743384198361,0.005153233472187782
1.7913663692258663,0.4023098667755285,0.3641936188190261,0.02662393203263549
1.7664300642503736,0.5920732587631767,0.43359865785361235,0.03208151945360945
0.6726047777545732,1.830023473372588,0.2033060979344694,0.01427646601613008
1.208856817113697,0.9600599483577941,0.29940116927795696,0.021593493783052337
1.7083384784839037,1.195727096657512,0.38572851798704866,0.028310212043146415
0.23072610708525088,0.8118412173163336,0.3240504092018222,0.023499183616930236
0.6133310319767593,0.2158052779203159,0.22618639784932176,0.016000465015741375
0.014277131140494559,0.1848381559083383,0.19932800057300898,0.013978045724392943
0.3849190824540396,1.2548036252299188,0.071518875004727,0.004672869298185558
1.1545350751606935,1.9922386936744974,0.17055854158151112,0.011832613429811872
0.005518028705786104,1.3982192686593753,0.26254868143003857,0.018764770340321923
1.9627316181748213,0.8171894323390092,0.2247003102748979,0.015888110747970217
1.5028478469551867,1.9127407693977119,0.16991518524503443,0.011784906671924006
0.11532547008693528,0.6092342267629505,0.35757489484011484,0.026107018496665167
0.32325448403587154,0.727239291464451,0.4929359701540515,0.036796032049426365
0.253256943437707,0.47185247735633085,0.09556820868408483,0.006370345781408911
0.47383357711248886,1.8764098153367077,0.29870078762579755,0.021539499620104395
0.6287826186015035,1.8806004223951636,0.48503422356207193,0.036165844482919485
1.6062498733972594,1.4255084758036876,0.26160373480481375,0.01869258244074498
0.30286311513987263,1.233008732379596,0.12834040175061381,0.008730686654072128
1.8222687172953314,1.6949613553040324,0.281386474495327,0.020207522600340824
0.17807234140575368,1.7859571719681537,0.3940581509329987,0.028964224819777087
1.4688853561451654,0.9155549039394815,0.43345306993098526,0.032070004424954245
1.8243146308949534,0.9359625709939341,0.3530798350133899,0.025756335825744294
1.1739076646541478,0.8865018193192742,0.21318760939903564,0.01501946515797375
0.030614183127356975,0.6662507503465016,0.3771952079470624,0.027641217293845947
1.4115359601796227,1.5738587768405128,0.32032160127227977,0.02321023883476381
1.6946037843569821,0.7917731997458437,0.4426501345243453,0.03279795116622109
0.40041108360187727,1.3090504116144404,0.39702401006895593,0.02919732484104864
0.9849390091097263,1.210212822457161,0.18293686346873006,0.01275287040350546
1.6051593156250057,1.07102641260199,0.41120290424227024,0.03031335337017876
1.3796276176324105,1.6794694806818424,0.32904879838811696,0.02388686766018732
1.2218945533261443,1.7670684828684342,0.3444552694367291,0.02508435459167254
1.4266765546447004,0.8039678914586152,0.060709741246625794,0.0039220320935008934
1.5639552527096305,0.9317405269773003,0.33642073207706924,0.024459388450304945
0.9639171442235037,0.290115746265025,0.4390564759777327,0.03251338801346036
0.17417422813387584,1.9086101298865301,0.1340593829422294,0.009147210152465892
0.09099542691233031,1.0339650821951119,0.19594913340818404,0.01372489943618054
1.7030683271794806,0.6464483844012656,0.14565187139997465,0.009995230427692972
1.2777664307266825,0.6308410382030354,0.3259389500446738,0.023645614082038295
0.6387502761616506,1.6732453334993715,0.45094583717088227,0.03345545166608834
1.2341828439774984,0.5200470704576103,0.13304967279544047,0.009073580502336451
1.6156580500150144,0.3219448738955193,0.22482689095076414,0.015897678769428724
0.6058186698153551,1.7789529341801391,0.2986812054985935,0.02153799011066682
1.763807346367669,1.9353729640237287,0.12370480085935873,0.008394003765017722
0.3487240915461849,0.9221817228633435,0.453691060371526,0.03367321708382564
0.7961000347698861,0.5437478839452334,0.2962290037956932,0.021349013599357543
0.9157098905380163,1.726549261673432,0.43780144738705756,0.03241404660906088
0.858218622372366,1.7706078705912038,0.15283552721693733,0.010523100797551324
0.06713281608028909,1.0790884885451828,0.22912625084241378,0.016222879649923336
1.693647846817987,1.745556339110302,0.07921538748424184,0.005212371276129404
1.6643344619214486,0.978785067000481,0.29391161791207293,0.02117052569764828
0.6408615136512126,0.48787720907738685,0.4982703452781746,0.03722185915921074
1.191033908457252,1.645141719879939,0.4992478675731273,0.03729992603023897
1.1788167712115827,1.8275390999480545,0.46042927349595886,0.034208111779916776
0.47041536265995165,0.5307660613784375,0.17000796321600628,0.011791785662422356
0.8384847475331665,1.6414326328970754,0.19875478560846793,0.01393507919817832
1.0742160216876377,0.6019338596679573,0.206311796933504,0.0145022088383872
1.8898506979327387,1.1888333968735623,0.16576447165799885,0.011477420598444922
0.31530739197188185,0.5770206569828646,0.18832011822243883,0.013154444853083364
0.007051279813757194,0.8234536114293975,0.26708697967040246,0.01911171618300105
1.1205591462410192,0.11405548497325202,0.32941031494961465,0.023914923369474362
1.430256860147434,0.22443589179002887,0.32348325125831334,0.023455219770106017
1.7109809349835798,0.6598357672248756,0.06793824465448449,0.004423215947769114
0.7316626519224136,1.194889124200759,0.48818772062820315,0.03641726086439944
0.5634720783524143,0.12440593952806767,0.22408564017124882,0.015841654154769208
1.353560208361262,1.9887467683439677,0.11641145496789043,0.007866061810386377
1.3679610608627126,0.5882521359143216,0.233993028729868,0.01659150770805396
0.7716453723049104,1.6095697192193616,0.4503033388155923,0.03340449853425077
0.09822361007189762,1.2353426857634242,0.41681384475478234,0.03075573259026593
0.3442731928748448,0.17800025537195463,0.0619059770640782,0.004004700699008192
0.017018140190908415,0.3231911313884832,0.14820695898366476,0.010182782376812267
1.7419017215356642,0.5013899980889336,0.09325080891507095,0.006205354124855778
1.668373767408873,0.4481540147600682,0.17546679486604,0.012196980435587054
1.3033359866736325,0.43411813502922136,0.16062557395823346,0.011097466411701997
1.1677243403307311,1.8285996404093918,0.3813420837261375,0.027966195220992193
0.2058608710540284,0.468551974601354,0.11552014178566425,0.007801696085633091
1.0429520704806656,0.20880966788361688,0.4126235488010753,0.030425321043182133
1.155182394655456,1.2545236168129432,0.09274489652965237,0.006169372104332378
0.6156989439028591,1.9263357436348654,0.1575119495626561,0.010867660724574922
0.9544481588746312,0.7016244567251602,0.2127742514979582,0.01498833599904497
1.2420823996560477,0.020605841159948346,0.33652348132782944,0.02446737434882949
0.6335447505398719,0.792953215977644,0.3348596322849029,0.02433807705964529
1.644090534973304,1.8114925531594992,0.43084125629219294,0.031863472893180124
1.602254298021296,1.326281202406653,0.08523287686695286,0.005636726638068338
1.7180214957942193,1.98566280705214,0.3194600073867452,0.023143506954925935
0.4120047076030042,0.7801864196077539,0.0995141142737978,0.0066519144921507
0.41913962901139046,0.9936903807230737,0.4523337538615199,0.033565537056657185
1.3280111301192523,0.18895706665390732,0.3492861852202755,0.025460613202008136
0.7179256747010143,0.7432591090095542,0.23134369884678824,0.016390771183049792
1.7077188715819174,0.28619312351942505,0.3475939720356672,0.02532877310184835
1.9800056121440168,1.947694661219527,0.3150933599626172,0.02280549444187465
0.44196321427799057,1.047888729259177,0.15691368268583233,0.010823540445751437
0.7656610823739365,1.9675260969507085,0.17106741523323238,0.011870356700540985
0.9712893704118184,1.8145794487174802,0.17859207602425942,0.012429355491845704
1.8291690129830405,1.8903727440183566,0.11762202860796071,0.007953537190603967
1.6882209229343943,1.3571667526878073,0.11655939291373629,0.007876748371155548
1.1897022337112209,1.5085366169407106,0.269210141277251,0.019274168730048384
0.4557546267072563,1.03338724725133,0.40446320523543344,0.029782531131434514
0.6978317879486939,1.7654899389384864,0.10033140411780361,0.006710331392258573
0.9571898636432092,1.3472854018666773,0.060595146189587605,0.003914118603607725
1.0908186222177287,1.9720597714764807,0.05807346595203869,0.003740245799586278
1.037119752167938,0.8073589250772408,0.3479863401175178,0.025359338510089625
0.6841866612603014,0.6307487043979569,0.2439094685090657,0.01734424382904482
1.9635629461858044,1.516391520482856,0.39628682466880527,0.029139374915341548
0.13050385682494858,1.1460026473969718,0.1649849940754494,0.011419735503255046
0.34205075941485785,0.49628723510614603,0.4487815560607216,0.0332838340497683
0.08121503525510754,0.27931606189461733,0.3451986308101616,0.025142228139412713
0.45576630004667074,1.6540786627955038,0.42348519641109783,0.03128225158781295
0.047609956551087906,1.7392348854592496,0.14535875251479874,0.009973728961571466
0.5852478083545052,0.7404510802352218,0.16062186292287914,0.011097192329018622
1.3009901195300595,1.610998961016086,0.3696993420548456,0.027054416356165924
1.1028684974855643,1.5119366682310456,0.3489257416404637,0.025432527390123787
0.3935636841084209,1.11292559614495,0.3620250169976916,0.026454495133419593
0.3092172692582422,1.1946714166187535,0.4776729358963622,0.035579396919823036
1.9547893273244825,0.3367052303578748,0.4808537996733251,0.03583272905273706
0.6816417797081189,0.6747858227994918,0.06239893792460127,0.004038800090353412
0.5017386685311951,1.03196256177203,0.3990451460510209,0.029356243787524994
0.23810111017247926,1.1862741718617276,0.11625435361196615,0.007854714340293974
0.8976133419435017,0.5392017864242724,0.3176912635552427,0.023006553747737628
0.23072085999488756,0.19257355762658412,0.10941610611429646,0.007361830172327287
0.3176477122943955,0.7124452135267687,0.2258819011213654,0.015977439663847882
1.462371302892313,1.223507718778343,0.18446251295898103,0.012866597462183759
1.7534620302419712,1.5809378273987993,0.4003621835750225,0.029459830417736154
1.973373804400831,0.45800571768006537,0.26941810431148294,0.01929008567310458
1.8857706520712774,0.9637700228415307,0.4501285832919434,0.033390640469348684
1.4228722446625328,1.5141174021586097,0.29336776174749896,0.021128651267693074
1.2680185335552978,1.9312771352759601,0.16598506256368073,0.011493748789837284
1.9895891856384758,0.26243988500612514,0.25672647445575114,0.01832027823212929
0.6435551135706039,0.7383490251136402,0.22591946510065714,0.015980280051010227
1.5683284134445863,1.478555783194624,0.1986056946764651,0.013923905175723368
0.6401109021473819,1.5375896973689358,0.10399991382191388,0.006972944169357395
1.867080216128909,1.260904457737623,0.2877029120055137,0.0206928040083786
1.6630419938909953,1.7574788464465811,0.18263369046262568,0.012730278641280741
1.0557149403793644,1.3516363256558521,0.3467425418107861,0.025262455020234276
1.640557837263077,0.647999644064031,0.11814112010343782,0.007991065525737093
0.7578070071034761,1.1441866103859264,0.48001200195237453,0.03576567484442352
1.3917712907813702,1.3835901229876202,0.21583522480071554,0.015218950246711533
0.5721290794706084,0.5532431343096345,0.41476564062836097,0.030594199635638336
1.3041793529293775,1.157748768607756,0.08586460526311587,0.00568139897925611
0.14173723442233532,0.6823757878434868,0.4425199812153766,0.03278764221160879
1.2670191870913663,0.3158995020734088,0.09968222700353566,0.006663927882225899
0.9240347456854363,0.195012965353085,0.27793308168239517,0.019942520746365093
1.4875287062301432,1.5636687017548603,0.443228418701914,0.032843757411590915
1.278978115821661,0.29953140513081733,0.341583092046994,0.02486082563778002
1.8056002769491255,0.010956759239827862,0.14221332976295564,0.009743188817723868
0.3132069889220692,0.5181022318165562,0.35032395363565344,0.02554148741686587
0.3692935979712513,1.199158631448,0.3341778876864889,0.024285111648002084
1.7036267577164441,1.00109109938975,0.12357514333880168,0.00838459912204424
1.992056788745081,0.022670701234226875,0.09637265253881637,0.006427684605009739
1.5991579600088568,0.3164615020069317,0.44762666091930786,0.03319227948188538
1.204572129824586,1.3071614987181308,0.36109779751267707,0.026382071094174484
0.3351926510279364,0.8600834055009192,0.4712681520075844,0.03506965735334586
0.0430665088112967,1.6975621819439135,0.19773378088248217,0.013858568845118966
0.30541653526150414,1.1314098084845283,0.2860355651704165,0.02056463242689285
1.9101754602340248,0.37374991164045035,0.18857266683431134,0.013173303849671691
0.9080236119084899,1.0464260178412055,0.281855279903154,0.020243514529231153
1.323330131520676,1.2895523496079397,0.05960421218603691,0.003845731811540177
1.73718127926889,0.18275695353408028,0.346906673682239,0.025275238413292937
1.146073553010243,1.4873658186247511,0.4931380079462911,0.036812154347184045
0.5772888298261416,1.1644145050872303,0.2798692673347016,0.020091069377217576
1.2246612784677422,0.12978542190200137,0.05664982123003832,0.0036423122639393426
1.9542540515782145,1.786537005110281,0.4466606767619631,0.03311571338908223
0.7863198692709654,0.9426476789602092,0.18740006384274766,0.01308575482566438
1.4119856465375662,1.9260117913959989,0.47165144557295974,0.035100149278695196
1.9444562502467262,0.6924940208331649,0.43476830845671244,0.03217404064922905
0.5946183792396014,0.24507959387320555,0.2694213347006637,0.01929033292527488
0.42126958338543985,0.8360747573576701,0.141902931714333,0.009720457491457793
1.7063521605695586,0.5933300220206839,0.1428318789976605,0.00978849712830647
1.0463172347411753,1.5652258049565941,0.3729157251379482,0.027306105770186793
0.4745039689908013,0.03722597000535832,0.3001162018650509,0.02164862641416502
1.7116273461531204,1.300623160601544,0.37117292452102035,0.02716970891699778
1.651845958372466,0.3524534713313785,0.2302921877764037,0.016311143319521233
1.8878763597817165,1.2104078814075254,0.32964751678799803,0.023933332714686117
0.12717957755502085,0.9583879461125688,0.40196775999665213,0.029586142789119148
1.310055153096106,0.8403888096623107,0.20069947399136995,0.01408088194470066
1.0655546056922685,1.7650228671071164,0.3216659398479094,0.02331438482274655
0.309065090362898,0.08875274103232988,0.11229467589122957,0.007569058840570985
0.4208600687050328,0.13482260810969282,0.43886584758445935,0.032498297617829984
1.1679562248495878,1.3067531990081056,0.1774557609041552,0.012344833955446183
0.9050393040037665,0.9371115815717963,0.3665567711245233,0.026808648790609336
0.695157983154657,1.5965041958973758,0.27716972302708487,0.019883973704092502
0.5453398959635194,0.13057670230178675,0.3206741544195281,0.023237548235394555
1.136439485433783,0.2834725794298345,0.3102529084502315,0.022431183534367096
1.3028433801663166,0.40780935185287825,0.34991192015108025,0.025509375299789437
0.3976418106625186,0.3517481958517896,0.09337628090596659,0.006214280160332628
0.8068464975801086,1.774031820804982,0.22493582949321522,0.01590591354915956
0.8566309573584963,0.4489419772403076,0.4563624856138353,0.033885215771702656
1.2000436937547083,1.8729766069474518,0.07740631848579319,0.0050852220082364475
0.6060827308887302,1.09581380204718,0.43967617849995533,0.03256244760710727
0.10475874547166275,0.9906488099117889,0.19184827213857475,0.013418065872584286
1.029302168054763,0.6664257808164598,0.28915647728716604,0.020804583700185893
0.9428590470549592,0.005709080174075343,0.07154714834176165,0.004674844100635805
1.9379792762455224,1.6887438874384701,0.2330754595699019,0.016521966758275546
0.2308114459281816,0.5297835875594901,0.4606740275619863,0.03422755113079555
0.47665279480420253,0.3295681925991778,0.405049108826824,0.029828653132851355
1.3291612098958545,1.881415028556447,0.1788238626009997,0.01244660083529909
0.7395235080542262,1.7451430918783966,0.1957584059207702,0.013710618975161213
0.6489363794417098,0.01397736103992453,0.2343696389242641,0.016620055782052147
1.942132934371472,1.9660983196887414,0.42506915746284535,0.03140734601063379
0.6221039949834888,0.13256269558220368,0.2723259006681829,0.019512729273499545
1.8007560990569491,0.7704418682279477,0.23050881177685473,0.016327545574718754
0.8498850300541498,1.2599350800373237,0.3538663257353266,0.025817671878510716
0.967138239879231,0.14469906075156214,0.1384262428816565,0.009466085793831583
0.8551132268650898,1.5674589798351877,0.2458661867858573,0.01749302658608216
1.380351796640101,0.9353453171959307,0.42285436527314774,0.031232440242864652
0.8693151787818181,0.4881803991971374,0.09841552638845301,0.006573443620199572
0.8089873829967962,0.7095894175873798,0.4171523001482479,0.0307824303762847
1.0212776399979289,0.6253952751411642,0.41916297519291235,0.030941065722703758
1.8074584249364305,0.13282091137866803,0.103815193165676,0.006959705334996278
0.757965501455125,1.6331778659297347,0.28465417222512196,0.02045848160056322
1.6102834295532,1.0097978581571605,0.14875280181683195,0.010222878122975454
0.3042183237604583,0.2704154476035636,0.3939792680672972,0.028958026714054175
0.09134291831618357,0.1642110424149501,0.34141146158210933,0.02484747248750408
1.8496298801632975,1.877145033270792,0.4947257975607583,0.03693887331053939
0.014436840940367013,1.4960740935188568,0.48642351226954306,0.03627659335565868
0.6338735256163717,1.6947388172416626,0.3742479033020916,0.027410395741817306
0.8699514089036768,0.503657997153903,0.4375692205345162,0.03239566691612507
1.3052566123936191,0.22080779476821033,0.3298913389962574,0.023952256822548576
0.14070198392405153,0.40695243089700295,0.24142409770188045,0.01715538276940847
0.6082824656538892,0.5976348247963714,0.2490561839716921,0.017735758977170675
0.15164291911211936,1.0304580492354154,0.48989506443597336,0.036553427734658056
0.9040058305013654,1.7162025252451445,0.3618030591365377,0.026437157095698462
1.1405223223628203,1.3078366392710141,0.2734684362008174,0.0196002557138287
1.6925912274658579,0.6280389806410152,0.4307794732409669,0.03185858838619935
0.7493944822342808,1.23584413805838,0.27247414960267136,0.019524084780028123
0.1674381378649803,1.7865851540828193,0.18130923229413298,0.012631613430226863
0.6937681828076399,1.738822118326976,0.0962714927956182,0.00642047236058647
1.2205138557811865,0.5524053742105122,0.4189405989772715,0.030923518416926456
0.6099037814192818,1.3080290806826531,0.12333145961598517,0.008366925488681584
0.5059611401955166,0.8365807181419473,0.11542778151776338,0.007795028290896818
0.09669265089525791,0.6530866283934209,0.3907376678883952,0.02870339696882403
0.47026236001524957,0.040133323921960784,0.26961230927737184,0.019304950375348226
1.9408392731127109,1.7892028794530908,0.35750013866019326,0.026101183885343004
0.8337032411077674,1.8656522100630832,0.4356607013182701,0.03224464187686676
1.7410427828533066,0.3495236607384513,0.429520003299586,0.03175902648252225
0.848060767234482,0.9750982471495104,0.42891110699374424,0.03171090005981735
0.13077591441607006,0.47927632164245426,0.4569113760717447,0.033928785185684776
0.9248589450364859,0.023494722273652346,0.33386776098465365,0.024261020064215787
0.8806260657347444,1.6421245390967174,0.29965522020791885,0.021613081356060663
1.9138647496156105,1.8904535609796853,0.3974335184009861,0.029229519378288334
0.9104290352457682,0.41556260987799143,0.09002812698993762,0.005976380562853442
0.4292299490286744,0.6212858190269275,0.1378104376534451,0.009421076071889054
1.097531497820343,0.12390986005895255,0.3231519636867378,0.023429542124185056
0.9106565060951721,0.08541473694443935,0.2238066162735195,0.015820568507216054
1.2156050108598784,0.8721601438335289,0.43180356977892004,0.03193955868148446
1.7578913429866485,1.154381517044509,0.05700251561299216,0.0036665587035059773
1.2965258000179316,1.8177645431387957,0.2517116635892214,0.017937982803763373
1.9608229276608633,1.057944219764223,0.37283036254625024,0.02729942400916832
1.6362543233990463,0.20928507417088493,0.18617462455023098,0.012994301318827003
1.2688710896437703,0.2955301456785113,0.1600663242198706,0.01105616732810013
0.9067422149972908,1.8558877058800272,0.299606753536814,0.021609344440250176
1.7325745379215283,0.5976043757422624,0.3770554665942738,0.027630270470864443
1.948595100589838,1.3571045501459111,0.21588520975626424,0.015222718003477353
0.9072703561152,0.8678043802469189,0.2274145952608816,0.016093360203719254
0.6981327218508264,1.370522138754883,0.05910387904320241,0.003811232303652306
0.02388852061118074,1.1742964646047993,0.18905664547198392,0.013209449686744633
1.0795925973444498,0.26671882141431547,0.18552100534055677,0.012945539230597167
1.6617068879485895,0.07610658364566336,0.2479499961285978,0.017651562796736773
0.42829048153165306,1.0472805937040945,0.47372199790944286,0.03526489623246104
0.8822900585451443,1.908769000912075,0.2621925801165686,0.018737564361121877
1.9168207824057215,1.5661092687369282,0.10508247002822954,0.0070505629474351145
1.2902999147046885,1.896089389845516,0.1046688312738305,0.007020898695983752
0.2353488957900698,1.2608893652020898,0.33671595429063705,0.024482334224990868
1.2756343730988033,1.319271078605358,0.09723217846866003,0.006488986045054989
0.7130541332570084,0.982442700848942,0.3604851854944904,0.02633422771666847
1.0164445901482024,1.4671431664884513,0.35571385271084893,0.025961791936070282
0.32181629807481626,1.8262708240189591,0.15898620759441912,0.010976431839922661
0.2167572724271889,0.07866500710523705,0.3864883642855431,0.028369832366520478
0.2682720211185765,0.8322620397031186,0.1591065448653529,0.01098531343432572
1.1398730366881553,0.07662075389457934,0.4482771388910231,0.033243844264946865
0.02421748265600332,0.9546776435431563,0.41044400208079024,0.03025355165575618
0.6743642958453329,1.1200523322590852,0.05021468649160047,0.003201813346703424
1.5322234040502463,1.3262613579081821,0.278620090110673,0.019995221470913208
0.9493813976488583,0.7303512218995878,0.4945399169262753,0.03692403702071604
1.339887601343505,0.29223468353899307,0.4057353662157459,0.029882680782244788
0.876916241606251,1.3074561243169416,0.1661641941674296,0.011507009255578354
0.6017518267083009,1.094128892775845,0.11907493125783743,0.008058605127361094
0.3678843172782451,0.5836382724193387,0.2563131618861143,0.018288750437561146
0.41165782839726317,0.8904972126153863,0.32172828350879085,0.02331921531948414
0.07372134371105155,1.2035147339947216,0.2807369886943559,0.020157666005711974
1.9336091980933918,1.7343998637546156,0.2619967484141743,0.018722603993996164
0.6638254776307733,0.586543659329203,0.07608072342865098,0.0049921832198589495
1.7445766419141981,0.006289983034889479,0.4777771355740871,0.0355876938091291
1.8758690082396101,1.4581222597705135,0.48667412425988965,0.036296573526925204
1.1477699463512943,1.088848385056982,0.25107097654329047,0.01788917876730742
0.8003029504849908,1.1914494966105904,0.2349891639540324,0.016667024343662108
1.559250058988921,1.4326457287435925,0.4446913553743241,0.03295965592616828
1.3663099746577636,1.749731246512905,0.43646199427343585,0.03230804428341901
1.1829833477519038,0.5271903439154888,0.14955136502376576,0.010281556125946082
1.4165358807310033,1.5045866148292795,0.475724319598409,0.03542426156671562
1.4691603746689788,0.6392582247138952,0.47113180101469937,0.035058810716353625
1.8346119923918967,1.0020552459599217,0.44489640423894034,0.03297590265620786
1.663153215104807,1.8592736443800146,0.44450747994801504,0.03294508728039201
0.6069939640313116,1.3801101888345109,0.445250184787816,0.0330039351261268
0.5030615817029136,1.7065978868224772,0.35677175374716996,0.02604433890888344
1.604479371346354,0.18373370559204405,0.29453402791007144,0.021218454972890332
1.2323021109720655,0.38574615983098126,0.47175073314311855,0.0351080481226674
1.5432875436289688,0.6955385817439372,0.2995614479777778,0.02160585129273469
1.5135266678737151,0.4371169506941932,0.16303646194193128,0.011275617169625538
1.086630203287234,0.6233346830182558,0.20704228867140262,0.014557106784475736
0.5716297130566821,0.38598224638038237,0.34710623936053775,0.025290782126750903
1.1204019733590662,1.5991996361592298,0.2995374021000184,0.021603997323176076
1.1194231709944589,0.5195034107541234,0.05731792965456261,0.003688251028676695
0.052239421863146784,0.4002882238873755,0.48895355151201725,0.036478334602089366
0.48601392268850474,0.5016332649858346,0.27777361307360504,0.019930289122379652
1.7854908198528068,0.9523420171506882,0.19874365296948648,0.013934244812504958
1.8297124223623358,0.626943420100881,0.4773178641989733,0.03555112530807923
0.8608395285988077,0.48185984670353443,0.31673805317907683,0.02293276880187999
0.2812263931583092,1.9198695895992701,0.13817796819391653,0.009447937522430233
0.43166908625473166,1.029746176738308,0.17570119635014175,0.012214399124104573
0.10124187127130702,1.4012376716051411,0.353405684080498,0.025781746674696623
1.4723485956139482,1.8602076015268358,0.16371935339734528,0.011326112083557513
0.8286484166071537,0.5135196047506778,0.31071376523923094,0.022466804219432056
1.1667110241002576,1.2873408328886256,0.32623510132897465,0.02366858187530281
1.5756912815370732,0.11706161066278975,0.4534401535051979,0.03365331005927116
0.8168624013279144,1.1227912890012008,0.21804958281538295,0.015385921275222054
0.5803364072543966,0.1480472648518414,0.24412580376091852,0.017360689249999842
1.0025934343139573,0.19878512335722154,0.11232968962080528,0.007571581760486901
0.6188828471536818,0.30770737380512214,0.2551924713238955,0.018203280981563364
0.11249107465092867,1.3742550568798724,0.1508587026751,0.010377665234437792
0.15513458978505934,0.9257421799541876,0.48884557830166314,0.0364697235184338
0.5188697746968702,0.06633228603836128,0.13439742423350112,0.009171869219889288
1.0649588777756975,1.3758600547266768,0.26988850400295306,0.019326091953509417
1.772743047340035,1.7262702195025372,0.16635415784681246,0.011521072658428921
0.4749629516204057,1.5966258283370078,0.4927305564408692,0.03677964082592908
1.4522623028414414,0.8834275902016238,0.0836771419036118,0.005526811373560128
1.7297846134474195,0.5070921924761334,0.28959856105812853,0.02083858779966024
1.2411013752270232,1.2323881148230105,0.30803195505604186,0.02225957220008196
1.8572415549823202,1.8642668199125252,0.059623573235562916,0.0038470672181150065
1.3270103617291313,0.4980154839204407,0.073345805222555,0.004800584384548047
0.4387867423725438,1.3708706804338378,0.3909303951572521,0.02871853175461561
1.6853917921126773,0.7993277051030312,0.2890171112962632,0.020793864721821063
0.8062885341140109,1.6386481278527203,0.48959334047973496,0.03652936176785822
1.5146946986252035,1.0194646678214303,0.1655960147006565,0.011464952383832714
1.395057926186486,0.22227273529023206,0.2503705816211782,0.01783583634289149
0.34250041290840727,0.8675352573054311,0.27088543523725556,0.01940241537701432
0.2582466019951526,0.25643820840328657,0.25610554333453533,0.018272914461088648
1.5766685455840943,1.607240465350386,0.2803290606175553,0.020126356217555905
1.2017103891874328,1.7004254899645792,0.27216937893013543,0.019500740553312815
0.19364711449925642,1.053861773666983,0.28287761661684085,0.020322017426156285
1.6567230243348865,0.0011384031780823367,0.15836370206435352,0.010930494704196603
1.3376009790593466,1.9880398986758874,0.10848651489615618,0.007294988607989852
0.35484862847290577,0.17691501340766624,0.3565314937964286,0.026025590178165275
0.16453754961091027,1.0630080984112,0.13275677928107554,0.009052229447368321
1.8414890829799049,1.2489660799190028,0.2813853768407436,0.02020743833418212
1.095747838322351,0.9916339523821329,0.15914650214049736,0.010988262617448412
0.9547568173260268,0.9631079941330214,0.28417161162185295,0.02042140840707806
1.7429205887035006,0.619145905693272,0.11375668060163936,0.007674449819115032
1.74793066952691,0.5100862581893337,0.36119510224685636,0.026389670852114213
0.8621500837175693,0.7013311900915808,0.16244688001207971,0.011232033559356454
1.6290443498215281,0.9242044494543813,0.18512758867270518,0.012916194797656022
0.9558186069270815,0.4190242889989697,0.18446441469100539,0.012866739264319773
0.802623471246035,1.014215380994735,0.14376547700343842,0.009856908171790446
0.6229982886496062,1.1621874525114422,0.20993495952286484,0.014774627747230387
1.467063743626943,1.9661518062186838,0.32102265583670886,0.023264545817915268
1.2684453239315667,0.6501969205782525,0.28856053270837567,0.02075875064766533
0.43777603559250844,1.5995411679274012,0.40512841843149355,0.02983489669424799
0.9179499254969188,1.8255557993148648,0.06050711191605961,0.003908039999554365
1.414732317693398,1.9800642230164291,0.16866719516946027,0.011692400123415674
1.5708420412575756,1.3761495408065114,0.30731159530670776,0.022203928869345503
0.1948466365068764,0.5039978721431835,0.23238842263784953,0.016469909801620913
1.1500694422438038,1.015018058532586,0.05227863101157163,0.003342693136409842
1.913084355530613,0.9920715463891547,0.21117841360340173,0.014868195847725207
0.3491925326464014,0.7059448787559037,0.3748590081114905,0.027458244843575386
0.9229175111073082,0.5154278074294776,0.09055508306569651,0.006013782981203341
0.7161975664159059,1.4151166317879762,0.31235088043082004,0.022593370075043657
1.7274877751490458,0.32366217378536377,0.4597621950556961,0.03415513335203597
0.18661817350008025,1.7487465599797625,0.44512897563673165,0.032994330716995306
1.2446779417533929,1.000161743746626,0.05078682088371496,0.0032408265037598516
1.0046535201947258,0.23498518916397448,0.2028719506103785,0.014243878359871658
1.2004532331057958,0.7743579477357727,0.2983218077264543,0.02151028675820331
0.6230601088371994,0.04740638510867412,0.3772017052824878,0.027641726277985553
1.8367579619763046,1.1915379476153576,0.34092762929230636,0.024809831983300043
1.3380101223647969,0.1854563730148311,0.3596337908183167,0.026267745363091847
1.871811949073505,1.816616052796818,0.33616500488607937,0.024439513499423113
0.5171628858331538,0.023134013163722544,0.32905935766379474,0.023887687088958866
0.3622833999836539,1.5248089839952748,0.06901550812434118,0.004498232969048906
0.6140767241630929,0.3231202173906551,0.30397902278755806,0.021946625701961344
1.6622340684214398,0.12967842696298315,0.28738738701972016,0.02066854516392863
1.1293810508432456,1.0213320438211122,0.36083884182446857,0.026361846656289233
1.1747752921736738,1.451249714860212,0.1835854108872491,0.012801207350288137
0.6837091427285595,0.36058076980604303,0.13559953873503378,0.009259594360933399
1.2488140436687514,0.9701041196339433,0.14999954798210385,0.010314497853548274
0.3308211467226434,1.1046242371756476,0.3960971044173199,0.029124462265506544
1.0705748860771513,1.5055670531476142,0.39056687136501017,0.028689984825107158
1.783351055996469,1.8857825855625057,0.46409151512463204,0.03449905600503566
1.4657869278241256,0.7833788316414787,0.3506264907865578,0.02556506752025737
0.9013572116443449,0.4366494736811255,0.1423510861134764,0.009753278201850785
0.8398671984050723,0.39412576162666335,0.47912340264003095,0.035694901413133084
1.8395055935125495,1.598879082852859,0.4331256268150595,0.03204410684487034
1.6607294596995654,0.10811787873241685,0.41312721167269223,0.030465023472728447
1.9446191064728506,1.0989451316483734,0.37067849267480907,0.02713102122066389
0.8348198297619167,0.3311255284959793,0.42312567609863827,0.03125386271264154
1.6026070673965835,1.142844453738649,0.49871909731777997,0.037257696077096114
0.5668365673142579,1.5547878881426649,0.053186821138977707,0.003404806579702912
1.047241083590134,1.4001537262686163,0.43034706231413206,0.03182440375898976
1.2722591303234296,0.40487058231015927,0.37220899326022533,0.027250789480261828
1.1203852098257234,0.2962754517881072,0.3184068789579011,0.023061957273978625
1.587132042610617,0.8268097139637991,0.35682242280046217,0.026048292989302564
0.23534695501028402,0.45554707454082677,0.47833648079461355,0.03563223375183557
1.4116005396655584,1.0534223400292897,0.12149432469363783,0.008233761589561796
0.5715572432952958,0.5163780276707934,0.28892168434836263,0.020786525408142974
1.7682300991490334,1.6258004871369067,0.41123608243546944,0.030315967995451613
1.3873634389282627,0.5894710516633483,0.35753259883601063,0.026103717344604486
0.5960468646263839,1.7632536796934117,0.38507904813713234,0.028259258682681317
0.16229683977211495,1.2421162430787913,0.1742040481386773,0.0121031717049389
0.8467802454834323,1.6735114969410767,0.2215946422931388,0.015653475483870083
0.8157713011593333,0.4852878817794193,0.37376784852928574,0.027372811551404343
0.8697430029574544,0.05255094668432103,0.4591952025475799,0.03411010777698438
1.5235885983777306,1.8441824995043448,0.15257029775781406,0.010503580211169017
1.9692546413863716,1.3493950951912834,0.09103096209695252,0.006047572950391211
0.7896248430395372,1.796179698701529,0.3180820836728034,0.02303681029296495
1.7273333773498563,0.8107125848859518,0.46026492733443064,0.034195059147836354
0.7577995015067713,1.2049341320994087,0.27039583920156707,0.0193649302795439
0.277841627277295,1.40038127494405,0.34016467510571263,0.024750484236488415
1.7185597458835702,0.8272522588328,0.34978580796539815,0.025499547179961734
1.3182666586883247,1.348690853401549,0.27041592766164807,0.01936646822664532
0.575821781492514,1.6024003991266897,0.13499159348818313,0.009215222397346647
0.9547022402117826,0.7097523839752946,0.0809294148536818,0.00533302567901373
0.29483778178306386,1.4975817848242516,0.1826795608614024,0.012733696632938931
0.21662273714313662,0.2555208992514979,0.46939474454086866,0.03492064792665094
0.9367933756667253,0.41003114620774306,0.08171902887260432,0.00538866804045896
0.6536877668544117,0.4899516148450229,0.07340477629093384,0.004804710558869455
0.7304975152779016,0.7870177845023159,0.14601152763289144,0.010021616758677531
0.8483790007264251,1.0878583797999926,0.35549818419684986,0.02594496561189562
0.43882641309994597,1.6504787098242448,0.20031779716816966,0.014052258057922571
1.3989395684395127,0.5565468469598533,0.4602098291904033,0.034190683238067496
0.9429571737743068,0.3003276537794024,0.12301969874372679,0.008344317941969584
1.2733340057444915,1.9813204468628405,0.27378234879129554,0.019624308099714875
0.4062813900014266,1.5535502733602335,0.4560537761066395,0.033860712848969174
0.13719732631446657,1.7699549750291625,0.3013883973670431,0.021746741523260685
1.818382095388779,1.2054497465785154,0.15572999063975862,0.010736281159438501
1.4104802707603066,1.3718372637478056,0.24963548620076315,0.017779862184876136
1.9339443579558442,1.9514806148403279,0.3576631469901553,0.026113906557193842
1.4956773471071958,0.14184834368716115,0.4753956250637662,0.035398097497719154
0.9093207006108188,0.834883002098658,0.3147945686594419,0.02278237743050846
0.8980044041799693,1.9836881399589448,0.1694266491535094,0.011748688611147034
1.0716052978964776,1.8349617967344396,0.11745452710902599,0.007941429907241929
1.423233739744621,1.1689693868078457,0.20136175325262523,0.014130558545726576
0.6921983951021977,1.1634073370350555,0.28594223424244647,0.02055745945192635
1.0090202052754365,0.15177098925092336,0.20369645941494252,0.014305771150908602
0.5873285203973699,0.5172840098034415,0.3189011682459702,0.023100230570772696
0.5652415369687376,1.6988159032391397,0.49585235391448235,0.03702879900639451
1.2324654421554504,0.38011394017609756,0.08806358123162854,0.005837074324018763
0.33922042760394744,1.5284682123632627,0.25792463290904594,0.018411694437551012
0.778483852367831,1.7350917707343485,0.3883849686948046,0.028518682152928635
0.39129442128725445,0.3578684071916969,0.3446633131608253,0.02510055072974962
1.516731536623019,0.2602843684575671,0.1756108857176389,0.01220768782993889
1.9870024938205655,0.22649848649430138,0.3184250809373283,0.023063366598155513
1.4720208424960994,0.5220597216910223,0.4430817527448273,0.032832139520404785
1.731689762183963,1.9654375419959906,0.149259068354599,0.010260075806403151
1.0725204784685032,0.15563340135055048,0.16218411176081537,0.011212612479915167
1.4805021065698136,1.0731855078652714,0.3481780663041396,0.025374274813174752
0.17526638311752452,0.28391145209811786,0.4821704958673735,0.035937627995176684
0.0818067747669804,0.5677462776168887,0.35789419127149086,0.026131940066898736
1.4058278549824963,0.9890361488198727,0.28021506791991585,0.020117607474207135
1.7535212109247837,1.3640293922994429,0.4971945155265954,0.03713595347468341
0.8618541982034633,1.8109446689312032,0.43038264690451533,0.031827216840706975
0.14648912441549733,1.9991205164097559,0.10264237394772428,0.006875688016256427
1.5734270447969068,1.370368005126012,0.3562660323050131,0.02600487585418603
1.444984717657373,0.2288331578391647,0.061588493345892364,0.003982749427880792
1.5516204986615003,0.5703960575973561,0.3850152722132639,0.02825425554035626
1.3234450759534349,1.7968241225799038,0.4995753368956982,0.037326080739958016
1.6109238180325318,1.5925302866258397,0.13913937389394893,0.009518226401945362
1.9616825436284087,0.5812511056144198,0.2485138237049349,0.017694474635086898
1.0988453015963986,1.5912875468925032,0.2894203508218261,0.02082487983381327
0.16153846713379227,1.9276053904975459,0.38129379823407583,0.027962409826733117
1.1506291489027853,0.9796056835473503,0.46516875849174416,0.034584667064081184
0.24152420273403852,0.2951513411801434,0.2171716244524855,0.015319705805696285
0.7220952467217017,0.6222674746923293,0.45580082930318455,0.0338406367822786
0.004518772173949026,1.4889030585398615,0.3473988125948039,0.02531357110025724
0.6262806168810093,0.6019853997266529,0.4101915687502373,0.03023366152497875
1.547089675939399,0.5756309403734321,0.15503658808377224,0.010685186212716828
1.8962156496554647,0.7720806143489491,0.34921919639294596,0.025455393272274664
0.6675305448745328,0.43845911082699573,0.3033712016614285,0.02189971762174419
0.7576267949847264,0.6452408526584936,0.31745448337268845,0.02298822392846071
0.6691674791852313,1.4937321397014105,0.23948206786570503,0.017007902964553737
0.9492889420308961,1.7790058081346727,0.47463621904461156,0.03533765359001167
0.9754007454725608,0.666883643085542,0.22906499064587282,0.016218242990656037
1.3169968389510125,1.1859254054135195,0.2801998057463121,0.020116436147289352
0.11307858425845563,1.5421182379809681,0.15374695340546454,0.010590198522752056
1.850484488775386,1.3733161772009606,0.09983725481707445,0.006675007459066695
0.1779341428726171,1.7207503218357845,0.42340467841754337,0.03127589348463372
0.30430196210547433,0.2688855013886853,0.07217835226095107,0.00471894566548962
0.5911695879737529,1.493925787858357,0.3085156818076522,0.022296942137405785
1.272403302267695,1.3518973207177578,0.48436927512898337,0.03611284503454547
1.7150668383691832,1.9523083734555158,0.4170857046303587,0.03077717712014213
1.625437321709385,0.8941285844285423,0.3953649602271965,0.029066917892554462
0.3434090023467675,0.05991560613854041,0.22570229851146606,0.015963859525824825
0.25200657851393893,1.0076389264643768,0.06070015928549105,0.003921370360937462
0.3284247873916526,0.6507295675285061,0.38320194322533085,0.028112026085580784
0.8648642902857806,1.4027928458498968,0.15082920933032556,0.01037549639155388
0.8196905957300933,1.6564588142405667,0.09820946477895381,0.006558731586114468
1.6526223765033001,0.23924090875515813,0.07407462712508481,0.00485159567971255
1.4424720022003585,0.23132791895347138,0.37422931808588694,0.027408940616125668
0.34563298506764095,1.1605548452977716,0.4884886728509433,0.03644126051510072
0.6432359659911708,0.6560640288834341,0.154907989118965,0.010675711836214208
0.7704607304365945,0.29667826173705003,0.42719459578114855,0.03157525449935668
1.0235468465338455,0.16682177697516654,0.48379515506927323,0.036067089063381644
0.2567501901982294,1.0326960641047824,0.3601046507148785,0.02630451178135825
0.6501228703557085,0.8799308984543348,0.4496066074029108,0.03334925013598293
0.5086932272972016,0.4941424654626694,0.3670599716315688,0.026847992292538845
0.8892758181096105,1.6966253195579197,0.228884176761601,0.016204558055766212
1.713070124273283,0.03897727359842085,0.4021022459206731,0.029596724519119468
1.4048001616071366,1.9413830245199144,0.3339893907951299,0.02427046845321711
0.4788598809732467,1.7956422554496665,0.46407499509569944,0.03449774322622348
1.487502666754672,0.5037277545435834,0.14977086865889822,0.010297688930492384
1.397437046944561,1.1927750465666598,0.4467131492251331,0.03311987218215869
0.46978796475562046,0.3764072451067788,0.0650829783781919,0.00422478491792946
0.9167277228524733,0.007336403598481311,0.06509565048843628,0.004225664278016555
1.5070184373774673,1.1836493375550006,0.12864927224661551,0.00875315003742427
1.3854881386004105,1.9292174586969695,0.37214340663753487,0.027245656346762372
0.39445329483770775,1.9424365505068688,0.403311684081028,0.029691897472358304
0.8688854350245812,0.5427110172874183,0.14850201594802342,0.010204454988559172
0.0431622353113843,0.19708374043432686,0.06028484021621144,0.003892695266220289
1.4611203076203283,1.142302064709185,0.26908750960757494,0.0192647832225499
0.4799487692847584,1.58507192002296,0.08569309018155344,0.005669268130669973
0.9058290696391156,0.4130890939296783,0.3978591341999509,0.029262982670725163
1.9541926675175485,1.8050315680948024,0.195049628430346,0.013657558644738601
1.9167297670806702,0.3601794327942405,0.48273391036513646,0.035982520310100505
0.6030729465914639,1.878398721939243,0.3274684216228253,0.023764246573682004
1.3147993629750279,1.645607543968273,0.4105960351106251,0.030265531292741465
0.24933108994939346,1.1241831922138756,0.4002353068446522,0.029449850381271642
0.7928880978126893,0.4720231428271109,0.3217471824321657,0.02332067965413782
0.4124809704618606,1.0822834349549275,0.20424105082433436,0.014346661075316609
0.7347706196954409,1.2958577291775546,0.14916549399743295,0.010253199820062175
0.4896843456363742,1.2367180778924367,0.33533607827047174,0.02437509703723702
1.542580928230837,0.2954517488262438,0.38916517345723345,0.028579928955449994
1.8216632221229159,1.0556842795262253,0.17980308354787766,0.012519473657678233
1.2364706157971357,0.9482128850103293,0.10427131365656814,0.006992398198376164
0.8611947075879527,0.3898197398886458,0.17781914095959106,0.012371858887009849
0.4704347143065999,1.8457768902486993,0.2962879699586927,0.0213535565057893
1.7011196122208074,0.3298752615179783,0.11964314138996171,0.00809971987239403
1.0055348669943505,1.6763866278206783,0.31916131982618573,0.02312037600336318
1.6285685981538323,1.6700882142112483,0.10545454542075969,0.007077253352593339
1.3922442906163977,1.4764730083058486,0.3513498598189922,0.025621453447586703
0.8221266228460025,1.2927742196809449,0.3128174182364845,0.022629446641515415
0.4210746090379669,1.2312875059846644,0.38608680988141414,0.0283383239286426
1.4585161979113128,1.2867436185250436,0.19966323357143884,0.014003177767626239
1.179675535596673,1.8922703802839038,0.26363283515087466,0.018847614857069775
1.5102793582406948,1.4523570557779226,0.12604760321505046,0.008564054290789661
1.1746954899519215,0.6554490319823634,0.23276825725630035,0.01649868865314516
0.05420323114314907,1.354567528820108,0.34738131021658797,0.02531220777618712
1.0885955270967462,0.9644278896479777,0.4085774719248571,0.03010650101201646
0.03572526361157702,0.26637781616344713,0.1878495000215213,0.013119306228598724
1.4914253706790654,0.6463362009770373,0.2643307779972411,0.01890095990332541
0.5148366919768992,1.7961699270822629,0.41946048014306203,0.030964542305788375
1.8226123336906848,1.7945849795659996,0.1957446513287857,0.013709589155909595
1.8730603660631757,1.7254203596476572,0.43275182919301264,0.03201454472350376
1.7148118215842558,1.3281939217965446,0.36602296295776504,0.026766916255456456
1.9399966656785037,0.7909928992840805,0.07937836764109764,0.005223836143489712
1.0515542641115623,0.3967374334029359,0.32952170674705267,0.023923568424909423
0.17787558066951936,0.4409023519888615,0.3703418851684107,0.027104684806426017
1.5031690066554575,1.9450950520466788,0.10301576851899638,0.006902429753690316
1.7579509445232584,1.3081346877652014,0.06234012016122933,0.004034730532348811
0.8719053295281667,0.05372442361181062,0.38213368514652934,0.028028258397675337
1.919161067669784,1.0692619186948302,0.3340584763284975,0.024275835228443867
1.0322210114599806,1.178449360622566,0.45628879541743167,0.03387936672191268
1.44696830482242,0.3405400103466818,0.32698901894129095,0.023727057886948767
0.32631677398044556,0.8002565898658407,0.3968281158421501,0.029181924929072043
1.23909964929641,0.3365265904879149,0.26542278075899933,0.018984443160156083
0.2694621340964707,1.9443617165241627,0.11284764061298727,0.007608909132504845
0.6930127005199476,1.475922493555669,0.31668834171872023,0.022928921217750874
0.09773690822958447,1.1334795882031061,0.31989394490163475,0.023177114587247333
0.28342926128566326,0.5755714933979417,0.3180966302071863,0.02303793650734021
1.2027048340543935,0.40792291979118467,0.4087662358238828,0.030121370274686747
0.6618861660275588,0.17277504041652736,0.2114203538316506,0.014886405921301686
1.242389285156866,1.0904633341672496,0.4356979000169672,0.03224758505063121
0.2784234061259634,1.6868861703608424,0.4541055640170766,0.03370610558886205
0.874859263811556,1.0721065135139867,0.29803888201586143,0.021488479698916613
0.3389959109045917,0.9382152417519871,0.13587962695800276,0.00928004172033255
0.3533446957785005,0.6470615425644706,0.17502695769559817,0.012164299880153804
0.6266436071696435,0.6688773037919329,0.09618860593227638,0.006414563281789981
0.46752043103197893,0.06456595831716383,0.3409287576632048,0.024809919762426833
1.3494177892932937,1.5233795200023799,0.4201552892743085,0.03101937525978203
1.6264299409272227,1.270338253071587,0.45646585000092726,0.033893420276077876
1.028487587825529,1.8896425030444808,0.28243755681982324,0.02028822383745307
0.25154046636550653,1.7701572873966136,0.32160884619734376,0.02330996116273014
0.5129436694448408,1.2079416083690109,0.4385016131930258,0.032469465599676915
0.5292327677417952,0.9025928342151894,0.10448345640325116,0.007007607093435181
0.775642917840047,1.5958213908658512,0.2801059077549142,0.020109229849594002
1.2270288695734561,0.5697120435397514,0.09206142896753186,0.006120783337863287
0.45199001564227315,1.1892289242649166,0.32270253475569194,0.02339471040699865
0.635650384702501,0.7184548119035654,0.1425395183429065,0.009767080218394425
1.9164513785827242,0.2923053201029606,0.44096873766743483,0.03266479016047684
0.8277889472682509,0.5275715903964366,0.4885175034277012,0.03644355968366741
1.1674577599166198,1.24310429802834,0.28092656966478713,0.020172218021959835
1.0668743653901898,0.01849873093842902,0.35104282616045457,0.02559751948687508
0.6505970480538581,0.8582528915034386,0.1641138430699926,0.011355288385986333
0.5866154176529508,1.308809140249161,0.0682012965737363,0.004441526478873824
0.4778982912925158,0.19207031892169613,0.4404039823830982,0.032620071284132045
1.588301154524373,1.1106895058705453,0.3218904806702022,0.023331782944025665
1.3361476562241135,0.06600964898545958,0.36074764963700556,0.026354724785321137
0.14343608491668625,1.673750140073265,0.48890791078915335,0.03647469464538065
1.1675790063658626,1.0281737411112915,0.21821699678387307,0.015398549698883107
1.5762600224560277,0.410971129174726,0.2923907332361367,0.021053438014090257
1.4785744950939892,0.5504166815264118,0.07540118552510827,0.004944532106319039
0.4419313112658121,0.7768588841878337,0.10259300057881197,0.0068721525008600915
0.7074932885944902,1.7016188473453158,0.19421473247330168,0.013595073930866123
0.06124982887224717,0.623104995095936,0.45493940733539645,0.03377227258334119
1.0453135632406976,0.3627088377984038,0.44005984977740165,0.03259282385789699
1.1684570320615095,1.1838499765853023,0.32384533660742765,0.0234832865849622
0.0961506429346497,1.070315791644067,0.21774611708162905,0.015363031857320946
1.6100273250888426,0.24029187935087415,0.28168478458838175,0.02023042449361942
0.7490351309354804,1.3154687666513187,0.43960098255725144,0.03255649436347125
1.5913082349324092,0.4469269868365453,0.3823849899900076,0.02804796306947626
1.652933018957434,0.9855058359096085,0.17069184659740969,0.01184249994200628
1.2037013406564907,0.9737848405549339,0.1849990839579036,0.012906610731421984
1.9357094646515134,1.2352362165609527,0.20940144001735533,0.014734492893960416
0.3353742242549489,0.26792916945880507,0.4360402529926368,0.032274672949070535
0.6652560641145555,0.6786117601477988,0.40393168789131356,0.029740694372482068
1.5121195326935208,1.5759648394883847,0.29227800529877285,0.02104476114769939
0.3917726498629852,1.1123292396906097,0.2435368242506208,0.017315918435851885
1.8445723961414713,0.5081144173188987,0.2852341118702206,0.020503041772032368
1.2809963734181753,0.06010575494881287,0.11882876477183887,0.008040797126348054
0.36513507991711913,0.6129005558369982,0.2517561199047232,0.017941369561102778
1.8438703807780448,1.5111396666218708,0.26952887928185953,0.019298564443757476
0.5524461132003926,1.2676048174149872,0.30127395819182456,0.021737914497422454
0.11293612119626872,0.46116738349046194,0.1358627626147384,0.009278810485589978
1.4892707357737867,0.02354785939713877,0.36414446290816005,0.02662009061704446
1.2114258391632702,0.4330068983937845,0.28363399994833605,0.020380110976434954
1.9611309505196888,0.7881513199745849,0.2915842783442266,0.02099136885745654
0.11855992296608098,0.803258676522794,0.1498079673675103,0.010300415726368776
1.8318150162223878,0.36646618807006837,0.2619823908629388,0.0187215071935739
0.6232792660599502,1.3797701862124987,0.2288759378447276,0.016203934509464155
0.2798214638233463,1.2516357638259916,0.4635694268513818,0.03445756935524912
1.5763164345719443,0.1907382598771603,0.22718356338391799,0.016075883368839427
1.1374678801310873,0.8275698637684668,0.3302700908883907,0.02398165532702975
0.7865332740128546,0.05003753975458314,0.4226285247003555,0.031214608788455268
0.9315881550337033,0.02588622482915226,0.459689299978051,0.03414934444920132
1.1535366640374285,0.0345994185794225,0.10048382304431894,0.006721229382948196
1.3714969947749096,0.7102495657884405,0.12457849355700229,0.008457394325861794
0.35529478717586827,1.7119004322778197,0.2152339029472925,0.015173628641406315
1.7140446501819295,0.5323799390329365,0.4376738617853934,0.03240394870910638
1.491738123620907,1.466038804022192,0.18726461464526017,0.013075644332172546
0.6688634393211836,1.9736428075662593,0.18453124296952939,0.012871722360949519
1.6314251530788975,1.3133837492348404,0.1429801085699518,0.00979935685693818
1.7169469704302878,0.8451370953418251,0.30580551539799455,0.022087622619537846
0.8229178375941617,1.7123191574797467,0.14019133129314876,0.009595173960347946
0.06023365787150814,1.5040784515603571,0.3818309129259293,0.028004519385296637
0.6890434681326323,1.9308081346375903,0.39975774717821916,0.02941228782362323
0.630960011692447,1.7081192035202952,0.4350898252339524,0.03219947614162469
1.0376294120102763,0.7554830468482252,0.26992770929667864,0.01932909307964617
1.1973885962336148,0.5725346673833072,0.3495791535264199,0.025483442805009547
1.0063905022497206,0.8531715770335786,0.3841201546299606,0.028184040710999024
0.8500271910854316,0.6529340968266228,0.48464275020907854,0.03613464164882102
0.1162042488234174,0.9874074048600165,0.48116492294591323,0.03585751392753936
0.8786016435748978,0.597349199449432,0.4269553772236905,0.031556353477239646
1.9541528377501862,0.5141755216681769,0.1512925617187036,0.010409573169396124
0.4855486132448479,0.4298723856816957,0.3253027081903634,0.023596275687997385
0.7296780983698186,1.3820396807168178,0.23821979878197203,0.016912089110433685
1.972451823927428,1.1811871654431974,0.4278996315129771,0.0316309646916478
0.4609769814376554,1.6487116911989737,0.4492437217807491,0.033320476896630334
0.7200452510491502,1.36667992374622,0.41431785028303647,0.030558891679925836
0.37652869305645464,1.659666271177383,0.22106398200781696,0.015613406354683302
1.3014581546110637,0.5739260122207126,0.446062120393911,0.033068276186633896
1.4641123382213594,0.40348567098518107,0.36488879326349893,0.02667826206323056
0.967176235510455,0.22941803636107827,0.2707154687441653,0.01938940164800571
0.8557446897758063,0.8308710018240921,0.49564678886103136,0.03701238902738995
1.020516936170169,0.9601109310944431,0.4875598766477395,0.0363671962831364
1.9656667949044824,0.4889020974045213,0.07700844167950385,0.00505728482033642
0.6481142396721868,0.18310778558529317,0.0821523737880689,0.005419220695735371
0.9607548712340352,0.7842293575572497,0.3907998272638479,0.02870827826037548
1.6236096844762635,0.4600276860055079,0.3966285386494724,0.029166236026039325
1.7357227326113276,0.4302597804024122,0.30968963511439024,0.022387651796317697
0.9373004127090367,0.2658239106932059,0.18193283394686416,0.01267806232083871
1.3084079137831666,1.7057435702449617,0.3942165664213517,0.028976672343509258
1.0796539429931105,1.7862928268147857,0.05088760426439769,0.003247701953238554
1.8602670906851215,1.831926403874105,0.17319393441013609,0.012028164689343425
0.0241127778178456,1.3768551282022135,0.17284350692910883,0.012002150385175896
0.005295954599089159,1.162966480069675,0.08536527636662605,0.005646087312445692
1.0811470549407243,0.4762644189584002,0.08855735123502786,0.005872067643757242
0.5726111265217997,1.694812520401626,0.47320981555991853,0.03522413895500121
1.944419737734424,0.7919380629300827,0.08381137276431425,0.005536289487114252
1.7321420754237873,1.4838759507193275,0.1551366455011766,0.010692558199618757
1.5597271895068336,1.0567432824091092,0.10675898810772971,0.007170877254584687
1.8512081132187928,1.5937734907921537,0.07185640035594075,0.00469644787917704
0.41926853643839856,0.9066212545119572,0.2261649334072678,0.015998841853215394
1.1031822811269185,1.1100244739144183,0.4957624031291892,0.037021618299608365
0.6268464217226299,1.0558086168168999,0.15307718992638225,0.010540888933319503
0.6402399711340709,1.513986976678717,0.4791511813913836,0.03569711374409172
0.514611398071315,1.0646871801625544,0.3731760397819405,0.02732648256315129
0.0790426995228255,1.2420762850580964,0.23548961131544643,0.01670497141200287
0.9983659138795276,1.0546162105582548,0.4990498422564876,0.037284110482776966
1.4099599045957416,1.067211594065433,0.12196750946885651,0.008268046975690922
1.2373858942156541,1.9321812121477715,0.1938977779709889,0.013571357487104078
1.1048725901429395,1.6065538977100422,0.10240331189708235,0.006858570415356161
0.5287184640311184,1.5741518296289063,0.3285136340758928,0.023845339818293804
1.1728386972028721,0.036074723069075665,0.45272846560629226,0.03359684866880489
1.837072750992795,0.7546023300517342,0.35720910824278246,0.026078470185701197
0.7596330526497828,0.831026352083821,0.2810876787208056,0.020184585099579315
1.9795860158806786,0.41936935289067434,0.49175312195048876,0.03670165177927521
1.9767805530920113,1.7012443296640467,0.1350703544865257,0.009220970132585814
1.5331097538277383,1.1908726504232947,0.2450689892464734,0.01743240027101841
1.2845665591442776,1.7347167430956962,0.3185157433045043,0.02307038639363873
1.8135005717341104,0.8379810259320593,0.14245026274197972,0.009760542393761545
1.1025133975478751,1.291009323658279,0.19835044150794007,0.013904775881712576
1.7806125140010074,0.03608337565407038,0.42341248843314555,0.03127651019884468
1.7671533833770727,0.21553309280649025,0.09105959312150835,0.006049606296410067
1.2549301471831953,1.4235035700634544,0.46567180145083864,0.03462464975663064
1.6907033049409057,0.6739270450235324,0.32142822565015,0.023295966900537073
0.06273431447590339,0.4882892696525929,0.2628870521192014,0.01879062406711551
1.5726890851687747,1.6234008429508755,0.3411852509551048,0.0248298736127441
1.6224358455400383,0.39311386977709617,0.22234266961854793,0.015709968818666528
0.8515356491318253,0.8718952236131952,0.2765991133789291,0.019840217127000577
1.3947035607177352,1.7136825912687688,0.059556666902715355,0.0038424525562141282
0.9989324529317967,0.4295139575747151,0.2500442764335294,0.017810988291975065
0.622463305383794,0.21841558648893167,0.0708248773163642,0.004624412710029622
0.5939946277412635,1.4324408341470933,0.38230648892799074,0.028041807749247374
0.6215702942586663,1.451692872061679,0.2910416759811941,0.020949613890603017
1.7032598729328057,1.2956022591873337,0.46360981105300125,0.03446077828614763
1.558191422852667,0.6038108975405605,0.40233727728479635,0.029615218032840864
0.8913373170425556,0.5097080738691551,0.30433295312874925,0.021973942958483084
0.5267421164757435,1.7316206457816956,0.4360640080089406,0.0322765525650194
1.1539474587871061,0.44464121087661246,0.10803495510837384,0.007262533775256795
0.722432351720699,0.037228056077779126,0.2535921789247855,0.01808127961061454
1.0763759196599918,0.9466075538630485,0.30008281860140523,0.021646052193720188
1.2082941852096294,0.27761824471356444,0.3110103735394442,0.02248973168821249
1.017574527148494,0.4961814587088895,0.15187144599629737,0.010452156738925251
0.5981661358098485,0.6271430446479926,0.3568819326616071,0.026052937032719353
1.764485532670715,0.9461397406761383,0.35453883518941975,0.025870126335635787
1.618478686286487,1.1558837211460218,0.37753949941047354,0.027668189013089806
0.5350347008830498,0.5482454611774643,0.39482501280362203,0.02902448432814012
0.8455687822208369,1.5498262776393874,0.2692213152339571,0.01927502393371077
0.9963200534557595,1.5691341440713038,0.4497823722129108,0.033363187122472625
0.814644881147288,1.9811137811736332,0.09589313300611757,0.006393501612460923
1.87441830888814,1.2793742153440721,0.30726964976758375,0.022200689113209743
0.8117549582394037,1.366052783054177,0.18449392457103586,0.012868939673499828
1.8835794597981232,1.7804974162687306,0.21968360995541697,0.01550920825776597
1.4091120968631405,0.6126373250257824,0.44031468679973357,0.032613000976440466
1.8573443809854249,0.1551314857681385,0.1910943222046806,0.013361702978942574
1.6714041716456371,0.3913826326877694,0.30061735450759164,0.02168727322313338
0.051115112753700176,1.4221857470667272,0.12239648597767962,0.008299137112458936
0.7672413698336169,1.452305144605222,0.3897389791911918,0.028624978649618965
1.1960829326574833,1.645569241077684,0.0967570138672719,0.006455092634701245
1.4076488253518988,0.4513716911469563,0.2987595311510008,0.021544027969192088
0.9181668338946547,0.9193058806192913,0.2644878577691351,0.018912967137918308
0.7677546868527481,0.14555075473234802,0.21507434255959101,0.015161604046684691
1.069679106985513,0.3918072995916273,0.46619567302440673,0.0346662911100921
0.3647519384089124,0.2535347273601658,0.1581827180302332,0.010917141514695186
0.4044814461015842,0.3201074593203832,0.3838282055615897,0.02816114207725909
1.929787341093285,1.4856546942027749,0.3617068665293345,0.026429643325050867
0.3553676451970691,1.687728475941278,0.4686399648092977,0.03486062489881241
1.915960868170691,1.491650795381918,0.20065694156363845,0.014077692035468077
0.3156433943662251,1.8796151400736647,0.46365184873690063,0.03446411862332763
0.0396806870055757,1.3389609016326027,0.1942996472023742,0.013601428215814722
0.5196820560176025,0.3195557343172397,0.44505253400277256,0.03298827370336041
1.5350873031548986,0.013241615445080512,0.4925764855090748,0.036767346868160904
0.0440477235694976,1.5331098154890508,0.4093230437066891,0.030165233765325924
0.2240916987452244,1.5788924366575356,0.22997268094983248,0.016286952964176978
1.9202181136078122,0.22334769104654506,0.08343796667643573,0.0055099256825296376
0.47199116459506696,1.257888559352385,0.4163771868913055,0.03072129068014219
1.1351304071928054,0.6973160681802859,0.23567593601839743,0.01671910114575744
0.6279671603732437,1.5825584288732517,0.12530253552157394,0.008509950272645011
0.4943860335425514,0.01283415171829061,0.393895442634876,0.02895144034722893
1.3285694969797475,1.8360281104281173,0.34030347562099683,0.024761280398298748
0.05311657702611394,0.5877256314826809,0.16040534043881127,0.011081201574588263
1.3697504549986164,1.8859759882343814,0.14816032627897552,0.010179357369826843
0.24352667531228556,0.4708510886309025,0.4504619744292187,0.033417078616056896
0.5756994488238183,1.8269961784554272,0.08273152354511987,0.00546007056664161
1.053639098567858,1.120558566022969,0.1418040239078301,0.009713214913688486
0.25339375740818926,1.3627313441053646,0.35946657065021226,0.026254689015610882
0.6860282050895243,0.3370161976854018,0.4480965547466828,0.03322952845474121
0.4781633968610366,1.8883741128857554,0.3703721957529402,0.027107056260789936
1.7768662437433171,0.2341753119953378,0.27976257926449294,0.020082882171651276
0.7612477376894486,1.1596299460909056,0.06977482836201508,0.004551158130439543
1.729862019426501,1.1550634971821194,0.2613686241862458,0.018674624280426294
1.247480978914939,1.5736037742557711,0.24610390757037282,0.017511107712919884
0.9879274936089366,0.3025992719295074,0.3307680805791118,0.024020312540817865
0.8710513581128687,1.7101177477755412,0.29121366839228985,0.02096284866928209
1.5741163193563859,0.8519776344193941,0.14074402784836262,0.009635618057976813
0.5044479723567759,0.48928267312807194,0.07708386890219023,0.005062580230088182
0.4903458789702331,0.9151094639568276,0.18988454672255461,0.013271296103157472
1.9645902250793656,0.2991899247045289,0.22505723046076376,0.015915090701000643
1.261769041403763,1.0784575986383071,0.11799230015265458,0.007980305245360225
0.7558335658344659,0.05772296670018884,0.43397883856239144,0.03211159045666507
0.46867600814360877,1.2488440664938971,0.21714118624493495,0.015317410492124464
0.7441476641049669,1.3436305999493643,0.3782298974285922,0.027722279758005272
0.6159867457774224,0.7841368823302919,0.12135997408739127,0.008224028671720281
0.9387048681784353,0.7193349124398731,0.14543265520852608,0.00997914974385604
1.6399921677506977,0.17682402091470584,0.4297534968639621,0.03177748277869771
0.6409819818730162,0.526877723206659,0.4688150462972473,0.03487454746775508
1.5754364300803763,0.7638010863621305,0.3796509513308645,0.027833636769705433
1.0921616928979236,0.43322669836149874,0.3970663580547409,0.029200654029290424
1.9589493221452097,1.623214610628663,0.16111344967961536,0.011133502821934756
0.06266101056768103,1.5053883397582537,0.13117875708451376,0.008937252476477186
0.49541816382840054,0.7525812265306249,0.17654771893205362,0.012277318689810263
0.19975906887139439,0.05808592885621011,0.2491656016524278,0.01774408857897515
0.7515475522484005,0.8630884580323366,0.23844853344266898,0.016929448860624443
1.4787590554502033,0.6019257259174418,0.43801632359382114,0.03243105367697012
1.9436054863040506,1.4653348015094407,0.4638971869911819,0.03448361375098682
0.7271316726515291,0.08057742888800301,0.05382545432414973,0.003448528255855697
1.283669725983162,0.18157681079684918,0.21302616558136467,0.01500730665003178
0.0004844766776290754,1.0335570746935865,0.4577694037969249,0.03399690029921583
1.9119171156776786,0.1469608079009741,0.37024326576288363,0.027096969065733122
0.9657892432204309,1.4071127388233864,0.16930445687398452,0.011739630902746575
0.05225374416175099,0.04417461767117392,0.16417509254204082,0.011359818807373122
0.4636953587433219,1.1021144686316655,0.22734809662214023,0.01608832966522429
1.1139816863218222,0.3560346319057577,0.11308106377561902,0.007625735196636288
0.3413875628247123,1.6584548689951548,0.27638800765646976,0.019824030293116444
1.1299338365374076,0.7326075035556958,0.20852937208812383,0.014668905395573698
1.1226020434339552,1.3351717888442425,0.45576609323806777,0.033837879884908134
0.31157324262999775,1.9186796885018838,0.14542121390007456,0.009978310508393807
1.3470760925584584,0.9609894680050841,0.08716979392620772,0.005773766382795105
1.7020880644121519,0.5235442824296752,0.21170122894732896,0.014907548303915706
0.9411978594603292,1.745556401689493,0.27684513908911357,0.019859082576589204
0.80717345265263,1.1681400935231845,0.4926209392756027,0.036770893991077885
0.399405881491979,1.757423186098594,0.2134700528547488,0.015040737806851863
1.3588863598373155,1.4049546289342314,0.11411160280910462,0.007700049109034972
1.7454648857250243,1.700987650965035,0.1767405272774647,0.012291652488766121
1.564348620982183,1.7096150362516016,0.43002982753150193,0.03179932599047044
0.36459940984770967,1.2103760646326307,0.2637627382400303,0.01885754285011387
1.6205869067319603,0.6016767856486138,0.31020104776320306,0.022427175330582846
1.4592733756584912,1.675905421970192,0.3539583802705225,0.02582485155097664
0.6374426705414808,1.0552884275575285,0.2824992189647702,0.020292958850561146
1.2427985239665673,0.263424729361583,0.4031925743805147,0.0296825236318295
0.8888577570071683,0.5573839759781458,0.12566683093165434,0.008536401272146723
1.5864814031557004,1.74950645213919,0.08345459433308608,0.005511099481618284
0.7563611976799924,1.341186711495067,0.24810287005089454,0.017663197073903333
0.37759762401886254,1.544850131712274,0.1473660634283346,0.010121033017135728
0.8350826834594722,0.47964421116252987,0.0853980652401174,0.0056484056479957365
0.30533745560577463,1.5644914161565369,0.48525034818039997,0.03618307168892905
1.4217266402836155,0.9919807887915777,0.1655946752884482,0.011464853251754292
1.2789988544441264,1.9250478249943577,0.2139926404621612,0.01508010238894626
0.805351548237601,0.8027969500646341,0.24491741727547828,0.01742087486684317
0.5802269726559164,1.4811100256912342,0.23107321496186378,0.016370285837768204
1.8656213145519092,1.5684315970729508,0.10701701220315417,0.007189405828450834
0.7627545061631174,0.3921821488463364,0.12017425164227062,0.00813816231700586
1.7068778758971304,0.9256397559836413,0.1260727149298221,0.008565878194385836
1.0454118849378786,1.6015429096703415,0.11174310405851512,0.007529322416024409
0.28986719049445075,0.8157549588348039,0.2635733289908377,0.01884306714304115
0.4179918502475519,1.9294916312816026,0.1999372347718632,0.014023721494141751
0.5426345664968213,1.78260464859688,0.32009120562006743,0.023192393093681162
0.3980702139193979,1.8748652472044498,0.06693351458280195,0.004353323820048825
1.3451450125413242,1.817948246298249,0.3677745565213498,0.026903869600148077
1.625853449389032,0.22285654088186146,0.2936382892629154,0.021149479976538012
0.21399324659889096,1.2198069048424771,0.10564011028238648,0.007090567066992543
1.9447164762881821,1.5981381284503848,0.4504063096709487,0.03341266426848278
1.3884231187690406,0.8198206221669564,0.12876430377544607,0.008761516946110185
0.4690174921123056,0.9844018483352541,0.330749135589374,0.02401884183340226
1.1468037722838718,0.38532616985549306,0.07097814990926585,0.004635111763723306
0.0157984268869642,0.8162985409889147,0.4716252020770867,0.03509806149091328
0.07012598974499618,1.2755681335049842,0.0955659701284115,0.006370186268874719
0.1303626165861409,0.5694662832976713,0.10852500182135594,0.007297755199857843
1.1189753894457795,0.3101104156400871,0.17853988950542743,0.01242547293272159
0.928951006156332,0.5858047249302591,0.34584439060689753,0.02519251000917163
1.0723099692831752,1.566265246306662,0.47642127514984056,0.03547974332036457
1.2308677280409692,1.7656368433630862,0.1671091310627052,0.01157697582427894
0.5978891482804487,0.004043241823434185,0.46058610319267956,0.0342205677422339
1.4527438647487168,0.7945449996213525,0.0880698899850565,0.0058375213381091995
1.4683096297870932,1.7841389497939262,0.2399070882305867,0.01704017243145243
1.0071073798349601,0.38357781862128415,0.23934837764992561,0.016997753415812836
1.454228218322398,1.7344865961741545,0.07927693461964663,0.005216700628947276
0.043349037394823986,0.18749338727896725,0.3806317363986724,0.02791051009857991
1.072140490471521,1.8568448078291777,0.09237741779759112,0.00614324439027185
0.7114496095882423,1.4663398479441099,0.4847783233534782,0.036145447465532464
0.4872989812264392,0.13109960265037413,0.14114515361027458,0.009664977684330977
1.4666099048074812,1.1511884714180605,0.11517518943842886,0.007776794709973197
0.38926119192402053,0.4384327133320285,0.11507033198746315,0.007769226292918444
0.14899435191822819,0.3517815733648042,0.08880228679912455,0.005889431148444543
0.8084410209155497,1.4472875006164903,0.16309983577027481,0.011280302595287785
1.885119185182603,0.03410892008981059,0.291635231457728,0.020995290136119314
1.2614619168765215,0.19419727765101347,0.05869289365997901,0.0037829086619236762
1.0451105386961757,0.06463616535813399,0.3124586494265663,0.02260170333618573
0.1669233946588926,1.4622861113180592,0.19424724687468997,0.013597507005208464
0.3113202370170387,1.581060958743491,0.3023976057942092,0.021824594702741548
1.268514060180051,1.4405211956827362,0.478269449925976,0.03562689598010193
0.11466838445233662,0.34715498916673626,0.46180976154576653,0.03431776500538847
0.8199070450192563,0.8316571578085101,0.15782156026161442,0.010890498072184196
0.9732423902105327,1.9700261087322497,0.45127846561658674,0.03348183262978124
1.9196937726383398,0.8670587671093066,0.396583087211343,0.02916266313276511
0.39397287611610654,1.3490842392681897,0.4693048817137545,0.03491350133472439
0.15792000439798226,0.37208948723217605,0.34413288618931165,0.025059258491342773
0.11372420005764661,1.5688882425312676,0.36880148007627606,0.026984183495121696
1.3230681539726536,1.2303831470519293,0.4447283910503202,0.032962590352502104
0.06473764973292195,0.3345503193639414,0.43394945527791523,0.032109266273807675
0.8718689005362681,0.025340870391076686,0.4268783768135788,0.0315502697131408
0.575971949514398,0.6886707189332069,0.4421998062375022,0.03276228324498405
1.4758379429135784,1.9193207658509932,0.3765696574192302,0.02759221614790825
1.7698212220070297,0.44807084654756046,0.11769256197483319,0.007958635814231984
0.2862567883727971,0.9826241266646318,0.09932364103686123,0.006638304905116971
1.031353390423337,1.4675189846716614,0.2460599373018924,0.017507763227896215
0.5123248699704732,1.6583779238334386,0.08397320284933218,0.005547717789334169
1.4994347638293195,1.3076161385028306,0.0902874690901688,0.005994786328139804
0.628740324238545,0.1993621918398243,0.18613543889828288,0.012991377610298588
1.131726390293121,0.5448108743435649,0.3337604626507094,0.024252685163319
0.5578248634478236,0.7732346473845537,0.05854551314593867,0.0037727550525424656
1.2150493125607624,1.242557953585169,0.34169308293551337,0.024869383364659207
1.0902255343715224,0.6286641057259168,0.36786058474827554,0.026910597124068684
1.558925852936522,1.0748455097906782,0.27047109841085937,0.01937069206999408
1.6745647695015236,0.7720862301310585,0.2724401873176291,0.0195214833142377
1.3757072860433297,1.34552948007949,0.05101237312435985,0.003256214995323605
1.9087812246369338,0.915169653379527,0.28124990852095944,0.02019703870214969
0.890757560258101,1.1770770703668336,0.2498682755548543,0.01779758680178735
0.2031278350010146,0.007398083568787683,0.45199783931882354,0.033538891181706575
0.4545488701572016,1.6235512218549637,0.10636223687570823,0.007142392788795669
1.1782778649007586,1.040541347793719,0.0967955215510477,0.006457838954366093
1.9693734341128246,1.1612732836185424,0.2862851116440062,0.02058381218500749
0.18987918449027652,0.7686489036171376,0.473721237863373,0.03526483574899693
0.005810662687160573,1.4016410793195073,0.34315793942963735,0.02498337310369369
0.61793655545756,0.9735921446291069,0.3624249719798681,0.026485739106749055
0.534401315209085,0.2354609532763221,0.05158767329829428,0.003295486551322243
0.6344060284261201,1.761025420439221,0.09660650762616876,0.006444359442196359
0.22614942743691624,1.624486177492568,0.4880276669699728,0.03640449768648996
0.8129921103159574,0.9019989315418562,0.23543991957950045,0.01670120322284212
0.042411487692131766,0.7298262067128316,0.44793101692064463,0.03321640579130243
0.5762642563789078,0.8988543541644809,0.13804962434396473,0.009438556783334377
1.3384413484505582,1.2299637343536203,0.3406832384876561,0.02479082061181714
0.5508298137274241,1.8489995210323698,0.26341320463193985,0.018830830109831543
0.9737924011113599,1.682673519812268,0.43220105968159916,0.03197098983191024
1.5117391895076844,1.0262287094065738,0.4529089187682432,0.03361116424767864
0.06100995742348858,0.21697465353197165,0.33815993180902615,0.02459458553773412
0.054180021565712666,1.3064711633773713,0.25242629322828014,0.017992429494929716
0.4417199091018158,0.8660875141815616,0.2851542401008931,0.020496904383067366
0.30979589888597636,1.3579556238244042,0.15504128243991844,0.010685532074110242
0.6974330704748655,1.0160417235889034,0.06924503101220104,0.004514226661265054
1.4401690458034777,0.9508760480034617,0.07968760349566015,0.005245593855598174
0.47382012894862924,0.4422215404988292,0.2878254085814042,0.02070222253825285
0.9126401676569345,1.433904710397332,0.18487607573699566,0.012897437031887655
0.4653071968085145,0.5884319359523293,0.24274825114992726,0.017255987371628482
0.7907859979728831,1.8385596937407978,0.19458701765143316,0.013622933959384312
0.4959284890221909,1.9386150913050961,0.07027751899109275,0.004586217922420492
1.3155812309143775,0.32394027087473387,0.1180799906743077,0.007986645509151551
1.221498747125168,0.7500846615813703,0.16283338016448343,0.011260603544415767
1.5543843427663013,0.5003096340176123,0.05442478018935723,0.0034895914792051883
1.0680077759400177,0.32880529875734044,0.1582640670222861,0.010923143397235227
1.377060636840182,0.17027198925941534,0.46395870137932044,0.03448850193372944
0.9689045170153625,1.2305605406960654,0.31795854290157455,0.023027245725572854
0.3511993090730674,1.8283560694394465,0.1726412827027003,0.011987139740459162
1.7820588048161676,1.1743375711331145,0.06219032113982881,0.004024367244783904
0.6241549607052141,1.1515159905008816,0.4278422759496133,0.03162643235905826
0.0010945411500040692,0.2651235115286039,0.2532218468043083,0.018053054184769372
0.6537949802259262,0.9096624788962193,0.051948284208805616,0.003320118267264543
1.1952958137319527,1.4525259366145704,0.3228955668793971,0.023409670405555433
0.4719839210808745,1.6713127710758733,0.3843669306118766,0.028203397190864718
0.2617888206555501,0.32746721509336996,0.3878266517689548,0.028474858962727816
1.7709490520708209,1.505150037091882,0.44900909310978293,0.03330187401806156
1.8496521166059767,1.6719665755966397,0.4928625285566958,0.03679017163855759
0.7841921949719581,1.7958936168886568,0.1992234803434153,0.013970210555749235
0.914424102275395,1.5964168312915945,0.3979897248560666,0.029273250626357862
1.76664717819703,1.2043995697763397,0.4144687319381535,0.030570788298972393
1.159626016438156,1.943270168713695,0.19169866662625829,0.013406880623976084
0.20620914607385687,0.0651919347804657,0.11881737493666757,0.008039973232556312
1.409571671373532,1.5785719218271803,0.23373209120282845,0.016571729794828884
0.9067496419387999,0.2769438744602202,0.32915866259669563,0.023895393513044268
1.2557559917683323,0.5945021760438549,0.4489909915499622,0.03330043883718673
1.2023037789098552,0.14513599657526743,0.06289495997934795,0.004073129998950275
1.8658205695288654,0.044937607328538354,0.3634263670314151,0.026563977241968992
1.7775803216207007,0.7990430913548054,0.25749806210392734,0.01837914488836266
0.9504476667146158,1.052176348798381,0.0789614919522124,0.005194514194576031
1.7264706694407939,0.2752205911997714,0.2958510798393835,0.02131989883763588
0.9475049829039235,0.8597210344800015,0.22855185753739055,0.01617940835471545
1.5453098203616211,1.7229079378867072,0.43313834281178387,0.03204511253188625
1.6751148627959123,1.8573073268474674,0.08619167453086579,0.005704536432637699
0.2945244676330816,1.7155385592133932,0.16111301083267743,0.011133470403595434
0.43084734578919437,1.3246737771117583,0.075192098119677,0.004929876256044217
0.5337614702340305,1.4273126528915692,0.35582091314510556,0.025970144986465157
0.5082862685594354,0.7581640627412614,0.13103576194138475,0.00892683834230787
1.712520585895037,1.6010358295364353,0.10721525872251789,0.007203643900722468
0.11034523636182048,1.801018200551004,0.48363726682443753,0.03605450641127085
1.227651905554763,0.5919408631720238,0.48564880979997743,0.036214834291321225
0.8215345111667016,1.5655422774924534,0.1310883724186829,0.008930669797877475
0.6665158102974551,1.9466838199034513,0.15516446782030316,0.010694608138657495
0.2660268668528385,0.1485960834598008,0.09581146590639747,0.006387681071567144
1.2063922752380287,1.2379754463502441,0.17948677862268853,0.01249593150230312
0.22982230664879766,1.0570058867534053,0.4535419904055798,0.03366138973727614
0.3719723230044243,1.9055157381445984,0.47947857738023975,0.03572318859505099
1.2945099032828582,1.9003030975129722,0.3164410062992822,0.022909778488361548
1.3601348183967163,1.826258321204001,0.21957591092008716,0.01550108043653035
1.0648736632307514,1.2805646456601518,0.1675208761198883,0.01160747147695369
0.3417795985494454,1.3309527705071553,0.3633476514607442,0.026557826722821636
1.4630994651786982,1.8098091929330906,0.346594837164963,0.02525095141678894
0.24526221777369694,0.6012780189605844,0.29807891938068365,0.021491565571344483
0.895967081916536,0.3710422940579081,0.4659429785192431,0.0346462045983937
1.3047989647085108,0.6471771032586213,0.21356884803898252,0.015048179171674099
1.6750960700471742,1.7189958898326778,0.44964420090183205,0.03335223102011119
0.021265110100837648,0.2525699778658492,0.1570679700021828,0.010834917535579197
0.4372736415792122,0.11883432692038531,0.3499438009170995,0.025511859856442547
1.7515549336481993,1.3366329922596651,0.3049063918302152,0.022018207088467922
0.6187257915910573,1.432811806414462,0.43891735675303245,0.0325023751071263
0.3908300335781447,1.1856920823694257,0.2680415481785471,0.019184743486601437
1.2971181033634651,1.0485333848697314,0.3751033604435569,0.027477378976194358
0.597177119946126,0.959738195852641,0.4149746254121842,0.0306106788401654
1.69342032075101,0.15516220539291803,0.43462147571048176,0.03216242500524459
1.6875463793540413,1.0879152071962004,0.08642817801618949,0.005721270879665214
1.1181823426863722,0.24003145674847182,0.14449018957825852,0.009910033913683374
1.9712620073132077,0.7812994666237083,0.0667607575433282,0.004341313568684569
0.1557776825267072,1.1353087780920792,0.2756896013296651,0.01977048506968008
0.9660974968920386,0.8117699883256735,0.43043483247090375,0.03183134231451418
0.9588346157383425,1.7670919334770072,0.4884740092458011,0.03644009113174992
1.1678966851512411,0.7212542062193765,0.1153727978489173,0.007791059011872307
1.5340128378871154,0.3110005124813331,0.35215683053164215,0.02568436549853103
1.454618163879118,0.4405934362803039,0.40357269921468697,0.029712439827672986
0.3019591212548147,1.621450858009326,0.17954821980833674,0.012500504264262946
0.5244135766215825,0.810721520206038,0.08512408779306396,0.005629035976882
0.5040127208200602,0.8896744740941187,0.2330169880094326,0.016517535941154477
0.7377610744270819,1.2064091476577787,0.11079675010977995,0.007461176596134176
1.525222010191437,0.7554814261426146,0.3263473082661327,0.023677284376991306
1.1782743864344056,1.8086903827749055,0.1602306789743769,0.01106830345160924
1.455831816972107,0.46892707223004604,0.4289173179852268,0.03171139094523606
1.0166612033874363,0.639747056569494,0.15102583808979528,0.010389956371752307
0.151662174270337,1.9487236084467112,0.1941342550996789,0.013589051876204891
0.8080997263267371,0.584107670899509,0.21230498643946183,0.014953001641181254
0.6826386123468677,1.4410233632960583,0.48853924611540617,0.03644529361646698
0.9394531398522625,0.9745043068123727,0.10809811909238053,0.007267072980790088
1.0622932501153715,0.5638531135494187,0.40515950796986877,0.02983734420697266
0.43793192727300023,1.651540221071261,0.49809135837241575,0.0372075660535787
0.6615008100250097,0.9789234997036824,0.3093633414953939,0.022362437179812924
1.7628622875450441,0.7123973669705042,0.3499249377420917,0.025510389794930033
0.7843579004466927,0.8379849309099021,0.4931745492930552,0.03681507033780551
1.5988192744181184,1.7480854547164044,0.4760415312457896,0.03544951278123661
0.819949914099908,1.1237187279833898,0.37326881215259444,0.02733374479426802
0.7873815902193777,0.909866565456203,0.45306205531120664,0.03362331307313676
1.8602700615626295,1.173298326624115,0.3541072739130685,0.025836464587619318
0.502512198572606,1.84803839547637,0.40254133788771823,0.02963127520746639
0.839989706167737,0.5775083122572728,0.20630452767845975,0.014501662606339335
0.6523608691726601,1.13474063500935,0.3217377230712669,0.023319946719054074
0.45674207943081013,1.5330847656258049,0.1914539334770416,0.013388584461096597
1.277602184748613,1.3613055983636433,0.0807371125118135,0.005319480213885737
0.17245964146108395,1.3553426088131304,0.352594003933761,0.02571845202554067
1.7257137311731916,0.25464315205642296,0.1594147840193007,0.011008065400105281
0.6477581615837422,0.8096981967249959,0.06404779441999174,0.004152990140139944
0.3823441194736674,0.38830428808950246,0.3133111252923877,0.022667628202632514
0.8012965452068566,0.9986779580809426,0.24233234136962573,0.01722438389527942
0.9402348122270334,0.451300964601302,0.3831727625897579,0.028109737665471132
0.476307189451215,1.0018811371653555,0.3983910651652619,0.029304808278283724
1.3589483351022507,1.5801398480493363,0.4914197749718867,0.03667505662255001
0.3448679412739144,0.5829170838472923,0.4150416789867334,0.03061596637790273
0.168247753889889,1.6400916551592175,0.22020436749413436,0.015548512618039793
1.4822659166880259,0.7211984430498086,0.40193736307747885,0.02958375110803858
1.744325506950262,1.4557518533716263,0.05965467165554203,0.003849212259215666
1.0952933900493766,0.42615650035186947,0.07436549445369754,0.0048719635927782275
1.0266311469059142,0.8075012654524705,0.4142620524404058,0.030554492243468886
1.55953797815763,0.4235648942485464,0.08903594578496998,0.005905998335737797
0.45730619892716495,1.8409529788777257,0.33211578391433333,0.024124950204970866
1.0395739310575305,0.34524784382520646,0.17883844368469803,0.012447685746068452
0.4075460472031378,0.09938565021870849,0.07469008864693367,0.004894699711157541
0.17338701786321375,1.708932588295444,0.42360282598345456,0.03129154035666653
0.15263768256610133,1.9000754952770311,0.11012853409564619,0.007413083322530986
1.6106483963250957,1.9384986206148729,0.43857957692650795,0.03247563690370806
1.11266065049954,1.9283033402998273,0.33117830651029606,0.024052159975125862
0.6547971615563377,1.7739420045795466,0.10864933982172964,0.0073066935679006115
1.0317931902260853,1.4142926502307778,0.3705771618503306,0.02712309285014471
1.7394364168003336,1.1812439633693403,0.22273307248658702,0.015739458460994567
1.1548738651909416,1.3439253584226631,0.35645520792579677,0.026019637378129807
0.29619776411998,0.4647442095043022,0.3608338672688094,0.026361458153320003
0.21507897900017436,1.4620583823287947,0.42225911314208725,0.031185442969531404
1.0376945028128612,0.46091849422600983,0.33452160538005254,0.024311814484384197
0.11470528786719902,0.21708417152746273,0.1675997339991353,0.011613312629387352
0.04358849213860605,1.4356685603220558,0.05756490600123578,0.003705242364135815
0.4948144240059651,0.2741383132840185,0.3343549270528136,0.02429886529529672
0.5223004767386192,1.3096963313517958,0.41151788546322104,0.03033817622060663
0.7542581360662239,1.3046481652071298,0.49551797313971446,0.037002106082648804
1.0009821936001793,0.9259280228206119,0.4603287277607277,0.034200126240417836
1.303925454121633,1.4379877295334864,0.4426090747307007,0.03279469895164387
1.3213650551030731,0.508425274428842,0.4286691106381497,0.03169177427119004
1.5749777117408303,0.16154342539648137,0.36984865707097525,0.027066097267652807
1.239079601025657,0.5490110738628755,0.06308916006313407,0.004086575771518605
0.6479886957975549,0.9135122070062192,0.37788532538785263,0.027695282654398443
0.9627928329787279,0.28238920316072225,0.09757565224187403,0.006513493091696371
0.5919589576379551,1.7859021662404693,0.4169212093246229,0.03076420148028656
1.4687136768423146,1.6304595285011945,0.1966425018299381,0.013776822527916404
1.877659628732254,0.9186357484982135,0.486825744525909,0.036308661876191896
1.9970180492738219,1.026327473744094,0.14055594153239948,0.00962185343010669
1.985032032017179,0.38186220659184844,0.4369595002168464,0.03234741354668305
1.5959170913891065,1.4514491812661294,0.3291914166372141,0.023897935380939844
0.9631642045580289,1.1160314040757007,0.27330362879926706,0.019587628721516624
1.4572522795466982,1.2898321692848969,0.2975004013077422,0.0214469791795461
1.1023713150398757,1.9456809635340258,0.3898484758116245,0.028633575788796228
0.26462959591273405,1.6284053087559744,0.14035753820751748,0.009607335155054178
1.9037887368245363,1.0465108662440665,0.060213413718425035,0.0038877650996229467
1.9985617945755147,1.1859796294881844,0.4863934991214541,0.036274200589436305
0.11127216399144424,1.512226159248911,0.09347562761752749,0.006221348239308747
1.749029276674066,1.9832364672301135,0.16669155253581164,0.011546053414054146
0.9334849863986874,1.2964229284543243,0.47143336129562624,0.035082799939965284
0.33842366258828505,0.2585429811951159,0.11541138097563736,0.007793844319727002
1.4564740672662428,1.3167079135872013,0.06356466878517918,0.0041195104671797505
0.8641739694098787,1.1079533694870733,0.3235958705635837,0.0234639491515673
1.952805417949473,1.9290281880547182,0.19824017229731117,0.013896512563801654
0.6608726933152198,0.17087538928216173,0.18323247934187192,0.012774901513151922
1.0614779543990547,0.9321421178665088,0.32909078643206213,0.023890126058366348
1.7461515008543225,0.7532898172600531,0.3812946055118106,0.02796247311388719
1.9043394406244663,1.047206772276704,0.4842582547762732,0.03610399669070066
1.79138505003882,0.7833025361130224,0.36086637828301,0.02636399720598482
0.029289673971163888,0.24367965817012016,0.4017821239046615,0.029571536821652342
1.161101496266679,1.1882469593686789,0.47673328965024636,0.03550458332173819
0.2621745742968087,0.6320335497794829,0.2684437331618735,0.01921551720007088
1.7327070458702285,0.6164958981713309,0.47401943878141684,0.035288566698819634
0.48694318456765817,1.5355272160777447,0.2474066344522068,0.01761021494906618
0.419788979704272,1.7864006856054269,0.3229250176249598,0.023411952893971192
0.1647216168043606,0.8232535926815852,0.11514263185149073,0.0077744447125948565
1.1429838791998592,0.0028726781762140607,0.4893869805245263,0.03651290276970394
0.44839444937643824,0.47907622664213534,0.3126057721951504,0.022613079956574057
1.7363988180799277,1.8926974552388143,0.31487727086504647,0.022788775818107388
1.2168904940428893,0.3943283760701106,0.3176575748767944,0.023003945754940247
1.6576871576916448,0.7640608677970373,0.37940858595009985,0.027814642430619707
0.9370930994598867,0.8701962199300055,0.3195491290558613,0.02315040900121519
1.7572228602692272,1.5004261980419291,0.49395491137933584,0.036877346600295235
1.2234642031925358,1.6854847948153042,0.4860663662862157,0.036248120933836156
0.8559234318196594,0.48633556358417684,0.28307340074441567,0.020337053477095857
0.2865050793554169,1.1162428806812679,0.14335076554632908,0.009826515661112768
0.8950505179848194,0.8920436604947775,0.17177611868304776,0.011922934295548998
1.427438338704608,1.7219466007964408,0.2732378116636702,0.019582586179337044
0.30220536545516596,0.45406101442704916,0.4275721823732207,0.031605089676350444
1.6418324803487943,1.3438225329321896,0.07329106291512792,0.004796754299248331
0.42188551395196816,1.1960423005077054,0.10477603474470434,0.007028586056067922
0.8081174407013405,1.9684770102447209,0.46939479620837926,0.03492065203568096
1.1548782875915486,0.9892710781407226,0.223896195501804,0.01582733775143416
0.3012256181480586,1.760332488364833,0.05190960834935052,0.0033174759262432903
1.2158696210924123,0.028147240432330634,0.3262898543864081,0.02367282836569146
0.28050103303549245,1.0612832813406015,0.10770199189046359,0.007238608793795215
0.8090163974311384,1.204727371916578,0.3725105326385701,0.0272743902464264
0.09693303028842948,1.205675392016333,0.41519122931683305,0.030627759444209427
1.1881711891083153,1.9885610595330645,0.4625904087276883,0.034379782426452746
0.756231687534336,1.9697265040862009,0.10801379289918778,0.00726101301889323
0.7636345415181407,0.5985202588832541,0.09016850462486815,0.005986342848887916
0.07126114120841454,1.4087061315807663,0.4984089227956481,0.03723292559248098
1.291876497149936,0.7606315843594766,0.16508696343022516,0.01142728065944899
1.3949362204459836,1.0617388445294373,0.29092891147749333,0.02094093697940899
0.043779534362329287,1.07449266712171,0.1601059065265766,0.011059090047623897
0.5324560000615981,1.9205252864161937,0.46428367864264347,0.03451432668700605
1.2042989288607662,0.12887210622296763,0.26610598566309246,0.01903668601283493
1.8631203513089962,0.3825044121246717,0.23457382808848182,0.016635535198089583
1.7368814559691648,0.10201126462810928,0.2911570327588256,0.02095849051001285
1.6420001279548082,0.1219595670386242,0.057041793019066284,0.003669259522294562
1.1716336805330172,1.0569125824538992,0.43368374115219144,0.0320882490956454
1.5818122845660447,1.895518963698498,0.23320901105169434,0.01653208721692425
1.1103442761492541,1.996900098587427,0.19433504383090705,0.013604077050377394
1.6971764300231948,0.5029356206717528,0.4147553139400294,0.030593385353841717
0.72301967802357,1.2917219154635087,0.38828581422638025,0.028510899042188738
1.3727908815712753,0.422631965649388,0.13244803346492526,0.009029726326133474
0.14297884506537928,0.003384441356561352,0.45863527357172607,0.034065646890272
0.12629327973098037,0.8334712267170596,0.05515563911303864,0.003539708989664954
1.0932242894435387,0.9742098984544145,0.17241824444980278,0.011970585524802506
0.8857861985925388,0.363248822904888,0.48105485555314736,0.035848745551374274
1.7521251738269195,0.00016778398671069006,0.32290028707551083,0.023410036228704446
1.4528001667099535,1.4483531209368983,0.1296133154396834,0.00882328640013644
1.6648650277935884,1.436772350775173,0.40246673166075375,0.029625404507822167
0.7168947174736606,0.45555718423583014,0.409884580633309,0.03020947396433873
0.4250635893696961,0.9048991845418746,0.3955055023662621,0.02907796352015615
0.7013231535550175,1.7434352000808573,0.07625674733167884,0.005004531312350311
1.77555900540033,0.6742176058916087,0.3917462812955333,0.028782608626637705
0.25589103823480275,0.9358545449507665,0.16203019727741563,0.011201237739962342
0.1811078752596127,1.4011290368228775,0.44828266585920656,0.033244282421692445
0.9108599166920113,1.8396752347576253,0.3328207735846105,0.02417969831751637
0.4761240164598448,1.4253398435933873,0.10407843900391764,0.006978572520385611
1.7470140018331566,1.8899921990073012,0.3469119537039174,0.025275649654139972
0.3880927311403075,0.059187063673773244,0.24232547158330348,0.01722386191652409
0.026189042921261008,1.7758589197120525,0.36506601557919394,0.02669211367776394
0.5638146793637686,0.08853147140418383,0.17812891357345328,0.012394899989847472
0.869217593841531,0.5504711628417056,0.2481198036656635,0.017664485815747043
1.0124645058902884,0.3512594292845195,0.09590592788300437,0.006394413554185569
1.3697132935513734,0.07940604117446748,0.31578343229396827,0.022858890027185524
0.25977132517847235,0.6196420776878675,0.4192213795833332,0.030945674414249464
0.6112797481739729,1.4847123990006135,0.2680936958231489,0.019188733452612298
0.5783926833383921,1.454027073423482,0.434914206786349,0.032185582641497075
0.3600660517320242,1.7541660230944423,0.39413450647752807,0.02897022442647928
1.078972450668213,1.0924526972774231,0.11306929039353578,0.007624886467290489
1.8120813844079149,1.2352470394288815,0.21858259823288562,0.015426130186946743
0.3853018959339827,1.6417896033621042,0.24966925646940286,0.017782433387582428
1.479463287553274,1.5296432834521632,0.09187539393404984,0.006107562120679111
1.61925895860462,0.659319311026134,0.1522504552546343,0.010480043281387715
1.3969241323182817,0.7695921519128397,0.37662871212205085,0.027596841830229875
1.3416912246096124,0.7367971708552843,0.09007897683247529,0.00597998913845664
1.7218759668693098,0.09324431255301291,0.46947672905405485,0.03492716805604516
1.950291297927714,0.5021776399053699,0.21953205127573622,0.015497770519597477
0.960300458761348,1.297592782478892,0.35541465733392064,0.02593844908686464
1.5586694286485652,1.4981796212577292,0.3663048001196264,0.026788949451768268
1.1494146079501841,1.4246529686083524,0.12975161790406026,0.008833351181905716
1.701991264273709,0.9797129436590941,0.4660044211248404,0.03465108855953215
1.1059954838453752,0.39492737058348704,0.05260864364434058,0.0033652549995518534
0.8222561707659861,1.1345636832629185,0.24035180748515722,0.017073941750352695
1.220987553767375,1.9654716671578834,0.37977413990069286,0.02784329146212595
0.7094785600859572,1.4628376517188912,0.3455450799308497,0.025169203477685594
1.2291673435852917,0.47379245971797146,0.409842842059898,0.030206185483144594
1.8346663030349035,1.560151641636695,0.34283326699532424,0.024958105388999112
1.1082357371887814,0.7708258353349728,0.13656670652116265,0.009330213089901942
0.9284072907089005,1.7067112855625162,0.46655220943422143,0.03469463322075965
1.8658760861529293,0.8498122566433077,0.3225634304472028,0.023383930199402634
1.271314208953665,1.8158892886997935,0.2125537125172533,0.014971729354809971
1.7277321460585597,0.9593757216445848,0.27623585776423726,0.019812364510965647
0.9867031028643207,0.7175600902075638,0.08191706257653297,0.005402628873383747
0.020784024845035054,1.7411814744127496,0.23163394547651045,0.016412755116139058
0.13755738180582,0.9580656731229926,0.0965039461331654,0.00643704603928106
0.8406142129829546,0.4459725338750409,0.35930097442295056,0.02624175987644873
0.4836626526909362,0.4888161702430722,0.31290740008085377,0.022636405210104238
0.3592604970926909,0.8400535952299717,0.35646824085636647,0.026020654367960215
1.6223256980764282,0.7277641432830242,0.20885981135131088,0.014693755233052958
1.869069855033437,0.6281610060881899,0.14812120160470651,0.010176483858463266
1.2309321658015902,0.39435756335376904,0.39483720507393966,0.029025442454095315
1.4826668182317317,0.48806081320152783,0.08028203808140898,0.005287434384575097
1.922881005843778,0.45025744600932627,0.2661748654228582,0.01904195357791833
1.775896820759901,1.3747564879345995,0.10349604547479763,0.006936836015578884
1.3390745644807738,0.7991275441750614,0.09103348821684279,0.006047752351061976
1.8558800493990768,1.4215764675081088,0.3288951590073835,0.023874945027882642
0.6424091099629403,1.5639322751343625,0.2399508512073688,0.017043495338546624
1.5738013272834726,1.9283790469270425,0.1669306866628317,0.011563761055501645
0.25505570099801544,0.5775751838731653,0.23913263739638146,0.016981375583608863
0.38074422345811954,1.6149615319643675,0.10650884509406937,0.007152917566513595
1.0346339801753082,0.14525027736256613,0.15400016679737324,0.010608844563199523
0.37943361535572295,0.2560864015494355,0.06624321049645562,0.004305346007577503
0.36875698277392566,1.6753258981660395,0.34248114734559615,0.02493070345416586
1.880558298355576,0.8592983521552524,0.38629359858379936,0.028354549564767545
1.366578549428794,1.9803547022330925,0.2960020256027903,0.02133152719198623
1.1919294232454816,0.597622410089099,0.17278042747790512,0.011997468010768017
0.7754342387960285,0.29588777459985205,0.11490244234569551,0.007757109319876053
1.1371742830389138,0.5198668354075235,0.47339191242188133,0.035238629094723965
0.29657979696667436,1.2018564442905737,0.4205564343885412,0.031051035683628762
0.8526968712846474,0.43243992704989576,0.42083237664720724,0.031072815667673028
0.7955330499156639,0.5257694886968489,0.30146278926778625,0.021752479710586612
1.1788418631323805,0.5222956282833686,0.19440436481306694,0.01360926464124321
1.0398048688137829,0.5399078760950922,0.4810836394934832,0.0358510385733029
0.19697342458970835,1.0760998848962675,0.3558788428143395,0.025974664837249865
1.1819684123786225,1.7985384098213673,0.4528450520452978,0.0336060975743047
1.227789188167316,1.5360866499273573,0.1907102733316538,0.013332998603738324
1.8270894810145144,0.5757267537787394,0.4889713144738569,0.03647975124707912
1.6687947301528796,0.8901147204341548,0.26519320497843385,0.018966890195436743
1.2994052428724432,0.5967307990588382,0.26037140323351604,0.018598467200577888
0.9410652998241955,1.641548720561004,0.4018042099283169,0.02957327453984076
0.12873168212291675,0.05602163706631291,0.36518442604240786,0.026701368843590822
0.21690938133401572,1.6851527734795233,0.1019252831093066,0.006824350312887443
1.8111845334708474,1.8087294613826488,0.2119182513830335,0.014923885613518394
0.9456207081056145,1.5555192398842597,0.22336185968133698,0.01578696230245995
1.1295968130926335,1.173486950097185,0.3759381067517976,0.027542750691386474
1.7065738408694457,1.9040140182878988,0.07841600056861057,0.005156161891519694
1.5587635127084718,0.871325627560664,0.06189983978060532,0.0040042762848296505
0.7968759454122687,0.14647802086984507,0.37987954868372753,0.027851552865878808
1.1307402622595948,1.5152712573641056,0.19990669173702924,0.0140214313796201
1.1547119199809681,0.49788251027419483,0.21992823750735963,0.01552767080944624
0.0646172253515711,0.7980527567789324,0.15395519119960277,0.01060553251103434
1.0837232867455648,0.41725027213812727,0.16494535952567546,0.011416802857309267
1.8702382775065076,0.9315436191934974,0.16600064231490902,0.011494902063368447
1.5449086507571017,0.8835285771625421,0.397294592239177,0.029218597088692174
1.0512181187327436,1.3976074511586383,0.2949453990780045,0.021250136838901285
0.1159962907067269,1.0807005657333906,0.3932525506475588,0.028900929986584875
1.3453567790053649,1.8847514362930855,0.4298043705864702,0.031781504139760046
0.5539721316177104,0.42804342188425926,0.463515751195407,0.03445330431450742
0.894557834447063,0.8004354081652647,0.37382304098534186,0.02737713248015325
0.8585402042851782,0.19992481617148172,0.2074619540525855,0.014588651543085128
0.2708990663928017,0.9184083699508991,0.4779798073415528,0.035603831886675104
1.7990514708523475,0.9189346895283854,0.49658601126849666,0.03708736970250598
1.092902798959827,1.018176970470566,0.25309042825341,0.018043038604505318
0.9358642429717405,1.0495801030372127,0.15955903820901343,0.01101871423518401
1.170151070330179,0.7335085583755074,0.2451610914805581,0.01743940388708061
1.4266881488449605,0.6436697954334878,0.2376196619425594,0.016866547370474914
0.9361469802663744,1.4980530253599422,0.061287580050603904,0.003961951064459797
1.9727236849260863,0.4301462915586305,0.3157588044241258,0.02285698426290056
0.13886133695252711,0.5604212528223729,0.09576881675205312,0.0063846415362188306
0.7988090384181941,0.25238987205629293,0.0758585842484727,0.004976602950448993
0.05421716235142382,1.3544321751297692,0.46654450177986023,0.03469402050120763
0.7686636520342132,1.7965591511859231,0.11463593489503277,0.007737877387054351
0.330374141836951,1.1911228098369786,0.36116957247273734,0.026387676895340287
1.9835720969772777,1.9803736359363435,0.12679557183984708,0.008618391164030828
1.6231825294049893,0.6841570955767189,0.13235001937038482,0.009022583267412485
0.06898650192079736,1.5525559017269144,0.48437666634296184,0.0361134341207152
0.48331383820696594,1.3332113407505146,0.3954046790287289,0.02907003948465623
0.8536165037679828,0.6794419453275307,0.18172161818528437,0.012662328709235527
0.38759257837821215,0.21838180732352486,0.2852378663098691,0.02050333026807741
1.9944202079841467,0.6556881065968134,0.28416481343649574,0.020420886160805375
1.8388599302855053,1.2388445442470328,0.13263824605242613,0.009043589655445949
0.7190030901932536,0.4276151951838698,0.40474742462500524,0.02980490414671105
0.13083450703768063,1.7184729073105502,0.14356706078542542,0.00984236630086988
1.7400960718916825,1.331759228718544,0.4820117386570896,0.03592497902971497
0.9207124409383118,1.346487827652077,0.4049755649084506,0.029822863544143225
0.6179461083666347,0.11884024556921391,0.1064309540557309,0.007147325764539385
1.1156616400396213,1.2330659315146895,0.18008990818617748,0.012540824105266381
1.8091224417461773,1.536590115892212,0.29353332844334135,0.02114139857715312
1.7183972087424788,1.160564979581133,0.3202792954503903,0.02320696188906055
0.21137012004677147,1.931637339708388,0.19729286589591583,0.013825536710155826
1.6837311720319548,1.3794864283028871,0.1451418511879049,0.009957820289843175
0.07965574371690853,1.8407448982856913,0.3956917225563381,0.02909259953973879
1.595119261227458,0.054794890078222025,0.11675816145875331,0.007891108244037976
0.6720155652774871,1.7668364815600617,0.23087931640409898,0.01635560177055873
1.9628172513300335,0.38015567730398114,0.06488546834326146,0.004211080564809174
1.6791263106698124,0.0038165522846551614,0.08426876629984856,0.0055685941481023555
1.1024223572806826,0.20226136791986216,0.3266513381966467,0.023700865248675044
0.07162471329545572,0.9151774814715925,0.22085107725964576,0.015597332194503946
0.27207490242269383,1.7383406332718045,0.16387388641151565,0.011337540707781793
1.8511997402701923,1.8719790743833056,0.23478205301930993,0.016651321519841607
1.21945203474602,1.8340499647934885,0.12773690622962985,0.008686806696456792
1.5313175245141917,0.3510155947264759,0.3448802170226865,0.025117437345019904
1.8728754333676427,0.37167526711641363,0.23104666452379946,0.01636827510511631
1.4492798387248746,0.7659727325787684,0.2136639686088801,0.01505534398483286
0.4642533329245524,0.30350761217934874,0.3662475057047229,0.026784470248996148
1.3877861908878566,1.494275137439846,0.40121719267575123,0.02952709053364995
1.6207229467483053,0.9638709963420593,0.42944691311448596,0.031753249274517996
0.870659857751827,0.049261770254191095,0.07987684876760388,0.005258911953219955
1.5535437457168937,0.9682356669195016,0.13342943199347046,0.009101268631908119
0.5823375270211564,1.1405774858731836,0.20707102308148034,0.014559266507598522
0.6350268137413102,1.835167551223662,0.05729799505136375,0.003686879799434944
0.2988267313172406,0.2898251507594576,0.1716766349314841,0.011915552847873946
1.6707335741447076,1.4457187638714903,0.11715819268875258,0.007920013287906867
0.1797382542279351,1.7603544096267434,0.454252670384892,0.03371777813998416
1.0785177834465722,1.3281726191028034,0.17885240096246569,0.01244872424805084
1.4805854947451313,0.7775665824290772,0.4237324116200601,0.0313017734573783
1.3861791765178837,1.3242592970170641,0.4209488068494847,0.031082005740776752
0.0016454452252945284,1.7539389717906408,0.20294482315475515,0.014249347930959682
0.26129665846171246,1.6253145113130252,0.12692618896378374,0.008627882238181993
0.8134727834767728,0.6614907362337328,0.23525778047658508,0.016687391846346333
1.2594542956149903,0.539469156449838,0.05517056704101794,0.003540733128721445
0.8329478579718717,1.8851470115402227,0.2386744356190575,0.0169465947680596
0.6079923654290482,1.2504661640204047,0.43507884188208,0.03219860721700369
1.2754484568777986,1.597072978078434,0.08467551782190524,0.005597332246663153
0.24985154780240615,1.9107194344655571,0.06854134258364641,0.004465203638166788
0.6727276159852844,1.4850729200454278,0.05315354323524961,0.003402529319267264
1.650667303462022,1.77965108091705,0.4045767449601655,0.029791468554843957
1.3662103784189914,1.317593376618659,0.3213200459433954,0.023287585527097622
1.3593277148167557,0.8960034428892836,0.1599966602501388,0.011051023528587469
1.5927898417449822,1.5964556474853193,0.15029926040077923,0.010336530694592784
1.5871974759297347,1.9663661353317914,0.38538739635281094,0.02828344902502744
1.461833885865543,1.0764173747774846,0.22282147102645067,0.015746136267337063
0.22722956348730516,0.4369513580972286,0.37778807992344177,0.027687663812199278
0.9062489963682447,0.6515541665820157,0.11849365004325745,0.008016558586756638
1.4227502222180661,1.3300692812290906,0.45477303429802046,0.033759069909369686
0.9325857312256571,1.3961978837701692,0.21881203860732856,0.015443440490279747
0.6560575078635655,1.9869101118513786,0.42330132432637313,0.031267732251335154
1.1997979488478434,1.8459652561110456,0.2632441840120494,0.018817913762869187
1.3111434603125813,0.11026049373900948,0.4923463437662674,0.03674898339951369
0.8843871258172018,1.5713588564109837,0.15908082847186789,0.010983415375126693
1.2229920977855662,1.630114753753333,0.20741261879855172,0.014584942958424921
1.7282264162741399,1.1683293625468365,0.0933810202430721,0.006214617331417203
0.8077639509371843,0.8113936111889377,0.3660524928150295,0.026769224757533294
1.9302467449357152,0.19283097846790365,0.2789492072650327,0.020020471373495125
1.910859767689127,1.1873658884150247,0.09707206535247845,0.006477563924147436
0.1596861574341475,0.632451204728883,0.4580043565044364,0.03401555371658526
0.4982284483272543,1.0876043154873885,0.1692549307853707,0.011735959826505183
1.8923156081030355,0.7056180999164123,0.35388327170907735,0.025818993547780535
1.7794881507674796,1.1696332182053495,0.3393531148882338,0.02468736566387698
1.7024157362630072,0.018309924690823154,0.2870350031354586,0.020641454629734633
0.1296165984532387,0.7308109436825505,0.1370040655068661,0.009362158643548611
0.5473605990208721,0.8987394606789592,0.4991039479531982,0.03728843166108125
1.7866533708003272,1.2279106901489267,0.10772847879969388,0.0072405118168231124
1.8479694559853683,0.009442044516152492,0.3831364236738342,0.028106887891511237
1.9181337893490298,0.6155974023869404,0.30420489090570535,0.021964058532616237
0.3410130965238516,1.0285344882168561,0.4748048970328773,0.03535107871307707
1.5820836456881626,1.380385893183687,0.48212091090933296,0.03593367728754845
0.5988315768201888,1.6288991446527663,0.45380850708773257,0.033682535601864676
1.0065431424294753,1.7633468040352,0.2879230020760917,0.02070972651531183
1.1194042867880643,0.8616702935447182,0.3212267830001863,0.02328036000696673
1.5238803211030423,0.2191321527402339,0.38308453834208334,0.028102818967359146
0.6908162170539642,0.25071581977169477,0.36396851347877257,0.02660634088780487
1.5591783081805655,1.097710778457995,0.28760362704885967,0.02068517037898926
0.9207212428130531,1.391675129728178,0.19147397201631333,0.013390082474511638
0.7106634777986585,0.24730730062788764,0.11420267037812515,0.007706618378742068
0.6837761489124732,1.3448810742123425,0.13392156925496704,0.009137158300347205
0.1880469013625341,1.489128998444045,0.10308757232261262,0.006907572959288831
1.937804138994952,1.4839683150350103,0.47608830150929005,0.03545323596456316
1.8635712701954765,0.9021286075030326,0.11024055068809543,0.0074211440515325345
0.22839748858574005,1.9064532962551428,0.29808948543009656,0.02149237995240261
1.1358467593675452,1.1112585908029842,0.26560279558828026,0.018998207513603937
0.9212208629276546,1.8107101908038543,0.23296140125115322,0.01651332379769315
0.6013783019266414,1.4596871232222939,0.44176086163896955,0.03272751937240785
0.9031549903998131,1.423878286788565,0.41555678260080287,0.03065658705432518
0.26193190678977274,1.6025188603044516,0.3154542127152487,0.022833415065970215
0.6821646103823784,0.1481746509024935,0.0927315505471973,0.006168423080665648
1.3332410732178424,0.2474604230590025,0.38801460077354566,0.028489610895549793
1.6150732170580107,1.359615369742225,0.2805186962555003,0.020140910970198145
1.7697325748737622,1.1425449814740705,0.16116526874615802,0.011137330823759046
0.4528458357716585,0.5860674435699458,0.3515085217470431,0.02563382206556194
0.5316780553140821,0.2631210924161569,0.10906692493686512,0.007336717946756108
0.044554806582667084,1.9901767401217976,0.0897200263715564,0.005954519112501302
0.7064380921699014,1.4354041576923047,0.3837334454199517,0.02815370995089564
0.5921319459639163,1.2726680953028955,0.39211246410479683,0.028811370351557362
0.7933662133006256,1.0729283771173184,0.20795192420710917,0.0146254864331297
0.7688889684149882,1.5156491380066437,0.2291388318885093,0.016223831894217288
1.3379517319096237,1.2858117263881728,0.3823919514256347,0.028048508924460397
0.6877077614337217,0.11276553922873433,0.47212478735621677,0.03513780711587564
1.9175065246025709,0.43692668063537976,0.4337424628051313,0.03209289372310466
1.3084513585282604,1.4148690706602953,0.14437331362814643,0.009901464965502099
0.524980225331791,1.217623925875109,0.14802498843681428,0.01016941770595356
1.296632031505333,0.7156968645196657,0.3727763156128767,0.02729519353740212
1.2983737345330026,1.9131216844097587,0.1565827538558499,0.010799140479981198
1.57873091295127,1.3166030559488855,0.22890145467623885,0.0162058657059564
0.5236489844998944,1.2039544388344796,0.055873985884734856,0.0035890131764912923
1.3052270095757856,0.8080157547537123,0.4714785347937873,0.0350863935984147
0.06880379836894468,0.7167617218254465,0.06969649861769182,0.0045456966455514666
1.4982144442110796,0.6482937728652571,0.4215636643586225,0.03113054060451177
1.9531481373596928,1.4032196559419066,0.1885521576222003,0.013171772264974497
0.2639055024347532,1.2779739855276553,0.3293682586819991,0.0239116594583906
1.661017581442229,0.545256242509524,0.3061247040836208,0.022112268508454887
0.495225838855498,1.8856438128534523,0.47897683342790787,0.03568322862300924
0.2537811534267953,1.8016613061768636,0.11113281731674929,0.007485371814212185
1.312992807360613,0.3088379682199669,0.09638831170456845,0.0064288010813052
0.795660738736147,1.9836326728868654,0.2241659895358047,0.015847726438056594
0.890159724064687,0.5333781864449221,0.3450927866695112,0.025133987239677375
0.1900931276652531,0.7252462280896577,0.12084899224353066,0.008187017814693715
1.9005547228161894,0.6805804221888005,0.15635488030940164,0.010782341029915184
0.6295026376845607,0.5404902255634847,0.36613720093715363,0.026775846902010264
1.7158351978755346,0.9884167887723345,0.27189820903552586,0.019479971529391602
0.3792605107150171,1.1328739670979642,0.10944385369250162,0.007363825945259594
1.6317706880487752,1.1193078184425878,0.3476009750095217,0.025329318611487812
1.7003449290793053,0.06874615968098818,0.4777262079450451,0.03558363868596951
1.0615750473535177,1.6624862197189219,0.3047004609177832,0.022002310477331154
1.0823446573081372,1.348844197657872,0.38523349808874596,0.02827137532717818
1.7457020912915298,0.9320039098273794,0.37508281362174917,0.027475770013821548
1.3131586069948356,0.6784942373648455,0.48388721432519405,0.036074425709878795
0.0488771552437719,0.9627439911209095,0.3667013427348056,0.02681995196195458
1.3077176098703513,0.3829797721136323,0.0614974556683333,0.00397645639326133
0.9472003606219439,1.4564732738464712,0.07406864733884058,0.004851177004468571
0.02368767250987225,0.6081837689422176,0.282488608390253,0.02029214406342182
1.4328335309965934,0.988173150806454,0.23203706744300134,0.016443291634212275
0.0781720548014555,1.6717641397028473,0.24179946336328045,0.01718389789740146
1.7831300055209685,0.9275144019272672,0.14974170017176047,0.010295545047339929
1.2347914662832045,0.1230259264988447,0.1725163731038289,0.011977868590841904
0.49673192098420804,0.8981496969146829,0.26192938815949535,0.018717458252994378
1.4914996670346092,0.5631021771914051,0.10165248520289358,0.006804826798933345
0.21278892575651964,0.22958700589638936,0.2652039029284772,0.018967708118799078
0.16394453641925155,1.8995097927385216,0.40549250056650665,0.029863559741882872
0.08952108058433272,1.9933742197242994,0.3818178862636567,0.02800349805224675
1.1765304143242432,0.5108893752380836,0.11619296976640492,0.007850280857222072
1.7797964605237746,0.09590404487772908,0.2862385326060211,0.02058023210419912
0.5082330114263067,0.38434548834640214,0.255624950994814,0.01823626097739168
0.6501031950643108,0.24922346107327087,0.44491371409904734,0.03297727419988679
1.538565408380517,1.0237287899594492,0.3796850494263718,0.027836309127699778
0.9730259502596297,1.7894805456371305,0.28874008675832,0.020772559147940663
1.6450701458919952,1.6868129066423483,0.36714490186126847,0.026854633059775253
0.6263247993698648,1.4679225927182058,0.48790594047001234,0.03639479102907377
1.2974101383519068,1.1738951733484682,0.2010841288537099,0.014109732970107154
1.3790990316420613,1.4651958590193765,0.1008910089070148,0.006750348861833394
1.62658782961788,0.7238589962220596,0.33440195458477867,0.02430251880500674
0.1048006908481236,0.3835627094919143,0.16387740983426374,0.011337801294266427
0.9198841260694137,0.1934982127827951,0.19020290459688616,0.013295083237487166
1.027722747944603,1.6809489904864152,0.10827537516172486,0.007279812257174898
1.146441232998832,0.3203359490614821,0.06217743336244347,0.0040234757322941146
0.25092545967654,1.5479616847161028,0.46224549822889016,0.03435238060418807
1.3000043845223739,1.0441047335589584,0.34729722932100243,0.025305658474666707
0.3811401325020525,1.4823022812498436,0.10510292120058748,0.007052029819884041
0.3680141217393107,0.7729694176336981,0.08465291245334589,0.005595734865633734
0.180788164579341,0.4585479335095113,0.3306536784778811,0.02401143154665704
1.4807694391518271,0.6650831991985384,0.38174643946048925,0.02799789643128975
1.3196653427780434,0.22631367636416866,0.052605538927507654,0.003365042694811896
0.3420009588407673,1.3577543126711376,0.08281894367063075,0.005466238393746293
0.6789686934560522,1.9046692319538925,0.1329812137663833,0.009068589754631737
1.7077585242207338,0.4684760232157956,0.45141261976462216,0.033492472856343575
0.40310619234277123,1.6188152701053125,0.32200258190750863,0.023340469209989882
0.5234446602422747,0.5820420696873985,0.3351223038710596,0.024358486261346707
1.966895146353798,0.4006449869051081,0.3756876145275692,0.027523132772719023
0.49375359303599864,1.8390662929797315,0.1247356938825201,0.008468803219992932
0.7423374578868867,0.19840442583784146,0.4879151562380067,0.03639552590267297
1.994392769833151,1.3532698781011858,0.14362626646767757,0.009846705324228287
1.914795739309544,1.5401406885068898,0.24514934251424386,0.017438510464889555
1.939027312488014,0.6002216847666497,0.4504555379358233,0.03341656818491484
1.531843161456968,1.2192543746555522,0.47302428005712566,0.03520937558525722
1.3608306995224568,1.4982792531538658,0.2399473255788963,0.017043227637295346
0.05580226321862525,1.2716865419713788,0.399192686198801,0.029367846830789017
1.897213446283973,0.25247919441456634,0.1305457189639947,0.00889115515788216
1.9813462125463441,1.811207681264433,0.4557232433286703,0.03383447903601091
1.8684309810006823,0.20471185062913722,0.10833867277981171,0.00728436176391058
1.3346032268760828,1.2023588108023084,0.15471782989467397,0.010661703075134893
0.55783793591899,1.5111197369181872,0.4366979240824718,0.03232671379068006
1.5000847285346812,1.1682782952282,0.3982547132882176,0.02929408659455673
0.10606245309037643,1.2635550653489431,0.12466551048381272,0.008463709501223693
0.6295836205624619,1.8642634695661475,0.13430845004291755,0.009165378412261713
1.9975796831574917,0.7922277354912346,0.2120049777389411,0.01493041464081805
1.7865289188213525,1.0667126723849907,0.2791659468186857,0.0200371007775441
1.8632319887134958,1.2861169717678258,0.3300630078271745,0.02396558137026278
1.576919773290698,1.6300104676379013,0.452231728829713,0.03355744394246945
1.2369568809264375,1.5911107151659059,0.11585378787927963,0.0078257861687459
1.7090022230848823,1.003309303518688,0.18358031420999188,0.012800827443381744
1.997401720922555,0.2745074198552644,0.2759341376717939,0.019789232050820175
0.616657042259735,0.14535978039604092,0.08257407264525458,0.00544896293285944
1.510946916107247,1.1563275950072076,0.06603617679304365,0.0042909633689747935
0.9964480375688989,0.8259639845199933,0.13442492427227526,0.009173875451112689
1.6443574717526788,1.2536187568939703,0.27078989442427953,0.01939510008788857
1.2250646193377515,1.7941411893820491,0.32120099838536414,0.023278362376770355
0.7114343460351227,1.1704242796494209,0.0694850205800206,0.0045309536084625025
0.49437607907354986,1.7655775615126674,0.3850662200208778,0.028258252328238052
0.8824354520529514,0.15754254953520364,0.1253525056718362,0.008513578224359256
1.8932904976098357,1.1987721271894074,0.3659176565945099,0.026758684015581007
1.7416176368851308,1.9474359924929419,0.3285183244715485,0.02384570376476721
0.9886305046817179,1.702006814084881,0.46052945478577145,0.034216068494117784
1.5381215189126924,0.7162208483835264,0.16808846091503418,0.011649517783888568
0.5237720077366381,1.5454635196438875,0.2772183441965813,0.019887702452891703
0.6367405091229055,1.5512080455706538,0.28659212145445917,0.02060741006936221
1.7483679739581326,0.21543346022934373,0.4246905442620978,0.03137744184065542
1.4909999611634648,0.29343859841561626,0.4200595257390261,0.031011817420159675
1.5665346604672878,0.4802716805072573,0.3559644635041198,0.025981345319503323
0.8078680181886009,0.8915712556931463,0.26475103270012124,0.018933085427532383
1.4317197432644841,1.1351946291099235,0.19562987736955667,0.013700996116218828
0.8811304934385953,0.15740695468771482,0.20237888049644315,0.014206873719199938
0.7825540518295042,0.267362562042218,0.38840351007838575,0.028520137570448616
1.8950546375120376,1.993170157784251,0.15230718155408518,0.010484217471419019
0.656899149672185,0.09674008843825677,0.35220884441844963,0.02568842088223164
1.9299654033811489,1.7436619576548427,0.4913824501205411,0.036672078841113516
0.3504790771201496,0.8318385207609005,0.24571397599727635,0.017481450013099725
1.1147472663415448,1.8948572746309205,0.2178325437229356,0.01536955050935793
1.11303482019518,1.9090758501154563,0.21009845515850123,0.014786928376142651
1.2411982140923212,1.9200285830216643,0.29068253894313684,0.020921980113767356
1.7283164955536703,0.44434449117644137,0.13067403817338405,0.008900498013940985
0.47011378567089945,0.5547876007300174,0.26399312581586765,0.018875151315351307
1.0260611637998032,0.42947208491113154,0.268308035003171,0.019205133720967157
1.2800790902684676,0.4545087114150812,0.0927045959020453,0.006166506383059825
1.0322843751802537,0.43829794629774566,0.0926772321374848,0.006164560633022421
0.6606554366876829,1.147091089906538,0.3660882557520332,0.02677202054898104
0.9246892783480898,0.28718107367497825,0.4948069350205961,0.03694534951657324
1.469392288754986,1.882371462028753,0.07420813352513757,0.004860943748638005
1.2584209575637417,1.7695447364838426,0.25206034932722593,0.01796454738040002
0.5661672115539826,0.8114205089032893,0.2756082400211418,0.0197642478915539
1.4992874086263026,1.4882441403839548,0.40186766500729465,0.029578267192953513
0.5131466835549576,0.9304841156217643,0.08072194510221012,0.005318411940791808
0.03509423117587085,1.1177591889605036,0.08546764436125814,0.005653325439470554
1.449610184261363,0.08721915017843562,0.09774498954813413,0.006525577595805297
1.9341438213216593,0.8031417227904256,0.073590288561392,0.0048176922446167
1.7795363781405789,1.1055528480911143,0.42909417148697987,0.03172536875919305
1.6503754891147158,0.3911596209364334,0.2570196817723803,0.018342646431381775
0.7813180817188325,1.5212559389899987,0.1640575621474574,0.01135112557466768
1.4715452741128365,0.7902443377688362,0.47941768881575325,0.035718339144380926
0.7714562097904691,0.18285523777435575,0.32036526419316774,0.02321362093064152
0.8148816922643365,0.08801656926592316,0.30062182061702364,0.02168761765092759
1.6067254675909708,1.4562968438166228,0.3334848281827591,0.024231274812017166
1.7108596247928183,1.7549981467609757,0.40766732782017273,0.030034814024174013
0.08263575257498035,1.0713474108723773,0.2743712529245515,0.019669435822851737
1.2938008096922358,0.6764621583592165,0.2061695764863552,0.014491522239539303
0.30771697109984153,0.3684012099539622,0.42732303571892427,0.03158540303556985
1.8180638792339647,1.5970664347327117,0.31153821435991524,0.02253053688651621
1.4355464445639803,1.730519426738818,0.37982250913811455,0.027847082377054955
1.6389756718164175,0.1389688360862722,0.25128094438709286,0.017905172024181185
0.8734885200439491,1.679834988251,0.3065203877176253,0.022142823352562974
1.4043128137658263,0.1114775215028454,0.3720323430438774,0.027236964102930663
1.1711657690539359,0.7056313453367296,0.1697178848324403,0.011770278762979014
1.5983920109727545,0.3165553954533975,0.40939432567931355,0.030170849421689565
1.6533556469030266,0.10198215479655293,0.34219124624317415,0.024908144822725718
0.07677178552629349,1.6747029029951312,0.14687165946977926,0.010084738862865593
1.8275409484972125,1.033138708025141,0.4860793445951794,0.03624915556639572
1.4469768145298796,0.35672039013226753,0.18128394574931195,0.012629730197408859
0.7019390125586089,1.6415856943413638,0.22417677277696646,0.01584854137684219
1.3974973605089096,0.36419507832484554,0.4466581945730789,0.033115516659874056
0.06659496028600076,0.01483254187075822,0.20808825078869164,0.014635736234431054
0.3314552667775301,0.8842454417150858,0.2609024258377172,0.01863901853222676
1.29872776560132,1.3590885819630756,0.34846073570338154,0.025396297022792415
1.0047214461632339,1.2022678536743057,0.12340261774307176,0.008372086120635433
1.0390562492963913,0.663369120100501,0.3693429415203777,0.027026536463671008
1.364814534601813,0.0024164430720334806,0.20110531218404976,0.014111321935809367
1.4224070930616373,1.1551332370970033,0.4158865885476809,0.030682597123344334
1.0481354386506043,0.8603526912131974,0.4414502090299529,0.03270291750780435
0.9431442179856167,1.6335610001825682,0.06937298356049151,0.004523144283308672
1.8173951174886662,1.6187806448520146,0.4896690152290073,0.036535397606126715
1.8649100115534973,1.6490398772528134,0.3072519386606515,0.022199321166004298
0.22962418749043345,1.784790677587674,0.322377663108494,0.02336953423344702
1.268075664405845,1.149099207634848,0.29916748092443446,0.021575477197007302
0.5356242273685139,0.7429290267842505,0.4568597692698174,0.03392468862588901
0.0517556671669166,1.39184837495183,0.37424846217065133,0.027410439498393814
0.830294425279847,0.5536740386338548,0.3650016155007857,0.026687080143630772
1.8788521475874234,1.9361341454850307,0.20954614635548352,0.01474537796180545
0.34849113007942867,0.9715131123311311,0.26270865452441844,0.01877699304138816
1.1961775987921424,0.31705655526017873,0.2283703024926142,0.016165669453468867
1.9325667724414572,0.7043639282667784,0.2821295026285696,0.02026456953960863
0.787000742948962,0.7957249621945046,0.4765818444611455,0.03549252637429553
1.188262149893678,0.8784655646750563,0.13815461167891435,0.00944623033413131
0.21749562234426367,0.7625855061119229,0.18182219448011305,0.012669820551357562
1.8767680218151663,1.0537712472888465,0.08691555712032051,0.005755766669986672
0.7872173038912254,0.5891259077588693,0.329298532188131,0.02390624817431065
1.1946554313951732,1.155494437974242,0.07742981434818268,0.005086872096396405
0.07672707133334655,1.974710610155871,0.24235372363281,0.017226008564736408
0.9541198112785327,0.13698735242907123,0.2765002720367896,0.019832638219242502
1.6325738870839914,0.9042228889260862,0.2142981068917746,0.015103115112720973
1.9170431138889357,0.9784791657585115,0.2464909460658566,0.017540548575451505
0.214857956533693,1.0908954266337982,0.3259031457223034,0.023642837401904936
1.3909000778991814,0.40337575900199507,0.2971026937448899,0.021416331324111058
0.6019796399974275,0.1845890587724306,0.24852483854427054,0.017695313020391144
0.5791938437315758,0.17602532796523618,0.15008428923875394,0.010320727152988433
0.7621926285592309,1.6810052467055308,0.19092406688707542,0.013348977355525584
0.5635065193268924,1.4269940516207993,0.24541601314441602,0.017458789525750203
1.160484537375779,0.7995741359645623,0.4789408473086173,0.03568036272171393
1.512185093189983,1.9283485049066311,0.21163330118982515,0.014902434983347751
1.2862870956721288,0.031768093962031285,0.39854145447471484,0.029316634053517077
1.0761816429397588,1.4087395343929296,0.4823971913952644,0.03595569043768709
1.1585567420655116,0.335466212247604,0.2720535957207603,0.019491872490595367
1.7604630150094684,0.5136557471112881,0.4285328689746779,0.03168100696051124
1.5185772072618409,0.5453057906798413,0.23378119588247537,0.016575451596560493
0.8836658486329603,1.8266562528731827,0.1528346923407517,0.01052303934794463
0.1658271994165812,0.932541409181272,0.2407029851654368,0.017100611128871505
0.6147609123172639,0.6312653612435166,0.300107437355196,0.0216479505711872
0.23901075657730853,0.8098285252779998,0.18937103636943653,0.013232933323201669
0.16317741046831524,0.02455173294378654,0.490789441057412,0.03662477059634335
1.5975932122588137,1.9179668361584905,0.37628073622198693,0.027569586027087544
0.11436823818616682,0.9541478559802179,0.34461329201746205,0.025096656537958232
1.8033611747280784,1.223612305645607,0.46042891029051736,0.034208082933211675
0.5430600758413182,0.8308165746612006,0.47398330026654084,0.03528569072630383
0.7173737433717224,1.4323908014433941,0.06612933537046745,0.004297434714161207
0.20402015329235024,0.30528773673834086,0.13062647251721213,0.008897034708953104
1.3496272877409965,0.5547953141858459,0.14915716888495945,0.010252588092527562
0.9720729335004981,1.9454330929961925,0.3140806072356702,0.022727145495769055
1.7855010589514004,0.3500373344373444,0.22780386338081637,0.01612280988325134
1.9342456490286934,1.7370312400532706,0.3028750558488003,0.0218614327953986
0.24704530842074401,1.5538538993960889,0.39424192572255534,0.02897866498693227
1.4165468172789129,0.7153943665156004,0.08323271820791542,0.00549543787149422
0.43634619156912846,1.1552398718271446,0.44407548110992034,0.03291086118891452
0.8079743062574523,1.0752683813781678,0.09380400400162119,0.00624471445160319
0.6507853452079038,1.2713545950172354,0.34192616398925874,0.02488751862214715
0.25898985868020774,1.4851372484541254,0.3841901892357848,0.028189533960032577
0.1449708893417514,1.0847194304328671,0.3614971131185927,0.02641325960210695
0.25492165686169965,1.7376350400673701,0.264683819817728,0.018927947237609377
1.46830445850441,1.126807334620174,0.37585975835351826,0.027536614545649204
1.2927325927570998,1.1826559531492724,0.14146643217635416,0.009688497202621844
0.2718451286248751,1.2184597510279451,0.36230200700252824,0.02647613298607623
1.3260216946997656,0.49460326997301984,0.1758168643834409,0.012222995161708742
1.6698072760509803,1.2523313062612191,0.17110577753591413,0.011873202355295898
1.852895068972681,0.017591390830502318,0.07619603632741188,0.0050002722075712614
1.809160679688843,1.3720741865590966,0.052496652941188285,0.0033575974708704766
0.25252853863803404,1.05033526728236,0.2581869157851051,0.01843170981623969
0.27280808044441573,1.9930525169465316,0.3230558907918462,0.023422095985349174
0.04958711177662334,0.2574036602452734,0.43008032517512695,0.03180331780093746
1.6883563393338308,0.21439373850565713,0.10383687492407376,0.0069612591713251815
1.7279765044913236,1.4510102982328736,0.20856755359570484,0.014671776599194159
1.385562832971517,1.4573120365029197,0.26504506047874493,0.01895556388128488
0.14865738709023035,1.3960234805701537,0.15460460419681277,0.010653362462303749
0.6091271802399583,0.5022321929489051,0.32915675357073354,0.02389524536417167
0.20224519146631637,0.9413613195301467,0.22747707807341516,0.016098087042496184
0.17542467598961253,1.0744015806079332,0.14468717201507994,0.009924477079859077
1.0429725052276702,1.9048384119845447,0.36690038905256184,0.026835514681096902
1.5483630419987418,1.689587003856169,0.09112783357601112,0.006054452841395571
1.4305350193143884,1.6454306436549726,0.21662960980133922,0.015278836369054324
0.5193530182899082,0.9304101867147827,0.17661206511872857,0.01228210220765674
1.8740416131238926,0.33248681261276625,0.1386849821668738,0.009485001391696725
1.5953274246660312,1.4958418808804932,0.4074658237770881,0.030018944163900645
1.4545620737680602,1.1301173657601495,0.055897031209419315,0.003590595634208015
1.605214995827447,0.9408237390304173,0.14543053811538453,0.00997899445186484
1.269358679684114,0.7393010981887354,0.07310698063379756,0.0047838762974082485
1.2417983578913199,1.165411194841482,0.06924952282723457,0.004514539697988209
0.17617527055185134,0.8739301040661467,0.46372736423677907,0.03447011917842219
0.6071136441238782,0.7939681601289703,0.49506883968441767,0.036966254646363945
0.0837837678115052,1.246628213053772,0.4606750495308435,0.0342276323011608
1.8872830017260886,0.7031675391049692,0.26325225469704794,0.01881853050163965
0.3286421603672718,1.6434087048579142,0.3087467489659863,0.022314794479915284
1.8303847776641233,0.030537971167435174,0.06170281908396523,0.003990653172862306
0.2977729177377453,0.8935882372985073,0.24420926633583223,0.017367034195315507
1.68424372206056,0.7400414582920143,0.21555057284920648,0.015197494952457641
1.5495941275259484,1.626414626508426,0.09061753869967053,0.006018216969845261
1.4953651837032613,0.5154927980311508,0.07330026185784748,0.004797397896163186
1.4705933729714842,0.6524346523715263,0.49187923644496384,0.03671171379601311
0.5312948036302658,1.9595371110533901,0.1925441908031219,0.013470104101017658
1.9841651201195851,0.4422206475794863,0.3370020432711137,0.024504571455089618
1.2472218472794847,1.3243899750903818,0.09188365888581991,0.006108149458618654
0.3520153468217788,0.9151051224244415,0.16720272113372753,0.011583907062369848
0.530813383091115,1.7888186455946726,0.1489426436339611,0.010236825634530485
0.20514910580984136,0.3430882801332438,0.3772556125431638,0.02764594925409498
1.316039596191528,1.2131623805923208,0.22778878163583882,0.016121668824637253
1.3067644859723626,0.9473805676089377,0.1188919900287124,0.008045370680235935
0.47947942556313916,0.36895252350502084,0.18855241940584516,0.013171791814352452
0.29810160838183064,1.8923873564776152,0.18287802648439927,0.012748485803213293
1.286142456512621,1.0437314479201485,0.1222681609015109,0.008289835943960735
1.8857148528212972,1.3003762608767682,0.07188434965487879,0.0046984006824783665
1.6419047234081172,0.8323289298437839,0.305123436096585,0.022034962384654574
1.4153072871741659,1.53452228854661,0.27954541600367055,0.02006621780383397
1.612617817482521,1.5701111887910457,0.3159838131040092,0.02287439636125381
1.61827878072028,0.23511337700457124,0.4724069767316174,0.03516025860593126
0.17780820550226428,0.2798894202366269,0.24032593088903442,0.01707197671828302
1.9819686982460536,0.592341511796004,0.2612292766500124,0.018663981197863243
0.7105095055052173,0.7744622826940628,0.3688922316002183,0.026991281755802954
1.5730237745151254,1.8551942334923013,0.44496916167941664,0.0329816676038162
1.9672883925981801,1.079509477408932,0.06438458334885273,0.00417633927992638
0.6318577853695198,1.2285776942480104,0.11490043704172133,0.007756964599957277
0.1491823121526472,1.1775996904800337,0.44570983129682784,0.03304035838076373
1.9206222278541478,1.662433943215601,0.11210575801841927,0.007555447269762364
1.960323587099941,1.568868618627808,0.20445144319935638,0.014362460123843936
1.2538061461420336,1.6162731548739349,0.25037116776746465,0.01783588097978256
1.8648141384834918,0.6117761482068482,0.19869516796828057,0.013930610923743264
1.4147761850735714,1.5850376250399165,0.38998634993825654,0.028644401227963624
0.677902656570956,1.210137321785135,0.06849066254257469,0.004461674308352884
0.047377547624930294,0.33044831992601664,0.2516527179086785,0.017933492285720953
1.1354299124287515,1.734740368723355,0.18161614440332707,0.0126544723648282
1.1535537927591757,1.025704724759302,0.2975890596078851,0.02145381168747664
0.575173189478811,1.5758577367682167,0.095612724729456,0.006373517910263481
1.2900133693699531,1.8554232964429522,0.12328418909010326,0.00836349738123395
0.7198921934392111,1.0923807169041981,0.07056477033907906,0.004606259836995385
0.6459519779942398,0.36299940976444245,0.35612200673024436,0.025993637786796926
1.7464982912211875,0.08014364739456492,0.20613262075354616,0.014488745428887081
0.7957437739807904,1.2189113365665698,0.3376931001458396,0.024558291550904197
0.9816114080731115,1.4446414082632344,0.22606639400580736,0.015991390341773853
0.4914444548320549,1.3458318303748253,0.40700675601103725,0.029982791371894045
1.3242348928638956,1.2968265401967303,0.39785059563017866,0.029262311316429437
0.8504452791020392,1.4089278521481667,0.1240640136059123,0.008420062631223512
0.5836583251398322,1.4399677029115003,0.35356494890275797,0.025794167290383942
1.2507339151292818,1.7864703355031137,0.27357389530099435,0.019608335913152388
0.9011463786549692,1.097813076890021,0.2222884150214381,0.01570587090222358
0.4964304843363059,0.39515788360572746,0.0721900339793841,0.004719762106624216
1.8205174352348599,0.17809356335515925,0.1789011630127133,0.012452352469779226
1.163855302425826,1.149406434279386,0.21100908523418066,0.014855451894642014
1.065090733340884,0.03313148358740259,0.46202653386501,0.034334985453509624
1.110911842871554,0.3435060913450527,0.12979209482346044,0.00883629697707533
1.6772565971881936,0.14591200887948874,0.36343127587137236,0.02656436080209039
1.7983443240691974,0.4807257785748429,0.11453904365497464,0.0077308862048865905
0.5183459605315375,1.602542578915391,0.13522449207062726,0.009232219288093032
1.8646569944608333,0.3832285032258673,0.05266786241560911,0.003369304624747399
1.2805300386691694,1.4125175874119025,0.35747104136425517,0.02609891290639389
1.4237975530337066,1.0641718751321938,0.06418166678653377,0.004162270325771688
1.9058160224318457,0.7087727875197896,0.15233484517441492,0.010486253130660563
0.731998647443961,1.2491198828423755,0.3903825357790383,0.02867550995310438
0.5062447208226455,0.3028572147781159,0.28876724872757237,0.020774648075066692
0.315797052757514,1.0729787507530995,0.45516370948717244,0.033790072798815574
1.4969450039839514,0.08602092205134637,0.2142901966534449,0.015102519155729853
0.18524794539014344,1.0560481746713655,0.37470353737204487,0.027446071076838705
1.2895271010081164,0.24387389180455177,0.13525284658210313,0.009234288732521252
1.5400767744406172,1.4641599525165827,0.09765951963324171,0.006519477982190078
0.6116593297992339,1.8749065072772593,0.12529535134193404,0.0085094286923296
0.7355539460610891,1.3519098841843809,0.2321499189381902,0.016451840799228755
1.1360641425503601,1.4038850985535694,0.19156432698752135,0.013396837240871366
1.6860877764455076,1.4064302949665515,0.055285304829450585,0.0035486054183859884
1.0976142818418337,1.7952773521060876,0.11723810083382519,0.00792578802501979
1.7980633505490735,1.8616225443742767,0.1225593023314571,0.008310939222041213
0.8308208411182358,1.5996196237797575,0.0812418134039917,0.005355035258936961
1.5229563392451628,0.7741138945988468,0.45858926739486544,0.03406199395872445
1.1035899692491107,0.8953919684308163,0.392398415567765,0.028833831616964706
1.2858596109013347,1.9950066759968113,0.41759889851122617,0.030817660902537163
1.7677369587615155,1.265466943916123,0.11982937898718127,0.008113198651863975
0.4224705521940342,0.5270577337561131,0.2456923664053255,0.01747980650992642
0.5182643934349789,1.1343966329844788,0.23801981626464835,0.01689691243804804
0.9281632094500174,1.0865313198184128,0.47672520104877303,0.03550393936034667
0.02109756293233067,0.05351675428676739,0.1521049643955444,0.010469337864912933
0.3036236152916796,0.08382726346132263,0.24546641003503167,0.017462622145708248
1.047580881148773,0.9932294787829745,0.2852557951202816,0.02050470794489355
1.6281535673753875,1.4898857590695163,0.3118383409227155,0.022553740562049892
1.3034766145752534,1.199869358751443,0.4546465140707258,0.03374903001213594
1.4468622108255191,1.5072062749637047,0.11827689514850892,0.00800088342296477
0.44129048058897236,0.22511378344278032,0.16370990544302227,0.011325413375969304
0.41592476620865315,0.837642373737868,0.3483704688260975,0.025389264376246876
1.082605041329051,0.31965721068482567,0.43827129783895685,0.032451235179813694
0.9164170960007441,1.5177017227788627,0.348529792482003,0.0254016772861978
0.14929138090724448,0.6193077692023139,0.15555113163789233,0.010723100021290528
1.1930990179396448,0.04747593156096053,0.37533674974000963,0.027495655445839956
0.49745010660787825,0.7083479049875032,0.25967019501919625,0.018544928456056962
1.998875006026752,0.8240089112931537,0.05017170154930857,0.0031988834893332844
1.6636630392864542,0.11387091960451756,0.3948375357031032,0.02902546843651873
1.5682985735938193,0.6170753635587802,0.08950196868117716,0.005939049837161953
1.5846823678392818,1.8019897836989953,0.15570634185954135,0.01073453828623141
0.5352210394141967,1.9192688443267465,0.47364459259462127,0.03525873645395245
0.09613770085671525,1.3390902308393697,0.38040744056180176,0.027892928722466667
0.8041790583409947,0.24660179681718364,0.4431151251963945,0.032834783038361244
0.8633069347689815,0.7001299795626792,0.09284822914475979,0.006176720334608942
1.449816076603049,0.6310870015786747,0.49665818167800485,0.03709313166735282
0.17500828936150592,0.7932398768735425,0.3482979393449112,0.02538361373231876
1.7194850051086386,0.42061862029805774,0.4681302390351341,0.03482009328995482
1.7729495278850853,1.8830301400772576,0.2476292325317645,0.017627153096573495
0.22350393353099873,1.1539513661963383,0.1355236427287589,0.009254054204974872
0.19260126995697235,1.3333603717639493,0.4216082340037765,0.03113405897814465
1.767720373874492,1.8010821242384756,0.46057244429686967,0.034219482893382946
1.5032354074452594,0.8666293501909432,0.13429178640587322,0.009164162806620258
0.3821056999199226,1.8114736862223133,0.07628277551360416,0.005006357358655946
0.5727570722514832,0.5242668430456661,0.16541866651348308,0.01145182703721172
1.8531590654662526,0.15253580172052095,0.4780365188541817,0.03560834772001735
0.7046379209986922,0.1787863121888289,0.3888519676053342,0.028555340984697575
1.6944800571364902,1.0918167428778263,0.3547157618621946,0.025883927420535652
1.4574490019804993,1.8007890355272353,0.09632724927478806,0.006424447487487999
0.3693743813226429,1.293514173690641,0.1501950985572501,0.010328873072464122
1.268180777591982,0.9260811124754742,0.3030051553660437,0.021871471436789396
0.7118765662067623,0.7125544283207597,0.2832346514439893,0.020349437929669593
1.3509224718038206,0.7322528561394108,0.10695887946844013,0.007185231078231965
1.0203985780918503,0.4811895789733507,0.3603231744275154,0.026321576018638923
1.8075660100931252,0.039974701498499465,0.3782305324839556,0.027722329515946813
1.0157923692578439,0.893297670175152,0.3876042003662969,0.028457399607997792
0.1022661410381338,1.2370608257511393,0.337855359953181,0.024570906102667874
1.6664305353476554,0.3991507812646269,0.3313751217757748,0.02406744047602809
0.008785156619367074,1.439536369163842,0.07480211123612898,0.004902547889274758
0.36080962370045766,1.4575965611688713,0.1651109995059101,0.011429059240103213
1.2459968984605179,1.8260164558197933,0.25393218333686834,0.01810719606852476
0.690711374162529,0.4248465088102631,0.4812951221500911,0.03586788625704764
0.15991882981734373,0.7467163886437411,0.33633861011457583,0.024453005871149788
0.6204616045662217,1.17870359460084,0.37063201439358795,0.027127384628165618
1.2516493100848023,0.5614262137760961,0.31059069897903796,0.022457291787104445
0.8098647653407349,1.501107450567259,0.23845220302477899,0.016929727371853494
1.6510356931527013,1.3729561743532857,0.44122529433015395,0.03268510632820556
0.7202472456027749,0.8530428726745178,0.15665088261212512,0.010804163442622092
1.8074278566782083,1.9366322165771486,0.11741355969377013,0.007938468896458559
0.2263851310793028,1.6278798645956942,0.42318189940590417,0.031258302175276004
0.7224290109327152,1.4786026895683952,0.12618020979039823,0.008573685999539725
0.4690359617176676,1.315698252506859,0.11778481857474336,0.007965305056700534
1.0211028484222988,0.25550759834392234,0.1969693129536163,0.013801300255441936
1.578846343019508,0.925411866574676,0.06606551054575971,0.004293000996843864
1.09937146083307,1.8635745260243253,0.40369476686990025,0.02972204708392568
0.6469364550777048,0.7210928242737868,0.3244556833770533,0.023530602125651983
1.19965969456699,1.7596364718806474,0.062295743524471904,0.0040316603206562536
1.1611614906408119,1.9008944161482044,0.23214430565075672,0.016451415552887132
1.390484387307091,0.9687432481228104,0.4631425834440513,0.03442365353412199
0.1274606480881244,0.3135116372969884,0.05752935958646022,0.003702796552107471
0.7033048532217672,1.510270243108597,0.16209103745379838,0.011205733921615843
1.53416317166119,1.7169174225127024,0.3358908294391331,0.024418205920913854
1.6844375174986095,1.7005480544553224,0.2580956639270856,0.01842474602858343
0.7551518101444692,1.4215323480630062,0.10515642913211731,0.007055867801125525
0.3524329107460502,0.3775872736327617,0.43197083076613363,0.031952784447853926
0.9066271730935298,0.18798706256575692,0.2690003683309136,0.019258114120577464
1.6631571686686422,0.6786556043903176,0.22180895182168153,0.015669659458675312
0.8136632079408108,1.7032116501986467,0.25011284604723005,0.01781620966374449
0.5392073802502626,0.6704199289953681,0.42865640839310715,0.031690770390473855
0.14820526125607225,0.1852932097148472,0.31041721497766334,0.022443882746654625
1.956294534363887,1.5486964974251285,0.26894958705942257,0.019254227793677886
0.20996344945225798,1.2385221562138897,0.2294523394568868,0.016247562070717467
0.943285306397281,0.8245377848019562,0.1795882099173079,0.012503480587251278
1.6754892709175258,1.7301993691767588,0.35118104312252985,0.025608293629665872
1.0433258799992122,0.7498698159612549,0.39817667841497534,0.02928795063434005
0.6519458439875521,0.49128477414785077,0.3864186904415403,0.028364365164500152
0.19548906564743374,0.050286512061709976,0.46473522754279256,0.03455021169524099
0.6381542835305876,0.6430211830241674,0.2876206599241671,0.020686479956786297
0.9384898457495685,0.5425426488411722,0.27643693030355393,0.019827781431293958
0.3039458760942828,0.9076631612522845,0.2579514536655942,0.018413741123579318
0.15515328883485346,1.8220710209595015,0.17494370226244182,0.012158114515108112
0.5184705125734776,1.764785898179107,0.18076674261889547,0.01259121511860268
0.4347177657614767,0.6174107307962251,0.26405101282004223,0.018879575771428507
1.144305305275363,1.6260685781938404,0.4232169446581393,0.03126106941279795
0.5149034457504942,1.4187193515034733,0.09143012795140036,0.006075925275366738
1.0663482882351583,0.19115054121312292,0.15196474183165132,0.010459020765417375
0.6332370901085707,1.8812369266160056,0.05789993295521128,0.0037282993912948186
0.5914803475709194,0.709166903563158,0.22676706444938655,0.01604437963322507
0.13556621880796937,0.8354080922003715,0.21665268781330466,0.01528057637269853
1.1872635668045775,1.652102574939938,0.29544061252385895,0.02128827988573826
1.9824564405995881,1.401025846310283,0.2142181761180092,0.015097093201741706
0.2533629550064096,0.18308222873945534,0.18457967495760008,0.012875333803332398
1.439552743787658,1.0943142024468786,0.3982401963613239,0.029292945107778363
1.1586981411791106,0.15484858491323616,0.3967396462820506,0.029174970207734126
1.8305647567027445,0.889661385143554,0.18703856808874886,0.013058772397498877
0.37916991493666363,0.05471172449441997,0.3918832880016099,0.02879336956241946
0.24044529390353686,0.14400862650542012,0.3204451548486747,0.02321980928098897
0.22461870378578364,0.26986878425901795,0.29705371595761204,0.02141255722862904
0.1495554963873198,0.9844785508501888,0.3518387087228682,0.025659563291167333
1.9706404113152465,1.4398216460548656,0.13408942166612003,0.009149401211010844
0.8187299154599041,1.2695682498888574,0.293177234132649,0.021113982781692756
0.5497325566742604,1.2850335661083265,0.09613637233762343,0.006410839682444217
1.3163443596527087,1.8720932023157364,0.17057372736907211,0.011833739650658332
0.5531504155258407,1.285729249164241,0.3543472903743014,0.02585518550490157
1.8959204552833244,1.5740345776445321,0.14428046361163607,0.009894657858410006
1.2750191813193859,1.331834564094318,0.27873482048060544,0.02000402336338166
1.2829609857603097,1.2090158820865122,0.4260677504574028,0.03148622712498719
1.2636104395978047,0.5213044282857311,0.1668158677047448,0.011555258608607606
1.5152644839330391,0.3068029873100211,0.2936472157560837,0.021150167276066285
1.0411466134936211,1.9250015411786046,0.46451363127000156,0.03453260093396348
0.46866885225425925,0.19077018170882298,0.24148841982033015,0.01716026886356555
0.5564438137355687,1.2427586652233127,0.3002358597057286,0.021657853525142916
1.1080349560439298,0.6553200955085328,0.2223395174158595,0.015709730727032772
0.33398098886761574,1.557697568982495,0.43455646279312177,0.03215728205025877
1.1837564377537568,0.19254241266779504,0.26344554649045776,0.018833301699897595
0.6830613046376595,0.5167071434014969,0.11408073824849953,0.0076978227385270884
0.9627849852799872,0.783050825878951,0.3645173888708626,0.026649234773053677
0.3897435434489753,1.9285921840647178,0.13276572347241583,0.009052881403901607
0.15850180240252154,0.5489007989830463,0.2072905018505653,0.014575763556552466
1.4605961840730577,1.6317380092364073,0.28328147143950916,0.02035303391228198
1.8913902896553063,1.104676401559039,0.45655492990071045,0.03390049105817819
0.4702278740073951,0.17233406358372916,0.3555908467719047,0.025952195002458295
1.455924493052294,1.571060424071467,0.46912260283190405,0.034899005388351195
1.3011357038530127,0.4986620378720483,0.11568057480087708,0.007813279152544582
1.323272948174676,0.06282722034609933,0.3177077373779501,0.023007829067726183
0.540116406959003,1.8864508788037047,0.37111558290678814,0.027165221938359914
1.6554704465503371,0.4909653357050823,0.21741751600646353,0.01533824904575053
1.7855168657475375,1.510220986027585,0.4982636135342809,0.03722132158539285
1.07712745833257,0.8898396051254049,0.26177595600805614,0.018705737704227544
1.269967448696807,0.07477295857982202,0.056745972546004504,0.0036489212827333275
1.5396496648063522,0.28374888399093945,0.3417207202154773,0.024871533684414412
1.9657822480683658,1.3172797467670971,0.35075802440746345,0.025575319844195452
1.510916814354336,0.2393943516139032,0.11918382263344907,0.008066483280588755
1.4337968462341724,1.5536777053306563,0.19314673620484663,0.013515170707173747
0.8365215120229732,0.6507691483589046,0.13535294543772067,0.009241594652974163
0.8769535527240402,1.2865421540491369,0.1007743896965796,0.006742008128632069
0.26956520378207327,0.670508138395435,0.4264593643675074,0.03151716507566953
1.4178235355080988,1.0568151388507196,0.4879696422041255,0.036399870682012066
1.2354818606384608,1.2358904268562303,0.10309275668870019,0.006907944317719902
0.12449478205196973,1.825951239531315,0.3437910384216716,0.025032648936818492
1.4401751051021925,1.1361424368725992,0.34796773030655687,0.02535788875517399
1.533933797727778,1.798678869048019,0.493842444572717,0.03686837084477956
1.710775245542586,1.6347688092875414,0.11146665193397935,0.007509411295460974
1.6253306018291356,0.8550477690538341,0.17655035273178638,0.012277514485035449
0.0542907782156119,1.5060638932465513,0.43432217347498675,0.03213874864442684
0.46498566924154305,1.4474146681478863,0.3535509401606105,0.025793074772484444
0.31243026171926114,1.9663532419973906,0.41592088697152346,0.030685302142256177
0.2964365997065994,0.9500446880700899,0.4378953254019456,0.032421476815404034
1.4010144353394076,1.711432858553972,0.22073884116164555,0.015588858877606858
0.39201377174597396,0.9965294506501345,0.4391597330413678,0.03252156216790229
0.6800461719561115,0.31463728657159207,0.4519316247768918,0.033533638982003205
0.04773767419231856,0.7433374309671479,0.10481758274189129,0.007031565531079969
1.5186476956706458,0.28029435000861525,0.06532991533379881,0.0042419228239922195
0.8914045004392628,0.657169196512492,0.2051941990583664,0.01441824504387531
1.0756644038458478,1.1863007796252127,0.17305083629863233,0.012017541231169729
1.0540690528944776,0.9637178140458946,0.3096720806668318,0.022386295214800338
0.13791670161573633,1.6018139075407571,0.43991753342834944,0.03258155608989589
0.701172269793009,1.8629924959623791,0.16515618764903478,0.01143240304383772
0.019348162918791045,1.8392712820817885,0.25209884331237414,0.017967480195026003
0.7508553485407319,1.7514551576609014,0.2149738586019152,0.015154031813448262
0.41011515977388524,0.4633322718081614,0.39889117225789894,0.02934413509684965
1.7582911698258727,0.8423960971547841,0.37722309200607795,0.027643401661839758
0.19278650384036244,1.3405382960482572,0.2627743881400512,0.018782015549421667
1.635880237938555,0.7500958979234744,0.35203473470418467,0.025674846175659096
0.19775901234808613,0.2704959636926827,0.20657050724313653,0.01452164991514477
0.20979635889838466,0.45466034169115965,0.16640232117325743,0.01152463846493028
1.9122136274850439,0.7028579565409594,0.22569307127006716,0.015963161854471716
0.5096878182795603,0.2953723889244013,0.3038059389411857,0.021933267443183867
0.10241040640580601,1.5817468382216282,0.4432722263510381,0.03284722761051883
0.22904771173688476,0.08689975806788497,0.08542873127869154,0.005650573944200667
1.0894990361003563,1.8060674069414193,0.09277786779848493,0.006171716709057863
0.9441440138258943,0.5213642381172252,0.2395109338850614,0.017010094478201208
1.5101855632543997,0.010639975559295412,0.39890972191889823,0.029345593848187586
0.8035084847472544,1.5296596040247068,0.46671733577086466,0.03470776009739677
1.9108158346618624,0.7622881556365397,0.38188778322145145,0.028008978231159887
0.9006568783629716,0.23064224375224907,0.18960340539907716,0.01325029201113592
1.1300328405631284,0.35564473406055486,0.45432990725561384,0.03372390681202944
0.4938775591754263,0.5878883057203916,0.4507380561287357,0.033438973106913426
0.08957489391924511,1.6400000267364856,0.09995249260510036,0.006683244079084046
0.9477243935648969,0.4640797712444731,0.3000930537777084,0.0216468414374041
1.6302313190133357,0.26710172563637435,0.1886799200478803,0.013181313480606433
1.2793124307141863,1.4582908078301446,0.36872697081997813,0.02697835573680706
1.8143645104622876,0.6529158467827578,0.052734566927547535,0.0033738665321977157
1.3637388312646337,1.158405937436763,0.4957587088274275,0.037021323388065575
1.0128810664257102,1.2971946207946397,0.23930406035828816,0.016994389003769778
0.4609287377120854,0.5160320794240878,0.47777764215123314,0.03558773414559058
0.2435280721999582,1.7813577631371067,0.32603641381649107,0.023653172653693662
0.4838152511198677,1.3690201340900836,0.170465797378442,0.011825735408252675
1.5533855074195775,0.8301516510929532,0.47701066045795376,0.03552666622211236
1.438772195927479,0.645769442923882,0.1009118658129178,0.006751840640654793
1.1989335498076643,1.7481546457602852,0.17173154014217518,0.01191962664187379
1.13436561781724,0.1915681987641562,0.4687079417794757,0.03486603041943007
0.6919460938301116,1.6294163633873449,0.07136822350432186,0.004662347679878716
0.1100251572163502,1.2937646775223386,0.08184529491576825,0.005397569180809576
0.7560247694099291,0.7153616866698467,0.11596042903957483,0.007833486937706016
0.06091890658033439,0.4280466739319051,0.41220791646349836,0.030392560348885947
1.5926536024515743,0.6961655716998043,0.07178832340274424,0.004691691596413647
1.3558118697400794,1.960697229018102,0.2818093100886595,0.02023998507339833
1.1650359718385792,1.7157761333218349,0.0999058876966322,0.006679912914653012
0.8640298152381609,0.017914542785433474,0.4585033850558006,0.03405517489193153
0.8261753612225822,1.3018351938946042,0.12255152694590654,0.008310375581122579
1.1812326791198475,0.6422081489127673,0.44859759505033,0.03326924941033623
0.2805272059392141,1.0772347574843528,0.441594524321128,0.032714346283912246
1.1748160658794746,0.3152635435003437,0.3806614636487545,0.027912840315705345
1.9902553025175338,1.012009565485271,0.172442523615075,0.011972387487271972
1.515440843459316,0.11254271647695124,0.41359685515658007,0.030502047251995294
0.09493898004725931,1.5294074376884619,0.3946478637601432,0.029010563353329317
0.07082098398481484,1.9600284787762676,0.12213440798321232,0.008280142075297722
1.5658915440264314,0.5742213296446503,0.07730456615871723,0.005078076455040373
1.785530703162758,0.47188919288111575,0.25115635413981025,0.017895681870068073
0.0016950374897921616,1.7862477593912351,0.4682077615587839,0.03482625741334185
0.45105773588489373,0.6479454422740711,0.30469953446059533,0.022002238962158353
1.8961828640417875,0.09997841744477642,0.0633144963329384,0.0041021808899631175
1.986887056323569,1.116914450019255,0.10354258158493965,0.006940170373311276
1.4449822298046098,1.9690020135013042,0.2778692049950041,0.01993762119339961
1.0456779610946605,1.3383909556273041,0.4329373596507308,0.032029217346602974
0.8793317840916435,1.6076664371074536,0.11917318028279088,0.008065713298080908
1.551391825459434,1.736940188988898,0.4342145704077781,0.03213023695821168
1.4060561131550084,0.9337118510239106,0.3045282272528076,0.021989015657537872
0.6895924604836461,1.0059022592856754,0.34861623731453445,0.025408412369086794
1.0456138769420011,1.7274389631036045,0.08103059815812629,0.005340153758985466
1.9522811061173415,1.0251600875298332,0.12514503923293385,0.008498516320976746
1.3562321817522078,1.1952827083992033,0.4449361286308576,0.032979050216788604
0.29013420958568203,0.4908497507368681,0.24665676530815767,0.017553162926378672
0.5635734718659269,1.451322964299467,0.08653336305402802,0.0057287145486640614
1.793055086653586,0.4359880770755109,0.19913997883122764,0.013963951220774738
0.929117753602887,0.04865529792445633,0.2732573009376196,0.019584079330174493
1.647994169963833,1.3880477474949966,0.14948726086268965,0.010276844986360006
1.8595852358773821,0.5631799173966079,0.13385819194010762,0.009132535926490978
1.9319796283677833,1.5131766344171742,0.4960970339238337,0.03704833209108316
1.467628944346763,0.054371217828743434,0.2472988884022283,0.01760201661044576
0.9226022990149239,0.36433108554502813,0.22914834059880107,0.01622455159949175
1.0213541672033821,1.7146540014808382,0.3764064807932725,0.027579434983515432
0.7991067146416373,1.9933983516245113,0.3408879265719417,0.024806743410447574
1.1599016210696702,1.0467863178105552,0.09213070007139623,0.006125706797476827
0.3751429090818812,1.061252616250902,0.08500891636527244,0.005620894864900312
1.5362946141912461,0.029998557611400356,0.49345685001678685,0.03683759836957685
0.008560967526516805,0.29629851006630514,0.46590757080406026,0.034643390123597295
0.504459195632804,0.07724431748377714,0.2919165018400913,0.021016937152560315
1.341529336659841,1.6613059388680005,0.4618026890356463,0.034317203172781405
0.17759156469930582,0.8643469895381566,0.3361334126598228,0.024437058244539064
1.8421132896620316,1.5630389916364746,0.2896058317290389,0.020839147073433206
0.7894829541060324,1.2216055147350708,0.13092077006768815,0.008918464215461218
1.5665756458809144,0.17190859775733536,0.13340888831760828,0.009099770659381784
1.0120432363681549,1.3724856250122028,0.42847301955912825,0.03167627707787354
0.44540611233798555,0.8992205658596866,0.2520105342834244,0.017960752072572514
0.15775830454569362,1.9832314840624894,0.40644186566457485,0.02993830863522948
1.059755513935836,1.2643499994720595,0.2864685403338757,0.020597910967641783
1.2342973001855135,0.6546518821985212,0.29306996298047994,0.02110572439741873
0.09895437146416941,1.5221245265135415,0.24541728026933535,0.01745888588833641
0.4243522758696405,1.1176954922873235,0.274944922760481,0.019713402568704776
0.34207939670173837,0.11319363933896143,0.3568476570294453,0.026050262216996925
1.908098192984442,1.2922677228503898,0.1637504632739379,0.011328412781874655
0.7244407553289509,1.7252397140670157,0.46084784835238835,0.03424135710884316
1.2636358128986085,0.5321367959654648,0.4920975809343316,0.036729134783128815
1.3107363088682547,1.907528620304657,0.37276842585761527,0.027294575977931564
0.23220951026748815,1.4480197877183403,0.3693366592153298,0.02702604503888163
0.7905401687575995,1.1243386887335136,0.2351799175690179,0.016681487826190132
0.9184055552558181,1.1976098560570214,0.43030173959447837,0.03182082086859557
0.363500987328532,1.2229445358761009,0.2626004976241924,0.018768729286389178
1.074231817432184,1.2380347584659168,0.43825101978853376,0.03244963011929325
1.8252032005310301,0.021194136290685117,0.45341455210832954,0.03365127887964118
1.8035647082974902,0.10939541677544007,0.2980742032649606,0.021491202076118463
1.736196705145771,0.7138048428725856,0.15178143171211614,0.010445534420781612
1.6071926442885827,1.8579593540978878,0.3849187911779521,0.028246686831192004
1.9689730790515343,1.028033341553944,0.36916791066979465,0.027012845128690743
0.9289044191307525,1.6275971362200485,0.11560866576797527,0.007808087271413522
0.8221376567510905,1.07909326134028,0.2747742400959872,0.019700320582031267
0.638296058914771,0.08280142671990998,0.19836028437469583,0.013905513498643085
0.31029561735658096,0.25308074598655583,0.4083653776512722,0.030089794540417058
1.0532053054878432,0.29370814906588794,0.2359407319153038,0.016739182984219742
1.7739782496910457,0.23959604122854228,0.44269209664859555,0.03280127487301847
0.4038884021301148,1.8794245313627809,0.22961148820613836,0.016259609296224532
1.1122680994901293,0.22456627207479696,0.46157160759253746,0.0342988466378064
0.8374168336427594,0.8600873438817875,0.12127248724897646,0.008217691160159966
1.010143025552191,0.1998921428817957,0.42835432493002457,0.03166689680926077
1.9956363262093557,0.27011045232314546,0.3430200197571352,0.024972639268517456
1.8157264561820299,0.027779834633546052,0.47485923118167994,0.035355403251583976
1.8323491210106742,1.4133728237717893,0.2543558888788936,0.018139495902806526
1.9902049521584926,0.08719864936525701,0.3622765301762083,0.026474142744511223
0.5889186334646039,0.9821556731459247,0.07548879617046257,0.004950673953613152
1.548575686288847,1.5565721115521725,0.21066348736969648,0.014829443777359303
0.4687214720260755,1.8596124242570722,0.29517304431832336,0.021267670311787282
1.7392408748529793,1.546044768927991,0.18142850418330303,0.012640496530512012
1.8615803482393993,0.531669899862832,0.4462174507471894,0.03308058611324632
1.1353388734161904,1.9184027370898922,0.1421330173209375,0.009737306982042577
0.35326064842904015,1.26341879622902,0.08397652628506484,0.005547952503458944
0.45641188968178037,1.2763520214285424,0.49121822489042716,0.036658977116570034
1.7717382144427152,0.9534007857970759,0.35843776058207805,0.02617437000351018
1.6285440631694164,1.3760473420497439,0.17039573127630503,0.011820539393120394
0.0028374792863778975,1.8084974965948775,0.3909088731429654,0.028716841614967147
1.8066477611956362,0.7783996589793107,0.4096806993200176,0.030193410868312013
1.004300340471028,0.683331977852119,0.4775535943539544,0.03556989451442151
0.32998148156106066,0.2683802800306596,0.3041368834129017,0.021958809521170422
0.6944811425039004,1.9240798381733148,0.09101142688374544,0.006046185604896538
1.6923301814832006,1.976351171681994,0.4202250186552202,0.03102487850940629
0.06481803107557371,1.5414186042122446,0.13030758694405575,0.008873818566695654
0.277176413553023,1.3677315993015486,0.10108108198286031,0.006763944521074292
1.1591634426802826,1.991821077585012,0.30702458684981176,0.02218176174886945
1.7489477016371666,0.4146988849815201,0.20454983191117854,0.014369848837639606
1.4681151291587424,0.7281365396581785,0.11441570065855561,0.007721986988078512
1.5440383826817734,1.4857953281915188,0.05678868613032072,0.0036518574747144775
1.3328743244652188,1.153098392673369,0.17333502112431798,0.012038639416378694
1.8211196849758928,0.5160718359037881,0.18451845330364652,0.012870768681065067
0.49078768304213316,1.9025610641881114,0.26267779059055385,0.018774634850865134
1.2945792211447182,0.17145560635246349,0.3265411037540045,0.023692315177730683
0.3251170099844143,1.4239513066706317,0.30804324007710926,0.0222604439695798
0.058859584166904844,1.0027435400045723,0.49229058555193284,0.03674453442950938
1.6276630971031731,0.7260924094857242,0.09435416269427346,0.006283874624448472
0.12523599357004112,1.4672560252709836,0.08935985423856714,0.0059289694665492524
1.0206725858989938,1.1242793910142508,0.1261680953578028,0.008572806054245012
0.08583702084630307,0.3264845622928989,0.15399641364765543,0.01060856817460052
1.7564890156495523,1.2439773169469386,0.3168014181132175,0.022937673202514757
1.7299521943944904,1.179169023498643,0.1378929430299768,0.00942710565551602
1.011683666358914,1.2531819242367017,0.2606693914599222,0.018621222252008875
1.7861688691467976,1.7187784416433178,0.26691716110192437,0.01909872644706182
1.8657714200643087,1.453021835601617,0.27333476256610834,0.019590014046440382
0.13331766856976457,0.5651683819323916,0.31426332921773514,0.0227412800132788
1.4365791940480859,0.40645074357501376,0.4570535624512626,0.03394007213831115
1.1563198653387505,0.4174655903326583,0.2742688644527551,0.019661589313965572
1.131787243421088,0.23970794177058607,0.43604320887842324,0.03227490683318381
1.016179159786749,1.593264587306826,0.41735776639522504,0.030798638540769984
0.6921071258110894,0.38784601694203835,0.35620779156592114,0.02600033139192666
1.4981674064931931,1.2955221242356516,0.11586749057633336,0.007826775640207654
0.7732664507642109,0.5255041377791394,0.2112713386079047,0.014875189847888918
1.4548864574734486,1.0708828132058386,0.13184651120116977,0.008985894422127222
0.9260491269339091,0.08573867600514617,0.13214330042165556,0.009007519227137455
1.027783717709739,0.8902614839753884,0.4451768415208731,0.03299812350753669
1.1132134258755595,0.734107478812444,0.1825033168652706,0.012720564292981778
0.8276846213117457,1.8855022005956377,0.4512790332626979,0.03348187765128554
0.782766728886179,0.5090651226519203,0.21502602118691144,0.015157962631925207
0.699405494328539,1.0894792513336726,0.21979567518611187,0.015517665878533848
0.949131638304745,1.605101540051731,0.2687056717825195,0.01923556148951222
0.3618291057499621,1.1192643609214143,0.33484443993653434,0.024336896669971127
0.482049272209536,1.335823999032704,0.37132900163677757,0.02718192218627331
1.6735309882815859,1.6835578303854413,0.06933606675781656,0.004520571259058339
1.4453580089676135,0.3294771596285151,0.2993131287599402,0.021586706041279977
0.9701687489170534,0.3489494741377568,0.1929425174365006,0.013499895339514012
1.4026007292560718,1.923141732656037,0.23254906118281582,0.01648208047350809
1.979690105957233,0.21049976902584877,0.35355644499213723,0.025793504084547066
1.10320441764794,1.1866358807847657,0.2386954595891675,0.01694819053805789
0.34031035474246263,1.2800281649369016,0.42125168550452075,0.03110591339163106
1.869172087502991,0.05021510775109572,0.498476539307121,0.037238325344954276
0.9590174542020689,1.20789531631744,0.3710343739289399,0.027158867421481735
0.8907544551918312,0.8219753414537332,0.48560196094390157,0.036211099731465995
1.8047545025412104,1.0249348203221078,0.18007377729023177,0.01253962330285114
1.1745340536298032,0.5106450691292983,0.4483569811334258,0.033250173886540856
1.1426717342743393,1.6425902257820142,0.26392708532750975,0.018870103748768796
0.29560884731866666,1.5636603636774076,0.3388145931724093,0.024645488231433386
1.1887951248306736,1.175192092541998,0.14656690728209423,0.010062371227122863
1.003010991913888,0.4076586888438136,0.238443296932133,0.016929051424332705
1.3741417905369389,1.8644903716031034,0.09940402058875057,0.006644047920408015
1.968939856224451,1.8157885532808218,0.3379328768387584,0.02457693263952948
1.0834375484475742,0.28419555036445,0.447307039949582,0.0331669443364208
0.7692896524960926,0.4144250580348299,0.09014686823621809,0.005984807293089128
1.8059973676333894,0.539443121986096,0.25927740086207673,0.018514942140527332
0.08680110462384216,1.3564227660505537,0.19841780358092598,0.013909823994603075
0.5187496156184002,1.843032096303011,0.3056181937737337,0.022073159562468497
1.2086590153252537,0.6067470864761997,0.4670027216802141,0.03473044787967871
1.7174444984059594,0.817771351325248,0.16511398171752,0.011429279913972412
0.48376252505964357,0.43581728326583136,0.17224065560427818,0.01195740568515325
0.9657671674577077,0.8706880035025166,0.30260341890182724,0.02184047390826224
1.605919472702104,1.3148703260666226,0.24972172399485515,0.01778642821073432
0.6819501072487955,1.152276874563174,0.31756204236262253,0.022996550255220134
0.863678127184798,0.18382439254825012,0.40560501681051847,0.029872418153093973
0.09323975336508927,0.5694071432921346,0.43914270187108073,0.03252021391767648
0.4547797953788699,0.18398929179707446,0.46550628152619583,0.03461149362810228
1.2268704164288562,1.0410843808199144,0.4281208665860461,0.031648447449952107
1.8900938172636075,1.800304460526707,0.13938017373746975,0.009535836663540168
0.4004709390149961,0.23426622290916965,0.4753112623670764,0.03539138243241937
0.07346882739979677,1.2303234226834623,0.07692188149765683,0.005051208256067372
1.2955942463933805,0.6396548772243176,0.24160771225761563,0.017169330899826377
1.390518398558272,0.2879916302101315,0.3160791798478691,0.022881776490847366
1.284142514208091,0.5959608880664142,0.2019118562977485,0.014171829546027394
1.8679488926452392,0.4753901358901671,0.3996044250841124,0.02940022889794665
1.383188508179018,0.4082382816623582,0.31510573406521136,0.02280645183928255
1.7313092884110775,0.8550467419493859,0.06666658343793289,0.004334767388384862
1.5595155208890337,1.1279058183089197,0.39498471755507875,0.029037034840524813
0.452919483745289,0.816339477302805,0.32621940662802545,0.023667364648295657
0.3564420269954214,1.081992807599282,0.4966523117530458,0.03709266302019846
1.2174903274774886,1.7400712912239336,0.17441471256287847,0.012118818592778233
1.1509505931602069,1.9894261242647142,0.1448675375116809,0.009937703047084722
0.756402041527356,0.9109428802345665,0.10642066639549574,0.007146587233944629
1.226036781115467,0.8070229918341247,0.15817804009328684,0.010916796385632449
1.5512866913443693,1.8324670685379145,0.41548090184121517,0.030650602937443504
0.0398509763357211,0.629555138470903,0.07841520696265342,0.005156106108203421
1.3062474185155701,0.30686690352811974,0.06331506749559057,0.004102220449326377
0.2300520112480593,1.2416042403429908,0.4748906722784364,0.03535790571244823
1.7433586654140643,0.3813103850991666,0.13667875764717055,0.009338396851080113
0.5260309566239734,0.4824640132394955,0.13345122688178163,0.00910285785583916
0.8727217774756604,0.7760078687546401,0.47797667316256714,0.03560358231885063
0.4603568996914307,0.9251204472557373,0.05712144380475803,0.0036747369158083324
0.2306357928104681,0.9231487291358806,0.16649370562330046,0.011531404374125621
0.47534625905681294,0.9814192949026064,0.21689519437813576,0.01529886131627413
1.9160094261632368,0.38344316927395394,0.11167342456636678,0.007524303516512499
1.1257242230557492,1.6187039984000866,0.09227729688643568,0.006136127041829714
1.9231659332799822,1.9052267284181885,0.05995088264373109,0.0038696475371086695
0.2891948676859355,0.6376914213973879,0.26302737888813266,0.018801346620934068
1.3936127254248216,0.5866199551113251,0.40403459742567205,0.029748794284750225
0.7847985706330538,0.9356464219295717,0.10837374845073847,0.007286882901442568
1.7085781245828764,1.1869150851454198,0.22031433546459767,0.015556813310399483
0.3691965171887359,1.8066126753994232,0.4548901551337411,0.03376836409824359
1.7826139575158408,1.81646185965297,0.4170165129980445,0.03077171913593501
1.5070628694441908,1.6820025270488226,0.20809812618764434,0.014636478740624124
1.9529404106130077,0.9243969399774952,0.3422019867660484,0.024908980572150907
1.5196883897118403,1.4367841627139115,0.06206783740945345,0.004015894943570402
1.3249977602934355,1.5232795978196543,0.2531285603193861,0.018045944662358992
1.4142252416482333,0.5268233482938296,0.46227640795004704,0.034354836205986984
0.3990697091054043,1.9233235618202373,0.06193453948022514,0.004006675926131964
1.0467589302850138,1.9120344398008418,0.45849020766021525,0.03405412861312851
0.9958803281058091,0.759996521118627,0.354788809281333,0.02588962558989903
1.5532204063642323,1.2371511155246229,0.29498695325396657,0.02125333731505473
1.153925399349583,1.8482858854282826,0.3092648102982694,0.022354823458510628
0.48082296007216163,0.514334690289374,0.0714242270152631,0.004666258829985578
0.5661405072418779,0.8963804401492885,0.09461625224970524,0.006302535647399025
0.7013542437709102,1.4951339487038997,0.365973877439952,0.026763079014418326
0.07415871139597807,1.388986809640854,0.2694316623064323,0.019291123395781887
0.8600430565617716,0.49501587319522855,0.1452591035005545,0.009966419980904981
0.1364982124470724,1.6537867902355177,0.3591529355614816,0.02623020189935055
1.4083693726942321,0.3098211537515516,0.1572710975504471,0.010849897261938761
1.2431419293995039,0.27083664995226475,0.05368235890160278,0.0034387286261941636
1.0987410926989407,0.6516916720191792,0.46633857238850335,0.034677650414421425
1.4085539568975967,0.03710598191259784,0.49068211555216357,0.036616208954176444
1.4185066435780764,1.100403282717633,0.32262302206786536,0.023388548349527225
1.8843472163509878,1.6205187926252986,0.26731722587983536,0.01912932905088819
1.5730434771223911,0.11602053172083049,0.12283025106989563,0.008330581948322181
1.4525798038067288,0.649605105513489,0.428513868401682,0.031679505345582115
1.4217479746206652,0.6143937789409759,0.18102369382874134,0.012610348810291468
0.19634295285477577,0.2514313421124017,0.20925661643403182,0.014723599526367006
1.634070813758826,1.220113159202114,0.23866178054428883,0.016945634222062564
1.6819083307279934,1.8423398327612255,0.3904916492855074,0.028684077986969023
0.5990345768252421,1.6649935625532142,0.06813634910071745,0.004437005158151154
0.5349351641361324,1.1869640020431587,0.35653146368154165,0.026025587828199002
1.4258787066636427,0.7105850038812411,0.19930746996877907,0.013976506662662376
0.5646328419658133,1.716061683821022,0.18597017518683734,0.012979047469420643
1.4997082778142914,1.0798319813074995,0.19549232738737987,0.01369069831114378
1.5101385332753843,1.6512779908668522,0.18910592372552626,0.013213130380592826
0.7738506856338421,1.2954760603319895,0.4839875911788308,0.03608242533564439
1.1039131415774737,1.7340653851457377,0.31094696182718634,0.02248482991143876
0.45001663165137407,0.5746219955830671,0.44871466872710075,0.03327853109767661
0.9309818047932228,0.42030337335658974,0.41901639068921653,0.030929498931932333
0.38801993341567553,0.9499073851693909,0.4727638391644765,0.03518865254268343
1.6997089454871672,1.507578801661004,0.2578841516309394,0.01840860534793919
1.6929173016019983,0.30845841113825356,0.24596325827508808,0.017500409732190723
1.9990870989310672,1.5682478467693381,0.12328992159539717,0.008363913103617546
0.5585463960271475,0.18908679576533483,0.30235290550767735,0.021821146016882582
1.4511310024585125,0.524776841217562,0.14760419236075337,0.010138517042499925
0.16927655438586098,1.9421729471319105,0.33335541877300806,0.024221223148799712
0.27256947536932685,0.31197043542811387,0.1331744727743942,0.009082679030694239
0.47789993865752467,0.4105030914990868,0.335567924827073,0.024393112888364488
0.5994385206339721,0.145280017785681,0.07566212723998665,0.00496282658498724
0.8405832839746306,1.4703987776471938,0.09744261651411201,0.006504000210373759
1.1973329164184257,0.010863679895470213,0.15888193965074704,0.010968736630911077
0.9937861053567834,0.09218053995527975,0.1119852605844162,0.0075467662318505005
1.018205294836646,0.18749488527137537,0.11702171822153656,0.007910151290152559
1.0899103419312912,0.855972694806576,0.30798104262447074,0.02225563923483178
1.637996530154505,1.0314527691885478,0.29328992639760737,0.021122658740695934
0.134629285253012,1.3109363926144886,0.07188395306769285,0.004698372972766929
1.0723143051888815,1.2466280414544006,0.4449466060990396,0.03297988040178627
0.7755380773185112,0.8542445042400246,0.26705209482339787,0.019109047730103884
1.6159399409994109,0.5135491880703849,0.2963199093858208,0.021356017228303315
0.20336858364573707,0.258570904167839,0.4870150711289396,0.03632375683322141
0.3956952326860126,1.0097660686669028,0.10974190762542227,0.007385265979175646
0.9664676131030614,1.0971844243424074,0.18365607186568145,0.012806474502689357
1.9991947527334053,1.383316481419274,0.2542286497438704,0.018129795844745562
1.577211269341959,0.6460273077914003,0.365898094352783,0.026757154771140008
1.6333633833898453,0.29762187076599234,0.20297521331555518,0.014251628955513213
0.8859965301555854,0.08512571592994167,0.35550797727710154,0.025945729646702463
1.1731859516093468,1.6712357309000834,0.13978840819246127,0.009565696608727177
0.6088936716341333,1.0396918874305099,0.49844537466277117,0.03723583657725064
1.6242413673868679,0.055626222789732616,0.42590628520265034,0.03147347175474254
0.29033356369316143,1.5711694000652456,0.25244814802371784,0.017994094750779135
0.7390789103623514,1.4678278155601523,0.26736704360448516,0.019133140035344103
1.5755160126700085,1.1068861222400443,0.05305957285720758,0.003396099306560076
1.6118843030569643,0.8434080254423586,0.10824277411713495,0.0072774691336128655
1.6128322203125742,0.5690928229749577,0.20795582876343288,0.014625779993248315
0.47341138826480944,1.8028948472883224,0.1663188672657592,0.011518459940106397
0.7300119730315633,0.13433737434489257,0.060176784830530135,0.003885236971445761
0.6208171351771563,0.08429554468523381,0.32056814193003186,0.023229336099441212
0.39882481442207895,1.7764949430523849,0.25434148938881773,0.018138398142845076
1.3337910098474106,0.4144740211175535,0.23338330912602484,0.016545296031700584
1.5285396984651807,0.144584913116782,0.2724501112812877,0.019522243474319616
1.2127170491011867,1.1686006982958768,0.05735837834871435,0.0036910334491400917
0.04604080042467906,1.1831637852106833,0.29648243612553443,0.02136853912670065
0.7778845860074366,1.001882481357901,0.25112652469198327,0.01789340978168876
1.3519684823106195,1.065935048813814,0.44942335935176253,0.03333472017826768
1.562566954782317,0.610294729982259,0.28767657876027025,0.020690779331122802
0.7842719167688075,0.6317702474574027,0.23994054312471852,0.01704271264577164
0.8103181334341052,1.4057825915659192,0.22508723403150688,0.015917358835444966
1.3655213240934034,1.923899523117176,0.16662167999981534,0.01154087975386267
1.0537667928820538,0.66575892643402,0.21502804739214415,0.015158115322099984
1.3692078649310448,1.4509567528029956,0.264908519483087,0.018945125094097987
0.2863113341982064,0.5624490255244101,0.05399843214681275,0.0034603767270321526
0.3614858462467949,1.5810193260421095,0.0820988220300232,0.005415444466153787
1.5644659542884314,1.716589498212657,0.07919940272990313,0.005211246913403533
0.6675519169481228,0.10915202933231383,0.4490017823528812,0.03330129438474325
1.0398771282589423,0.29241923317515117,0.19806275277858826,0.013883217823860813
0.43798661563361896,0.35029323625794917,0.22430964175506657,0.015858583114334662
0.3279834078201693,1.656407302859709,0.0976110709861697,0.006516020577920451
1.9915527786243248,1.8377002224865686,0.3729001101355215,0.02730488349722453
1.6441694108832878,1.4511074425988457,0.186324508333852,0.013005484796081594
1.8567563248132,0.7002833245654168,0.20802208229141378,0.014630761255721197
1.0173711033470847,1.0495725018881321,0.1897778684011136,0.013263325903947723
1.8690823236628928,0.20734736141137922,0.3083596010160007,0.022284883794057703
1.3570029667100683,0.8124930812431268,0.14459862107572943,0.009917984170938272
0.7329708708379812,1.3727470292847206,0.471425472791909,0.0350821723933038
0.025988957991307293,1.3768626506823098,0.3785578869074379,0.02774797920002503
1.9938124474873158,1.7398485293420987,0.17196759283622723,0.011937142032999342
1.1961520146195097,1.6447881521887506,0.07882366233859935,0.005184821965567294
1.9069199551728442,1.2434763632737411,0.4113979000164639,0.030328720325121176
0.37151041493527015,0.7805378899378628,0.19455441189484357,0.013620493754646882
1.5170766352375211,1.0352815840720886,0.15859532756339162,0.010947585809493546
1.2147771774643037,0.5176400207623855,0.3211769899480075,0.023276502363608946
0.39138851255933926,0.09532689836816743,0.05271322158714373,0.0033724066855424194
0.9136343847584216,1.8389882061668361,0.1739625641813013,0.012085237333427711
0.06936657969814419,1.969691654759611,0.42449146694744966,0.03136171876890417
1.6585343497028358,0.6601774423076143,0.39431764452367013,0.028984614752833333
0.008660600733913615,0.692362598864624,0.38503362948989445,0.02825569564013608
0.6046802155968056,0.17065964663043554,0.18643350919353063,0.013013618211482775
0.2489814054438313,1.172481587368912,0.2496115537756034,0.017778040031008017
0.749925778205597,1.4928832484502386,0.2179600093803512,0.015379164818108198
0.12646272161605765,1.4086532812453907,0.21733180997279966,0.015331785594900242
0.453388892943944,1.5221698707013411,0.4092903138573008,0.030162655301669908
1.020514176417707,1.1523860652629707,0.3236439422777507,0.02346767536457483
1.330395930476075,0.561283786450995,0.3720387312473086,0.027237464062288125
1.1789619778032814,1.2072019547354043,0.19428528989039795,0.013600353825122506
0.2716790062539478,0.8392882368392283,0.16111443568094788,0.011133575659484158
0.42758289274099637,1.092791438517599,0.44696993602756785,0.03314022473690243
0.48241682766964056,1.7911931563039458,0.2055177747681629,0.014442551663021693
0.6706700264324765,0.8473825874350305,0.4934167469490115,0.03683439802890947
0.2864200405009927,0.2062787197772178,0.33244850698030426,0.024150787826339545
1.0804399426486713,0.40806473759720974,0.2503064241448507,0.017830950592018124
0.007009483404460948,0.19472996788508357,0.11352142252741064,0.007657484517884795
0.8142502825410773,1.6103769889289714,0.34339121501462433,0.025001528853861577
0.3329983008697788,0.07833245967866942,0.08497843028526031,0.005618740025546525
0.27615863198014945,1.2016002582372376,0.20882178734528845,0.014690895596978368
1.9883903961697311,1.4394958903271524,0.07412730529272889,0.004855284046856778
1.037120849340758,1.666539742636923,0.06334730332467005,0.004104453178760869
0.3955277465750515,1.8349932454649704,0.3618614515986716,0.026441718298980496
1.824199121794151,0.24202104654238044,0.15318652617490994,0.01054893751450712
1.590995243526177,1.0948191792791524,0.11023924517863105,0.007421050103640478
0.9835897175421173,1.9339211057187629,0.2596370149276374,0.01854239533217837
1.4462760621585617,0.7838994420514245,0.46855826195451517,0.034854127969067526
0.3281404690534393,0.6716272738342457,0.34107911491802634,0.02482161665291511
0.9533896881164281,1.9632632411322308,0.25828825947010237,0.018439443949881968
0.6099156777595447,0.24491487632015452,0.15758096350828465,0.010872751028242462
1.9026434785989539,1.4637752395542094,0.06093245803330661,0.0039374149971228446
0.9027639930706064,1.9690367714435937,0.475245771330731,0.03538616956204526
0.7110225383625051,1.7521820289556436,0.4403651626657392,0.03261699757744608
0.1582850995181777,0.2113344676254143,0.11326305485994062,0.007638855496283981
1.9368576672446831,1.8449127295819103,0.19118410928511137,0.013368414371223495
1.6679964803981278,0.17181391793517187,0.23816266853328677,0.01690775340637506
0.09416821863544911,1.2538404921844928,0.489088388007064,0.03648908827169755
1.7357810157804388,0.8325459381481675,0.3791408740961567,0.02779366264438433
1.6365651835286452,0.2312337280512471,0.45041240239119845,0.03341314743383857
0.1139148147178548,1.0063249658197972,0.18008492467601578,0.012540453126255756
1.4654248624613753,1.0744544571957078,0.32921401810356943,0.023899689371412642
0.5797933255760828,1.6091197137347617,0.37561893125208906,0.027517753829601463
1.537397609260273,0.5155919580427577,0.346691985650776,0.02525851754327908
0.05892778577633817,0.8039180766731795,0.38888724060215635,0.02855810999437282
0.02673845699434363,0.4286470008344667,0.21131288751606558,0.014878317095003984
1.3105071711679657,0.5661716132697967,0.3195248902356587,0.023148531807567877
1.6862915568767303,0.06370170098791994,0.47621470572170976,0.0354632985968117
1.2674609873693157,0.2274413584398931,0.47086522133207237,0.03503760509354464
0.9238668717266496,0.8575094260844371,0.14352313955108967,0.00983914751287773
0.7132332438910263,1.795545904606212,0.14632253295348643,0.010044437411394673
1.7761722687470136,0.8687863820593682,0.15879465230266573,0.010962294896026101
1.8548235026337323,0.13340409423892097,0.14088091053263013,0.009645636273881524
1.2932689257268983,1.0451464857585457,0.47326905416135207,0.035228852753554474
0.6483488873864864,1.4890930162576907,0.3736968655873098,0.02736725447559256
1.367668833313933,1.0683118541427086,0.14463866200012865,0.00992092009763738
1.913563052479892,1.6214745709775797,0.3380899897308,0.024589147646714403
1.3879969533881173,0.6106662228578248,0.2963399550883771,0.021357561627016217
1.9340378744876867,1.0161074776706676,0.3243062589322999,0.02351901781729955
0.32807134868706833,1.6317795068807814,0.22598966936401405,0.015985588609200817
0.2891158318566094,0.8311613602329702,0.43821808992591976,0.0324470236457944
0.3128058858187328,0.23304964800647565,0.31458045220220826,0.022765812509376055
0.3575715140806699,0.8773486027512734,0.2625739432889738,0.018766700431672306
0.5765385783645749,1.8883946769563327,0.23533584249705375,0.0166933110997532
0.3516026001619852,1.2728650518446891,0.2518463843374255,0.017948246185268357
1.724123391093428,0.5083411240817377,0.2270077477102957,0.016062584287709767
1.4665754285666444,0.8462163789371917,0.3422998775408311,0.024916597804165275
1.3819557088902505,0.024204564603984124,0.30924632860334694,0.02235339535612467
0.9691762561410642,0.68672683241528,0.4257728915886398,0.03146293422888572
1.586360962350052,1.8948816542588396,0.4168675073646699,0.030759965464502072
1.8265068948284076,0.5041835440909976,0.3281670426906307,0.023818447405228902
1.0135483463911732,0.5232113605105317,0.45243214929012177,0.03357334237264789
0.5964535842315608,0.34947507603507266,0.12530618207174563,0.008510215017481013
0.3936000057170874,1.3042610449688545,0.10478936610856893,0.007029542061151744
0.14410403572650066,1.5600825247795198,0.401353992237496,0.02953785292153247
0.15144161410356416,0.07924466789058049,0.18017366840159849,0.012547059431178318
0.5582617429544965,0.5939952913235984,0.09432004976228109,0.006281446014429125
0.1225474750799358,0.06300391919541215,0.0561499010571686,0.0036079624496796504
1.6391046584595144,1.7724621061668917,0.16717258016555978,0.011581674806745558
1.4242335168007525,0.718712763868919,0.4312115561046138,0.03189274944314564
1.0898546746615438,0.28319774418955546,0.19087816167652122,0.013345546334292248
0.6175158681094954,1.3377510002646715,0.33654047423345435,0.024468695091170455
1.2014395713638504,0.10085111329832919,0.3930226183085578,0.028882866180188364
1.4910943106025283,0.33359155276572494,0.3613327894260757,0.026400424827534606
1.8127938499728644,0.9795055037400779,0.43672158825444035,0.032328586413280534
0.7040570422828123,1.1035840432164787,0.3818398863965749,0.02800522293622694
1.9920534537151229,0.5929866844644891,0.3984789065548944,0.029311715597083232
0.8288014355297204,1.864567244569599,0.46265389300766074,0.03438482616376509
0.19544284135521672,0.9982162975646509,0.24031764561518842,0.017071347549404106
1.092845400425619,0.7353029735850762,0.14628490046642287,0.010041675872408075
1.1651548683698278,1.9614784263538527,0.076808552890123,0.005043253249390716
0.37049992779812113,1.7437546656801992,0.30623237449162255,0.02212058258951159
1.4451906344980106,0.35992064450261996,0.06388400134055346,0.004141637637146175
0.26749663019803016,0.9798999533425261,0.4686172733091527,0.03485882048545206
0.36603356850403834,0.9474574262971489,0.23967282754069463,0.01702238581281893
1.6239795987320298,0.4870432774595461,0.06461160487778711,0.00419208314658126
0.36652499681632356,0.8590453786359393,0.4835351733610163,0.036046370386251345
1.0439467261158821,1.599869062529114,0.0920694716948526,0.006121354963441745
1.9696073104381104,1.0765789976026512,0.12146517369665343,0.008231649706734446
1.817473219718953,0.29968627765646705,0.3842975800677196,0.028197957424056504
1.8964863783378054,0.6205971783828694,0.1799866562647967,0.01253313804199609
1.0619226850643089,1.957590293988246,0.1855771638378999,0.012949728369636385
0.18245612743587158,0.93851857934276,0.2902459195186456,0.020888387632653896
0.14081993266612414,1.1962935356627666,0.165787111892501,0.011479096364988766
1.6774483069683936,0.6831631958622923,0.2584286476718024,0.018450158146537547
1.5809333958801632,0.2974233229926726,0.4363643419093387,0.032300317097686264
0.5022546256502465,0.80987792483041,0.054203859604817634,0.0034744513042966707
0.5736961527154767,1.475623818360654,0.3668497184975913,0.026831552876481285
1.750130286242746,1.386700195645679,0.14745240651385247,0.010127372318611631
1.8963422021266854,0.5454477190010145,0.21568298908249972,0.015207475421778333
0.563032409128648,1.7724906071644824,0.36737316130030884,0.02687248138557025
0.6590931136569902,0.036563257013989325,0.37181145549369937,0.027219677166017673
1.8599625505977258,1.1700846102589557,0.34980713106523825,0.02550120890530197
0.2854627257676363,0.3461018324834102,0.4035753752745106,0.029712650443089943
1.893877847378163,1.4217200011259363,0.31371992564251977,0.02269924652112827
0.8270381525297583,1.4341417610455218,0.25652060353056677,0.01830457380453973
0.9115589408790685,0.28488498900257686,0.0508540979100117,0.003245416042980975
0.9454829678968533,1.141172820745518,0.11820435962890224,0.007995638280747319
1.4102189105096443,0.2328259639307142,0.3968417063352114,0.029182993307062144
1.6317827535782092,1.9011650675726115,0.254030084603992,0.01811465892778396
0.8720358044776817,1.828817687304223,0.3625470689035261,0.026495277636898056
1.1952965338548762,1.9476737502093746,0.4738450330390932,0.03527468729412078
0.24682255270456155,1.9404834247435911,0.3787402207593832,0.027762266537041048
1.2252617250946183,1.8964222152902366,0.1809950776091394,0.012608217830782906
0.6563642565703383,0.6205010372337638,0.17376063043662887,0.012070241569723614
1.3778193384337978,0.16519157509714577,0.20688098769394864,0.014544983535163173
1.1105726549171056,0.914167339999669,0.08797911851418168,0.005831089832432022
0.7766043546768138,1.0736677302632394,0.3082389859312965,0.022275565715475842
0.22570149830762176,1.824423333506883,0.21452825667294245,0.015120455250955107
1.6674209114636502,1.3090361077799277,0.06747782126567466,0.004391178557257415
1.0911437520455498,1.2036758716345135,0.4015425572735629,0.029552688252803546
0.6866054974659397,1.0684856752135956,0.27958831276574486,0.020069509484246524
0.9629149395010086,0.09983353730341071,0.11456085279852779,0.007732459806880235
1.2040636686558686,1.841022792825417,0.2959555802921086,0.021327949157744386
1.826613485931098,1.1239851138006554,0.4113698747353238,0.03032651171693127
1.725980968971928,0.9586641208122442,0.34675734192191066,0.025263607708164687
1.4221764832552615,0.6462598696609385,0.3459491747185234,0.02520066960005044
0.6931185493208853,1.01344268277882,0.4881864008677797,0.03641715562140628
0.6139165220101499,1.968889125610687,0.12506201478867918,0.008492489292907905
1.6792384299705219,1.0521231596426783,0.3055302589685735,0.022066370348479167
1.0989746660783397,0.13679271522524372,0.3003128130044848,0.021663787717725817
0.2903103163987182,0.4027584901446677,0.20886395652395834,0.014694066977370588
1.8023578310387611,0.9660987500261293,0.18576568361335533,0.012963791628158944
0.31025758582481466,1.415846102538028,0.38569591501363765,0.028307654075647396
0.05650123745133828,1.429119849608911,0.21835229568292852,0.015408756096900537
1.5050130766511514,0.19105841480542818,0.25790637080798984,0.018410300869042898
1.298837937871021,0.6815787618661184,0.4324073636696698,0.031987303917426164
1.2587816794090383,1.0720980811861744,0.339860375114081,0.024726816281929433
0.8342428925233671,0.9677145486439105,0.31332259649850447,0.02266851539460048
0.11533545440579407,1.8281429521417916,0.22727126620353055,0.01608251766697457
0.01956968036008111,1.1801272979319954,0.3702100534345918,0.02709437064644858
1.419513976107119,1.3708284352511135,0.3982944625677413,0.02929721215209744
0.2775031708485862,0.5232987486978697,0.3733284179487461,0.02733841080809512
1.5702597108651764,1.6885491610859031,0.4968311632964196,0.037106942465761926
0.9662652362125108,0.1462106358123465,0.1675083927742692,0.011606546829298058
1.6322291002369105,0.4728538211401445,0.29916492053556915,0.02157527980501417
0.4040968292507465,0.6131595090597008,0.24895208913824324,0.01772783482028389
1.4266690587056734,0.020367848350016038,0.09265951399164789,0.006163300773316122
1.7635958049907379,0.9292456513849972,0.0929602833879094,0.006184689418527202
0.6411644775821081,1.2986216528969579,0.21606037264415084,0.015235921874333012
0.42070497787282823,0.020751354028126334,0.20529113930652243,0.014425526801733155
1.7490970829619101,1.4938868520663222,0.4012056122872021,0.0295261794850925
0.6394059853707594,0.2030710020319897,0.10155448821942525,0.0067978142639833735
0.4303952831071478,1.0812991511299432,0.13233368334746487,0.009021392768290651
0.8292116041381534,1.1420746407459512,0.2636651295052683,0.018850082958739404
1.12778893492692,0.02398916257232475,0.40049074878862007,0.029469943491737163
0.2842591804197996,0.9760434594048555,0.31541355003238325,0.022830268720961513
1.6757029804290966,0.7337166724201556,0.48271893101257635,0.035981326723170524
0.6246791859725882,1.740961802446665,0.08915206675755913,0.005914232809432497
1.4576845096668123,1.8334915294047887,0.10068251290894656,0.006735437469493961
0.0764004431439671,1.4766128604489654,0.0993702397590036,0.006641634284650653
1.0995425742541807,0.23254278568589237,0.23755840433095954,0.01686189924633063
0.34996465981717795,0.9109504720108628,0.4943829799162014,0.03691151120117854
0.877142204804005,0.1433976803363699,0.18018925980974443,0.012548220117793604
1.7612654408840203,0.9683909899865839,0.4544735781338363,0.03373530715045234
0.288603905142631,1.5397385606676106,0.3011382074907116,0.021727443951711983
0.05243951303177519,1.9754628514809776,0.45045275011644426,0.03341634710353764
1.6883387315088871,0.41352302965786225,0.23868980741401458,0.016947761523389056
0.6353306059608308,0.504246477592206,0.23023034648613694,0.016306461039081826
1.0067737383560338,1.8655720398462714,0.368608101246531,0.026969058494492628
1.254400312397799,1.3708721185986645,0.33559083182466004,0.02439489294443093
1.0226197119695062,0.22558368914005578,0.3909203478853407,0.028717742734146297
0.9475440229025689,0.9666822254505962,0.08528872611102761,0.0056406750699162615
0.22504359666698504,1.765777002943559,0.05784614421894038,0.0037245969528933776
1.1032214364494324,0.31907727137636144,0.4663160488077132,0.034675859962174434
1.5948721915448956,0.04388440250916226,0.28614820727316576,0.020573289782749537
1.0956372873692977,1.434766865405689,0.24319390197559454,0.017289854908757018
0.6458466724756893,1.3186248138340917,0.189260019014179,0.013224640500792676
0.1584016163452815,1.72233468180912,0.28339469019395797,0.020361729782553163
0.5659999448515722,0.1850587743456027,0.35565265372714555,0.02595701715763195
1.803143787022024,0.4062187093314682,0.09529745124388514,0.006351054317860371
0.1635986689015565,1.7700236700757421,0.2431664311489189,0.017287767120697902
1.9301607400719087,0.9578890764936518,0.3942325431188036,0.028977927734369722
0.2746408291224638,0.45755316115334077,0.2117196674359087,0.014908936296592986
0.6374471427901944,0.005697110632744362,0.1238605977024449,0.008405305310211641
0.250819816787599,0.14907037703972992,0.28149174908623575,0.020215604560916096
1.9270457561618899,1.9751955969251,0.2026705979934159,0.014228766206269984
1.8404367214352348,1.5519797062662488,0.3193140644168268,0.023132204658059166
1.880211258999639,0.20473856739132534,0.3843163223990322,0.02819942754155666
0.3227868002125007,1.445825047315146,0.4420853183403173,0.03275321571465071
1.0561668688551085,1.639974854019033,0.4347773861015959,0.03217475877239
0.8454806744839929,0.7650018832112278,0.08192659022809032,0.005403300605446313
0.42404861688654294,1.2840620410461059,0.2778276325620914,0.019934432492190943
1.6700833013247733,1.4760973153722154,0.15995697655765362,0.011048093460917958
1.7197865128754177,1.1334257631245854,0.27878306996950913,0.020007725045691496
1.7290086879456585,1.7010905551360227,0.09634795992750446,0.006425924082297976
1.2687963462525418,1.173340571265384,0.4305812905013673,0.03184292058087584
0.5739574225798536,1.6401808692372188,0.4229867731798976,0.03124289493902341
1.0002976967079753,1.9807950588654575,0.19394059827411553,0.013574561403755342
1.6084229362270783,0.24540441777729582,0.3785864005258665,0.027750213442113814
1.3435666976865224,1.100758100401044,0.16900147626729628,0.011717173901712934
1.5558378656618757,1.1663977371341459,0.1944323711346943,0.01361136051241132
1.0281120822668826,0.6232578823666941,0.4211253741004634,0.031095942888328225
1.533365822861359,0.7671999728034187,0.3219158757496478,0.02333375068648678
0.23391880856223413,1.5237819380989828,0.14995564695281577,0.010311270800075623
1.2068676756193701,0.9427629803855682,0.20825502029422288,0.014648275536533436
1.2488264138615879,0.817445794920127,0.09148023221405785,0.006079484731839521
0.053901930967858114,0.3976194788887346,0.05743018822080446,0.003695973503471853
1.6452501921014013,0.9497545304155957,0.12162619541503478,0.008243315576442258
1.2501933916546877,1.6114447741974791,0.31354509007481796,0.02268572366337545
0.2619080943313854,0.08355661502873879,0.39603094961198987,0.029119262391192766
0.9746468070282972,1.1022215791734589,0.47518385666788754,0.03538124140478004
0.6837738845390142,0.5701354127322418,0.1584550114672687,0.010937232006240968
1.5375301973703244,0.8656747079496891,0.06564195910337553,0.004263585661528502
0.11935032133461698,0.09216097263325818,0.09885640168469338,0.0066049276137428795
1.1608261931573183,0.5778436971888019,0.3389298960314332,0.024654454220357717
0.2698032736297227,0.11052069229505834,0.07714283177228426,0.00506671999989918
1.6180469207470316,1.6556500843565,0.0983704055368996,0.0065702219769652025
0.7595353276841692,1.8468484294352139,0.20242528558461154,0.0142103561305826
0.06407291390527403,0.9997809450069455,0.37029068570057666,0.02710067906779227
0.3734973873653531,1.0067101098839977,0.3898335042661351,0.028632400286423915
1.4507982918375022,1.8686024943272153,0.1972865432259991,0.013825063070177276
0.8089499097858979,0.3063607343985002,0.2135028525216483,0.015043208288450873
1.7208203830260065,1.229999996070368,0.11357444559586263,0.007661307989426205
1.1515308848111887,1.7110995142726673,0.4874490985759563,0.03635836324787386
1.256006553643885,1.7414658536370722,0.10534881580291561,0.007069668296804878
1.6623126983203944,1.1367112658746157,0.3760337950680558,0.02755024499687941
0.02243289750015398,0.7661580155903418,0.19041707405041136,0.013311087144323445
1.0147257274439454,1.0386859531235033,0.3998319375716481,0.029418123081830724
1.2941794023520234,0.07302741256097689,0.3664804865296174,0.026802684687952896
1.9982176873700879,0.6923448910343712,0.3579422837422707,0.026135693890081097
1.945939867984955,0.6128396437424621,0.1824068742618023,0.012713378506189301
0.4312732015074059,0.11902949736673252,0.11866030396517395,0.008028611921007922
0.32876207862958395,0.7284609822552341,0.05573870338439066,0.003579724615875993
0.5509367886978025,1.935159376552359,0.11708450262387216,0.00791468815483781
0.5472216524872044,1.4038213341140247,0.1376002098938583,0.009405713522296551
1.869898603755398,0.05345630985354055,0.4915437567260749,0.03668494801483833
0.43609417237605674,1.9464449139082036,0.11738913321107945,0.007936703452177653
1.0811220384281675,1.1334487597365335,0.19521801195777033,0.013670162928914641
0.20706781052962753,1.734966268551932,0.16186422391626476,0.01118897264837625
0.2399092450693905,0.5599420889701974,0.10412247609368847,0.0069817290399138325
1.8520009771543597,1.2121742022514097,0.16102124838740275,0.011126691895902773
1.1815354740834885,0.8332985609171026,0.23090071215817126,0.016357222043543226
1.8448572680716178,0.9793415145625266,0.3600741247065231,0.026302128101267527
1.5127586252087415,0.1709349799263442,0.06002542841552588,0.0038747914685533097
1.9632496778195292,0.15402371348967048,0.08934386478606507,0.005927835382141708
1.6177621145331644,1.1157305584048505,0.4509626212121331,0.03345678278641833
0.28955929989759155,0.3622719577208571,0.29572771546182464,0.021310395564549105
1.2368117623056725,1.822030208530985,0.21557949703878587,0.015199674988839748
0.9787311220731361,0.12452636729028854,0.19362575892398676,0.013551005517338758
0.4790215813745031,1.2701793159935018,0.12489126027554419,0.008480094507368818
1.5756510811801703,1.2265424674140317,0.38193701969074156,0.028012838593232208
1.0036045590013454,0.8297155709479342,0.06631104376180263,0.004310059061993443
0.5971307221410895,0.5977333995159662,0.13183202162745966,0.008984838761470226
0.3300278911404906,0.8244528358417591,0.27326360117316517,0.019584562017863946
0.5468293590226336,1.2424036684868047,0.2086748327730984,0.014679844058880379
0.5106834483499318,1.8146817537911253,0.32023539451359373,0.023203561419718945
0.03764418366106992,1.2283788779087732,0.08026399737876111,0.005286164236401162
1.1795402300649043,0.6366834069701335,0.07528339943204881,0.004936275618753814
1.06171535686755,1.4206397021145418,0.3097961488712991,0.022395883134298213
0.4500304171671401,1.7738053795868083,0.4157479832518117,0.03067166587559372
0.2835044174134329,0.5395390328405947,0.37203322142567447,0.027237032847606566
1.982823655526749,1.8811476986604092,0.41830222678892726,0.030873149191451534
1.0816281275358708,1.7722256734776978,0.19281079996656775,0.013490043591043058
0.034904098751289414,1.6056448605379166,0.16309897771298415,0.011280239155585212
0.4908668065538213,1.2112354804015042,0.17086296888656655,0.011855191937728084
1.1149710888817164,0.5103458675331654,0.48722779679283174,0.03634071787387672
0.16107504740749223,1.5460580199272975,0.1069080522983107,0.007181581098862732
0.9670949217884757,0.5733095357892259,0.23956589278490903,0.01701426701864814
0.45755304180540124,1.3851942018312224,0.4162657009075197,0.030712497489389805
1.7021386366905744,1.797721129478165,0.36281120703992364,0.02651591355542544
0.705471891442198,1.0187616847148122,0.32353156595586924,0.02345896472779448
1.8798134454543332,0.2296828521172083,0.48582101329355837,0.036228561718513
0.3866866490615597,1.9954773107698385,0.0708182459355086,0.004623949848561312
1.3046103694696862,1.6693043569724155,0.266278165558907,0.019049853610304802
0.5366841998170309,0.26154433431045376,0.39277955032155965,0.028863771211757344
1.2202582952840564,0.8816100017767574,0.28995833006276595,0.020866263074365007
1.6900064132797603,0.30712260806212344,0.10658303507033337,0.007158243931417393
0.9365879745687324,1.0459745586495361,0.06531063749286603,0.004240584743178817
1.4174329054312105,1.8705688493265769,0.4176202344447053,0.03081934408209128
0.9490223975712686,1.2352213687445113,0.41822387873893474,0.03086696769185037
0.7640575445244648,0.6506450198645719,0.33672895304287126,0.024483344568550277
0.8929843912237447,0.3584363288105046,0.49352209538721387,0.03684280517698225
0.656599647070373,1.835838551781161,0.3363869943213376,0.024456766314173452
0.9800224969829923,1.7243212421339524,0.1417386181869647,0.009708425735751501
0.4967314398095575,0.5389825710981766,0.31609080398600603,0.02288267605650638
0.42051792514193576,0.8109216472164646,0.25145768190812917,0.01791863484118429
1.485108308339037,1.443682118099685,0.05507114464767973,0.003533912559066693
0.5892950415501979,1.985057826267769,0.09509223712156178,0.006336435333423932
1.0583444886749678,0.9197521313639963,0.43771930604698017,0.03240754542088388
1.2411395782365762,1.8674960601352188,0.08230853380557422,0.005430233368595012
0.7197886171279904,0.9790230493059329,0.13092734241605275,0.008918942824124266
0.8669226294586072,1.2201090411438504,0.13340263147884,0.009099314435885878
0.7133006584959227,0.7915509451427067,0.4381900676586922,0.03244480563027227
0.0924951341907787,1.15659169833916,0.24350228096277748,0.017313292886751805
1.5856331600679294,1.5055493049762276,0.26788999558949733,0.01917314806694281
1.3865859741387976,0.2292481683065808,0.2296392387408539,0.016261710012325178
1.7970828034871775,0.996101542163289,0.0637955782097134,0.004135509861814946
1.3607722839124208,0.47170167488096393,0.23465074544115216,0.01664136648175357
1.2033376025293172,0.05275956559121475,0.16673860478070096,0.011549537447003365
1.2822968247473674,1.2942545805260015,0.3928806221407892,0.028871711126664486
1.496241179142497,0.7135217378561369,0.3285413361506647,0.023847489337763685
0.024010073929360498,0.6137315657172777,0.1147490928875787,0.007746042812001253
0.7203145482086128,0.015172185731180177,0.15890785640337368,0.010970649313076104
0.6624532820462117,1.6042775210813198,0.07496296959498612,0.004913818865290154
1.150217020212795,0.4303308930622243,0.2463890398713866,0.01753279656599696
0.7162496090373098,0.8417775897026132,0.3504418134426818,0.025550673382632044
1.538373545829987,1.373019428253207,0.23235162209065924,0.01646712171449365
1.7364383575019324,1.3855348327596877,0.43310234965376704,0.03204226589820518
0.5847008264239115,0.5585816688360938,0.20086523573642,0.014093314431590837
1.8794056305441191,1.5593636070346861,0.43109114933098186,0.031883229682910325
1.3592121016886773,0.9021369512552406,0.3105591352329012,0.022454852102644102
0.6731675625938194,1.9440311940478852,0.44065174003864566,0.03263968892969693
1.4860150306030881,1.8659158624844088,0.1811354820258964,0.012618673625179041
1.9784327405142834,1.5648805435084807,0.20388469513326513,0.014319903728407087
1.3887238336803225,1.8305884406286377,0.18036907476427988,0.012561606760959946
0.6290507471889106,0.3853349998052096,0.27265503692061654,0.01953794088447451
1.454065108788695,0.20104052005155615,0.21564679094460598,0.015204747055644641
0.7737347410978286,0.10678683876703166,0.481246073041565,0.03586397873335189
1.6558221644527844,1.2603435030707346,0.38457470014871115,0.02821969476940208
1.5144249017934532,0.45896929203640036,0.4296590211545316,0.031770014944867184
0.09840050115723087,1.3473687396104481,0.16218591040933922,0.011212745409816703
0.7875552080805666,1.728786193147151,0.06107468626657997,0.003947240639668508
1.009847194484639,1.5802148664158742,0.30765544206661904,0.022230487781354915
1.889497817640972,0.9448268485491476,0.0745663798465216,0.004886033753773239
0.8958596004234913,1.0328764897798584,0.08501008799708991,0.00562097768009952
0.9508031757594597,0.2099547600440368,0.3846929183911422,0.02822896815696889
1.629609570246881,1.2630481939395604,0.3959967952192013,0.029116577824334727
1.0730051789805108,0.49347532613377143,0.20401559377508577,0.014329732017788926
1.5592545885502123,0.05133513072934348,0.11282897598620424,0.007607563816058576
1.7325935244730715,1.7865044101168366,0.3767387141809998,0.02760545828979404
1.4956262266909182,1.8876012286681456,0.18314057208841056,0.012768051757505231
1.3603674925154339,0.952876781996602,0.0848862051103397,0.005612221623259576
1.5891411347096625,1.2226317687104853,0.39111541762323276,0.028733061970086536
1.0497376152639064,0.3130809984761045,0.3287632450758242,0.023864708627643196
1.600792306606828,0.782914104334288,0.38803086172580725,0.028490887224903734
0.8129581486715534,1.7197195415232904,0.4405742016624316,0.032633549298387084
1.8852268273588122,1.3696266088540323,0.11128379941478178,0.007496243441652979
1.2105148272261148,0.22846498268963455,0.17863156860396234,0.01243229370260872
0.8570432727034325,1.792617779258153,0.23517496554841333,0.016681112339642975
1.108157349555892,0.27591325495220165,0.4372163934149284,0.03236774355200718
0.9519556933455646,1.2831520322086674,0.28160239934320036,0.02022409943772252
0.6410629638408512,0.44819125662714066,0.4932450530234594,0.03682069656054571
1.55609229648656,1.3957703707560551,0.23177308661320117,0.016423294653209367
1.2722383986233619,1.1225957117211947,0.27267503184307434,0.019539472549495396
0.0731369489750835,0.2884299526334049,0.11450941968003622,0.0077287487700204915
0.13793389554277735,0.4965670309641934,0.3972852297434601,0.029217861024501086
1.598852265980964,1.5084493334040652,0.29787709615472985,0.021476010375193873
0.8305431726389949,0.353630720611289,0.4242972624530804,0.031346381041416176
0.20204588077906216,1.4201067107188428,0.28712370514537605,0.02064827363826931
0.3966209694248557,0.7389376968166019,0.2241782487395384,0.01584865292228546
0.7319048132464918,0.05241834914410903,0.20115779902841302,0.014115259033902712
1.430280960473676,0.9208759402497724,0.15522763363673744,0.010699262268741416
1.4424801285330868,0.29935740100022445,0.43942696552353505,0.03254271774869315
1.399756532132667,0.9532419252384545,0.2870723698636241,0.020644327196732228
1.922631230212581,1.8503386162442008,0.22881936518207552,0.01619965296002153
0.3253986688332102,0.6956096149147357,0.10508149525030899,0.007050493031403274
1.7192356023843889,0.4022607760661394,0.07876968901224099,0.005181026859950532
1.0775884947334267,1.501296894311775,0.4471324724642542,0.03315310755942759
1.536079067508617,1.6868496789411198,0.19418310544737183,0.013592707286386818
0.13586256165690624,1.7357818840558723,0.11256467093905537,0.007588514780443902
1.6616927306935863,0.8806165255665142,0.32588077058294157,0.02364110218620474
1.463775650598315,0.06728855454465932,0.15961873839047935,0.011023121493155957
1.3362055630319203,0.5994334098085368,0.14886624171734042,0.010231212305242168
0.21226624418994589,0.3598067030851402,0.4706394355008416,0.035019645148482506
1.0941855500921653,1.8271833076913402,0.33586937335245476,0.02441653850912339
0.13848280628478382,0.7960116884452761,0.3064273972083979,0.022135642344499256
1.6802494585033847,1.4020788741952297,0.4923095375605191,0.03674604661387992
0.3495733044171536,0.44432547601900296,0.1459573910213371,0.01001764471637917
0.49909630725676424,1.522090192664409,0.28150765317331333,0.020216825540383662
1.1716757143592937,0.06452178925129415,0.11670678282687957,0.007887396274533864
0.5319917028937104,0.5710316086301312,0.29775525406473335,0.021466619946713405
0.6336672829409278,1.1790026468238273,0.2099905989926954,0.014778813720403593
1.6833763578483616,1.2256988136058007,0.17841465963958925,0.01241615643301278
0.32299315354452074,1.4213659265395162,0.4042002836759197,0.02976183559212811
1.1132856123395911,0.819616144768929,0.10579586639810024,0.0071017433403918785
0.5071588275194354,0.9515848038817951,0.13612833439108327,0.009298200617161684
0.821599419294667,1.4257037127217866,0.054669673208446457,0.0035063794936646426
0.8329228978159879,1.9348816336054608,0.18814321844191417,0.013141235950814128
0.39430363661938483,1.593602822248963,0.2581949114560393,0.018432320005382894
1.5776136037552617,0.3259120477784696,0.4818938623252534,0.035915587430262894
1.5539125835381085,1.3426265269117157,0.4128197164999313,0.030440784033521608
1.3903007501345133,1.3347268712775058,0.30342077680355006,0.021903543298609184
1.4420962370926078,0.8808232022947249,0.376348370438212,0.027574883455782392
0.4771199148056946,0.07567859835294732,0.0699138963481791,0.004560855587446201
0.3455884042107178,1.9982979569961967,0.29023993284037974,0.020887927055798162
1.8757842511264329,0.8175564346413333,0.32529701368814123,0.02359583412874186
0.9896763284054997,1.1664823884332145,0.4809999404804707,0.03584437086505566
0.0922394991688944,0.03950096958591476,0.3123691077740572,0.022594779494404332
1.4669353778237886,1.2099647808496903,0.07867683126552788,0.005174498037033475
1.6289603783465256,0.7079566222866367,0.1907522957910181,0.013336139229707085
0.7927647338987074,1.0947332846014286,0.06232594231923905,0.004033749617454355
0.9846510862475544,1.244132916505226,0.19387356624779434,0.013569545930149328
0.663401628250708,0.28045039279792516,0.4553236391484987,0.033802764898839426
1.7892783406652533,0.27015345409838254,0.18591129167101467,0.012974654418732927
0.10778375086754366,0.17138312149396118,0.3482861295466567,0.025382693659456668
0.953907867356184,0.4570006716338937,0.07052670827363777,0.004603603871223526
1.8536528578465816,1.5460448787073982,0.49578739932090254,0.03702361371867685
0.03212183737924135,1.8520578546681503,0.09778835263549253,0.006528672370239353
0.42295059659134915,0.6813900371885766,0.31350042144553125,0.022682268800382155
1.2964160570074716,0.3583557778076252,0.2956079293370948,0.0213011682009666
1.894957851100347,1.5860869525292143,0.05465217606770107,0.0035051798495314025
1.0195676424944153,0.9316306410803574,0.09924551227190517,0.006632723012981417
1.2195211136301205,1.7877308911576577,0.2281600779968127,0.016149761976791802
0.7120337882174934,0.019176548796427717,0.4505319595481586,0.03342262865566191
1.4266986419301646,0.14704893026466515,0.14954485666356335,0.010281077807529035
0.2083638726721666,0.4922485667634282,0.35399377824364736,0.025827612403658266
1.5988439677749378,1.6745400478352699,0.31739138895597024,0.02298333977151525
0.550970545187623,1.510359375324669,0.368289880659154,0.0269441702680825
0.2399880206887408,0.8748545193108959,0.186725901308332,0.013035437517608285
1.166398712437013,0.1131206839343013,0.36396035115890024,0.02660570304697572
0.45772280590247894,1.7147121874490594,0.4706455877883414,0.035020134519167204
1.911202492216242,0.45261653550991765,0.2249234948128484,0.01590498114379726
0.37637451605056094,0.4952372003291301,0.26592897103016777,0.019023149287770467
0.14840085971731853,1.5300915819787229,0.2417994851039712,0.017183899549049076
1.2933007079669416,1.622832566887335,0.33898814117989173,0.02465898346261954
0.7408628893425486,0.015045519511971195,0.47976308807811835,0.03574584892365121
1.789854978211789,1.365880377545641,0.1993437385721189,0.013979225519391984
0.4320876226135544,1.907829209599273,0.4138986607449921,0.030525841263912584
0.2619893328261058,1.9417830403599134,0.10603194081475442,0.007118685014089601
1.4802321504691855,0.7369108116115588,0.20969431447426878,0.014756523968378673
1.5581122975586221,0.39797974576598927,0.1669231351444359,0.011563201846387018
0.8075098103913643,0.7632896034865302,0.2695085316242031,0.019297007006014485
0.22188925490744493,0.1309988868235541,0.23299147349348592,0.016515602544003746
0.42051594043212415,1.836856320833826,0.44152077039629734,0.03270850544934373
0.3160985557393041,1.8916149501037431,0.12189172246144382,0.008262555084407954
0.62587605042452,0.4991136290760585,0.4356562065881042,0.03224428625345278
1.3436200586723617,1.1408536428261866,0.2644201332925982,0.018907790194073334
1.9915478760021006,0.46760739790927097,0.19833735199828845,0.013903794967751315
0.2991744457748198,0.05624442742775404,0.18828813061724464,0.013152056312120882
0.27461633045656986,0.6185270121799995,0.31079131261260046,0.022472798393405456
1.441171120357926,0.2756963551737419,0.16899546278491118,0.01171672820893936
0.15329560160067346,1.2817980326866096,0.35693073343927467,0.02605674539823873
1.0102895440533008,0.48962667094570467,0.26807818621941126,0.019187546762704857
1.6399714247176977,1.5635259610360321,0.39663045118410695,0.02916638636914324
0.8341687466162613,1.4258548734163607,0.1022794761354181,0.006849704465764359
0.8349611406526101,1.725653762922904,0.4715572963667039,0.03509265932434554
0.1482843347036702,1.174674052852822,0.34329642165093255,0.02499415101969351
0.28939305619640376,0.6444830341306436,0.473006162550944,0.03520793396645038
0.7441053080577855,0.4318133714080745,0.3892801802056457,0.028588957809528758
1.8863992801076601,0.0547929010850865,0.335691762148813,0.024402736133928633
0.38941977774634706,0.0693113616394776,0.05108862264497402,0.003261418246030347
0.04959620664574871,1.1754537348351892,0.1023723189037112,0.006856351420515324
0.4269310690459722,1.8302693335926883,0.07559100867546314,0.004957840069728959
0.8812292729593567,0.5527804223821997,0.1924796837523826,0.01346527995545912
0.32419402621038285,1.163465700503159,0.22040202591174096,0.015563432637395305
0.38368240429610956,0.2003335393982293,0.12215133777940386,0.008281369037740002
0.9764489024602696,0.2730734075303982,0.13246693478966792,0.009031103856434047
0.7726515513645513,0.4817228877802642,0.11970856115148862,0.008104454404268364
0.724636831770135,1.090407850114903,0.4444126692768879,0.03293757549245584
0.38833653382521227,0.4113276808596924,0.09761762347835684,0.006516488171556811
0.5777174239489513,0.2651891905902237,0.13643158976604733,0.0093203453246384
0.4394534504103551,0.6908052072584223,0.15390728590902367,0.010602004786515953
0.782168854734955,1.2466509683903222,0.1941516635602134,0.01359035452217095
0.6083159378346603,0.28384457329803925,0.14864006812541536,0.010214596258796546
1.072587486992166,0.21484816063620804,0.38983175056201697,0.02863226259320438
1.2554809046740072,0.6539518262941812,0.33826610570184845,0.024602840545972702
0.9833091629986737,0.6452518439334989,0.47164306820985985,0.03509948282102252
0.6956767332417726,1.7681633432363433,0.38861732654987624,0.028536921574677864
1.9875173896812186,0.6909841208005545,0.39328614156379205,0.028903568997002773
1.1368915850772903,1.700012577198228,0.24415314941124655,0.017362768089292203
0.596043956853175,1.8260047787620193,0.15008752011510126,0.01032096465835581
0.36383983449316704,0.20554106754330537,0.43324380138290103,0.03205345315324871
0.24011672065071532,0.7565204778646482,0.39466109187380183,0.029011602848632405
0.15776110198357474,0.5739979240802502,0.16285254320791975,0.011262020193165276
1.4332736178179573,1.0029006322528313,0.21051367083362205,0.01481817018333736
1.6819095120429957,1.8235742720345411,0.26957263674834164,0.019301913727993364
1.191996794969532,0.2748378719613207,0.2727130219408213,0.01954238271485721
1.5665494992053506,1.9796080124317397,0.11608753146869001,0.00784266589359575
1.7271737628242105,1.4761601103113324,0.3650089364866823,0.02668765235153037
1.8328632056801604,0.6958834699617875,0.2800216643509088,0.020102764644969063
1.5044745759618328,0.9006097976659759,0.17399659371361226,0.012087764512400824
1.56790129034055,1.825350931235256,0.05161474289877458,0.0032973351430908584
0.5296950892274679,0.33841670820268144,0.43103663846714657,0.03187891993293188
1.971456247927625,1.4859516321229962,0.1631986399401388,0.011287607747673355
0.018306545109283423,0.9923270446353314,0.3407520198205941,0.024796171075908906
1.5430447894483275,0.467138191044121,0.204212563751264,0.014344521974530698
1.7862836021613533,0.8446302551492628,0.11921724495395974,0.00806890144281877
0.30382797411588625,1.2097651434256775,0.4822464800132568,0.03594368212638313
0.661730221622431,1.590084600345817,0.17066961020076726,0.011840850751675236
0.644170387958898,1.8326949759779694,0.25771918750901435,0.018396017431468188
1.0451021124974946,0.23264861646473078,0.49427074735092846,0.0369025536044143
1.2671741624391175,0.580284267085249,0.24928902793370566,0.017753484911578944
0.7805909823490778,1.1553060950319078,0.3545313447314461,0.025869542056341024
0.4646428911887863,0.8833841454666138,0.1837184576864121,0.012811124931335629
1.06670090103654,1.5669920694031874,0.432153355290488,0.031967217545462584
1.9174042137058098,1.120398513140374,0.38626313547833974,0.02835215924535371
0.0628576829929528,1.8982269277632553,0.28704128930771133,0.020641937877382662
1.3460184326105844,1.59745575640169,0.1920542007722949,0.013433463100837595
1.6695347921147787,1.3529636771026488,0.19290705224731058,0.013497242691094025
0.2253093769282586,1.8023699380213245,0.4138051269784144,0.030518467039277724
1.169655719360886,0.6772718892108704,0.26049686794909,0.018608047749653963
1.4056270509066713,0.39403153561413706,0.4428047017995194,0.03281019413104831
0.8181416329191826,0.7132814867950916,0.2762748058573744,0.01981535073422716
1.8709224004068548,1.9861537321364695,0.39468184413616925,0.029013233613524064
1.8839944642429816,1.482512520869505,0.27468269491590985,0.019693304325264213
1.1935014835969064,1.8281210903404872,0.46155138440072846,0.0342972401879295
1.1011570669656494,1.8484105747583643,0.43300380864272675,0.032034472551631006
0.47352439799270085,1.6735937154837233,0.08902386912689231,0.0059051419875418044
1.0959549398991362,1.8787845899835618,0.4281583137253004,0.031651406713712076
0.5671082106536987,1.1422981542248223,0.37627418793681916,0.027569073138201425
0.8272537354543108,1.7714392076847,0.22638893547129324,0.01601578163598711
1.3815955033473941,1.3945607168489755,0.39571217533178105,0.029094207059399756
1.8505738822504583,0.7236363765905962,0.252255639235733,0.01797942662415512
0.5750737566388042,0.44474953357999447,0.42973761527958304,0.03177622741070744
0.750230197174742,1.5688097313422364,0.23642680916558056,0.016776050610982477
1.8231624074813966,0.17394812502940482,0.45846477472713754,0.034052109256473805
0.46964207550583326,0.48930877055872024,0.10933613393071615,0.0073560782866548685
1.3179757843569013,1.0598112646744022,0.22844359498243522,0.016171215660229932
0.045462658626150176,0.9562318836580344,0.28409282358868965,0.02041535585116284
0.035715043810854885,0.23329882250754497,0.2440805053232673,0.017357245660098573
0.36508388430861216,1.5612208677794077,0.28506889409513714,0.02049034648197175
0.17147774598305965,0.7438377893140629,0.44288498106429225,0.03281655300745858
0.580765666784796,1.569320486092664,0.05794993438391946,0.0037317413509356414
1.4222444734305686,1.7316411577571449,0.4789989060282333,0.03568498647185903
0.5881721418245867,0.32356484098214366,0.19300949070026985,0.013504904752416221
1.6542075037920991,0.30175794237360787,0.4150063954543417,0.03061318407281298
0.1742428136680525,0.5555127287453154,0.1693848169132633,0.01174558767516649
0.8506740366768515,0.662890294482654,0.37959967479965673,0.027829618123416285
0.738080384592334,0.20355560741557932,0.406111018055672,0.02991225775928252
1.711186583577652,0.32287224357746824,0.40816102614730576,0.03007369852599324
1.7595432999641154,0.6075635305985128,0.19033887384721226,0.013305243455632613
1.394294180030402,1.2083031690196073,0.058275126085638285,0.0037541316385111814
0.6970360018412616,0.5116288059935767,0.4096111387574264,0.03018793056091101
0.5924440658895118,1.9649643052641241,0.1460945457239985,0.010027708053381176
0.4192565728681781,0.8328524947524849,0.2853565370436097,0.02051244921722549
0.9957089836510855,1.035982287952746,0.41812432256199766,0.03085911303003643
1.580762892871131,0.13240036321515958,0.3018998665119188,0.021786195448833718
1.3152791142334646,0.7708093597647989,0.40773985588676354,0.030040526251883855
1.2967058771928848,0.22014007573369443,0.187780542641444,0.013114158047886766
1.1973349295829514,1.2706002490917259,0.06871984814812962,0.004477636099434462
1.7692907517514622,1.2043223108297847,0.23820422443614597,0.016910907141819954
1.351189118346032,1.8664006814209158,0.20601375693707025,0.01447981437332693
1.232823898067873,1.7968842911848324,0.3564456097073415,0.026018888408500453
0.22015914283553517,1.9856246132080242,0.10954255433813284,0.007370925373030466
1.1639088298673965,0.9014929524976509,0.160905497814468,0.011118141761250092
1.2072331855073282,1.9350125657682502,0.05128108151594185,0.00327455397913226
1.4712781215985768,0.6234008381602296,0.49311852574131115,0.03681059967803856
1.6455649538759654,0.31192763598071704,0.3663201768729335,0.02679015159455287
1.105344782550387,0.8214726510036079,0.20037843216287932,0.014056805133418919
0.7897863917081329,1.2160273677071043,0.07955329512664938,0.005236143255005707
1.1308469541996977,1.218642310026171,0.4510248289620531,0.033461716431406115
0.7031112092395635,0.13638142134431686,0.056844223450518365,0.003655675416237543
0.9603509469009355,1.5013134943274684,0.3363188536721753,0.024451470402001647
1.93878740128684,0.8305050266061831,0.16556870528804724,0.011462931180675656
0.04382368348669474,0.8726652488619127,0.3856380854474151,0.028303116914192572
1.5489218404748262,1.8393337211466383,0.47673979304903646,0.03550510108023707
1.679599138825494,0.7325091633006822,0.09957656020614411,0.006656376735341645
0.219557793093613,0.0333239812079511,0.06330141820402857,0.004101275090884324
0.7171298019111922,0.594954067813311,0.3736123554357535,0.027360638483576546
1.1853168359036748,1.497497719704347,0.08619378691721499,0.0057046858862665785
1.2833718412516593,1.2472359826944277,0.3389358341246589,0.024654915974174366
1.690830142934005,0.9014527638538257,0.45997571503768586,0.03417209023077124
0.6316536940601709,1.648368011810847,0.2517653538832651,0.01794207302638892
1.0683642226106924,0.7581128925721969,0.24432666420867,0.01737595920416231
1.9030615801809208,0.2824929498911457,0.343845203571549,0.025036865050106036
1.731872789211978,1.621018543157162,0.3112587751795737,0.02250893400045564
1.624759428113633,0.8269377652863954,0.319371240292826,0.023136632500853606
1.1619116675624894,1.377007899935949,0.39431168844073883,0.028984146738087687
0.24858247915394283,0.35526568110342605,0.2606242248340654,0.018617773111374483
1.596621484866433,1.9030287292131844,0.06488338244102868,0.004210935848566227
1.3725353984366335,1.572390590730364,0.325204870489303,0.023588689297028866
0.7126232188954924,1.130594097960414,0.10269699017728717,0.006879599097757204
1.0200168896567858,1.1091988241198192,0.34161965807660444,0.024863670598652687
0.41221427222315676,0.05759628888479207,0.4433785620308357,0.03285565103157266
0.45958006997922674,1.3210233107951908,0.24153943806725675,0.017164144421024787
1.0615166804136793,0.5173565007375274,0.42694468043177136,0.03155550832450295
1.2074299898733867,0.14219955339771295,0.30666105234298097,0.022153686185566852
1.546313077246113,1.995162349196678,0.23297752644420344,0.016514545693548915
0.7252750873479692,0.7820359580386167,0.3827031583085013,0.028072911750593676
0.3387638906749504,0.889015364858093,0.42589912774530286,0.03147290634039532
1.6375487458901645,1.7032546746116266,0.32534740749600566,0.02359974174996998
0.140571328555549,1.0701844331229449,0.4944466716956912,0.036916594683685716
0.2200546982071505,1.1700915620377617,0.3204535228301971,0.023220457473110207
0.4035219969474717,0.010494876986889778,0.05368167545120036,0.003438681825657763
0.7832465939400624,0.08999123094768113,0.3401649504461002,0.024750505652674174
0.15242772595688914,0.29766945291468505,0.48574237123522035,0.0362222926220995
1.3539255466291447,1.2329043901165826,0.3783388895210831,0.02773081960519942
0.23615336804487175,0.7681785456226711,0.47539945795512406,0.035398402588493985
1.3016156771790335,1.7581282327030527,0.22715187984416607,0.016073486704295696
1.7211538639764459,0.7545316345882576,0.14764920682423133,0.010141822336498421
1.9545034248333752,1.5910971314647209,0.08725338257641735,0.005779685167854551
0.6166531202367755,0.8209244939172158,0.05990125263697826,0.003866223129443877
0.5816934288094326,1.0936422711983738,0.2615621924384201,0.018689409281100872
1.1443492101114157,0.2238891195158239,0.4648373026941006,0.03455832403529452
1.0557531946228524,1.448233549231244,0.392412786225942,0.028834960450820072
1.3614462102218146,0.2797984897400918,0.3434467403957736,0.025005850498598357
1.8940922545180683,0.9271285295365492,0.16290669591288037,0.01126602355272939
1.5311403301189335,1.4976885660161885,0.2599050445337434,0.018562858608298444
0.9285922053336997,1.0943134488358466,0.054507131549523975,0.003495236285534553
0.06615017933800527,1.2460144674735725,0.4562812271110292,0.03387876600253383
0.011779648285773492,0.32905406030883344,0.25063545757740036,0.017856008217924532
0.7570540436958979,1.9354386714252956,0.08507048961117804,0.005625247192585051
0.5303198476998554,0.3514931745947336,0.0770185174748656,0.005057992176402102
1.835503833320892,1.1008144615108189,0.07068005318915357,0.004614304861576147
1.904288859239813,1.1105688429607492,0.34560474015910925,0.025173848950905214
1.9706347002908757,0.5613484201510994,0.07174207124220354,0.004688460308025089
1.2160970420182469,0.9774425411277003,0.174484598824942,0.012124009612614227
1.2170181163963616,0.29554348380700635,0.23533897413307753,0.016693548566933267
0.43734895861595935,1.8749591389430653,0.06980241882793552,0.004553081956538293
1.0565500667540166,1.8917453470829195,0.3723686838590751,0.02726328791735158
1.4379187662664823,0.6308081429181815,0.05917289997431591,0.0038159903146918446
0.7971023403717306,1.154496041601608,0.09046844999060397,0.006007632883501652
0.6685503775910928,0.23816330554467258,0.0616060636483977,0.003983964059610513
0.15783856341923652,1.4564577171805997,0.12206568392692409,0.008275161519444822
1.587206130714489,1.0402536627536776,0.23254036091332025,0.016481421288548494
0.5057117562759346,1.219934567453186,0.3234966441197718,0.023456257870626874
0.68958275882842,1.2497278751205898,0.06002701239319272,0.003874900773601746
0.00893372165095041,1.6115733622496362,0.21882468616509448,0.015444394731316912
0.62382862425218,0.7390333147254604,0.3054701264720024,0.022061727754904725
0.1543398077731959,1.9982175253671182,0.4768770013578181,0.03551602483088458
1.0309054195298106,1.9252983832790556,0.4699947456917729,0.03496836711004186
0.2195135317076229,0.26793585385694985,0.43037462027135187,0.03182658230692025
1.2461441468035326,0.6462984393630709,0.24683241884353474,0.017566526038741672
1.1193849083263538,1.8433650147554008,0.060206646075728086,0.0038872979884988505
0.11459416297796987,1.7253331958279443,0.2183307666096016,0.015407132002072554
1.4235110579498718,0.5216543735304093,0.16948181616158045,0.011752778106190251
1.5379385718979914,0.3661582291898764,0.30994689126451536,0.02240753277627286
1.005408491003445,1.246210242960596,0.18159375133715622,0.012652804430253678
1.5332159785092156,0.3112014940763397,0.24222507721360742,0.017216233887745267
0.16309885789491818,1.4321091968505262,0.3143735838343535,0.022749809068836283
1.405059729057647,1.2544824748769274,0.47676307136205714,0.03550695435277508
1.9273319148243913,0.9984948347349638,0.06304363260193631,0.004083423343828985
1.4101350173808198,0.8794311095648064,0.06304159322705619,0.004083282136426617
0.6207475869984069,0.7457062412817856,0.4955106755949318,0.037001523548638976
1.3336443553257924,0.10232187909364399,0.22362158244224234,0.015806586625613496
0.12372917446892817,1.2536870243313454,0.08529095148796495,0.005640832403391028
0.5168320924821508,0.9789879230403062,0.09979343075776811,0.006671875306888758
1.9086677285055873,0.6169476072477602,0.26363500301276865,0.018847780535640138
1.8172431359724504,1.239131080435239,0.23316804565658722,0.01652898283903478
1.737362191602926,0.32207584197451555,0.32363613665250074,0.023467070319639502
0.9044453616334722,1.155899243795773,0.1907224328956425,0.013333907366260165
1.945407107361921,1.3198965991118603,0.2911102321004226,0.020954889204422913
1.4448058006463982,1.019398599978525,0.10477748020499822,0.007028689711027419
1.438521532152541,1.4014000504436537,0.35858272425599824,0.02618568632907073
0.4781661018714647,1.668199366086109,0.4195379711122353,0.030970657428564436
0.1644973268638612,0.38899360869930244,0.3760562880233257,0.027552006663430863
1.0763587275362958,1.4495066538991432,0.3759281781380496,0.027541973090250672
0.5308845821636008,0.8869196338423413,0.2675796454610508,0.019149404322940218
1.5961287653247824,1.2845264431683228,0.39285833265643105,0.02886996011599751
1.2659992315635473,1.4212075683451548,0.2227865416953836,0.015743497612441964
0.3598151316461493,0.14439637621101187,0.13350653209006477,0.009106890641463302
1.7527846485326888,0.8092447438304882,0.0923809841100658,0.006143497920443659
0.5907553656977669,0.5472229229221939,0.46645773103967225,0.034687122714267424
1.9266118997394244,0.8302535129193571,0.35029634475032084,0.025539335617630762
0.5282878443317844,1.2776153260622216,0.3116705548932191,0.022540768335992004
1.2115475976064944,1.2078623118988594,0.1444129331522226,0.00990436968099831
1.0284882265163513,0.1353524350789288,0.46695098186677464,0.03472633456556334
0.11772115462441057,1.5830180712394686,0.20505760758143587,0.014407985249577435
1.8877595149502042,0.9026841868108344,0.4054429761029551,0.02985966073139764
1.7919716043528098,0.1383631616367753,0.3857913038147486,0.028315138142211822
0.3279193500574815,0.44661243294506203,0.1634963750842982,0.011309622839367898
0.2770973296468098,1.7164845679266314,0.16470764383196226,0.01139921478040788
0.39444401788083194,1.1216022699837025,0.12431382408881947,0.008438188048300073
1.45031366103905,1.4661328765612205,0.23047414090982754,0.016324920307434536
0.223844312030395,1.406859859503227,0.11270374560075336,0.007598537807437373
0.33841537339774996,1.126565871129033,0.2383599364956971,0.016922724684843488
0.1542257431233185,1.4172034662034623,0.33813243965126694,0.024592448054703793
1.849791331364203,0.5049828534502847,0.20530920274706382,0.014426883680275107
0.15576627390692743,1.0899184215459214,0.22278560814748016,0.015743427090133336
1.4428268986792978,1.0097242442900565,0.4796973917129373,0.03574061634482548
1.6141099257400602,1.4223183620239983,0.1934016818998185,0.013534241964161819
1.6959172654160597,1.9664583518586258,0.19410814402142978,0.01358709804303154
1.0058996439211412,0.18538728198249843,0.10023974852910529,0.006703778545028854
0.8019497418188382,1.3144969220394798,0.45793394715109137,0.03400996369231662
0.23723425743408466,1.6741125299984752,0.10425338989784066,0.006991113309628045
0.3701966786342208,1.9634202875656275,0.39598487212379474,0.02911564066177173
1.9979344770786878,1.5140435639411283,0.2805270812162919,0.02014155454122938
1.2198244000954164,1.3688144490667828,0.20685105539724824,0.014542733919994201
1.6391649318988777,0.12775733606745066,0.07334052965427747,0.004800215266990952
1.9894612102562357,1.576556995805752,0.4720406790539585,0.035131115488412995
1.0345737401627437,1.3136432714851842,0.2648067965350536,0.018937348446112296
0.09991967553600345,1.233391982321454,0.061659474544308694,0.0039876564916105665
1.3486146561571388,1.01642042751954,0.06611498789929332,0.004296438013044368
0.5003356125350191,1.9997546611451484,0.27518823062673814,0.019732051888536783
0.15791265691672507,0.20686614364754874,0.09055846068727286,0.006014022767396414
1.4796983123023963,0.37420858581465155,0.10392795601468344,0.0069677867972742
1.5757841663090084,0.9339990777711162,0.19366639067622426,0.01355404538578808
0.6218491364503325,0.3406747527371421,0.40338786523407694,0.0296978929698451
1.087906889305871,0.4975366239531678,0.2950727869932868,0.021259948273450426
0.7841971248696791,0.34635461668497824,0.2500848058456115,0.01781407447400307
0.5621301101335954,1.3836586617015432,0.4652447171876406,0.034590704196638275
1.5140502671756018,0.30498695656845465,0.18074624748878826,0.012589689043884415
1.0350238132928082,1.3153389626757404,0.40455817197982724,0.029790006547303773
0.7467854848543862,1.998624638831895,0.48127062634034395,0.035865934781712336
0.5487309940471261,1.9095482831935522,0.1459490394740014,0.01001703196636761
0.22686175185953705,1.329876724400907,0.1940780341668994,0.013584845012949445
1.0667455850057224,0.4884933154656481,0.11315504617070798,0.007631068640491819
0.3774816483033423,1.0897145760177442,0.44522191433834457,0.033001695007157605
1.97379329889419,1.0142308333413406,0.2596640228252105,0.018544457240115726
0.47932098227454256,1.6842771246886865,0.4335391385162878,0.032076811840802494
0.8310425945566557,1.5276713249866,0.36861926095035086,0.026969931328656358
0.231923819364805,0.5957733552990494,0.3336179990397074,0.024241618920453588
0.8728273226096774,0.15930684040839727,0.42424416882955707,0.03134218793991843
1.3624053265844824,1.7042290499903396,0.07190321754504989,0.004699719001990748
0.5818470733162491,0.054968770532578315,0.07067801777679486,0.004614162812276226
0.5148237776361022,1.801123232180175,0.42173554040372335,0.031144108817640306
0.422010225595437,1.764705809908895,0.2388143313695948,0.01695721337508333
0.9888597763334568,1.5258035046488163,0.11238133214160752,0.007575302969662489
1.743421980793414,0.5447131207502718,0.3746403379774737,0.02744112249808171
1.9388428980375398,1.6349755727750286,0.16950598706162712,0.011754569908499032
0.22753207575265577,0.7439987736198179,0.1904936459940506,0.013316809318060159
1.3608961425738815,0.671721102246652,0.3776589691058198,0.027677548640066166
1.9133952808429506,0.9079854228769946,0.1530307697436372,0.010537471919280545
1.0890104035554595,0.5256771053217772,0.20655614889026708,0.01452057089654056
1.3905911819624475,0.5081453507451397,0.4996888029592941,0.03733514345860867
1.7096399972010579,1.3636683303597938,0.46649606215678285,0.034690169812070924
1.8670156801651485,1.9928675147070876,0.49544597813266944,0.03699635903313223
0.6880276882286791,1.0070853242618578,0.29341527776195375,0.021132309569447214
0.95660822158259,1.1062485621422535,0.05750737620289491,0.0037012840122499628
1.0572262449775582,1.8842904872771582,0.1330682622805171,0.009074935729333494
1.9956366453303631,1.5371150790718837,0.3132874320914539,0.02266579575921237
0.8013653876671314,0.3780994524025221,0.4165292241840065,0.030733282520381704
1.216998508713344,1.0404255371391224,0.3287945436576107,0.023867137343277
1.9497927279089309,1.5742039970893837,0.11445730922300987,0.007724988978669605
1.2220130672230263,0.6879628321889462,0.43389549795694166,0.03210499834216749
0.4481097249965953,0.9600879320508884,0.18033253546717615,0.012558886453611627
1.4431862671913795,0.8350156015558341,0.3880539144006181,0.028492696645896952
1.5044259604592558,0.8430165048749292,0.24053634672984187,0.017087955822465445
1.934030326789658,1.313675246549316,0.47087151306560204,0.03503810557273632
0.03477995085859198,1.6837859614274215,0.22063870118919532,0.015581299014319414
0.9154448538829738,0.864465092672059,0.2086649215379755,0.014679098715943048
0.5100817612867383,0.05379976255606955,0.29955124728955174,0.021605064804680742
0.906694844304555,1.5943271428451573,0.4519542388806058,0.033535432747995565
1.7379697310595068,0.543327725643896,0.09236167892321498,0.006142125517267175
0.6312075785994851,1.8211462668085794,0.411391238196787,0.030328195321436647
0.8125621778555652,1.9956945957696133,0.45650079485359696,0.03389619403793071
0.10565551981150656,0.5213165773134261,0.07289022913777164,0.004768715695773958
1.7288029501837743,0.014005346583846334,0.31613095277886255,0.022885783097988565
0.00997597041380871,1.734758829385619,0.2713803239775956,0.019440310452633402
1.176536928006797,0.8698488293235682,0.24362646898189316,0.01732273222801513
1.7346618296506815,0.5586538476690097,0.22139120159613823,0.01563811328786085
0.1526678670216297,1.7572518075501782,0.35987864800154173,0.02628686427007135
1.1104060448791067,1.6856028236141292,0.2727410055492442,0.019544526368399928
0.8968463527022095,0.7144765693025328,0.17543281764875457,0.012194455676202077
0.6938405022895524,0.7757447454806072,0.24655829380577732,0.017545671842863153
0.9368794562458547,1.0282311879609272,0.2067582866063935,0.014535761858681403
1.981375480948516,0.831165116363219,0.3830300589890121,0.028098546657158583
0.7575926704296416,1.9447537418957357,0.17908692859379044,0.012466175292863282
1.514203917243059,0.1734294248568018,0.12544606347265208,0.008520371011429332
0.3599423347062567,0.04820270428941309,0.25002114464506614,0.017809226897493317
1.3294307019911598,0.5298533938243641,0.1805750099241692,0.012576939100322728
0.7594468323358663,0.5698823280868295,0.4848487566097421,0.03615106140935345
1.5803062781546375,0.8353189487941097,0.1819352149872046,0.012678239693406184
0.7338463056802711,0.509085683636876,0.3407673867569389,0.02479736647207433
1.5592972426887404,1.6311716444465636,0.4205987506873863,0.031054375623871998
1.1418249493961388,1.6959966975422436,0.4028777847879165,0.029657750856331596
0.14777736608872827,0.8316915069310507,0.25264873305996727,0.01800937906481971
1.496662395500604,0.9182233583403361,0.292278085285614,0.021044767304344517
1.743334217333658,1.382960117540855,0.2124931327550872,0.014967167890603652
1.248744700547709,1.869257665063215,0.3538281528854405,0.025814694675060736
1.610884253423606,1.9790325276660026,0.4990579040860137,0.03728475434274137
1.671267421617013,0.6266020797585292,0.23456127332935872,0.016634583405081293
1.1588101492304912,1.9628655795528238,0.3503623518422025,0.02554448014067849
0.6472071434854516,0.4356294357779702,0.07000512180363849,0.004567217623156187
0.6597726965957351,0.7564972517797168,0.20073587729840575,0.014083612210220444
1.5605719459060605,0.4253213064703223,0.1494246178653628,0.010272241365208159
1.6871147988338369,1.626929803904132,0.4809571814766487,0.03584096458861018
0.6316413419888338,0.6005957021135553,0.1992006768843564,0.013968501173659355
0.7369054365667589,0.5693490494361186,0.47024833637391544,0.03498853690253152
1.1699014941111165,0.20975293867396028,0.4960681465377538,0.03704602594343515
0.35017647502849236,1.0508327730374967,0.36286108552530694,0.026519810452388982
0.7554763058173875,1.5177602205508367,0.4399780426697934,0.03258634682353633
0.2500943046858126,0.2800938596562019,0.0960212502990952,0.0064026334197806265
0.6663448984110343,1.4944432515977888,0.36156205715321366,0.02641833227465689
1.684716265584988,1.8307339629439772,0.18666545429396142,0.013030926559883626
0.4289244343252345,0.9653407010552875,0.3075254775005175,0.022220449006214123
0.28772765561116986,1.1274423909629587,0.46771975275419425,0.034787455071487575
1.1351670423148759,0.8402634651676468,0.3382018462136154,0.02459784435662037
1.1592507836570292,1.6787469220079716,0.09881990481596858,0.006602320913800451
1.5387479614658992,0.8690278529525082,0.27789571303696403,0.019939654438365446
1.6187392412113109,1.2990370151875301,0.2311688764941316,0.016377530662709444
1.0297828603931063,1.8271887191394056,0.1874257571702242,0.013087672739783176
0.49540740127704397,1.1720143723009802,0.49578693191396456,0.03702357640602061
0.7371020636168124,0.9129575635960367,0.12230555709523147,0.008292546399229338
0.5464252695521463,1.9828958745541185,0.40508633673705297,0.029831583848634328
0.9343447549680421,1.359160595654205,0.3623266274021729,0.026478056333037167
1.0873592776743484,0.365082173716647,0.10171212975436425,0.006809095112795015
1.236156243431292,1.6688095974488895,0.1528290756466204,0.010522625941563437
1.098950876729893,1.9269422286060802,0.18625509887020109,0.013000305778643629
1.3161302183802632,0.2586404590580711,0.26673204223047053,0.01908456701230863
1.6771750155384473,1.142801987412567,0.11743291234588331,0.007939867643422622
1.4678684040637138,0.08755718884554042,0.3351626990487597,0.024361625006080353
0.2057137167784422,0.3455651857787989,0.188839142008075,0.013193204697946558
1.9003574220380188,0.8516068486960846,0.43437421480589616,0.03214286530306813
1.4162119514260354,1.4904212891048898,0.22665021507358518,0.016035541931671
1.145935098788878,1.3867759582975392,0.11675864332193517,0.007891143057904837
1.3854267242585703,0.7317451838791935,0.48438507986088775,0.036114104686151775
1.013417657494801,0.11246514298143451,0.10182559786361566,0.006817215652323838
0.6248420812734092,1.5023320613061526,0.4339866927465034,0.032112211715126696
0.34874372060065784,0.013806349678595398,0.2713258554444338,0.019436139404350423
1.602984699017017,1.964436398168414,0.35425143178033724,0.02584770857604943
1.270150256589122,0.48625250646195184,0.24308506426489523,0.017281583317511985
0.44678300248668457,0.021289565860835635,0.3935400128146166,0.028923514441857867
1.6800248231837789,1.3592295083701265,0.18360777387548638,0.012802874298593897
1.9852693465809466,0.8903177391331345,0.06359489382006464,0.004121604490248254
0.10157680384017342,0.8240091102732188,0.07072832765893435,0.004617673969054139
0.6764702303326113,1.2169694167418261,0.3285499258344171,0.023848155849676027
1.2485971344131703,0.02733101611934341,0.17491258337698815,0.012155802626045344
1.829381389595211,1.5446676825490884,0.39272264669382545,0.02885930108648816
1.827589599668941,1.9046941512615472,0.1876674820153848,0.013105717514504834
1.805502206777024,1.523530246150281,0.1421614111788415,0.0097393864344689
1.4517725476613157,0.4989217319516428,0.42861166214837815,0.03168723403258164
0.6106675260079006,1.61090017775967,0.15361910821269903,0.01058078510726466
0.0877372433229584,0.5382569628318488,0.474110722705555,0.0352958313164302
0.04897456876008732,1.8890133004249237,0.48600807276049385,0.03624347378952943
0.403990816286361,1.3870604056390359,0.4554194893403858,0.0338103717667033
0.7119781539910544,0.8667227625803116,0.4667537305964717,0.034710653382097535
0.7887842880150548,0.13342840791523036,0.1115788387561665,0.00751749100152205
0.13316126794401462,0.51872673587196,0.326889413722163,0.023719331686746305
1.357068932361978,1.4580131863394443,0.159705517413479,0.011029528000467234
0.2832964284309938,0.11913278530094029,0.1757105006279367,0.01221509057056161
0.25341703925620185,1.5490020896551975,0.23997908885661307,0.01704563943529875
0.49164605397466854,0.4845643527008614,0.22927829582938153,0.016234387994289334
1.6442219538582932,0.029869853360216858,0.13632566036947805,0.009312609624423743
1.4786383543666695,1.8973858880630654,0.473897863955591,0.03527889160053498
0.8354724028473028,1.1275774921602864,0.3652987145030596,0.026710302022978305
0.8064806777341937,1.5290454682445578,0.40558245019746697,0.029870641468585545
1.5347814610770163,0.5514940836134947,0.3997639768419327,0.029412777799231127
1.3385318460750781,1.2107869741757045,0.33090719296008153,0.024031112070701195
0.38836121424918413,1.049897561975112,0.1267687208832065,0.008616440167890435
0.08764380429790553,1.5453842156855606,0.08109114037379349,0.005344419081989878
1.2005601553135885,0.12178665317284154,0.32329118303638055,0.02344033260413279
0.9657710240284514,0.9279986650953378,0.2876844824974197,0.020691387022325588
0.21270385811733306,0.07491566794244076,0.06384055879289895,0.004138626969685274
1.9602894085844305,0.3629731508753713,0.1430246801320435,0.00980262245087739
1.9973492496794172,1.8286238531034409,0.28278760230734623,0.020315104646301683
0.7995921782963094,0.588267138752331,0.1564965352825316,0.010792784016596373
0.5324979804271048,0.45960829207939113,0.3106130225298251,0.02245901727132677
0.31963067667498124,1.717895697028251,0.13812145558286346,0.0094438069032219
1.5348325810423553,1.8973595522386544,0.2176407565762455,0.015355085377019155
0.4461341465173554,0.3029714388477116,0.4579651415806467,0.034012440310760554
1.0173584149242867,0.5312840671137624,0.19397347369550189,0.013577021253888561
1.8333211225900616,1.044606897995185,0.31670805779830935,0.02293044720444498
0.6139430087689137,0.577922058451191,0.07745283466418791,0.005088488820973107
1.8995440583244578,1.7863964578170912,0.3339715634272557,0.024269083581266466
1.1053412748027995,0.7697502228503703,0.22135606329419594,0.015635460026118098
1.1063005395179413,1.537376796621483,0.17797879784122211,0.012383733931530912
1.1982686104524056,0.3900714752416097,0.05129579009206082,0.003275558011266584
0.9738914956312681,0.4463428292552374,0.29176363216099244,0.02100517188004768
0.0033902692359226716,1.044513421347965,0.42588589905123175,0.03147186132109477
0.6761826318758872,1.7282192598291837,0.12173185627926855,0.00825097118432278
1.8711132303202958,1.0535349518542723,0.19314429513611353,0.01351498811099462
1.5272948999819207,1.2740459698541664,0.4948858020624833,0.03695164457327977
1.7696944407616755,1.1504411857270864,0.32258633715824814,0.02338570538548176
1.9424190298159203,0.5577562901625135,0.3505922981253058,0.025562402433405546
1.2288396965772443,0.03507282886944063,0.09438216682192521,0.006285868374202379
1.7084122657558811,1.5811026606527985,0.18649527096518803,0.013018226890915615
0.22930679237560692,1.3916965664677254,0.35356701467892576,0.02579432839699551
1.6544470641358582,0.24346705780566902,0.31964203592238577,0.02315760433431413
0.40831849120190267,1.3402096751055483,0.31516928661486016,0.022811369008153223
0.19657791919446277,0.7097870045311525,0.05396753435562431,0.0034582601270097754
0.42356741407774234,0.6871595271817197,0.3548406148137571,0.025893666804293954
0.4214469013384501,1.9019571186187956,0.3967881841204975,0.029178785824860793
1.7671605734222902,1.086282156423255,0.12343307771755785,0.008374295245445454
0.13902267575962357,0.014729581843863748,0.4307838905300436,0.03185893761110458
0.8692840512971824,0.5948643304355592,0.45784491960149465,0.03400289559466608
0.668598826750477,1.6483717024594833,0.4286443219713678,0.03168981518125973
1.826044419120758,0.2952862065908213,0.23030365688039067,0.016312011706174433
0.513437664104827,0.40763652147713336,0.45387002582505614,0.033687416719719046
0.4118887425008293,1.5447656528913563,0.16213177374629636,0.011208744460734943
1.533971355603175,1.5069996811140713,0.47902262036357807,0.03568687507374411
1.2109701179178887,0.8996953785864916,0.17448151253563937,0.012123780365833062
0.16843824062282753,0.7983157335643096,0.358444443308896,0.026174891671483097
0.5301369310391908,1.8341444781240812,0.19854882002041657,0.01391964270354462
0.5076591933480012,0.7606929640549696,0.08036891586503947,0.005293551254542082
1.0845509173850667,1.0251050092642437,0.15270644988328036,0.01051360056045061
1.4638661997069928,0.7143120627379853,0.061943261467501703,0.004007279105624871
1.249850690618821,0.4363101881430471,0.30599523946355367,0.02210227179163409
1.066897802528467,0.29411685990807923,0.1493009626348017,0.01026315435835194
1.4758854635917804,0.6561005506977264,0.09721856707208917,0.0064880149871699285
1.99636054976607,0.874268789505904,0.44933130743105243,0.03332742142533055
0.7641905111291845,0.9996005923849922,0.3349843000507609,0.024347763426768813
1.2691631565143857,0.3140765725752457,0.10016019462101364,0.00669809123345981
0.657472468828012,0.2087426679266864,0.4246626423319344,0.031375238123208964
1.3684276436351464,0.0774702892276462,0.34576344747055093,0.025186207043669213
1.7526270041057057,0.3679005670058484,0.074434681981976,0.004876809242543684
1.3945873652492928,0.5858511605382946,0.4452539835651568,0.033004236137765666
1.3221327590721739,1.5075473814030216,0.38829902183702913,0.02851193576310501
0.5113245536729478,0.6937965955807732,0.0730432144624323,0.004779415874187547
1.2116196591388408,1.8860933116459908,0.3548463590918076,0.025894114902942033
0.609035437837429,0.5784246430998004,0.438112182650257,0.032438640935754826
1.5319707369557527,1.8020239137131846,0.39223756296818735,0.028821196631130894
0.3505016956332725,0.9270905317471994,0.3706715531827619,0.027130478253133028
1.913353585167993,0.9910707169504502,0.47605402328343327,0.035450507217171995
0.9352000780801633,0.5076741812979388,0.19481998046210575,0.013640369644736047
1.9705244199274892,0.8646516286266159,0.373292315310789,0.027335584643784088
0.3681854430503346,1.45102968513829,0.07551247669757763,0.004952334135210773
1.2812423197198692,0.15713180552662287,0.4226240674881233,0.03121425687169457
1.2397895541735857,1.7222733039833573,0.27397154109319943,0.019638805176080708
0.7242483293014939,0.10074649426564197,0.2640864168020508,0.018882281823935313
1.2892029335488426,1.0557809785945094,0.36642055039589394,0.026797998805162447
0.12834873405476266,0.3802737241505991,0.09041580573892286,0.00600389585700013
0.27274808949609497,0.5670688852501582,0.17479894387133807,0.012147360343360709
1.1583997839237825,0.4796919457580764,0.06966832485930936,0.004543732354117765
1.7070370574744007,1.2608476472018946,0.1894646181636333,0.013239923997106495
1.8278549759796006,0.4647923438060111,0.36068479961060324,0.026349816435198622
1.6739163903133063,1.9690015606916957,0.3569507066726333,0.026058304100426075
0.9382092743613333,1.8086243289714852,0.2737218298426238,0.019619670912001355
0.4359236558439723,1.693994177392666,0.4103010852513607,0.030242290620624588
1.3171765392526011,0.7523826607167299,0.15539341935983758,0.010711478173166375
0.49110932200513036,0.1130818888297922,0.11597349775083271,0.007834430688796598
1.5109815002585298,1.9498444300499465,0.40297397907816496,0.029665320849177862
0.027834178477520455,0.629302677449751,0.36223963238367973,0.026471260317822178
1.978631829162827,1.0158985241739502,0.37693628498091053,0.027620934443337544
1.2475966313695634,1.8458844644976058,0.48221619895983586,0.03594126943794931
1.049663224566317,0.686229240793288,0.1939511738735143,0.01357535270270465
0.45106662290146016,1.483473783245564,0.06617034389961196,0.004300283608336512
1.2224233905752862,1.1847402857312932,0.21597775836295097,0.015229694274185666
1.6745652996488116,1.4796169902632188,0.3585418712423718,0.026182497180910938
1.6090487416907515,1.0735935001107635,0.3592553092875876,0.026238194584385525
0.7285749203781857,1.768131544407409,0.2932198302912022,0.021117262150313017
1.1988984793452349,1.8769497634917516,0.23743899785068528,0.016852839121942777
1.261115893373914,1.1921092322629796,0.1521996925459605,0.010476308011616961
0.6413618665033132,1.5650701777168265,0.40435942792753055,0.02977436232046877
1.4705018214846604,0.19527325379727367,0.14968607902164266,0.010291456973916844
0.4701206746261837,0.8692572920077906,0.1537807015073495,0.0105926835315355
0.16727665887105148,1.7955868576321745,0.29304789127741926,0.021104025209643773
1.5267697326362615,0.36551181962271784,0.47649776064390087,0.035485832355905064
0.775882297019278,1.1913215533488215,0.08004896591176419,0.005271026553130676
1.2751163519376398,0.9240576428779284,0.14305867186842108,0.009805112947210932
0.291167716664964,0.7364301842175165,0.14514240826423497,0.009957861146619298
0.893314405729418,0.5271174907061171,0.1752293868726526,0.012179339965862904
0.8605949667235866,1.4324673242640462,0.49872242189967697,0.03725796158340044
1.432468267576813,0.48198920464288997,0.41974980786740396,0.030987374713147754
1.150603062053404,1.0191131211672158,0.3119255904779075,0.02256048637333727
0.4723425757310482,0.1923679861208034,0.3082104010924069,0.02227335744005014
0.6538213627097886,0.9321891757393597,0.460084696512708,0.03418074530063263
1.6095874519125652,1.1274305326743845,0.264442760536215,0.018909519838751086
0.43932571648000884,0.5307194069089607,0.20783732980574687,0.014616870938356645
0.6193727202176331,0.30632897111182134,0.13328227435008325,0.009090538765996744
0.2067963776259112,1.0830168854992313,0.14685203174696337,0.01008329816711878
1.0593730618605193,0.6607819153613925,0.4055487683752717,0.029867989688929977
0.914100237323491,0.21143125031823362,0.40515274166337045,0.029836811530824344
1.956481865733941,0.044361399456252615,0.4712500899626186,0.035068220516417586
1.360975819661547,0.20669598503309894,0.45249400783379246,0.033578249423588155
1.810471305824722,0.5406360108811861,0.13093307053274458,0.008919359955871632
1.1923575466860197,1.7311182152683153,0.07617045306183713,0.004998477515598546
1.1815955639635887,1.0683433746253597,0.4510938881083998,0.033467193509949394
0.6565957194536243,0.05736237746116801,0.15595584267442303,0.010752926973945646
0.8160692669093457,0.046483941261369566,0.38763703748892675,0.028459976823927417
0.1213634977913658,0.3963872189668738,0.07337574913063369,0.00480267951529124
0.7927685641757825,1.3101229758122255,0.3451000886660886,0.025134555758903294
0.0021346515830720225,1.4101058520243386,0.2730556923002855,0.019568633645386923
0.14992649097252553,1.5353128633796398,0.388361102443783,0.02851680876366019
1.6637207215720984,1.794829910007382,0.13996613250198475,0.00957869797595157
1.106066655163977,1.8512413994587749,0.3306433251440886,0.024010627831522198
0.4155850649624988,0.4794945358429996,0.13254870513944278,0.009037063443339911
0.8375958769323242,1.6594345648106705,0.21145183885922864,0.014888775805232781
1.914421341589108,0.5338768818352504,0.06264622006051047,0.004055912253347057
0.06498633435900714,0.07910947929519208,0.05720639372541312,0.003680579298898948
0.9745464624841627,0.728874983190289,0.3373659524489047,0.024532859404415207
0.15765941630538882,1.0332177046923505,0.2322262838354377,0.016457626052372342
1.4941356185612427,1.3843175354199826,0.4480054251040912,0.03322230430235328
1.4611452558591365,0.99925460783965,0.31036197482154826,0.022439613196407585
1.1328605373064602,1.2644636940896363,0.35064747377526223,0.025566703011291533
1.3652898667845814,1.9059792957305377,0.4396858129575848,0.03256321036974195
1.8977920844541945,1.412926057216538,0.13845411536508712,0.00946812334438403
1.2964033769057108,1.3393610950817956,0.36314652531737573,0.026542111949837587
1.191519858532944,0.6630320648599093,0.1015565364569998,0.006797960828388173
1.0176561989025836,0.6116294168017256,0.11714930625422315,0.007919371107041563
0.6427758151839857,0.1704169321563338,0.32861184555122586,0.023852960512525122
1.039184407034428,0.6938856183819799,0.2987896901576722,0.021546352853713247
0.05652997986560049,0.8626977949166459,0.10207690289633839,0.006835202949234665
1.4774515783249231,1.5617583135464705,0.49714161271608426,0.03713172948250344
0.5848490026001092,1.733894000950835,0.15516540169507512,0.010694676946673984
1.3399042713309242,0.6211468804688638,0.05398597789229427,0.0034595235596991897
0.6574322952297231,0.6077339757536699,0.3755822252508704,0.027514879220315168
1.8612441203370027,1.5472134735335195,0.2618322716682864,0.018710039553546845
1.3717164493325236,1.4307753379864696,0.14681534895649395,0.010080605646873526
1.959076424001713,1.1409274357644803,0.10223851749241136,0.0068467722184104565
0.20067735046041468,1.6848295867422203,0.18754680088091963,0.013096708459717409
0.031012753761599843,0.036149458333548434,0.2719078373320071,0.019480708940476214
0.5306796694376057,0.6139611562231388,0.0841904258249738,0.00556306027874165
1.3399313513006785,1.9130268830111539,0.3378306636328826,0.024568986111556775
0.06429275863474349,1.144136897781905,0.3604917257997541,0.026334738467592746
0.2652733840473085,1.2789809499414544,0.33596089725209666,0.024423651135479858
1.4811497743023656,0.49107188571025673,0.38455390529317973,0.02821806357994997
0.4875919084757274,0.5674305156088029,0.30961250931471046,0.022381691669142154
0.9523404004458407,1.6018771767977755,0.41887430656105906,0.030918287526359067
0.7016144442858152,0.8286858873807676,0.4731763692135186,0.0352214775438584
0.11076858399915368,0.30226588621519856,0.33626435502176677,0.02444723480344656
1.2049358199420726,0.4050821908583646,0.08961975994001728,0.005947405768454654
1.788369909028108,1.1790168571928086,0.3821061993520316,0.02802610330618144
1.1755597303502214,0.29627119588821227,0.45251072897091194,0.03357957586870572
1.819071820900184,1.1481771129331542,0.07106409447831029,0.004641111743882284
0.6763231802143528,0.3773916011183025,0.15527396785325615,0.010702676310252622
1.0078776063613462,1.595253746925538,0.4839059830837406,0.0360759214946687
1.1642684266599135,0.9676329924094318,0.12506536791561612,0.008492732702499917
1.0385602414221007,0.04406133562161907,0.3874372634260416,0.02844429782391289
0.6446484463204383,0.9397070234456917,0.06861270098008042,0.004470173302357863
1.3205907626937625,0.7255614039548126,0.3562585704664967,0.026004293612085255
0.7418682176546771,0.8903671974549856,0.18449555751916547,0.01286906143526157
1.6093553544643513,1.0731525195882805,0.2676415188439075,0.01915413787574051
1.7961138605401101,0.05227848178209005,0.25085365480843597,0.01787262633623928
1.9507605699896886,0.7852505872296971,0.1925724260070969,0.013472215699609328
0.04705135933799931,0.02242429998496709,0.08522404217464621,0.0056361020590269964
1.3893091801069692,0.015055506413044206,0.4200361748717162,0.03100997454350281
1.7644560358394967,0.5274870632573774,0.32664922536634794,0.023700701370173632
1.358043929202635,1.91322635760602,0.1294440611867336,0.008810970150636178
0.2507924623469058,1.1387929482336736,0.4190855762563146,0.030934958239430366
1.9098031849809438,0.6797462563895986,0.2914750605047682,0.020982963768204046
1.0102730942878049,0.4489337386157839,0.3642130555040965,0.02662545097245204
0.35917035719805535,1.0753285970034006,0.2152539401777519,0.015175138706133474
1.3636304036140148,0.7128637395859414,0.19832678155403943,0.013903002833137881
1.915391087689101,1.4951539890684633,0.17877773213022058,0.012443168521258001
0.9972208429022649,0.4983875830321327,0.22354288015664564,0.015800639814345863
0.9215723807895633,0.7900161297202888,0.36401333893716403,0.026609843770759103
1.913200219881368,1.1490880798644278,0.05678642112785184,0.003651701771425688
0.698750318566302,0.12725076479283803,0.3093091000298482,0.022358245802321805
0.9079694052311167,1.0696852050749168,0.0579860738264113,0.003734229217493137
1.4527146032137717,0.9250777435099635,0.3035158125520565,0.021910877257258612
0.0006022532857428153,0.4369066110769513,0.26813005051341354,0.019191515086023857
1.054346362226009,1.0130233011594378,0.4545917059473386,0.033744680823337946
0.6620113115468886,0.1588183881516836,0.25260862372872844,0.018006322719918155
0.5139255339812219,0.9546941113075513,0.25557553887199097,0.018232492717241058
1.3642976149267512,1.2265286955480412,0.14842106948406425,0.01019850898885075
0.6992311911653226,0.4377329731628028,0.26418977408447303,0.018890181932540905
0.034384513011749496,1.9836205786929182,0.4577028067625628,0.03399161313286559
1.7772053192930446,0.516295986026597,0.37668386552920524,0.027601161974050815
1.2591581481272416,0.5412639191658417,0.44060771182123337,0.03263620268527691
1.1496186361124305,1.6679510748485311,0.32814429569846976,0.023816682509183576
1.8780214076929607,1.3278188321581164,0.26708810497067176,0.019111802261198026
1.9735491127461062,0.4925662139482174,0.09057043454113992,0.0060148728275827516
0.05281017692329226,0.7652836549146911,0.06329570155326934,0.004100879156267995
1.364359558774277,1.7778625619356723,0.4674456648061039,0.03476566313573272
0.06647630293886553,0.576463470570659,0.09993274607402058,0.006681832649385471
0.7661373856426006,0.8777479834256341,0.49627785980942096,0.037062768055304375
1.5014308480283247,0.4963884593923238,0.4532286894394844,0.03363653302831686
0.9362166109276508,0.9625853667343918,0.293745226853088,0.021157713781253452
0.5544874263841895,1.5164145476736404,0.33823375303559766,0.02460032511086506
0.022587175746997312,0.6727254696431064,0.20674300454951589,0.014534613352639579
0.8467175178263473,1.5061565447431495,0.43037189722982383,0.031826367041026316
0.07374843717498569,1.1730286116697062,0.1890297824607015,0.013207443261201905
0.34994051558893413,0.7768221831060504,0.21362252278750238,0.015052222113918223
0.7798123354633668,0.856590462405372,0.3779498154664104,0.027700335301227064
1.5915291351065335,1.928301493370034,0.07072005919434453,0.004617096896125751
1.8293172259566497,1.6528671492457783,0.48725049964736145,0.0363425280478429
1.7152702550517087,1.564630471379001,0.27365914641494093,0.019614867948411288
1.2822779168450273,1.3443614267140163,0.24917696059036465,0.01774495331136364
0.7166840622215427,1.8047977525524959,0.1962373215241311,0.013746478948335939
0.31728923065601133,0.7953220874506615,0.47841766824287646,0.03563869890301107
0.2644721820113185,1.8279085835037059,0.33934060460184196,0.024686392765868
1.515692208971516,1.137225043221514,0.2565732579936886,0.018308590356021268
1.6162263937186814,1.8688303053951245,0.25882288252375885,0.01848024764880839
1.383210907189625,1.3517669699505441,0.3253612477107679,0.023600814950978
1.5143240234567752,1.3554616178674783,0.2827108624535284,0.02030921141747403
1.5233724752294524,0.252189543476955,0.40185329369751416,0.029577136451836652
0.8877473207268871,1.7117258066067016,0.36889643498761465,0.026991610532700293
0.10705632823556277,0.012051199630330967,0.269677107366563,0.019309910270301732
0.11766638138814445,1.8656946233462728,0.11440532076596296,0.007721238107364155
0.9647008227322198,1.8597937069899568,0.2343397205261717,0.01661778777053728
0.8222694632992205,0.7447041012764501,0.08578411474561967,0.005675705870421102
0.7998583864188216,1.0259325084893964,0.05525472991653951,0.003546507528694611
0.43520719449226775,1.894163483257801,0.10496660884057074,0.007042253107146114
1.5861052000071214,1.282761551709778,0.3179021201607919,0.023022877543601324
0.06019454563491933,0.6339088184738841,0.38074953001614936,0.027919743609741716
1.9149599434190827,1.415658943752214,0.4943088407342354,0.03690559392876752
0.14569299221168586,0.6739608814039906,0.40304106515744975,0.02967060025025548
0.7628903313530679,0.35770176762726846,0.2920864306694524,0.021030015843300356
0.45474535214480616,0.7531073731486604,0.3700620066470246,0.02708278816641726
0.7135097469277814,1.033530305667617,0.3520547618550629,0.025676407596820196
0.8880572004690028,0.6263703476440996,0.3036020836382596,0.021917534979519957
0.10123498789984908,0.5522748104102619,0.2186056976204951,0.015427872881056013
1.8849297023529208,0.0665013809044781,0.12381955405574294,0.00840232789774772
1.5720616789402997,1.7735243253576487,0.2710874250906511,0.01941788175329808
0.9347754906573784,0.9071901107204015,0.20932173487432099,0.014728497553141257
1.143304597729561,0.5635824041394746,0.2486116718430464,0.01770192235423214
0.11443322550586577,0.7145085341321598,0.28182563156089396,0.02024123819366732
0.278455196277017,1.8960897985305725,0.4676627599793277,0.03478292366910313
1.0874295398072253,1.0324685662819464,0.4380323080341216,0.03243231883987357
0.30657492234867756,0.643931949181265,0.38282091394533313,0.02808214574133142
0.9461375349229795,1.2059498465632257,0.09019417727164425,0.005988164894879232
0.46975058903244316,1.7961584172289686,0.17942210352463245,0.012491118173005883
1.057104865282542,1.7095206141499724,0.3070720330397527,0.02218542616042762
0.5869089930216418,1.478082806913901,0.2859288118292445,0.020556427881834677
0.9140474698512084,1.7596634361253956,0.30295102043765443,0.021867294281903153
1.2645611312547826,0.5488067709268689,0.16173209215708848,0.011179209002236748
1.7834038095204139,1.3690536071163417,0.36128225832478617,0.02639647809300802
1.894954258178758,1.7638658809003962,0.48223727270349864,0.035942948519036545
0.9068676548243941,1.8636614784689796,0.4817106468388298,0.03590099035769652
1.1063266170481096,1.6453930151658116,0.17679706257947098,0.012295855652816786
1.2237035176685598,0.21313532101227906,0.2871453272331119,0.02064993586842198
0.06939030485994735,1.4033039207121976,0.34974468914912954,0.025496342779164325
1.7155319457568272,1.838167923004027,0.2935386608987517,0.02114180914175713
0.9300796805929958,1.2987995344950116,0.27054508626995655,0.019376356634632733
0.8052912682642877,0.05302577803116737,0.42142753697547014,0.031119794727786414
0.7601926271615262,0.9884868625607581,0.12828552839619517,0.008726696241365238
0.7663858821535414,1.8885840655194843,0.2591541145176981,0.018505530978518068
0.5738117586996321,1.2649639456432655,0.28331081842605427,0.020355287911478656
1.1584828382162,1.9771364846405945,0.41841032372640297,0.030881677948081925
0.8654350253536631,1.104984889366831,0.2214593647999123,0.01564326031324564
0.9474977083480076,1.5857799748979367,0.3540995906081204,0.025835865316031055
0.8320531663941062,1.0169579697727484,0.27198884557419767,0.01948691326361591
0.04886707161206605,1.4093135128272998,0.3040871021116614,0.021954967310291403
0.4086440632830375,0.8115802445044695,0.13865977220824374,0.009483158265472495
1.1436604059720685,1.689011415170454,0.08230062117040579,0.0054296753212639695
1.012227621338247,1.3320808957082564,0.47031711466272647,0.03499400743723482
0.6624847369916136,0.6560926706923416,0.46865631871698654,0.03486192535467304
1.0027369487424869,1.5346460472459615,0.18172690145632264,0.012662722248454994
1.7670469183323128,0.6123784001774184,0.058653085780869696,0.0037801659707149262
1.9972600691361153,1.230138202994351,0.19540082195662656,0.013683847950372523
0.10545927294940038,1.6096526441698866,0.1604044728784586,0.011081137505970787
1.7265308960578565,1.535756048396079,0.09121263169062166,0.006060475686509233
0.21053840957498404,1.5536842264877186,0.214606833685833,0.015126375760304695
1.32834232399475,0.19981290884212877,0.45014143932064904,0.033391659936236155
1.7037064500760022,0.9764884236601405,0.260976302974272,0.018644660582147747
0.7473440413264192,0.15714134730615092,0.3533379296437078,0.025776462813766846
1.9640016218205114,1.087721374830219,0.4578143989663585,0.03400047251453789
0.5315689809857573,1.529276356490829,0.39430845802740855,0.02898389290014162
1.3933240342611688,1.0429864226500998,0.4485655435864923,0.03326670837581211
1.3206656012336684,0.3176366059226574,0.3517465868273962,0.025652381342615743
0.8755747306235009,1.113067716996456,0.3071973422561387,0.022195104354888553
1.916397978834494,0.34110412888101815,0.43104359446909174,0.03187946988780368
0.04582915621823047,0.014868436380249817,0.32034337963053267,0.023211925765472326
0.6191449326264362,1.7361113061371471,0.2554517834970069,0.01822305512340168
0.026537182645792523,0.5152140933022256,0.4756568912641736,0.03541889417286041
1.9854798946841428,1.9223619678498156,0.14511217180883912,0.009955643577308649
0.6950372387326527,0.5157102927471722,0.12132642914685805,0.008221598652378549
0.6601705061667851,0.7019328071140676,0.3746005490234951,0.02743800701087788
1.5624614208843866,0.7367825115805029,0.2883162926673725,0.020739968460448562
1.5968669084340288,1.2310120916763794,0.4164867648234902,0.030729933536189212
0.13007864959455961,0.6387432153027697,0.4185142211226655,0.030889875507766944
1.9989445716837606,1.2372579210766823,0.3902635144586901,0.028666164106047994
0.09594181983830463,1.7876885824798763,0.1983224857285727,0.013902680910694003
1.7759011132618543,0.5003848738677661,0.06674549213516946,0.004340252404461885
0.9202103705649156,1.6175871577197878,0.38007858396026933,0.027867152668797242
0.2435255053699179,1.7254064309580117,0.4355619487039945,0.032236828620369466
1.3574490463055107,1.0839738576049363,0.4530940546706381,0.03362585172332499
0.5395928596411526,1.1458964952802204,0.2034482183405355,0.014287134800247696
1.1055238773678595,0.7705067915011239,0.10333517768353986,0.006925310478414488
0.4356904279666567,1.9790483603981313,0.1883951080561747,0.01316004451578635
0.8460870663186555,1.9808429465745312,0.10502570985637145,0.007046491893706492
1.6019447415405277,0.7414082080658955,0.45121272269365303,0.03347661841228841
0.3841389929859256,1.4791075938401712,0.3954812839962255,0.029076060106609975
0.16896194483048688,0.07717862723357483,0.2854292633686043,0.02051803781506853
1.6292457058946295,0.8680273080658207,0.2898025129307575,0.020854276531378557
0.4683451313604743,1.079071564136766,0.1325412050145245,0.0090365168086412
1.6224109411389638,1.4544075218628452,0.19812317700226134,0.01388774555554012
0.9756542504119929,0.3049451643191148,0.26616076410035777,0.019040875174600277
0.33819422043924763,0.9782389508810987,0.2919930376808107,0.021022827721863143
1.594386098825628,1.0830370906701898,0.46553848830548,0.034614053515335516
0.5437147932033455,1.5149811839498428,0.3523409478981201,0.025698720823119334
0.8673002717156635,1.0166053641214392,0.3544801209024967,0.02586554645930934
1.6699680107485415,0.01710007282094339,0.37258834264665813,0.027280480463724548
1.9728727526340968,1.5393379610537328,0.38592647432257554,0.028325743642267098
1.0651087701573565,0.31029702635245426,0.2796054910104212,0.020070827665572413
1.6318922018739737,0.9593460544139623,0.17708361650250737,0.012317161168315919
1.1504455849783894,1.7574432628129173,0.137347637078797,0.0093872587181092
1.3322567017230373,1.7276710161045097,0.37136010646439876,0.02718435622819636
0.8053937182990833,0.3219900274101546,0.052047467120338586,0.003326895080131603
1.7493085597489075,0.9566199344258419,0.054081842790078834,0.003466091046815133
1.3942835746468083,0.4101423901699157,0.43918070659917946,0.03252322251701542
1.7412058291898396,0.9243288164868255,0.1403953318350573,0.009610100615920481
0.9653091840222112,0.1862955693223587,0.0939684322924082,0.006256416764450698
0.08988629649714808,1.6630266022179312,0.3496902137482071,0.025492097536039204
0.9779319650655087,1.8110875004338916,0.08599473668809368,0.005690603977250285
1.9877462501087149,0.06877140720102748,0.44875747671128885,0.03328192498792098
0.37845667694753726,1.028713980130507,0.27319675081230393,0.019579440368158018
0.0456978810872819,1.546059356722609,0.32311551810961775,0.02342671738828743
1.1048144325812592,0.13683303849125528,0.17945090480889198,0.012493261642647104
1.8059779748404017,0.9283324322680935,0.062399037524609215,0.00403880698182963
0.2743971712873232,0.898868305704049,0.09935320745364545,0.006640417350183578
1.520627124371445,1.461577510361059,0.06686258687529457,0.0043483925919829206
0.8658519934492415,1.0164923212422976,0.19754645074308907,0.01384453396603887
1.456494640353426,1.8848662619020737,0.16127738961317925,0.011145613758455542
1.9612887564204082,0.27943590597995605,0.3367056459536859,0.024481532999089502
1.9220247637718608,1.9140691616414036,0.33474413225457833,0.02432910322421692
1.8279711734670525,0.02909324241544553,0.1727563594214667,0.011995681475081907
1.75430690882878,0.20933061730139157,0.3122065338527881,0.0225822087551835
1.3080437228604176,1.0081322283049636,0.09132354993269592,0.006068354315013337
0.5115863956186075,1.5987673574884151,0.35766791353599175,0.026114278588366246
1.547240091842976,1.5763205138900982,0.40667546320092623,0.029956702940856898
0.7199640284390385,0.5193895492869178,0.3563717828777906,0.02601312758872754
0.29579029811016744,1.487664692371949,0.19519051997027376,0.013668104975508018
0.7128340728660958,0.35290007812281754,0.2533958603472304,0.018066316537134714
1.425637132385711,1.3223194818190145,0.09297415377819693,0.006185675900329992
1.428469613324892,0.07701533633209756,0.21372373745547946,0.015059846095467504
0.31005999924992844,1.9678967155133638,0.342953948235787,0.024967497244484937
0.3400834917181852,0.5901455264979318,0.4719127949559509,0.035120941231412614
0.8804405462232137,0.37602855928252543,0.12341376949337875,0.008372894902511476
0.13682436047998792,1.9084731333026856,0.474908053004714,0.03535928908472395
1.477630243715413,0.27096964702969784,0.1663491703666336,0.011520703410817878
1.6113452108773465,1.6509622893833142,0.13884415468998318,0.009496639193582469
1.8324004931185356,0.6397290240593656,0.43590417660808817,0.032263906039688345
1.322764550812345,0.4013936292202338,0.2059410621297325,0.014474352487976247
1.0991279399622682,1.0871628098805413,0.4131068368175368,0.030463417311228622
0.40404618528691794,1.823428300997554,0.2867556980341082,0.020619983869253736
1.0892722216200532,0.5042353856830815,0.1063584977562225,0.007142124376263102
1.2029352994917468,1.411412657589298,0.3482259365904249,0.025378004205047235
0.1035480408800078,1.5655684918985655,0.3332555432823886,0.024213465668288994
0.21288651868221442,1.746176157751511,0.22954213847386057,0.016254359596531563
1.9008680468843155,1.4323389831939104,0.17021336005271898,0.011807015661010311
1.4822598560613365,0.6785437960653011,0.30894082945237006,0.02232978992952444
0.18857632511969968,1.2103248054088611,0.1349204312108258,0.00921002939235266
1.550204401031042,1.002265746306137,0.25973705292740884,0.018550032770322113
0.15829127179711766,1.3618949007739567,0.20541680797613054,0.014434966875104652
0.01701613240678257,1.2313441203638464,0.17468975541093337,0.01213924908571028
1.7403409181169767,1.7531855073828155,0.46159563111766844,0.0343007549773498
1.269742385921271,1.704826125856969,0.13698860783444416,0.009361029464905473
0.017837490629303288,1.2097244170459898,0.40816399105327433,0.03007393205672873
0.37703846342790737,1.5522101195453197,0.40515888632728486,0.029837295268256896
1.8065681078140021,0.09524763820126037,0.17227560087574884,0.011959999090833005
0.8844278115965731,0.5953020152337944,0.4713176816942914,0.035073597462850416
1.735323636925123,1.1202137420609883,0.33589798809402227,0.024418762241403588
0.9433450610369023,1.141036221044863,0.3323806096333103,0.0241455151105129
0.5046954081192774,0.559831750426601,0.42111548952411937,0.03109516264918596
0.9913225723520724,0.8448261130506494,0.2568374659688117,0.01832874534525203
0.18641675174507255,1.5184850864614805,0.41680604763751505,0.03075511756149678
0.8353508364746278,1.4993686733432452,0.09563811169573004,0.0063753269829017545
0.2812346045951295,0.5853378837767855,0.4348389562423681,0.032179629550277575
1.2567403395216803,1.6339702314483466,0.052529678699397515,0.003359855538476857
1.6071083662984802,0.20639825465147554,0.19675734289571561,0.013785423654535058
1.1877981490179563,0.059853697352097335,0.4523544993428341,0.03356718270300916
1.4072750442357476,1.8666822736706363,0.09896229939437745,0.006612491475476731
1.8734288539506634,0.8103036337339504,0.05447695445025318,0.003493167716055445
0.5489776536712798,1.2524414568396522,0.4855470347741254,0.03620672131964062
0.4972212604340205,1.474725573824752,0.10700845037550635,0.007188790958647337
0.6942219332709822,1.8337514291443304,0.22887327061791768,0.016203732645953994
1.6764358297824686,1.1526190535301044,0.43208484733507424,0.03196180024051215
0.4911920730664423,1.688499836785547,0.312083442572053,0.02257269124132937
0.0893744664758438,0.8692028527869953,0.22846075473701222,0.016172514195008446
0.6747603290530939,0.32516043976088915,0.3296234373696977,0.0239314638581161
0.7686694708972388,1.7708155496230709,0.3707342975302476,0.027135387592337953
0.5291417738421158,0.21261678657305416,0.12273720333176492,0.008323836012984524
0.804697909590262,1.5414745222279291,0.19253762546374698,0.01346961310846283
1.6255671801702907,1.5074926486572526,0.4611069179012199,0.034261934764721426
1.9472432877114942,1.6839973481980848,0.26458030393156573,0.018920033986049235
0.1155661015392404,0.48541209681104003,0.16712667589045782,0.011578275165847144
0.007625722389370093,0.4356910586999576,0.38617581968790876,0.02834530799266086
1.081943002137888,0.9959068912781477,0.3002452516696246,0.021658577773365516
0.8822757900472324,1.288301931197652,0.2765191499325642,0.019834085714798045
1.7797176361535971,1.0564333810300497,0.15479141998375695,0.010667124212070066
0.9093814969893428,1.8503262056114314,0.2832615987781322,0.020351507599036454
1.7734629998662679,1.3231327630974767,0.39921897598664635,0.029369914377375746
0.1268382007870641,1.879825862729806,0.17141996704173268,0.011896510090301883
0.5505831918580568,1.9782137963545618,0.29214154747524973,0.02103425805943524
1.1892193133988331,0.7163717193932968,0.40903880174935614,0.03014284160558067
0.35149122642189123,0.9284239720238132,0.11394612312867232,0.007688112957328081
0.7582015559842703,0.31328190176616433,0.4330664548345904,0.032039427058221374
1.5646684490814726,1.4395252468359154,0.06850668768082607,0.004462790270574621
0.6761267650933203,0.7093847710997827,0.3036551422788505,0.02192162969191257
1.447624267887754,1.2406247996021929,0.193850447180494,0.013567816141894633
0.05266531987183365,0.03460484730538549,0.32330549244866263,0.023441441702521628
1.2330891205365582,1.7345478081786578,0.06135568050201069,0.003966657379247447
1.8122002161713449,1.969103820456375,0.05839861402179172,0.0037626363628368597
0.8906320967511427,1.345817414009261,0.4442167557713486,0.032922053742912016
1.795340029721914,0.6615404649533507,0.07452089007948973,0.004882847387625424
1.3335995421736775,1.0249385087831266,0.11703296570379468,0.00791096403229871
1.1910470281466397,0.2972727279187888,0.45631091238407767,0.0338811222164156
1.9506874327334964,0.2844891532252112,0.44104201076509925,0.03267059241556361
0.24450467769364148,0.25423321310016633,0.2904299444332139,0.020902545655969988
1.3425882877374118,1.6328120628238,0.4342150148150347,0.03213027211169769
1.5654518178397228,1.4120207609569924,0.16165102226806788,0.011173218756440548
0.7524141765439771,0.8908876427473469,0.19162056507167874,0.013401041604435046
1.1711106939981195,1.4997953322388933,0.42222741801339636,0.03118294065449224
0.08978425419546343,1.988003543685035,0.12923635991639898,0.008795857717102932
0.5197449649573405,1.877329373673158,0.28108896814333806,0.020184684080399196
0.38647327843835955,1.7469056210535145,0.1020699982499256,0.006834708704485238
1.0335864357842892,0.282846799499755,0.3919995050899425,0.028802497820010077
1.4488636879093388,0.49263543662825393,0.4070572082606801,0.02998676448147197
0.05496647201511573,0.9832389774603438,0.3072934150249241,0.022202524671477455
0.4044627382242316,1.2048343817888012,0.227295651313018,0.01608436231507198
1.7551417912105496,0.2394088931751288,0.32780178389963444,0.023790108688169363
0.3208759404177308,1.578395683409113,0.1960629533975296,0.013733422009992557
0.31757382947205004,1.5382117554776513,0.10371177393845712,0.006952294041729701
0.11361328696725614,1.247881810611125,0.12415120204309263,0.008426388448174326
0.7905062439204285,1.6524667703754439,0.30924795747567796,0.022353521220776083
1.4921209484722426,1.5697301756946833,0.4248877701827806,0.031393019191307624
0.6755638737092167,0.6944553393730488,0.324830402282536,0.02355965427461854
1.8291955527127748,1.5897083453216119,0.0938470845573483,0.006247780345283336
0.772839225967189,1.123176425553206,0.22020015081365013,0.015548194336805043
1.3069841019816297,0.05580477115746629,0.060998926024407964,0.00394200665043665
1.2189356406019352,1.8053260008880154,0.07790334702475883,0.005120135118699743
0.7120325844005007,0.269064478961639,0.35931678898622393,0.02624299460113159
0.38771423125749815,0.9880922297107821,0.30930568717904433,0.022357982084261964
0.13086954043979548,0.19957780302520822,0.23638522422037783,0.01677289630216556
1.0125373147801306,1.7745815872739616,0.49894882184095296,0.037276042523708613
0.8910504450095025,1.274478525691995,0.155024435857118,0.010684290888596482
0.6661784346651309,0.9871446093235561,0.30272756696365044,0.021850052728487387
1.071451257184539,0.9306989923617877,0.35002119582906804,0.02551789152189419
0.4661832414982672,1.0381522974239312,0.19955384346570143,0.013994976593387507
1.6809954775261609,0.6532006477998449,0.05483247524154435,0.0035175428437478748
0.1644481412272707,1.309012843832834,0.42862386093840854,0.03168819811738135
0.4560534692801457,0.03340927605322297,0.2741043458066378,0.019648981901695235
0.809394831187914,0.9768909855511645,0.05529249932913314,0.0035490990787459104
1.2814537627631717,1.4732751325174451,0.46147663731312966,0.03429130261890643
0.21405243609679192,0.9261684529607845,0.23327834359117056,0.016537341356763095
0.8749238571428386,0.9823630697205856,0.4507269758297038,0.03343809437272687
1.9403056486399874,0.7688419091691023,0.06262049452668865,0.004054131803986214
1.0328116141563857,0.5519508745711352,0.2730987730762678,0.0195719340930815
1.4082715616021781,0.8942066280537628,0.3500961207829525,0.02552373078224486
0.7039848773293251,1.6752867741692343,0.4269407384490356,0.031555196869107585
1.6377743587810898,0.845098356943333,0.2885344527872713,0.020756745035730034
1.2903328881617544,1.914252948253592,0.07034528558872212,0.004590945580898482
1.482479709581607,1.1559518570524538,0.3579019228097426,0.0261325435442028
0.22633246272098195,0.0607941823563487,0.3411520361924399,0.0248272896177964
1.3494551468991014,0.21776978558555493,0.1448677020146783,0.009937715110394355
1.8045731459366434,1.4307325856088964,0.15710244939193183,0.010837460138515217
1.915199810897521,1.6167207500111727,0.2018465076009625,0.014166926410642478
0.27953170352448353,0.4413268121490157,0.25973194007486244,0.018549642422778453
0.03633133150706458,1.7911882985395742,0.06455305586550064,0.004188022426470986
0.19002938282292536,1.5363567029444183,0.05324542977700881,0.0034088175020159143
0.928290411432944,1.655201399748151,0.21502348665970683,0.015157771635913345
0.5969170171797078,1.6943324206362909,0.4793144745773727,0.035710118775734274
0.13370735418308732,1.056266268519542,0.28336679662472414,0.020359587369128764
1.6082304946013362,0.4532356417831751,0.05290622800712284,0.0033856082267966544
1.320100382993422,1.4341886486593678,0.3411290970303433,0.02482550503956655
0.0005887761538301284,0.3571965324875439,0.22088780236597239,0.015600104838168538
0.7553442968958237,1.7810603907079734,0.2639643499804873,0.01887295192742891
0.6503912172622517,1.3265798398558315,0.08138536257215792,0.00536515076396589
1.3013401438394168,0.4001710443283102,0.37389977240933286,0.027383139733249236
0.39760261442921907,0.9296483786776182,0.40797096862419313,0.030058728894786682
1.9103138977939327,0.515694275053556,0.1482672720692727,0.010187212269597977
1.20486494619517,1.96907332205421,0.4125108283163951,0.030416436039362275
0.17119708385122223,0.7786866547995877,0.31236901368053854,0.022594772218659822
1.1267426387749742,1.5609132511446882,0.2951660614232154,0.021267132468077234
1.4374821193277365,0.9921228683831542,0.39322366196217423,0.02889866041098653
1.8422311574109904,0.06626876418739625,0.3758252666823842,0.02753391323032671
1.429254137367692,1.401974747225839,0.15835661494232714,0.010929971789175201
0.7297607873017347,1.4456313382084427,0.2803489771541729,0.02012788480265646
0.6969888616976845,1.026551506396865,0.48957996114498326,0.036528294635231655
1.956259012339305,0.8511315400098971,0.1663304013934855,0.011519313858558745
1.7709605552306675,1.2868258060673816,0.4914208211896736,0.03667514009016434
1.1509628977645538,0.43142729355953713,0.36392534000346277,0.026602967127118286
0.5074897049557885,1.5658556133019208,0.40371212499257236,0.029723413260080423
0.02878802447526696,1.3574872766649642,0.23357802752099055,0.016560053162695855
0.6445770579161709,1.8432673507563995,0.17998327540702158,0.012532886376405827
0.9923156916013314,0.2523572274376047,0.24339430410174,0.017305086000756156
1.0572398167682386,0.9415737360476268,0.4009324658580203,0.02950469112438783
1.754269082886808,1.7680731938925836,0.17985872473018538,0.012523615252665094
1.8179053879272116,1.485902758082619,0.05791454577678865,0.0037293052761909855
0.9175706322812789,1.6390992187752897,0.14573170792245588,0.010001087279964427
1.5481022724662343,0.6714208657605425,0.32288696825486346,0.0234090039986198
0.978092661345805,0.2423371906629035,0.41406575931649875,0.03053901564163637
0.9388749296496492,1.4318383611449301,0.2917590041735272,0.02100481570398863
1.832454975939136,1.7420219409591817,0.31396760826466574,0.022718404708049107
0.47151706323213793,1.0516112501071198,0.49220425733287204,0.03673764633531089
1.1945459636682878,1.6745054570653712,0.4875397234880735,0.03636558933413682
1.4014525400176367,1.7818932318647536,0.251206109380776,0.01789947173373891
1.1971527171253726,1.287993968560875,0.21699701397326404,0.01530653891273692
0.7449712952822816,1.4947823322308378,0.42904940880641196,0.03172183085317964
0.0693795217382871,1.7217528229488035,0.34811306285058896,0.025369210698067204
0.6014714433599575,0.7364946281207754,0.15803136354148387,0.010905975233095598
1.8405161656510154,1.8454824879800706,0.43134044091134227,0.03190293970813491
0.620366391199922,0.16582660532218196,0.4899464437467828,0.03655752592943369
0.29665776711903513,1.1370342849386004,0.4917164477169139,0.036698725767166714
1.416235975978565,0.3580105307537187,0.1342516513081156,0.009161235010054678
1.5803082924523004,1.746981560060321,0.06966220346875741,0.004543305574322347
0.11925395431655539,1.3360550608888082,0.4653368192642825,0.03459802448259643
1.6580934823730442,1.7432230820275516,0.33401566155623685,0.024272509237148875
1.3632179895919239,1.8549703296220044,0.42228794236346373,0.031187719033833196
0.37964849224437436,0.7389783962738059,0.33966740514100463,0.02471180815126166
0.6712201193440956,1.5699414292247436,0.09388310086144128,0.006250343575217745
1.1317794745177794,0.9900792440995072,0.41357035148675675,0.030499957789793173
1.9437495064131523,1.8549035242611145,0.36617734770608146,0.02677898545384373
0.5733829860392392,0.27662039358067814,0.28631310098182133,0.020585963474427812
1.3773250069498881,0.13224239367934554,0.4818732510792864,0.03591394528001745
0.615880723228315,1.8490822669506934,0.2650702504370456,0.018957489736220738
0.14526115065259027,1.3337722072521845,0.39556894919020635,0.029082950084794827
0.26041081302334046,1.746959466734369,0.09195812518798782,0.006113441472900014
1.346302765263625,0.0008434845016649373,0.05432274804793144,0.003482598463490722
0.5570481061369994,1.385097841153009,0.20444263549046138,0.014361798701796425
1.178918036696042,1.8115858981751096,0.20458216996568845,0.014372277387560965
1.0298562505728843,1.39412304228909,0.29795926111422394,0.021482343017774855
1.85698428702882,0.8526528696113043,0.3042506816136298,0.02196759283512031
0.6380130372689425,1.0394422904912104,0.11176443625977067,0.007530858982667849
0.1865082166643417,0.7292820658899923,0.21694266239984977,0.015302440560182606
1.2164214610806303,1.300942032313388,0.15923770093746228,0.010994994047415234
0.887711201504815,0.34875697132814154,0.3371345250050391,0.02451486948564087
1.2249522800597483,0.5568022529043726,0.06496365072332703,0.0042165049527970845
1.1565476682564337,1.6976878109578641,0.07111864872741311,0.004644920556309925
0.12062430534860469,1.27958149212811,0.08837500474611451,0.00585914323544783
1.5813000330461222,1.2321023080697597,0.19574775203762673,0.013709821308463882
0.28395616642081567,0.49582288398586316,0.3297661265275893,0.023942538414685587
1.755712024416047,0.9757900143071481,0.24623494424666664,0.017521074924109842
0.46143944736783427,1.1184059757014198,0.3395373661039516,0.024701694770385297
0.39846938824101663,0.6471946821876824,0.19388668781754592,0.013570527703476306
0.010045432378380514,1.6403841101324865,0.11364073258551131,0.007666088090072563
1.1492598318542357,0.2078337060893316,0.32600476902844205,0.023650718500118042
0.1121964561461628,1.6813388614741998,0.22357286139506755,0.015802905205048342
1.7594587721044779,1.6499139978721846,0.31939426150560846,0.02313841533657717
1.820112190349839,1.6476004732374208,0.3170038549853637,0.022953342125280874
0.9479743276923853,0.44694922042987906,0.3004054827125733,0.021670934007997016
1.1983069924412748,1.1202198828683885,0.4110946219861313,0.030304820230311114
0.7576768837042902,1.2631095187918537,0.1777590485011049,0.012367389488670463
1.7981036443493486,0.1446738541153152,0.41315443403699553,0.03046716943582546
1.2742770917493178,1.5424644022855254,0.18150271433891368,0.012646023738267386
1.4145200562567317,0.4142333267709235,0.3740588552066589,0.02739559449258427
1.039695763851548,0.18255815724619517,0.3377762844761675,0.02456475849168824
0.5631712159956666,1.6111940162920786,0.08215384032075673,0.005419324111427088
1.1110637418405473,0.8755444126314906,0.4307367034870895,0.031855207080032116
1.457829691896296,0.4251870501461503,0.28055075333287915,0.020143371454739597
0.7634998533599777,0.6741579261156716,0.49923019152845943,0.03729851429252426
0.5924668931651411,1.5316815640628323,0.05098752112835659,0.0032545192164358957
0.5906690381731974,1.0961906762773956,0.4500509024752505,0.03338448052115122
1.0007726138006132,1.409925860001805,0.34230084917859327,0.024916673411535216
0.3137270422192757,0.09812977792735733,0.32430057082321995,0.023518576847132305
1.5227552431435154,0.8693094370008378,0.09276471478876226,0.00617078138454212
0.7557883054474903,1.8864733396699604,0.40277202014586677,0.029649427870268745
0.769628598495574,0.39934545467188687,0.2539825377386887,0.01811103448040483
0.31961530195271703,1.0316974963702485,0.28989151164461724,0.02086112288012268
1.0813298306392987,1.7675947035304007,0.11244737358838797,0.007580061895297139
0.053987737594671126,1.982452410737192,0.06136091110364027,0.003967018872786694
0.4243727420699783,0.5591587130270503,0.3452616146204515,0.025147132067213043
1.8113389663375798,1.4839596702584354,0.06794076837462645,0.0044233915957964795
0.6654993557486637,0.505917890214878,0.3203162954009726,0.023209827848268395
1.5649763570385034,1.4256511081954284,0.0718554714609254,0.0046963829786545175
1.7659640483049204,1.7548470058660004,0.13196755952099704,0.008994713900347942
1.273996890895221,0.4860775183309394,0.08271054600331627,0.005458590587023635
1.5135273091055712,1.9527319476659732,0.1305704170166866,0.00889295336125217
1.5663941855345125,1.5698635910547794,0.28222519695997994,0.020271917348950164
0.08252572558817639,1.1211695982053853,0.3196364349349141,0.023157170552056114
0.8519145691730197,1.9322531584379863,0.19513716374253587,0.013664110973201292
0.6146304594173198,0.6087072899938473,0.11873032773250157,0.00803367677613126
1.9929918048787665,0.45169012811818976,0.49091882013908456,0.03663509168292571
0.519184965533992,0.5696006170506838,0.06633021304716698,0.004311391004001288
0.6203445886426375,0.7399149207098095,0.2766275487345452,0.019842397513812025
1.4561527782104826,0.8337075480732525,0.3580652885648796,0.02614529510127428
0.68865374313436,1.7235641823065788,0.35843753990567156,0.026174352777048545
0.4191415240050649,0.12378840333953689,0.26064610612920425,0.018619444067089066
0.9344114545373743,1.305126099114371,0.4928944671442593,0.036792720231026935
1.6519945960276519,0.5713519041862818,0.4402913554481883,0.03261115364679176
1.5279365660954638,1.7577119369705467,0.20937087842634988,0.014732194063158939
1.7749517894356557,0.6721217159633011,0.14923478270289864,0.010258291231124842
0.6643531431319862,0.7687194806552862,0.17009260632562584,0.011798061722410484
1.3057453455214605,0.97246516014228,0.2672032535049741,0.019120610512057577
0.28793559911370514,1.104129309397267,0.4926610042743026,0.036774090937644284
0.8267959713039941,1.8858561923955466,0.3584951822880035,0.026178852486788355
0.5288364097745639,1.6267262584126407,0.32182647722334395,0.02332682367254431
1.0603450172573006,0.7234537096485623,0.061020985025179976,0.0039435305772930074
0.052933286235540944,0.22834092425807517,0.4528824990305133,0.033609068311682706
0.5199382760834019,0.6308258963952522,0.3300304166149229,0.02396305167704667
0.5118803760841908,0.8686371170972311,0.4614525825378163,0.03428939183096262
1.0358658931228217,1.4505351618419409,0.34446800525160454,0.025085346051439094
1.8423470880862785,1.6930237783700395,0.05740951417661466,0.0036945512193537443
1.5318141028443957,1.017549676941035,0.3536263611511329,0.025798956762104034
1.2610978882587776,1.2143686471821216,0.3303606531488774,0.023988685062429786
0.7471743983997641,1.7279689300925174,0.3696271383749004,0.027048767980115723
0.004461425497956917,1.5958808308048587,0.15011338540375535,0.010322866057638382
1.6656374484686631,1.177029935632578,0.13179444216035063,0.008982100887662945
1.8493588546418294,1.4957009232502179,0.3635342628758799,0.026572407940080936
1.259519708091693,0.9860370265010714,0.1779599231340358,0.012382330020189175
1.9264119692267871,1.6909536615623781,0.3234915673928015,0.023455864365653896
1.6317403895454317,1.5840539182645257,0.4961694726715059,0.037054115086617156
1.6965617102236765,0.5921386059400939,0.3553828096663675,0.025935964451486757
1.2967617264966875,1.1495353836652733,0.20825008394081984,0.014647904365039262
1.4171736354255409,1.8598416462289917,0.2960747777612616,0.02133713191992801
1.0888843661396728,1.5086275386572072,0.06657496635614957,0.004328399562819393
0.6514042550564112,1.6262969423672131,0.21872281735299243,0.015436708976082146
0.2695684292701559,1.8896052575856854,0.36483599007088485,0.026674135079774494
1.665634076226111,0.3833538671958965,0.1450081206275836,0.009948012612123898
0.8263913836009669,1.7005338226321622,0.33819016565636234,0.02459693619775815
1.0708265702442594,0.562669199250202,0.14796701600771442,0.01016516020861688
0.9976453343973821,0.48099407336362554,0.25466426658974173,0.018163006424197683
0.821031740886119,0.04294225857099776,0.43968003947249,0.03256275328121598
0.6501516273271919,0.4357509524064964,0.050383146812407895,0.0032132972835111355
0.219440321191253,1.138915095233883,0.22027977326470766,0.01555420442732439
0.7966119651820147,1.1670529255497588,0.09955905836216249,0.0066551260742074856
1.1908032807172595,0.8900085451980113,0.45064661248049215,0.0334317211216269
1.4186698235255195,0.4404919397663807,0.1457570595378299,0.010002947135071058
0.5260968711328666,1.1850271856162844,0.3566271432923139,0.026033054100261924
0.7753548502934977,0.4287561640410187,0.4106718033637917,0.03027150166341565
1.4389112377871747,1.9386806156758605,0.2644434460698577,0.018909572241652784
1.6016400336295464,1.3567527618555957,0.21982115016081893,0.015519588529528656
0.7319742412269998,0.7461593938359239,0.35570956623681144,0.02596145750115726
1.5197268243541961,0.594548275307569,0.41981291359910733,0.03099235487024019
1.0229033901770277,0.6507795071285938,0.28175060325373164,0.02023547775641346
0.34402319760516464,0.9948362972486071,0.4935072058989764,0.03684161693987007
0.5704168401817264,0.0005135505528008899,0.39223649166090296,0.028821112481047892
1.196148029152533,0.3663449727145336,0.4382922840991903,0.03245289630238144
1.441483290199613,1.297394253247961,0.46523204680686187,0.03458969716082203
1.1841997328819913,0.84157958210447,0.47673346309436104,0.03550459713022913
1.0016154736852534,1.6802042323395803,0.06640864737236425,0.004316841143258707
1.7682609051262963,1.6305902308913574,0.17570343860470705,0.012214565756793245
0.5341508426117443,0.04026767642544149,0.060885422762043145,0.003934165977887379
1.4415540482939544,0.2744587039762132,0.12999457829593114,0.008851034100121146
0.029554027159239382,1.365040997853786,0.37539788421097825,0.027500442951406443
1.9519246577557499,1.3918920000312245,0.27670959852942933,0.019848689074151424
1.9050531310709968,0.22449032142813885,0.3387458234788869,0.02464014077726442
1.5782507100185081,1.2493809612426239,0.16524710710819107,0.011439131035943021
0.832348161461671,0.7186569195190635,0.4916133606339595,0.03669050116188895
1.2180072982852916,0.05964415790247446,0.1790182204403774,0.012461062601530484
0.6253890049484534,0.26710236494739026,0.19199962257885017,0.013429382193073514
0.28682800908576267,0.33451785232853437,0.23332064576458572,0.016540547141607707
1.9591961497506265,1.6941477813146648,0.20168717661813768,0.014154972210892243
1.4216463370896324,0.1704469647051141,0.3257507435163891,0.023631018612511396
1.5348049296544792,1.11434660911751,0.058455748398102275,0.003766571678357601
0.20852162439132305,1.855981468892098,0.4260229671793678,0.03148268931934057
0.40207622248874775,0.0037913818174959424,0.25819849385164156,0.018432593396109323
0.27629917161230577,0.8875324669336477,0.14121407031723748,0.009670022489776369
1.6658247761024032,0.8998801691207083,0.2633362986452764,0.01882495297841505
0.9194663923159951,1.0730167043898617,0.17293624677741493,0.01200903465872691
1.9816922881745276,0.6190132340978141,0.43185974823672646,0.031944000820546055
1.466919377971252,0.5305595285677589,0.17543509951280695,0.01219462523457779
1.976864250335662,0.5801083437367982,0.146594688043434,0.010064410095078313
0.7827636565399856,1.6632828607748982,0.32706194160230784,0.023732714471408005
0.42158251588849427,0.6810674982647433,0.31834298281680123,0.023057010033171888
1.8586327283920774,1.3319510563612833,0.08346728943742765,0.005511995680214359
0.6488965333314394,0.9624141130976154,0.3519524186734864,0.025668428452848082
1.5470901557722654,1.9735370782209138,0.42335548344848806,0.03127200884507054
0.9942236116200858,0.9759167309939483,0.10254346306982773,0.006868605349750625
1.355638705693155,1.0558888577022607,0.20550766379230168,0.014441792098655308
0.9017299378619206,0.08506207095200802,0.43379081115706564,0.03209671790011985
1.2018579753548932,1.1258034339364753,0.26484151607615564,0.018940002707496153
1.0417174465879275,1.442973074586885,0.07063049763369442,0.0046108465114224504
1.2162782903851515,1.0571471737003155,0.08618643841647378,0.005704165972946182
0.08563886492466133,0.21008720314455398,0.42963510002933886,0.03176812411715214
0.8219586033610169,1.213849160325027,0.3346064573224871,0.024318406777280425
1.9998096240219572,1.5923580921516725,0.23170073461819302,0.01641781414517938
1.1479564140188754,1.3159308082642756,0.30525905998238967,0.022045432640510496
0.6418645735362827,1.0272866450727454,0.4272588878647696,0.031580334439214194
1.999449738141075,0.24948663239415536,0.36273942798555536,0.026510305679786742
1.3132331366655925,1.666398983318858,0.4758131697932517,0.03543133425210903
0.5933153841140575,0.7849633467791286,0.0929953381845122,0.006187182584910034
1.836573538173768,0.569622937833121,0.3810085340028616,0.027940046898628685
1.5723664214763162,1.709551737489097,0.2543042168328273,0.01813555665105469
0.906751281814342,0.45599906747571883,0.3993376240891314,0.029379245512078832
0.8441684827089551,0.4295406394822512,0.23849358947252963,0.016932868510331947
0.8637446886246476,1.6275195596193828,0.10181955677079471,0.006816783295429383
1.48017694368835,0.7737505518181487,0.3396696836501229,0.024711985357589835
0.028226510094611745,0.8608001411294175,0.19213151834827935,0.013439244409303091
0.8146723199312023,0.6923838775462705,0.054429734254354656,0.0034899310408849924
0.9879207794514808,1.6109759789819467,0.23376276258433798,0.016574054471236038
1.512363767615919,1.5693738245889812,0.09508638951689918,0.00633601879532565
1.289826107843708,1.5606036430776673,0.1515373378877159,0.010427577891089576
0.5899631772689788,0.44626179497757557,0.3932455507951038,0.028900380057620623
1.720356042389598,1.6964821306788964,0.3915764275754417,0.02876926814403532
0.2890991247619499,1.6630171179526496,0.484704479899385,0.03613956176936657
1.5635444049482445,1.9106088676028314,0.2555642159638212,0.018231629218338125
1.6316121678027524,1.2401575762756858,0.2285958838080731,0.016182740089105963
0.12076183436032695,1.9318754395018913,0.12889771419845442,0.008771221304036255
0.2406219254133628,0.9135736470008133,0.42709161692408704,0.031567117893664655
1.1429924710881267,0.9276444268086792,0.41975900700476837,0.030988100684386524
0.29077196687519447,1.6983843969274235,0.3342614921616852,0.02429160656152989
0.32630246791913975,0.9219461275865981,0.17569082648579815,0.012213628491668734
1.5100444296296414,0.6320792667037396,0.27307069906420817,0.01956978331975074
1.578444715252994,0.21043356953219083,0.48893168144308435,0.03647659040890702
0.5153929661024297,0.2200201910163473,0.2338785742091133,0.016582832372921966
0.3812349216651525,1.1693229054563317,0.3238942915088677,0.023487081459141232
1.6841837047026595,1.190358209079456,0.33967310180499566,0.02471225119766032
1.515411608810898,0.029887560984710015,0.2985706307764767,0.02152946646687566
1.4978548605798514,0.7038162092285252,0.16509746824033972,0.011428057974326073
0.7729921024788036,0.5646034488107139,0.11354933813579657,0.007659497485506493
0.8880833980616687,1.2304963731201501,0.18225858471036033,0.012702330196262471
1.7770823126672752,0.8376846999562175,0.48139211117500413,0.0358756130209315
0.10953936262692543,0.38112217772079116,0.4574633563035527,0.03397260349958556
1.3761919610648181,0.6529110606356741,0.28524006130058527,0.020503498934151577
0.8846685811124864,1.1643562667864258,0.09708364284488193,0.006478389793660395
1.2097451755559454,1.6681990075980035,0.21024579660621318,0.014798014207136091
0.6986710811221255,1.5220257189267634,0.055826822143094555,0.003585774715240237
0.8751207534291141,1.7794336128287815,0.14274264872172454,0.009781960234237788
0.8703871755204655,0.8788749476663669,0.2849169301659904,0.020478670062138642
0.1546089575927143,0.10786740581922083,0.4675841705547218,0.03477667521489264
0.11390578459908318,1.9734296933361926,0.3358749630028969,0.024416972895598518
0.7732726553932299,1.7043367213044414,0.4535578899605151,0.03366265120963447
1.3488510501653814,1.7092301927370788,0.05988484782468751,0.003865091261195157
0.6723663866245984,1.7525397651696308,0.2890021556674958,0.0207927144691125
1.5681369708307626,0.40270595367690887,0.19456874107266026,0.013621566142407036
0.8030646796048548,0.12288418315854499,0.21142558056234917,0.01488679933661604
1.5257399922376662,1.7486500741399404,0.13913856145385764,0.00951816698983898
0.5864418335478849,0.6788090786300873,0.3665750754105982,0.026810079873952963
0.5219279584580598,0.07398271905144549,0.49990616116994774,0.03735250460817407
1.9938566248444807,0.8232499045262991,0.28293983218471874,0.02032679544991679
0.011314288273021722,1.4843183448867767,0.4711166086153691,0.03505760218381136
1.967982470004768,0.4086229743249792,0.24927850689320835,0.017752683941641086
0.5130398550411877,0.7366683347052192,0.42256712318370376,0.031209760887734778
1.5302116349844759,0.3415997468355845,0.29843315292549116,0.021518869301259194
0.16218204126729852,1.59764696428638,0.05537315199734334,0.003554633474249574
1.2390748781626528,0.5721903766629526,0.10756651426930587,0.007228875545930117
0.5029032334834183,0.3024914783759969,0.3809223884994322,0.02793329385807034
1.9074412676476367,1.7918173103204142,0.47687297384435684,0.035515704179918804
0.32665145661389117,1.8784175869419317,0.2415507272823555,0.01716500200421941
1.2482505681162717,0.8035889387726207,0.2786900583830681,0.020000589271936445
0.1959507545189625,0.7663533552373831,0.2821378614038983,0.02026521135433981
0.8066831984726488,0.39519632615882383,0.17306599322034388,0.01201866643692094
0.3725402398264408,1.2357225274503325,0.14038370108621068,0.009609249557430246
0.34272832020646304,0.4114869701580415,0.37550444028067864,0.027508787599365682
0.2628532685973497,0.21362839494784858,0.10982955994557662,0.007391571873978986
0.944357413283847,1.950940898544541,0.3932473577634116,0.028900522018292452
0.6138676739153297,1.7670755870183341,0.08903105770162684,0.0059056517238699905
0.950091240183627,0.8799474753829806,0.41760513594784004,0.030818152969720132
1.4458651553445918,1.870156083021609,0.40065483867395624,0.02948285129892592
0.7512449594641288,0.020554866734229682,0.44046668482381324,0.03262503604062972
1.4579351625540613,0.1568251107752754,0.3587353426788986,0.0261976005497976
1.0953289597897473,1.0105261539748847,0.3625709544890039,0.026497143667062267
0.4027819952283176,0.6149578643745326,0.37080677560929953,0.027141058604416755
1.8606772136657204,0.9837707186370737,0.3034748546039431,0.02190771649144933
0.44768289570185993,1.9700815309024582,0.38946712180058307,0.028603634457384827
1.1731425938419453,1.9789993130937114,0.3633177398701477,0.026555489575143015
1.0259755724348265,1.9222805899563684,0.08571562565344926,0.0056708619147895975
1.6527678027916033,0.6816339105793388,0.1590283054657764,0.010979538856310134
1.475350821696442,1.836251551231312,0.43051442912969085,0.03183763480920387
0.46431259367554145,1.605550560508546,0.20837767078744712,0.014657497997966808
1.9885531866894302,1.2638896861929474,0.46019104342496214,0.0341891912756673
1.1726688841770134,1.0767888052921888,0.47244898359671983,0.035163600826190675
0.4687849015555421,1.2731005811909455,0.09598310150319345,0.006399914202778737
0.585188054565287,1.4852003782004743,0.16530680211790172,0.011443548574146119
1.8344146142019637,0.9014445916851495,0.23042236471042865,0.0163209998804286
0.40613445251502167,0.8498491916609954,0.23627710345163438,0.016764695285180813
1.1110030114583467,1.751796136252174,0.39914935574160515,0.029364439150196153
1.515052337273641,1.0847979358316053,0.08901768667818538,0.005904703597111203
1.024556016543517,0.18291483978811884,0.45320474946443856,0.033634633724503586
1.1404258811744201,0.5568462104921093,0.4198395382672138,0.03099445604241444
1.824078895288994,1.816694829416746,0.12075032913032771,0.008179872802296546
0.4421703358745075,1.7426743659562112,0.08380143039530336,0.005535587415131158
1.4652436916898868,0.43149431981660014,0.12105668920296568,0.008202060185233541
0.7917298203613499,0.3135322418314419,0.08303267022824373,0.005481319517752478
0.7003800609985302,1.71108821986276,0.41909801659981427,0.030935939890947922
0.6174995793720961,0.10750029586654897,0.43132507595676384,0.03190172486843059
1.4929743715346075,0.14685994735261954,0.12716214534329817,0.008645029320560804
0.7916572613795556,1.6567166273493987,0.0994671345554702,0.006648557556508117
0.14003008099877734,0.3935676564811841,0.1848153653231694,0.012892909529585243
1.7008231873018607,1.9881415468292518,0.19414047358180608,0.013589517193889589
0.9019980727572259,0.03913737607926415,0.11306669803279766,0.007624699587855691
1.5435144396195506,1.0335620249624178,0.43903325032620044,0.032511549415990965
1.0417255762398898,1.0270273548945816,0.2386553616874525,0.016945147019074642
1.2621856390951234,0.7152853185535406,0.185117013254273,0.01291540605041875
1.8232437646525834,1.4470011075317197,0.2810712074293042,0.020183320705370097
1.264237693391762,1.4889041506465657,0.46219704032930303,0.03434853092207959
0.6802674443227423,1.0521098961501147,0.08413641800637478,0.005559245443487172
0.7101911004546864,0.30886059198235905,0.30786870603818134,0.022246961436569856
0.05011853062231886,0.20443575648953627,0.3911966329060654,0.02873944013216114
0.9411983378813051,1.304779865432433,0.21180372483277599,0.014915263984421516
1.1248484222065198,1.5802760276889571,0.4990934948659259,0.037287596817562316
0.9384115647126141,1.3253714543745587,0.3786794207696865,0.02775750231167666
0.11799450278559509,1.5500698363307455,0.30755307814040717,0.022222580921432016
0.23303113146038745,0.711219291098991,0.15237745786562656,0.010489388884340685
0.11454431679580401,1.3896475982388923,0.22751032906011592,0.01610060252361942
0.14460258196355769,1.1855952343738005,0.487389685321675,0.03635362591095841
1.2397699292809234,1.3131353016775154,0.4352181671341336,0.03220962975139657
0.4261009434660348,1.4642619003704065,0.06166432241323663,0.003987991648130983
1.0879548092144466,1.4328519530657744,0.15137231047051464,0.010415438936853805
1.0558519487449674,0.6618564867512244,0.41710500557126967,0.030778699630860346
0.09984452722313786,0.7666219692246645,0.12832643899527119,0.00872967126564199
1.1110616115692575,1.1493983090642717,0.4103772912979816,0.030248295190966685
1.754498064136567,0.7440291028175365,0.28210184677481365,0.020262446039996156
1.046887270593903,1.0302562242210862,0.16448164635825036,0.011382495333604711
1.5372156992968293,0.13103121475048107,0.2081065421223477,0.014637111515321861
0.4168937167176219,0.9217516260330771,0.1969693776861849,0.013801305104104761
1.9927539923464046,0.3868238001304727,0.27907231676717725,0.020029916875811023
0.0513813159288492,1.7470455646071736,0.2500492401248242,0.017811366258960317
0.3524236738964448,0.7399430842316281,0.24105963863061863,0.01712769910125057
1.193252249991267,0.10889723116035155,0.42076801319508766,0.031067735404545178
1.9014189928823733,1.1213231491717819,0.1289626145860654,0.008775942449605487
1.5420447315957153,0.9814572193259339,0.18850144292832505,0.013167985047974442
0.19274323647724767,1.8668080842756039,0.41180740491111045,0.030360993651308697
0.8146908771931838,0.03618886995309989,0.493238167264234,0.03682014707206741
1.2649110901011642,0.8479545640236572,0.4672058845586919,0.03474659962850162
0.4221598428316544,1.6594800895688977,0.42044150442627254,0.031041964610195014
1.5238942007038494,0.2726528723778916,0.4780113413126425,0.03560634287417464
1.2828108658343012,0.8247226500147045,0.4795304936482617,0.035727323483537625
0.8235936487144468,0.9582244341367872,0.16781563824680962,0.0116293060359564
0.014657121245534643,0.45764991231649343,0.44459827143259584,0.03295228073441039
0.21080017826554798,1.4608864845386427,0.27949202748527713,0.020062121087824573
1.182493490356144,0.21855704830950629,0.31761299481367855,0.023000494640187562
1.4132275937548513,1.8320395378445393,0.377137692277604,0.02763671169421027
0.9399661620900399,0.17590665377617132,0.13591078722682048,0.00928231670209453
1.4663978146241934,0.49874814988018823,0.130384040477048,0.0088793843320895
1.3262205079510416,0.41415452672357933,0.2530149356495528,0.018037285376334502
1.6184736455702764,1.0128519113400976,0.06078691216792487,0.003927361798721528
0.09899525198760961,0.3029413886421439,0.4230752072406989,0.031249877663187337
0.11435578113549294,0.9906054664191455,0.42115948216025173,0.03109863521810519
0.711926668455523,1.8333181361112434,0.17882637025371723,0.012446787417665568
1.7342177242842176,1.2061343737481882,0.16470967687848445,0.011399365193759576
1.3637139618693386,0.005262754493971178,0.08304153873496062,0.005481945361501744
0.5589457748226303,0.9363862684975026,0.3413790845488118,0.024844953549621972
0.12917100999122,0.4024327332019886,0.2350528759650738,0.01667185507977895
1.6476225423570388,1.4175590275939889,0.47820209230629124,0.035621532240674096
0.5258842479125017,1.6326194106427505,0.15426296813442408,0.010628198874641162
0.2798091538338241,1.3811647565683545,0.26840232470258807,0.019212348630303473
1.7607047346198912,1.5809306092571156,0.1426516485757695,0.009775293972184915
1.3008857734325956,1.8339556719802745,0.06590711830316322,0.004281999244704494
0.42397150928816973,0.6229281506502411,0.4753056170854636,0.03539093308468031
1.5748517916663827,0.37697216129435307,0.452455053010348,0.03357515925001635
0.8477382949150443,1.563147309032226,0.11824575705435686,0.007998631757769145
1.5050473259583648,0.6255690077858149,0.2079304458602802,0.014623871612144299
1.716396146067721,0.5182537919570498,0.3049027551324858,0.022017926351144305
0.9376859926119356,1.4468064726307708,0.48965768241692664,0.03653449369390221
0.9313561185877821,1.3026775520057492,0.39112053659546747,0.028733463980820096
1.4223034106797807,0.02112467102591431,0.2901601657433908,0.02088179034649614
1.1747164753264305,1.053588607458327,0.48872043433495466,0.036459743196152805
1.4168638414777255,0.44841783940275226,0.42414525102411776,0.03133437594210849
1.2122093932949274,1.8329039319995923,0.30451412719113885,0.02198792728830114
1.7951485878819604,0.54244140852279,0.3029141615174039,0.02186445020640514
1.2835268036690015,1.260178984247241,0.05437910024987641,0.003486460583866608
0.5546322707236959,1.7454617545078994,0.399813730723943,0.029416691061243616
1.2389089848743764,1.8762880667901711,0.26419983953222786,0.01889095129592298
0.16434024380608458,1.1064403132507015,0.2675852279050745,0.019149831398373167
1.2156400439490227,0.4646535120264488,0.31599197809831747,0.0228750282182307
1.8030352404541723,1.8737738223904892,0.2004163168151855,0.014059646187453631
1.599648161561193,1.183963331407856,0.17402770651122276,0.01209007511199401
0.09177474772073091,1.9352065355127999,0.3327756884100223,0.024176196851758976
1.4962196486856805,1.6650532049958036,0.43069684242825895,0.03185205575135225
1.2182706735754145,1.0298274683119697,0.32626155475223745,0.02367063352094122
1.1836706043787306,1.3241369873613489,0.1646347224497829,0.011393819833879647
1.2318084390071293,0.4199952633855244,0.08877041666040487,0.005887171684162371
0.3514452569345585,1.5577043242223843,0.29239171245170864,0.0210535133870359
0.4491144353703487,1.8668305005525716,0.2716221006854936,0.01945882573541516
1.4189148336000958,1.1670866501278234,0.4402451897259086,0.032607498357344396
0.7642266779018643,0.9831516173828154,0.2202699633489601,0.015553463943634344
1.0116468002470964,1.5072975879151458,0.2032944804417508,0.0142755939296196
0.9888779859937862,1.1110692440588514,0.2976366072538711,0.021457476034727918
0.1821631880305581,0.6785781120972765,0.43507690188770565,0.032198453738614886
0.15978255473567282,0.9395476717626632,0.3122640022161387,0.022586652342536782
0.23619525307897926,1.6758936251610688,0.28996361524668823,0.020866669655451534
0.9207603058970988,0.5418355131964159,0.11228027960837005,0.007568021529839818
0.44720530482193666,0.18960298076715332,0.36703666561257486,0.026846169993535375
0.8450597606655637,1.5804815528987377,0.15591630777370924,0.01075001304065013
1.464759617551562,1.708278495805898,0.4149223402219346,0.030606555910470085
0.7260804348914423,0.6460827212651641,0.24628857362687218,0.01752515431016846
0.9844593267917958,1.001885326073701,0.2420552675970371,0.01720333214044428
1.4870123470070444,0.2554124906291013,0.43971164925304307,0.032565255841983366
0.5914463852751368,0.7468538745855589,0.17336322855634734,0.012040733696558012
0.7787412875280502,0.4889274028676347,0.1452832033633912,0.009968187607741357
0.06846399749974319,0.25849770043200127,0.27328390762086285,0.019586117785925956
1.0285066903759428,0.7921861406007191,0.27796448216922726,0.01994492929593577
0.029367693796550798,1.459469066845826,0.2180735324953758,0.015387727814097052
1.2780257769735917,1.0293905420590619,0.2561155151417184,0.01827367503426248
1.6962777077122833,0.23717155658247902,0.16861033906801243,0.011688186819594446
1.0785479479635043,1.7138220556994381,0.08110071798532825,0.005345093864458975
1.4767960982127308,1.3690079006633533,0.18696295355907716,0.013053128903262146
1.0008588645838419,0.41548379337112884,0.45458547594326326,0.033744186456139226
0.9007670463321529,0.4356655618460523,0.3261158016699659,0.023659329505594198
1.5980385681692313,1.1906034923679998,0.23282186039617003,0.016502750252273022
0.15503605283037825,1.6305957925387111,0.28048185114395946,0.020138083012487817
1.3478591162038647,1.9800097250349915,0.1373334035302755,0.009386218781340227
1.4604905959090573,1.8136755301696528,0.3764930022308629,0.02758621191583027
1.6390280476804977,1.8321620704885446,0.27225809339522533,0.019507535544046103
1.0143310856286825,0.5036450261949295,0.3889744558810519,0.028564956664545716
1.8773193403099337,1.467429123392639,0.4900640812659395,0.036566909223921765
1.9170552577112596,1.608511428776158,0.27494035065915046,0.019713052132321437
0.5624841891822723,0.344668308389799,0.3308527550255541,0.024026885924274204
1.9330245100356163,0.9449742822096181,0.3828004270876995,0.02808053921855916
1.4824766096645843,0.912137868967404,0.327590105291615,0.023773686534480094
0.24210588071290662,0.6214996593997926,0.156085089121739,0.010762453482897215
0.8038219692402226,0.10275156392666829,0.4813218355922992,0.035870014409392366
1.2210477702723401,1.8484451097104793,0.3367409748717453,0.024484278981968838
0.8826888605571661,0.3158653674372347,0.4584961126192095,0.03405459746374527
0.08450927549773812,0.42898523017602597,0.1085373054252497,0.007298639645678188
1.3809931242448923,1.8984867786451116,0.3428818601496086,0.024961887058550142
1.2012441047803988,1.9242522877175148,0.3371087008428718,0.02451286210767149
0.6333902364482034,1.2993415273932216,0.3645990574923585,0.02665561744876019
0.5419285507970077,1.394362713164903,0.33631601805668465,0.02445125001869967
0.22207166381848586,1.1858561975299073,0.05300703894665642,0.003392504965967595
0.15879226501671173,1.2260148526515853,0.08048087851543809,0.0053014349665657
1.4430374835595934,0.839298425136519,0.41852501424768795,0.030890727099109085
0.5043370380469065,0.7594812995140585,0.18087189541346899,0.01259904502102948
1.1495485429913048,0.7106479940002175,0.4995406867633534,0.037323313205958705
1.3572056959100964,1.6425676698797687,0.2534322753243754,0.01806909196535298
1.6880503580199064,1.8438448085903119,0.3950790734120508,0.029044450027745396
0.10133144142683537,1.8385974236512492,0.2974620020138278,0.021444019957293357
0.4682482287588716,0.0030788881558412307,0.4206125906175442,0.03105546798671769
1.508995389224456,0.18053804148087527,0.08843367735127046,0.0058633016490948885
0.6586963220598732,0.6104168505141421,0.14720985173912426,0.010109564620488643
0.8330531514497668,1.7302557554276503,0.322336613680994,0.023366353201609298
1.1964536229484393,1.6240027237906312,0.250815218799236,0.017869698939122103
1.7416114480477367,1.9745874393326146,0.08201072624689654,0.005409232716802313
1.958008894949983,0.012604696733783616,0.4929350530452904,0.03679595886663042
0.8262405292919217,0.6412356922609916,0.37053685488270494,0.027119939176404793
1.314549949173636,0.42535089862487596,0.25789538372413895,0.018409462455429005
0.8427130550471913,1.6997679519414806,0.06398172974870028,0.004148410954557214
1.4811511431579911,1.9243448335759152,0.2472222867909039,0.017596188185194473
0.9308527205153321,0.5783700174238362,0.2423505092545336,0.017225764328863403
0.6331294442357307,1.5831796568045955,0.07861893110284107,0.005170427348945018
1.9835497084208285,0.37226464205301424,0.14672315164370942,0.01007383856047988
1.1277979890848786,0.2822025074721002,0.46828489124801725,0.034832390370794324
0.4900700080186273,1.2378836733558165,0.42951222037368586,0.03175841129981854
1.937255769061242,0.2319484430443235,0.27713051156078183,0.01988096661662505
0.8677861719991005,1.18062911091303,0.33375603237918516,0.024252341025191897
1.8304722593591272,0.5856365782243511,0.44336349644383855,0.032854457596929836
0.32568189613140497,1.0097516677126834,0.20181710889581994,0.014164720651318376
1.2326218483195055,1.8033535895674995,0.214851660203163,0.01514482356041659
1.4866551938220307,1.1149222116515933,0.49405820637052933,0.03688559049542259
0.34331467045614117,1.6816909907918516,0.33233645034415316,0.02414208586496738
0.8843460646415946,1.309186038325593,0.0868619845264971,0.005751974246706333
0.5336235185870022,1.4561195283627004,0.3995671590240514,0.029397297935795035
0.14787282549114455,0.17705754049054523,0.15436750480024433,0.010635898232215201
1.8963944879500814,1.075865138743629,0.08850550931215237,0.005868392989649724
0.21356164917517861,0.18791940680605967,0.15607257358314763,0.010761530962625727
1.912393910488884,0.9498281167561218,0.16201665456436198,0.01120023692870051
0.7907063758787227,1.1450245792334237,0.3799056047322782,0.027853595030690372
1.0323660545963578,1.8601677863585362,0.15201018882659323,0.0104623645288675
0.12907688945620022,0.7613999459661189,0.18331205396131312,0.012780832321416271
0.42362329148453126,0.9741277814555667,0.4684027860552352,0.03484176489611962
1.3696717123324174,1.6716307803971278,0.193681590074741,0.013555182541559529
0.9895122253642166,0.8241153134880912,0.2918146302417094,0.02100909678585532
0.10012644030778817,1.315642077811874,0.18437525604136412,0.012860091282141259
0.501166182647971,1.596611501403749,0.2656081453882169,0.01899861658162846
1.401888223241418,0.4998506276080228,0.35896079030269956,0.026215200852291676
1.1214993088013225,0.8114358178217982,0.4156112401567633,0.03066088173861808
0.9592077628971454,1.1600895088211178,0.24835829357903455,0.017682636863094788
1.727267004831964,1.5853136497491103,0.4654652389625728,0.03460823146508549
1.273959608492942,1.6366289277145576,0.29695766049989564,0.021405155580199137
1.1583548552100957,0.09298827879835359,0.35234408948382256,0.025698965771819203
0.7070443750740714,0.3195977260295382,0.31783761457775467,0.023017883663064856
1.80850930154535,1.9621255731900664,0.09644427705092012,0.006432791433359796
0.90525048124221,0.3995414514182689,0.47954460714439956,0.03572844756298609
0.1697241371790832,1.071910075143285,0.21051506000102044,0.014818274714711739
1.618046604940288,1.406091450922391,0.1910722791408665,0.013360055340316422
1.0818529684345013,0.0823220031589782,0.0847307524367614,0.005601235457691577
1.183568417825173,1.0533988727184498,0.490890763178341,0.03663285345106079
1.560400673274959,0.6461030055532797,0.4393506246678104,0.032536674099586584
0.28883961026838323,0.531232025592475,0.05656471734826383,0.0036364632428492463
1.766752422347276,1.4988443541270244,0.14728879727313043,0.01011536036033475
1.4248288495576564,0.93778866902484,0.35793663853600965,0.026135253255767852
1.022983501631603,1.3864546164457008,0.39843852020746284,0.029308539844464857
0.8209195459953846,1.3128521133323316,0.3154181258444976,0.02283062278089477
0.8981315117419446,1.4395692796106805,0.4966303477260157,0.037090909444311974
0.13007480214946154,1.1693374081401795,0.4117623975093205,0.03035744648264234
1.1913526787633977,1.2439577329937173,0.11074665075795476,0.0074575701177483425
0.5645649644242885,0.9223244635783143,0.4443577801493127,0.03293322671304123
0.3858030410226234,0.2193910662411036,0.28095738271827053,0.020174583260372553
1.142034276061816,1.8692022774342094,0.3102114873301966,0.022427982179114448
0.06731599186822668,1.5372326781686103,0.4485256458695645,0.03326354530920024
1.2326044529358189,0.41036847466316617,0.4614478777918278,0.034289018110881385
1.5571046747781767,0.17457918286349638,0.07659488491354441,0.005028257208427404
1.5858415274572717,0.5194579512468194,0.3755761698358029,0.027514404995844077
0.7626035596888416,0.10926366256448139,0.21207167976599417,0.014935436300322921
1.9003588582257445,1.8840956698907056,0.45209119988373564,0.03354629671966548
0.06760640569256693,1.411030377657697,0.289521526660522,0.020832662227454012
0.586674035566179,0.34125381611813244,0.3550702739902805,0.025911582407535286
0.034856126573185486,1.126766435282079,0.3854148561256152,0.02828560334681351
0.9975289080919085,0.08544965247725678,0.3125967083016356,0.02261237905862224
0.8296884866732539,1.6173680162686632,0.27906813088473303,0.020029595711782255
0.9477112526101912,1.8362108696968138,0.22902148276813505,0.016214950020133234
0.6235573302745234,0.8979308823402188,0.06875994098536828,0.004480428770852014
0.48927473490331064,0.8069645457056982,0.33718181633487804,0.024518545588792812
0.5984269718007016,1.630578697370652,0.10811299157290011,0.007268141800760222
1.05185110884725,0.2482655821770734,0.41173184936318624,0.030355038906632336
1.9602735386366021,0.07703798657113747,0.054028539570783914,0.0034624392646979293
1.542588666757416,0.19078867312513448,0.39427671799280034,0.02898139885380233
1.9459700640360398,1.0020157018098126,0.49294292685149427,0.03679658717535214
1.910870821577648,1.5540545977101676,0.37769490838706,0.027680364274953
0.8711150529379477,1.2931333771590596,0.48707840055838936,0.03632880616127307
1.4206984391377913,1.5195966317178538,0.18648454885036259,0.013017426796368822
1.7756550360282548,1.1933792336277036,0.1852815950663323,0.012927681420438236
1.336779805209146,0.3482800551000256,0.17373563754716423,0.012068385661069679
0.7562629733763808,1.883696173595216,0.2500637299697193,0.017812469610753574
1.0390813623525206,0.2151629946977618,0.37197188723226066,0.027232232684827034
0.10210075678866604,0.9342944504091397,0.21638157711109557,0.015260136355137482
0.4845857341150761,1.7581194041552084,0.1496185217741135,0.010286491755710517
0.3878590505821087,1.3945146127079382,0.32765866661457554,0.023779005482993158
0.35150954119118816,1.170151796276469,0.15647299622329303,0.010791048641693416
1.670139127189083,0.33515872369843214,0.1724774726074753,0.011974981378708621
0.23275595325431198,0.11193565603164246,0.1365157237465148,0.009326489667518954
0.8453388099194787,0.598639821388103,0.1407541340068908,0.009636357687926632
0.6416707206067194,0.1231032889110637,0.36623272100686816,0.026783314408411963
1.4163226239483424,1.3955057728203237,0.11811491703113966,0.007989170870456395
1.1061269270721534,1.2295198033744883,0.1776775924386454,0.012361331330996391
0.6671467572460505,0.28364871392809876,0.25585842299848494,0.018254066665134076
1.631804369524912,0.5445148452030066,0.38964081194115263,0.028617271178885312
1.9876758713437204,0.8143896141202736,0.1506056598431337,0.010359058254595068
1.1116709821515578,0.5189561254947495,0.4983240408671753,0.037226147121439644
1.4109439835222342,1.6217165039110035,0.06356711303372908,0.004119679804806886
1.1541896290980906,1.0151695060088988,0.43506314445760225,0.032197365351140164
1.4353238762727318,1.1842801315389646,0.38410390476322886,0.02818276614292043
0.3252840519158442,0.41554449028864715,0.28693022598909124,0.02063340002487679
1.6068787961871143,1.0014301306320048,0.4964978169953218,0.0370803284976203
0.8140463366147082,0.8245322953350269,0.4800153531617616,0.03576594177215849
1.3314768967085935,0.19666167308203342,0.27664391820544537,0.01984365271098235
0.6978711195730503,0.5849481246503596,0.32867742270657657,0.023858049042572962
0.6222160982535514,1.0276570724048062,0.3004487977919165,0.021674274333233313
0.9805879601080554,1.2503669424880628,0.13734843138997474,0.00938731675258435
1.9352434626285795,1.7391411814159237,0.4178766195285169,0.030839570618255954
1.5878901042994888,0.43579754839457086,0.41472835704089533,0.03059125975040746
1.3133766899184598,0.14147593593555352,0.10338955866077763,0.006929206520635328
1.1670544187616965,1.501303436180238,0.3868104436912735,0.02839510633795854
0.5201087662956163,0.593516791403814,0.47289250001174116,0.03519888986968297
0.26295481417093236,1.5659260748060764,0.11314910927464712,0.007630640636520652
1.9833107623778297,1.120140907663342,0.26997359564981654,0.01933260567241968
1.4605090341138525,0.553075884303553,0.262265601814447,0.018743142978107825
0.8468062909071108,1.498204921062184,0.19461256044646041,0.013624845593971585
0.8510876789455115,1.274922908897412,0.12481500853265282,0.008474559897991802
1.5980570950875774,0.23158067888618028,0.14865547868060883,0.010215728353747662
0.6768064494166877,1.6450821151291024,0.18613114420645704,0.012991057178576572
0.5413174586355234,0.04062247874107672,0.4777488749243547,0.03558544354527478
1.0221697635877967,1.7257415065917017,0.34466728665499796,0.025100860071579578
0.5004658400090303,0.2809731282762382,0.171573053688234,0.011907867690099445
0.10790270431541416,0.16819055887766,0.2365587953845622,0.016786062307179092
0.08120770546384959,1.4570971687889949,0.07444474391744846,0.004877513970807347
0.7181304701382281,0.6312723639888922,0.19470908078293914,0.0136320693768647
1.2991923292807963,0.8116848723402896,0.3366950489435972,0.024480709337541262
1.943703216408303,1.2708227257918614,0.30967791782192156,0.02238674630084823
0.8655642630274716,0.0788241082689698,0.14036061395277688,0.00960756021364538
0.9559073691016777,0.2906642321696331,0.28065784701312135,0.02015159138228404
0.5163531167949098,1.7021650996185784,0.14409825018410155,0.0098813001362805
0.9964665247408935,1.608812183764563,0.4963506472080663,0.037068579030907226
0.408662159728274,1.4997237713220781,0.15386042417924234,0.010598553982661775
1.9648782325367917,0.174559978290999,0.48975722009465067,0.03654243293106322
1.5621531710633676,0.8843316836859525,0.07425167995748018,0.004863993104873073
1.56553315591037,0.42230284087313574,0.4247894244165762,0.0313852515572014
0.3743659815711684,0.03084258479593993,0.10687662995172234,0.007179324670410693
0.6281930269653413,0.7016653079037884,0.16573177992443378,0.01147500087604928
1.0935258581581615,1.203860387342062,0.4589459864071751,0.03409031842890765
0.4378507408050929,0.8231810861996622,0.4443760729256637,0.03293467601687836
1.205142588322766,0.18698634835228511,0.25575643967700074,0.018246288793019285
0.8928549957673186,1.899342771959492,0.24570439126241822,0.01748072105122077
0.4764913743257677,1.619971754655833,0.23633205785087802,0.01676886357281826
0.22616947385862662,0.43942103926406295,0.12156344338786418,0.008238769125201039
0.23121597280417205,0.3495945760821484,0.49775214653945116,0.03718047906359767
0.022332109267655165,0.29191683820761716,0.1447086754484308,0.009926053838951178
0.8463107330036259,1.69542708476119,0.08092401827776322,0.0053326455226440465
0.4777223993933286,0.7110735739926237,0.32084642157160354,0.023250893112320873
0.17783175240727656,1.708853365289857,0.33497906561608654,0.024347356719555135
0.4454524891631926,0.023064982080156282,0.27015009642347104,0.019346117161482195
0.5028523779209011,1.8816229863288405,0.29298868560635744,0.021099467310801787
1.4873948074650043,0.39610842293997117,0.15356465904609232,0.01057677610515071
1.0495422564133219,1.797734009774262,0.47384751177940615,0.03527488455258767
0.7668970624895726,0.16774370747683398,0.42866020830378465,0.031691070703867785
1.5652110936924897,1.2642289995015197,0.051246606002677664,0.0032722007005149944
0.5277096340262499,1.1232548167886647,0.44729885661943275,0.033166295691185343
1.4666276495941692,1.984362890636842,0.09009516104360388,0.0059811376857506465
0.14872983531185513,0.15728352278389868,0.17538770323105402,0.01219110339232101
0.06359720993399565,1.1738698975833384,0.1910261410868236,0.013356606731505337
0.3369699332208176,1.1725513082501071,0.37370872382738946,0.027368182822285637
0.7168484814655005,0.6466396128301064,0.3071405952307484,0.022190721493097944
0.9280865769266038,1.0486748123631273,0.12227827821774004,0.008290569235755978
0.9857248579463349,1.2130207758607483,0.3683657505012579,0.02695010396008747
0.9327946934739828,0.4099902689552777,0.41886117314983157,0.030917251223996974
1.2144714668837502,0.3728682776704033,0.21240103825433443,0.01496023363830001
0.04802888400836558,0.362656649327725,0.08229256190423626,0.005429106936425233
0.5982724486372091,1.4633195906606777,0.14386181157909217,0.009863969006298592
1.952674193405007,0.7846694736072339,0.28711422008871607,0.020647544463157134
1.9537190192324128,0.7355370783596105,0.2805176923926677,0.02014083392078689
1.3346132706088663,0.7947374329797345,0.2904646523500517,0.020905215991491193
1.4291578918926617,0.12161907767774416,0.2616274056595855,0.018694390523760412
0.6214396222895691,1.7120510038615382,0.4011114572147543,0.029518772215242857
1.0579665406097505,0.2738737058789249,0.1108840606772156,0.007467462049628523
0.15776898445868648,0.04588703326906285,0.2728867531648996,0.019555691449507643
1.3692947758386558,1.7895014567013625,0.2510639055056121,0.01788864018221682
0.7648186181853405,0.5025339243371643,0.3207049059531252,0.023239930402740736
1.6356974334194208,0.18053772350726272,0.12739825979533306,0.008662190087903653
1.9866405701732417,1.9006159950097352,0.07787023016140342,0.00511780838952187
0.4649291192071223,0.19194561829865497,0.10391816350811817,0.006967084966136569
1.3220077331070463,0.8556612784832207,0.24389676726953963,0.017343278334683722
0.342406757967213,0.5612374988128892,0.08853968113604045,0.0058708151368505246
1.441213730854963,0.22403106923010752,0.2211933606323372,0.015623174872575104
0.6844966545808182,1.4701870752828528,0.25787132600840984,0.01840762664329742
0.9360069013747871,1.0966631418039212,0.188079009185184,0.013136441731711246
0.6805813299718733,1.8639751638596864,0.42279297653519504,0.031227593172388327
0.15895242512693408,0.5319427503114444,0.25473354032461915,0.01816828808016935
1.7970571868773144,0.6226077874244043,0.33199381384291377,0.024115479062063485
0.1158077522416523,0.31369892403221167,0.39064975829230186,0.028696493638801206
1.2165409873238593,1.7571259579362914,0.4076615131708174,0.0300343560720662
1.8626294987737788,0.8826349853118225,0.1123831523704319,0.007575434132186789
0.041288213954578046,0.31602643828181587,0.16297601870832296,0.011271148529095696
0.32716703031111405,0.38094017809851244,0.11466483196231106,0.007739962532325281
1.616722465450994,1.7406650883599926,0.0680070240422092,0.004428003075277566
0.9907900059323698,1.7834042294906922,0.24731100707918074,0.017602938701715802
1.53246053431192,0.2111383002722289,0.08367773760680025,0.005526853434167641
1.9440253781699504,0.602735673847413,0.4705119196729728,0.035009502271301035
1.5665194107413163,0.944547945134492,0.11852382051644651,0.008018740595742577
1.0987950675576887,1.866845604848302,0.4919193713692125,0.03671491598931006
0.39297313694130187,1.2392007579531712,0.19207787962272127,0.013435233635129003
1.653155408170649,1.6860445035679543,0.3815942411678459,0.027985963918214018
0.5135800641073858,1.5131377121021066,0.08692861040510283,0.005756690741176117
0.5049665059677089,0.3163279323422392,0.39453758923203003,0.02900189782328624
1.7309473359840954,0.9650866224028356,0.2405250815754424,0.01708710031549196
0.33521155112556733,1.4807441290400702,0.08302006239424992,0.005480429800471139
0.13900280550496436,1.2206454686717494,0.4050056733195772,0.0298252337560652
1.4437141742019703,0.22567173587886336,0.3421703047025028,0.024906515309444252
0.11859707695550536,0.6314395073940331,0.2855659367610497,0.02052854064134779
1.581262476057445,0.3923119404426936,0.23343221621593585,0.01654900247546745
0.41703886252834677,1.476884688449757,0.23833143756680197,0.016920561759748865
1.5780141810076471,1.4855628489895332,0.31219032691849613,0.022580955607577304
1.7828575174342691,1.7291354683733926,0.3454343549007348,0.025160581965054607
0.4988199829832516,0.45898415318470054,0.41162769206686484,0.03034683010154928
1.583698577528735,0.03243776576501389,0.4279199032725673,0.03163256661003752
1.0196495110982786,0.59287242695622,0.44878462960352333,0.03328407772726313
0.2641862905307084,0.956712353615162,0.482065471464037,0.03592926015376382
0.05382964863070461,0.862291156565296,0.4487341445774587,0.033280075173652474
1.3762433314814175,0.3107317838380732,0.11940078003900396,0.008082181354510793
0.8648860861347312,1.5348793797116678,0.42097677484361784,0.03108421333766876
1.834188432812055,0.6178013030321934,0.3422318925423294,0.02491130763183399
1.9201419881614477,1.0630673981081709,0.17543018322493992,0.012194259920372269
0.20372367201016472,0.8150211059052384,0.2360047982755326,0.016744041942377403
0.02213003004294367,0.2022121393491758,0.23271996130652,0.016495029243912312
0.9922925961670219,1.6734756694386503,0.12643832355138895,0.00859243576424369
0.5056107205044775,0.8276977618236754,0.1002161860712407,0.00670209403164984
0.7653510814969537,1.5941010453287718,0.31046072250319856,0.02244724551059605
0.6097558008238713,1.1767392560477494,0.3713325866131965,0.027182202720237126
0.5320756890329588,1.1421619455510756,0.050980714756537086,0.0032540547927969424
0.4113813962354096,1.8293698987625138,0.3088297356904114,0.02232120629299391
0.6360940146684537,0.9749598761339009,0.3427685097773394,0.02495306583950584
0.4351447632663299,0.561268304743344,0.12323557488213716,0.008359971923169738
0.07154173167439204,0.8479686054586633,0.09696715706480799,0.006470080700192637
1.1928245602816914,0.2731632972057805,0.1742762165829927,0.01210853179648079
0.19640373416249868,0.0017596303366531618,0.4261433352589091,0.03149219825875691
1.413115950470702,1.50439442180825,0.42197978319918167,0.03116339045229587
1.4838153494688169,0.7030704274354149,0.44180914725175713,0.032731343416951615
0.8161366450664371,0.9077366854466538,0.48121041746305343,0.03586113822969991
1.8683748564133507,0.16287043078542407,0.491694265299733,0.03669695597549249
0.02631088705000395,1.5974095859450128,0.28983732442192645,0.020856954436050422
0.2549593542339874,0.4406820578638795,0.45346341331379464,0.03365515546736746
1.759959632452876,0.7526951777547233,0.391721604166674,0.02878067043524726
1.650657392377877,0.46838636268892375,0.32930280434906706,0.023906579722860685
1.881337752634745,1.0283271959786349,0.15037543743533616,0.010342131201218682
0.17302681777161988,0.2688188461020873,0.41518825669652343,0.030627525029912755
1.9175264719469116,0.8625082938900588,0.4883318314020351,0.03642875295400594
1.5377660147386276,1.7958968698826723,0.07643865196739537,0.005017294005256043
0.14449279105502688,0.3575174490163169,0.4654571167115239,0.03460758589112287
1.6900333344968868,0.6119460817055007,0.059412198629463536,0.003832489514638851
1.8041490077154245,1.7555220703714443,0.30376848753653574,0.02193037708913684
0.7576737417606421,1.3288089766831837,0.4622064278510822,0.03434927670077728
1.6408171568960213,1.8782719990543675,0.20161043785975458,0.014149214928837792
1.8435642886532355,1.052131671865117,0.2840702701313899,0.020413623298945575
1.1063715563696552,0.7052840714083042,0.19806956546854654,0.013883728310256
0.6088690477870209,0.8081501544258758,0.33629104710444424,0.024449309288290862
1.2561672162555497,0.06767792335577472,0.3805111522016802,0.02790105804594624
0.08169805920940432,1.5223480172603618,0.28218501272625923,0.020268831815173225
0.544717550780222,0.6136023356375016,0.09143459457762354,0.0060762425834568114
1.1850154207934527,0.9137759783233794,0.3185179503322691,0.02307055728085332
1.0139921783035317,0.5076256533598646,0.48880562120369253,0.036466536891675665
0.045347583795269264,1.288270488912526,0.44477157441911214,0.032966011896722075
1.8284841127752227,0.9639333562590677,0.053554551071782364,0.003429977463085763
1.976802216346855,1.6112135525244633,0.08246663514790958,0.0054413844157729764
0.0034369241580438636,0.14515421575409082,0.20681004100883255,0.014539651446923391
1.8413237565297365,1.6384802785516575,0.1729230383363083,0.012008054152866264
0.29996270316369245,1.0317543336656727,0.13287865582973077,0.009061113486222187
1.564119543596908,0.9106432260242479,0.38536418242941456,0.02828162781425457
1.166056341716904,0.6916253168327506,0.36225510146699824,0.02647246874804418
0.12625303687922695,1.9541868251615473,0.08817892995152116,0.005845247841240538
0.14727847814806494,1.806344474247539,0.4885183166618035,0.03644362453725031
1.9525818333952867,1.5323130392926798,0.22278962279959214,0.015743730366129475
0.43494743672462244,1.8462857184042785,0.2852658886518287,0.020505483549700228
0.9283934039925288,0.8493494978665221,0.3982388889544104,0.029292842304638918
1.886826836708341,0.2563753618246418,0.3997249348492654,0.029409707076508633
0.3397757931269383,1.2857779783206222,0.23273483747800933,0.01649615641357899
1.725748070946083,1.3286709358911886,0.4195958729256142,0.030975226743464573
1.888810392431205,0.18915562730829127,0.2027746243461484,0.014236573585248552
0.5057722628774146,0.4305368581803959,0.2725518093651829,0.01953003349844991
0.9567918329741971,1.235028506248931,0.3382393509011426,0.024600760346371913
1.9853956349263995,0.3361340782126889,0.4322065794996686,0.0319714263205202
0.1836759789991167,1.9379300563043753,0.22210846791370353,0.015692279769998763
0.33683261585328994,1.0638638740012791,0.13369407594025456,0.009120566959049899
0.42304333703260943,0.6383441290188885,0.48912104676636664,0.036491692949733645
1.6862553639115878,1.6599780116923661,0.11645856741118052,0.007869464959927637
0.9815076469386095,1.4911542131894506,0.3733341390934831,0.027338858668929777
0.5164155850561731,1.044238335922205,0.15569498300500567,0.010733701165268006
1.7015416081343906,0.1475406187697783,0.42968299207444827,0.03177190971585591
0.6904839920219157,1.0475833868474975,0.19200612411031454,0.013429868319846421
0.4416958504062318,1.4669874385442605,0.37547941844245597,0.027506828067673513
0.3582965997807812,0.6409067787008436,0.38091051092734723,0.02793236277042461
1.9780419259346522,0.6707240853361336,0.18977689984993779,0.013263253542528131
0.16941467974853874,0.1156633564044498,0.49310776775684984,0.03680974119866511
0.7759999136248934,1.9019402204990667,0.2633375031385626,0.01882504502450197
1.1368320376888146,1.0138773835765575,0.16217822637234325,0.011212177518431062
1.7247260927780375,0.08928635921231431,0.4751525361973944,0.0353787484386181
1.7777528198382013,1.703486587256768,0.2929275266973814,0.021094759110310828
1.5018665944415344,1.3904614868595233,0.20437001963463408,0.01435634563010576
0.4528676900154016,0.20498237439549927,0.448175006268065,0.03323574765114335
0.5536436179177509,1.8580639402264616,0.1562292135855709,0.010773077263942691
0.27789838516264354,1.5411766146959134,0.24375873056124658,0.01733278559332185
1.820653806017065,1.0842833234459268,0.37608051379249724,0.027553904053508757
1.4181078682369526,0.3429484566990826,0.28208916273451634,0.0202614721260459
0.4773286926763516,0.7770326036330057,0.3597262336972693,0.02627496337053101
0.7363492295553549,0.17678969104182207,0.10428510010014289,0.006993386508493039
0.4208989464200308,1.3758208553973201,0.32284710442695774,0.02340591450520964
0.6335842689771596,0.9886712835456242,0.16817870466906118,0.011656203885141594
1.284589590749113,0.8176448081308885,0.16380832125644168,0.011332691688529913
1.3766742066965558,0.5473435878725244,0.07815903273974284,0.005138101416679922
1.1699157146175245,1.4006536402765157,0.4385617667027256,0.03247422710942241
0.8252341944909931,1.034121193760473,0.06033011078897248,0.0038958202461755317
0.35063103958619224,0.9968455032828072,0.4345770825020964,0.03215891320089245
1.6823305416467784,0.0592146920992358,0.20024849544910722,0.014047061172886668
1.7163235983769256,1.9487978647970623,0.429726397950508,0.03177534073310113
1.48975497233283,1.2798810421415059,0.40287304028964716,0.029657377492097174
0.4187997848342859,1.7422143663051257,0.11540008134883531,0.007793028595375734
0.16797337341198726,0.40051240287690804,0.4880769750959413,0.03640842963946647
0.7402975424944478,1.1043397660895913,0.41668002744056015,0.03074517732520123
0.9037267006950522,0.4865335036720455,0.12743000329330265,0.008664497368609622
0.29238451591353676,0.9343915654348163,0.10288161265064598,0.0068928210201994085
1.9456527552809006,1.3887421981733932,0.24900590011410295,0.01773193112007207
0.05123175230882193,1.1324992850982643,0.23325488990199217,0.016535563983543458
0.6307240136533603,0.7257438525054125,0.2967957649545858,0.02139268093248663
1.5515517056649388,0.9142210659399066,0.363788156475634,0.026592247200685648
1.813745463813777,0.12580487067353574,0.38900096525641925,0.028567037753808876
1.2891660542636827,0.5040661503718955,0.19561176325265484,0.013699639957736933
1.8094232751653005,0.7748133297734474,0.1556643144014075,0.010731440982094434
0.2248314127640889,0.7943094038063372,0.295478333435031,0.02129118546126836
0.08016023496045732,1.433909909573046,0.1427424650805783,0.009781946781216714
0.23298607718547193,1.6153828643782677,0.34335522798782864,0.024998727941704643
1.5592528893873623,0.23853438925325143,0.1302488152083775,0.008869540177335189
0.8605011872131123,0.4685473780676297,0.09537853017703965,0.006356830794435088
1.0624775646857634,0.16804682753278954,0.20488043741184614,0.014394678170857596
1.9441216168616622,1.2259658809815404,0.4258600179269966,0.03146981681174928
1.939642682229234,1.5828782247128979,0.2973353022139783,0.021434256087989458
0.9063884710254693,0.6058085725390236,0.37539326514718435,0.027500081225719796
0.7994998265728872,1.8022948531667422,0.43877500157940513,0.032491106287081434
1.23083776918463,1.8483167617950493,0.29911396661904227,0.021571351560674395
0.40451796224637726,0.029334096431361978,0.32594662576051153,0.02364620934831779
0.2638073247521271,1.929970587690783,0.2243497540661828,0.015861614732567867
0.3920416793555641,0.2079434177086763,0.31951202650684696,0.023147535570413245
1.9354360234902375,0.5575219373142062,0.22178109983961236,0.01566755610444466
0.7287695613793936,0.8268872589869158,0.0792183936407801,0.005212582730008871
0.250528977273194,0.9937338417811452,0.2228421242706653,0.015747696481955904
0.3675258256510696,0.15310737461714075,0.21095573884588037,0.01485143709708397
1.8582347606306608,1.660063208655064,0.2571475070801527,0.018352398519481006
1.2853028154856352,0.18832591103876806,0.11157886021143787,0.007517492546786451
1.9400375547834423,1.263517555316031,0.20104924390711448,0.014107116268694334
1.6680628110959017,0.16766583273759772,0.13655272111746516,0.009329191685078422
1.6426494661026434,1.5606367977913844,0.15354202506852868,0.010575109631662074
0.8631227297778459,0.8249769187499962,0.2663316353559486,0.019053942876060177
1.4207479617504153,0.3840074643619409,0.24199220418212808,0.017198540885045875
1.1165774235625037,1.5584095207410829,0.4064461132491352,0.029938643098721924
0.47448068996325854,1.946308265716506,0.4573652886832109,0.0339648182480561
1.297044468765893,1.9097607285108744,0.05974291186258292,0.0038552991257112357
1.9945545690742732,1.0462958065647467,0.12039631461014529,0.008154238999552324
0.6339280659509736,1.3018859583517597,0.19323130312984454,0.013521496558276863
0.0902583209371246,0.8376911821232151,0.25381569507347107,0.018098316610487972
1.5281135083936612,0.3202405233492993,0.330743341519351,0.024018392038502485
1.233781062609361,1.0255645477957642,0.36607055422902846,0.026770636718260868
0.4444557039923025,0.22761563080742175,0.3083017384029974,0.02228041360558655
0.7907905070733654,1.7791220683700997,0.24935392171834952,0.01775842534623665
1.7713899958828045,1.0991587811211725,0.3983889736223839,0.029304643813206424
0.9041622056715712,0.9967565009850343,0.08612595559357063,0.005699886872705883
1.4292836659349466,0.8191829525888443,0.06807501890815885,0.004432735927515697
0.5570162170483064,1.564920522056242,0.21540608074581347,0.015186604783974276
1.009924246625392,1.1682402822393227,0.08355127544106727,0.00551792482767084
1.661293066575012,1.9247973371690206,0.17673974606236137,0.012291594409329235
0.9285656681486343,1.639980260773819,0.20093068888971444,0.014098223753654394
1.0161853582973752,1.5692514780979603,0.35134509169020983,0.025621081750243677
1.6565239380449255,1.9030170970353728,0.39338624891057217,0.028911433844377415
0.6185737811352514,0.03482162798369215,0.36959468372643023,0.02704622913072993
1.1841554925735551,1.712142699167524,0.30822649653477097,0.02227460086563977
1.4217816202894757,0.27450817988915355,0.46248412683590717,0.03437133858561284
0.0444939768761925,1.4391395799670519,0.2797917196610779,0.020085118374213427
0.3865647970058248,0.08510659363767492,0.22197211684650126,0.01568198188653778
1.407789983898844,0.26181859427049115,0.4609435363423234,0.034248957424898294
1.2164622734787351,1.717684928189361,0.12541015771300862,0.008517764023597319
1.758065332458886,1.1498029847675924,0.4910061994434057,0.03664206238554706
1.8963819477669699,0.34711333219738716,0.34985380884493517,0.02550484656446617
0.9176388015461621,0.9591178629416659,0.062472828368107636,0.004043912891167356
1.3372110213527708,0.07952301828233077,0.17257526616135332,0.011982239745235292
0.18328864159259806,0.4885580493030135,0.38233913168419204,0.02804436727877462
1.7765245886184726,1.736178558004538,0.42701105843012965,0.03156075286882933
0.4462571954032346,1.09093511800406,0.44276500070085645,0.03280704945825377
1.2075150106708183,1.7342811807990601,0.3965557559144509,0.029160514659744684
1.2081553855850937,1.4085336344695873,0.36281606632130503,0.026516293198825893
0.5886019747067004,1.1186904648420946,0.13529670689867399,0.009237489921853415
0.42225944483714883,0.5820751074291584,0.2636679016070829,0.018850294818076412
1.129967524983312,0.20651533855286242,0.08557010864476206,0.005660570973843329
0.5660260594508206,0.8992001192015726,0.45571579055782235,0.03383388753765399
1.934136490837753,1.6550626345279829,0.18827389133887085,0.013150993062421606
0.44693755788417255,0.18728736475093744,0.08048521122188766,0.005301740063966109
1.0495400802224601,1.3317467187789016,0.3196845283624173,0.023160895282982742
1.8520381697423554,1.2451223449186344,0.1297305263078204,0.008831816220595161
1.535186394731121,1.341728029406425,0.08835023011815607,0.005857387393942348
1.5946787985205366,1.1319314486651322,0.07133575023079237,0.004660079921775273
0.11171513876094363,0.27682390779253474,0.33819762609387277,0.024597516243673567
0.7736789401272526,0.6540522945999128,0.11609755944650768,0.007843390113575186
1.821598401761489,0.545350002405232,0.10312273596517404,0.006910091771793707
0.9861536726806093,1.361948656507469,0.37847458150002156,0.02774145170330879
1.0764671519597826,1.2407040535277138,0.4568136016859815,0.03392102385953396
1.0331593301194788,0.005834992823210872,0.29136292515107887,0.020974334381583616
0.4382676513329169,1.091876307043988,0.052500794190600775,0.0033578806148220164
1.126698883201716,0.9266683942194764,0.32090349960339554,0.023255314838036008
0.8702887233249528,1.3899100589653006,0.4414823476015497,0.032705462638792024
0.9371266628159467,0.4918466699063706,0.2584747363881691,0.01845367564914386
0.07337798719677613,0.8205435698216346,0.4640612925053379,0.03449665434012312
1.7817944827953132,1.470106339121951,0.15771192874860787,0.010882411134205799
1.787733043892832,0.7179210512378849,0.357686339443216,0.026115716742416917
1.6902647727858653,1.7812035305582834,0.2827591875777707,0.020312922527330773
1.4437577848957266,1.1788955227774975,0.34707946567391496,0.025288696749818682
0.8140018716059061,1.601998326306706,0.08424347665415766,0.005566807681572598
0.6382720634059618,1.3588207939028052,0.13073039050101198,0.008904601198203896
0.6443924228361719,1.1527355722315473,0.19418582804136358,0.013592911016543644
1.2988822172196743,1.0196370420465573,0.07872649125693593,0.005177989562120342
0.7212861346302273,0.8883273849369699,0.08181571850682284,0.005395484103164567
1.9975519088367033,1.5065535344551155,0.08685165651795207,0.005751243141801185
0.9571805274611176,0.6031312429210907,0.22367952067762514,0.015810964579976477
0.31053486643743766,0.6455187387759536,0.4482725433959682,0.03324347995208634
1.1361341181037896,1.1732803445163447,0.32953343594036616,0.023924478732813205
1.7094612902447828,1.4526983840544718,0.05504097487693632,0.0035318430220368426
1.952165553723236,1.4869708632877536,0.46498020328546125,0.03456968115064833
0.2315338700094467,0.44490403248977106,0.15626195096200185,0.010775490513553268
1.183196121201616,0.4326677188097734,0.3803414642585824,0.02788775732166888
1.0542227774887727,0.16217553813100727,0.37364214069630897,0.02736297025137825
1.861748595290399,0.7829579423838071,0.4260289128478006,0.03148315901593545
0.6531418930499293,0.24461913619214992,0.31158214554778024,0.022533933240739865
0.903953062179115,1.9671549706725218,0.05348617281198553,0.003425296108970159
0.48378086701340073,1.0229051119916857,0.3478056890435927,0.025345265525963428
0.48279834657223764,1.4384102160696925,0.27069375117576594,0.019387738851756913
0.3203305018598359,1.2884888472601712,0.1115886763715149,0.007518199534295483
0.26768525876589067,0.5531064241734447,0.13578670288548247,0.009273257635433513
1.4210456386576444,1.6680671348478093,0.423278025575636,0.031265892512089964
1.150177335963914,0.3709574101391968,0.37846621679744125,0.02774079628232118
1.1921417477841214,0.2612279538583935,0.2593111464597056,0.01851751819162813
0.3246852656673529,1.3839075442973117,0.06313560710103941,0.004089792034605778
1.7879181720927486,0.10117105567115825,0.39696645660116,0.02919280031263617
0.6905862517245727,0.2870266184896815,0.4053811019444924,0.029854789488208435
1.3216812455432887,1.1667389172391969,0.4030763085160689,0.029673373783264095
1.6543731513186652,1.5120320164644674,0.3193463694322573,0.023134706432504426
0.3269868124387292,1.663122576615438,0.40677020620681836,0.02996416355188354
0.929240804914403,1.0173011776912722,0.16242471955822896,0.011230395606757286
1.568420298361702,1.2499625376285366,0.3956810078473253,0.029091757401778478
0.37378784289724365,0.8294908967486123,0.1532310805437873,0.010552217413813021
1.5375644505855437,0.29477582545339076,0.22841184038624934,0.01616881270378146
1.9500573004528912,1.1604172167549385,0.20684204875262963,0.014542057013942683
0.7573542534444933,0.10795363505583766,0.07118894003505587,0.004649828379700201
1.6638904880220446,0.18588015130458313,0.23224717386969856,0.016459208662799776
0.9129507217502775,1.2280420914503813,0.377799496310073,0.027688558239174106
1.0614393803714284,1.5912991975234998,0.07315714881513015,0.004787385734288516
0.4103698760791412,0.6006026423224333,0.42253514328541675,0.031207235963295773
0.9919999469587464,0.6958852799874957,0.36317337627835716,0.02654420988581179
1.509471973936728,1.6812898091777169,0.1365518192283819,0.009329125817090975
0.8370432721979724,0.8715871282428995,0.2887586772944367,0.020773988876214435
1.5275723360853004,0.6189679590908757,0.4832742915154812,0.036025580747264994
0.23718586187902457,1.0078593054205194,0.39186315479378175,0.02879178822094948
0.14719694858909937,0.8847163903830271,0.3246320246539444,0.02354427366708095
0.45661821335852393,1.408418371189343,0.09908035070187138,0.006620924079759045
0.7237745170909238,0.6920525801938029,0.48944012668516823,0.036517141591682366
0.2310230473152166,1.0972876156517954,0.32456126872007285,0.023538787977311425
1.6139141220701534,0.9996722326122183,0.3333709775244955,0.02422243163501326
0.1292985042376409,0.3893588487169528,0.20383952731164207,0.01431651248467975
0.6874013541132633,0.18633874373683712,0.11107420411791336,0.007481151582674967
0.8644667685175258,0.8434565801378902,0.3432035300798746,0.02498692133974833
0.3323706779961446,1.331104369345436,0.4446383536333878,0.03295545649916358
0.5627916886766453,1.8699872233551114,0.4607767723988805,0.03423571175076741
1.9132127572737376,0.18233412643655234,0.14492353766389832,0.009941809696617858
1.2094679711145908,1.2602150424776,0.29544281189353117,0.02128844929861818
1.3704801845675685,1.819283840030093,0.46176702295248584,0.0343143699064921
1.828969507511719,1.7631561114527654,0.26085297158332565,0.018635241736931055
1.5817027934675665,0.666836543207507,0.1192683791588736,0.008072601180798436
1.6830799164667123,1.0181135681147788,0.4351500199177767,0.0322042383434218
0.7300810275717586,1.0066126180165837,0.09514288099218078,0.006340042884731742
1.5555543852144973,0.6023700158378156,0.4916736504789852,0.036695311257143245
0.8122170329388452,0.923597951696729,0.4447191434038902,0.032961857637492056
1.88514227084816,1.541986713037203,0.26973563187315963,0.019314390031791983
1.1742421398854717,1.3118845212641932,0.11258523919659617,0.0075899970685459825
0.5021572540925223,1.3869381376511543,0.48814514115376273,0.03641386541611135
1.3744718465454953,0.6917929512582424,0.2411233307114773,0.017132536831237145
0.050914429088159574,1.6358701263200761,0.1080434063945929,0.007263141106406977
0.907851550428364,1.141694471438855,0.4377971307483008,0.03241370496071497
0.20126045358795697,0.9237230812188941,0.1789367971683959,0.012455003931757174
0.8267061036990973,1.1060785055488886,0.32933477520673704,0.023909060886821952
0.841670997216194,0.7818036797962893,0.4096325375684291,0.03018961645277654
1.4552199186323729,0.1734660558314185,0.13384057436355618,0.009131251029431624
1.9298638071962606,1.9405551383985737,0.21321138846436638,0.015021256038708446
0.8869984543168441,1.5078564346899015,0.25381510885938074,0.01809827192632458
0.2590169063409564,0.7975456145489812,0.462070783283582,0.03433850070708716
0.4082772407740618,0.7085492292698741,0.4524087314373263,0.03357148471738251
0.6614839806363624,1.9049247877754512,0.3295403092718056,0.023925012176158635
0.07189498337919908,0.06887683891471208,0.2091943014543971,0.01471891246652976
1.9344428776284426,1.8432986418205985,0.40300334589789905,0.029667631890764712
1.1553694609135077,0.41746552357332156,0.1975986680988474,0.013848446027335648
0.05788665533106285,0.7937715867069544,0.35897325902698973,0.026216174286097037
1.5732132245933594,1.8188168407911482,0.3924296189996134,0.028836282690671098
1.8958595190395493,1.5754343028631173,0.0808652903051415,0.005328508602726283
1.670785805762321,1.855127145817186,0.1326008655627237,0.009040865132017205
1.7560662779098473,0.25443991798262977,0.36251207318051326,0.02649254365707095
0.1728701519705882,1.834699770672359,0.21304137722077482,0.015008452227870402
1.0245627132368036,0.49975740083105324,0.1007019095940439,0.0067368246081316125
0.35277037750329354,0.6274957964987196,0.3576700246403138,0.026114443361173217
1.418533235158158,1.5686027314929518,0.46709559256950245,0.0347378311923614
0.42537267346515506,1.2025651854235468,0.06771847152153909,0.0044079217181847655
1.284684679020467,1.6590475220165322,0.2377055325322429,0.01687306322502352
1.7405375625787745,0.4629692052531469,0.2088169941302836,0.014690535120663038
0.0983134396009604,1.4390557091747913,0.27629106608595494,0.01981659744500764
0.4097825681640266,0.4847175248792035,0.486910091786824,0.03631538680965733
0.6369624822399857,1.9925445614442676,0.16097533163288452,0.011123300117355777
1.9170035602390425,1.1516246459518362,0.17025099539190336,0.011809806426517903
1.5331912269389827,1.4928226402023206,0.4179395964391448,0.030844539075597012
0.6520769740410106,1.633181553794215,0.18803098488188158,0.013132856044784176
0.6527811790818843,0.9982880887109753,0.28498220287502596,0.020483685354650224
0.8835857057722281,1.9510411096965956,0.13472265341038736,0.009195597723024949
0.24972270698389565,0.207409291507332,0.46480812465203425,0.03455600512146409
1.6435731085942409,1.9821265271812818,0.46097829313096594,0.03425171811783536
1.9910597449177085,0.25520241727923776,0.28251130480224457,0.020293886925871387
1.1047224520522734,0.2085114890396198,0.48763288113967246,0.036373017468028485
0.8584703323347789,1.8190358610332233,0.4069473912788192,0.029978116448728734
0.7376435548121989,0.12358955108121372,0.23382521858335675,0.016578788264619684
0.8264330260485195,1.768730305635878,0.13482321541446335,0.009202935460037679
1.002109343073912,1.518351490355258,0.49635371912377335,0.03706882427832213
0.6185649778181745,1.3956995887024721,0.27640596029663766,0.01982540680435655
1.7241404051705271,1.2845191672095748,0.4939181455044767,0.036874412372330856
0.1549405765645826,0.7151898350633772,0.38829252469818243,0.02851142577504332
0.6259948626959433,1.6758480274222116,0.36378482242208515,0.026591986671356007
0.17230981066846707,1.703851230956803,0.3282255766208168,0.02382298898083143
0.1739901505405692,1.0088837727592974,0.3950888055486698,0.029045214858603747
0.1191517643050315,1.6186274377857164,0.2328295446712485,0.01650333250787402
1.9137931896102922,1.935933218761434,0.1929633939181482,0.013501456829111016
1.2006868862522468,0.07530205838196036,0.4781347787552536,0.03561617206254588
1.305511200643008,0.5984258868676651,0.2606607645296298,0.018620563454962
1.5128587720267073,1.69642939462956,0.32657727947815224,0.023695121039317278
1.7948403900078822,1.2511893831712348,0.16232485263038735,0.011223014302443641
0.33039809939545894,1.8513846995625782,0.17209238850867772,0.011946402691099195
1.6706898815981668,1.9966770734850974,0.37385387392842695,0.02737954636091629
1.9334941423108003,0.3410690207578575,0.13594790617422903,0.009285026768316374
0.9676189083853004,1.2382380978970624,0.3491853205531714,0.02545275361207516
0.6648491927548166,0.6344304103156699,0.46305163899251567,0.034416427612954895
1.6274339833258218,0.6668842992919275,0.1365677471966756,0.009330289094502644
0.9298130988669318,1.220566259617761,0.16434520112999768,0.011372401790050822
1.3294976326043386,1.5391328265893367,0.06033104275942699,0.0038958845808145623
1.5356404736521603,0.7025803127794017,0.3583090200638745,0.02616432037384586
0.9264260813425289,0.33730695568777325,0.3261089102976403,0.023658795047457583
0.1753431552966953,1.0380698500741241,0.13669619857842924,0.0093396707078249
0.31377008480950597,0.7007041328929655,0.49672806289855354,0.037098710922233186
0.0887108236895644,0.43627481698915727,0.22195060140751333,0.01568035697774553
1.2738059036612293,0.7625516716599925,0.07748383353356002,0.005090665934433559
0.5678353538176342,0.40954855711639904,0.24857821605211666,0.017699375841172718
1.4886712434600085,1.911377132711646,0.31717177895587867,0.022966340220725058
1.981498967561638,1.5063592067314706,0.09368206021290466,0.006236036662103483
0.7117170886143616,1.0056623870330377,0.34392632608878126,0.025043179559826406
0.480808490413245,0.3227045989579469,0.20824964434688098,0.014647871311369787
1.0316530952001373,1.0237379454801814,0.1468571702686757,0.010083675338798198
0.1613577078646764,0.8078517309762261,0.23558360478155954,0.016712099209186603
1.5482295708735214,0.10606572182289886,0.11272350327818532,0.007599961800591798
0.2340175506134783,1.7631942448649682,0.2213705247988857,0.015636551997880284
1.0691436110799992,0.5273336014789358,0.4362086375473557,0.03228799653141687
1.430086880624133,0.13353685382888192,0.3149415376494347,0.022793748000106535
1.0341084822476412,1.1922220075637768,0.3150562066771656,0.02280261986846465
1.7518762260719039,1.3698597147453349,0.3117288904875994,0.0225452784454077
1.3443503132637507,1.2653868770095211,0.18009079743361334,0.012540890302082358
1.2627967030609972,1.1839215745911589,0.47332351527614513,0.035233186428653314
0.5198683769115398,1.8327212786040472,0.2778905864536302,0.019939261213266394
1.3404402873984185,0.25080816987199817,0.16630629394394486,0.011517529090538128
0.1975136071950836,1.5250010385240955,0.25546684420490795,0.018224203637217558
0.15049766849698853,0.6000565166038656,0.18856940055519017,0.013173059930067479
0.6605414918048811,0.47862555813428953,0.17314518829831516,0.012024545759567422
0.9336440231576524,0.7301730833591704,0.4083827231679819,0.03009116080840025
0.1666137385912243,0.3708911883070902,0.3107383882194873,0.022468707489056192
1.7130175117166024,1.3713476081901856,0.32188502838486777,0.023331360474077686
0.666030023359212,0.6516377940510036,0.31471159534246884,0.022775958184504546
0.11602150832278912,1.123779046626882,0.17341016212100252,0.01204421836343077
1.0082275361685453,1.2856043777539572,0.20860290597449904,0.014674435088056327
1.9345461061587148,0.20959934939937885,0.3270078452364161,0.02372851822752308
0.37416687038752117,0.030774835079320884,0.4223991178939098,0.031196496431839568
0.04430925360058624,0.6177747941423424,0.4619957164414027,0.03433253727554798
1.7613416063393765,0.5420497769258796,0.27893312262794584,0.02001923731065611
0.16415532384450549,0.3410827441613713,0.4148160593266592,0.030598175279557365
0.34282817010502487,0.8081248250500939,0.4807895783348669,0.03582761315458223
1.1479933057642966,0.3568327749777025,0.16086721010653188,0.011115313660793215
0.7688628224085068,1.5870454013281328,0.20362754252152154,0.014300597154524305
0.022422527822510085,0.08153091790013711,0.4257858962555659,0.0314639615320169
1.4630583187186617,1.6614358130120404,0.0885683734121814,0.005872848935777221
1.538130989179602,1.3001761464327561,0.15719215485201993,0.010844075440798545
0.4212036558002503,0.539600136519889,0.1892908873313069,0.013226946282013445
0.1604182627122832,1.0692686678029895,0.29802029352504844,0.021487047004175964
0.2441684927634704,0.0422506172589876,0.413030691014545,0.030457414742360602
0.893813609184209,0.10741241130623158,0.12335718168635124,0.00836879091793016
1.6858624423848756,1.177348597226014,0.28532770828823956,0.020510233921154346
0.7874364968960186,1.9590255530791514,0.4069379671633261,0.02997737431181904
1.7895238301413599,1.2142728074073577,0.3678839283567477,0.02691242264460985
1.7146649947880044,0.26794057843324093,0.1686284754638779,0.011689530800957052
1.7440499780316359,0.30678302334560104,0.10284168881931169,0.006889961696388158
0.046857808343611085,0.804439155042538,0.2715830041544721,0.019455831642329485
0.16424635170982937,1.315486177712283,0.2838511574970727,0.020396791602987914
0.6293472028711093,1.2711816420090019,0.0732208421644759,0.004791841542439359
0.7848578007474574,0.06682111049215145,0.24944495879682582,0.01776535624791171
1.5055528437754218,1.302725810711335,0.24033917667182386,0.017072982582448968
0.4683736693184899,1.3253372837999244,0.17505934801301465,0.012166706335768628
1.807455643591621,0.6233746462860543,0.3184191868355718,0.023062910235087032
1.7907041823502041,0.3751215729012125,0.14023061138482706,0.009598047955880033
0.9418990277708992,1.8299544968933577,0.21537632706348736,0.015184362352969993
1.4847181100149565,1.8633775742746215,0.32908833214061817,0.023889935597197744
0.05951276939076733,0.5066654019278816,0.37806932079585204,0.02770969842154445
1.7110221182728542,0.49204863347099015,0.18450377671574092,0.012869674305738424
1.6078787867990845,1.999160244192154,0.2388757146886324,0.01696187273246458
1.9618946312894516,1.8305272896925664,0.19501372612128037,0.013654871288287684
1.632202716385709,0.9155559652465453,0.22328738434929846,0.01578133533100454
1.464727366592329,0.44599988382652733,0.2852611483071249,0.020505119292997726
1.9152270215982754,0.1366481189124884,0.38610757837451287,0.028339953497413365
1.1889849555687197,0.12089028243941446,0.46947041839352416,0.034926666174037786
1.9628456868395565,0.8774185345861036,0.23391678688556494,0.01658572875521249
1.0733551738155802,0.512109805993459,0.28427860739126765,0.0204296280878779
0.9638126897288046,1.7623225951576098,0.18898139238341533,0.013203829006920369
0.7402140135242254,0.3747592549074521,0.49438742516065537,0.03691186599153264
0.7179609171344736,1.2967650416641787,0.3974077840610617,0.02922749614039149
0.17389152521335838,0.39219801804363996,0.05865430022455046,0.0037802496417993084
1.4338394337600926,1.4741163828589186,0.10338943523667224,0.006929197677943309
0.6215466791438884,1.8035664947736623,0.11051221987868501,0.007440695749309595
1.2850764564873032,0.8114886656078344,0.22743083703570077,0.016094588889007472
1.5507102171818996,1.8570851926594105,0.0672672327511249,0.004376530311294746
0.9332417042455909,0.5288203368425888,0.29633214249535766,0.02135695971367573
0.40485463373760466,0.7433311532538207,0.29856672017444946,0.021529165022412096
0.3892034101569397,0.2327431816962049,0.22693025230670083,0.01605672259194322
0.23827670792030808,1.7986028304284891,0.1340885718671027,0.009149339225242416
0.44552937595053144,1.9731279033506766,0.22944764661571748,0.016247206841262796
1.908824514917545,1.3050134032747942,0.22950987977320364,0.016251917685088
0.562100157284336,1.6905734017163814,0.4461740496844983,0.033077146550343384
1.5289109270685803,1.8598462827053677,0.440336313100165,0.03261471330959149
1.5532473588116318,1.5077897376083307,0.34208582844578633,0.02489994207200983
0.13079735124738834,0.6296146149818178,0.27502610096727603,0.01971962467561111
0.6612174940002435,1.2495438601979643,0.26836445304168455,0.019209450725406547
1.5151690705952583,1.754823226446835,0.3915939357996318,0.02877064323917915
1.006124379354811,0.6786963528526468,0.3953070225666653,0.02906236447716138
0.5414565057043175,0.7087727155151433,0.23775914613387772,0.016877131503859128
1.4243461514333122,0.47149971537800606,0.16376169840586008,0.011329243671693474
0.48659996317349075,0.5000323666001112,0.14955991920427686,0.010282184799862613
0.5096277840666708,1.877091786240613,0.07334171742941731,0.004800298372315704
1.854975654664856,0.11723864604344714,0.050194296195382446,0.0032004235207724733
1.4513422754718974,1.22480140899547,0.09785106349854192,0.00653314814099582
0.6915076556551467,0.9986708356961032,0.18904625085951243,0.01320867330026913
0.7601334323992228,0.1851244284740874,0.32575088910348327,0.023631029902606918
1.5032996881463465,0.8285554422601187,0.06360237041969685,0.004122122487743365
1.720940498952067,1.8330871655951848,0.33831427089854443,0.02460658544355644
1.7706218546187293,1.6884969205988676,0.24630004568833208,0.017526026954868202
1.6932761198404267,1.799564434983174,0.13939113773446327,0.009536638536545851
1.6837250946096685,0.5743030242302649,0.3158707593464672,0.022865647688903788
0.9340170908860199,0.29949118472998926,0.2743656306218526,0.01966900495417908
1.6846389533364436,1.1389868616542282,0.1617642193281123,0.011181582932940713
1.393766684307792,0.011575257236317027,0.45202690567183135,0.033541196768915586
1.0795646936237029,1.518203865091838,0.30291438974872864,0.021864467816915867
1.1668975618630648,0.8079258228655135,0.3734582071427218,0.02734857104101934
1.771358226286615,1.9764643520466785,0.26116825438199237,0.01865932056395628
0.8343318833191489,0.0136178575133874,0.3314856636280454,0.024076023087372313
1.0476534110623956,0.23634466052988623,0.3244913335080779,0.023533365998989458
0.984421899591968,0.6590221185209,0.39407825007626884,0.02896580409422978
1.0220966512783134,0.08910139566804287,0.147535504301444,0.010133473592489603
0.04572245651711171,0.02840512509398918,0.0893539770607153,0.005928552614140744
1.4657831305616813,0.7781829811377603,0.2754223514604945,0.019749998105084935
1.8638709083425278,1.0438549469525862,0.4718175673615577,0.03511336519786928
0.6156217925128498,0.5591650464845255,0.4465716432106502,0.033108656962772515
0.08050359228164505,1.932730589234167,0.3120879961729679,0.022573043324691407
1.3315763800784388,0.99506504058548,0.46650921654051086,0.034691215511998524
0.6254595340540137,0.5151187164974351,0.10978071418222402,0.007388057762760604
0.7529440843330815,0.06535116660913531,0.4560002800101268,0.033856466867620796
1.5769901377246252,0.6084542376987747,0.2490740474478086,0.017737118846573332
1.7714463277524861,0.5011328811869451,0.4318135487924801,0.031940347738429874
1.8580147117567696,1.1896453105689642,0.3339550705481034,0.024267802380087085
0.20446629310642161,1.196087844607145,0.11516827226460784,0.007776295426496254
0.8505017332813587,1.0571935955595622,0.19709127873200277,0.01381043605173249
1.8158181495556325,0.06463932754876245,0.11604527150686557,0.007839613929021409
1.3118002278691354,0.06655054541864303,0.3203792227328296,0.023214702154971966
0.7351368581443742,1.4802591982729902,0.2470632620585762,0.017584088788462543
0.8089648257948874,1.6024393396888825,0.13912288859362515,0.009517020869844274
0.3438917468116556,1.834279158945748,0.37182930169699097,0.027221073805978643
0.5598711887926708,0.8168961508539934,0.33439825828205844,0.02430223164262144
1.517221359284998,1.2028611292824636,0.09377775958907647,0.00624284677543694
0.9041526356587233,0.5543011966653701,0.34481279790510677,0.025112188486286602
1.081263848962765,0.39200992794822787,0.3951262487355968,0.02904815746246217
1.084180851503531,0.9215705042698177,0.24990265531025818,0.017800204578195193
1.0277149110543649,0.6036716826145481,0.49254570806161435,0.036764891039948754
0.5280178532381663,1.5397759688672321,0.13607871725022153,0.009294577733736691
1.7766155191681188,0.034656691076784485,0.4306375391900594,0.031847367403467566
0.12966502272769342,1.6818969996182551,0.1244626233832861,0.008448985624505734
0.14235387973085745,1.408417953020074,0.2628548034356969,0.018788159958401
1.5641971681067326,0.6175672557641598,0.10383440927063009,0.006961082467651628
0.7177395717197366,1.17813434509057,0.39130247731564344,0.028747752655522287
1.521701983305596,1.1681975841010608,0.47212717747483296,0.03513799727408882
1.5568140140616817,1.5176345342233304,0.163456242797648,0.011306655221847239
0.7651246731159995,1.7747645744968303,0.44163738276873854,0.03271774042712029
0.08944325334825987,0.6201977762028315,0.4685734335196031,0.03485533439092309
1.3018708109695347,0.19113512874255223,0.11325834738760168,0.0076385161017193375
0.5037618833798276,0.12326052098892526,0.23765346583401026,0.01686911238808903
1.620645424806964,0.7429708934118857,0.06084434145509895,0.003931328377744099
0.9551596228443369,1.3042295072782653,0.49511905151841346,0.036970262622877476
1.1779809706095232,1.2611578141534583,0.4159264766497063,0.030685742985698247
0.32485738798467034,0.614286879812205,0.2492292761244168,0.017748936019586794
1.3948816743803811,0.6812221344618059,0.1825547649787842,0.012724397718229589
1.990690162357342,0.026088228450456663,0.0518304078062163,0.0033120653562319683
0.15153735064148477,1.612917332275234,0.1772137749415978,0.01232683933925334
0.4132421279749583,1.4251207448459733,0.3913591004978836,0.02875219963831086
1.8709179705005796,0.652553644875911,0.17560420067772536,0.012207191051062057
1.1550450688880327,1.362686301815934,0.48297110942878,0.036001421180672025
1.0506319549692107,0.7522851343633634,0.4095535300688063,0.030183391926815833
1.0421298217244708,1.856365803868446,0.18264299521720934,0.012730971971941488
0.4044030936612997,0.5811780133142443,0.44272495791399,0.0328038777404854
1.6043043489311493,1.9539387661103322,0.3846164861651568,0.028222972565288915
1.7054373991795138,1.1140846205573693,0.4715726839307886,0.03509388346093744
1.3281308755705932,1.693065042412762,0.16442967319026397,0.011378650547387256
1.5214164438927291,1.5394980274591255,0.17434353452811996,0.012113531770022357
1.1030844642352744,0.05965295576390295,0.1422948793822041,0.009749161494973539
0.40571584151904005,0.6632937456039376,0.18694360094271528,0.013051684545072531
0.1698126680996428,0.491406428713822,0.22990983604318538,0.016282195152039797
1.8214840517843411,0.48556198002221396,0.4451589831696363,0.032996708446593144
0.09524169893849499,0.9251376478227988,0.09751808783662064,0.006509385423267593
1.215520955784361,1.5534464105829795,0.37066858079937476,0.027130245684788168
0.4488264467256069,0.8161161592031814,0.23315866197184293,0.016528271744063978
1.1586834487715394,1.4413517176188317,0.42729169832313446,0.03158292692732006
0.02537658810787624,1.769191142117121,0.21747029043503052,0.015342229073836939
0.8397926717338058,0.010249954262887329,0.28773024356152294,0.020694905456013213
0.8789181206059133,1.4587275467791612,0.417859934223608,0.030838254267872487
0.562586232826966,1.1518032486698082,0.15470046711495353,0.01066042404287845
0.3869711897464152,0.4662112894111752,0.07264901187806679,0.004751847502735682
1.3769864671147147,0.12031269126236865,0.33397454315813213,0.02426931505342833
1.6810435887807045,0.1305904644040934,0.1989179902428449,0.013947311673236377
1.8541931377561804,0.09880946099155352,0.4894787874762168,0.03652022511209729
0.8129300810447859,0.828694554099592,0.47075073323714006,0.03502849815952753
1.7464242835692465,0.3612946698393005,0.07774849927305963,0.005109256390832986
1.7136997471795197,1.8251803084785803,0.19126171502663836,0.01337421540969889
1.2738531978011056,1.8762662727518773,0.27715053573500426,0.019882502246511096
0.18472343166117655,0.2235416060401172,0.42370163801243366,0.0312993433118144
1.1211752133650228,0.6822578313769128,0.27805658731876365,0.019951994257060283
0.5941372794667419,1.4695304905953335,0.35483124595685683,0.02589293596120012
0.1252569457466306,0.04612352161546496,0.2279828785211333,0.016136354255693167
1.938690298523767,1.237338843840841,0.07322677050032048,0.004792256285803083
1.7822069220888115,0.7463305963269569,0.18358947224307315,0.012801510084737348
0.1971365507245033,0.8168532740622669,0.2697554737818975,0.019315908846982643
1.8415264566667935,1.3679867771256393,0.2543206454648443,0.01813680909242252
1.1167141239920835,0.12012576461663782,0.3949941170082515,0.029037773514202617
1.0943879043901428,1.4868852218631072,0.3282621859047195,0.02382582947851964
1.468136154281084,1.9004830221523275,0.32058868021047454,0.023230927059154964
0.38109104894688817,1.3286846564099304,0.4241653844517332,0.031335965962064144
0.28787483612693743,1.299424426999806,0.1411444708800437,0.009664927708312761
0.33949766248347024,1.3350752071452834,0.4455558679861812,0.03302815774938989
1.1997794517676574,1.1584220207935512,0.4242574587666826,0.03134323751746087
1.9156882951037755,0.9120924272508302,0.44807117389216555,0.03322751641909828
0.6097730827453347,0.9318782645865462,0.4527351551141006,0.033597379348942226
0.37059209284472305,1.4732882834959387,0.4585710202427955,0.03406054512555023
0.7813742785733164,0.22104050099460748,0.49225611148043186,0.036741783747084984
0.12274252147549802,0.4287370285032819,0.12623940376123732,0.008577985703313841
0.9617984761991896,0.05833882769115317,0.19483849930785502,0.013641755716408488
0.6830917297389938,0.13552936937492133,0.11045483654526417,0.007436565664776861
0.39074056880935837,1.886031898369404,0.3929230876061504,0.028875047135001206
0.45172075167355974,1.8602415045547391,0.1417044832697811,0.009705926348395892
1.0735245183051114,1.1878158576455864,0.3448549334486495,0.02511546890531641
1.9557406676444202,1.3210154028039567,0.47598291801200987,0.03544484686465447
0.8998427293700209,0.9110762104676531,0.06427459857399266,0.004168713249224493
1.809086480826136,0.641242157035113,0.24088681179183757,0.017114572488589865
1.2174586580780629,0.9037746799479531,0.05669872031207326,0.003645673275246439
0.9166512697360196,1.0336372059104721,0.4843434825570409,0.03611078934903226
0.9228994781442119,1.6163142534560733,0.49008357317700235,0.036568464000907304
1.2223813114338231,0.27381942357141686,0.09871332021705345,0.00659470874880793
1.2105904576840611,0.008630226324103818,0.2652264552726202,0.018969432390165318
0.09207920091929989,0.6451186502574182,0.2792812553799881,0.020045948222879247
1.4250106780560259,1.2145542098678628,0.07752313458652244,0.005093426213480083
0.6151189332613509,1.5026060620425687,0.25067066622317047,0.017858689675913843
0.2877301093674609,0.19222745689859067,0.48152358333277623,0.03588608710244546
1.9175578547949288,0.12882626579977252,0.08849445460359082,0.005867609430086787
0.28065037703569473,0.28903632574157356,0.33867169937590647,0.024634377054108408
1.5356033839085352,1.2750404512806146,0.48524607739621606,0.03618273126131888
0.6830959609543381,0.16412033984432184,0.3077082793974334,0.022234569147324013
0.7061127836992482,0.2531218251623286,0.49374549158046854,0.036860633329598075
1.1513378462487682,1.886792241862884,0.34161023731706125,0.02486293762966333
1.4188316451983773,0.56373777975084,0.1586423537371887,0.010951055971590056
0.95866160447169,0.7029208428518294,0.19391152288982272,0.013572385909214786
1.246674721530688,1.9075135516595383,0.3566937931631722,0.026038255144451097
1.9385846209403768,1.1619391067060583,0.23093320499028974,0.016359682703812148
0.6423237529338437,1.9117286959059203,0.1865153944417256,0.013019728532706831
1.362615899946787,1.5400461316577965,0.33406836968495923,0.024276603780858295
0.39262644322251017,1.6528518532067282,0.30780272840476575,0.02224186488546706
1.533060072001296,0.2548997840957967,0.31410801013958156,0.022729265220030596
1.0957305977767298,0.5902276144682745,0.1765150497658418,0.012274890098696886
1.8984600374303147,1.7009013467166907,0.16951134416505254,0.011754967035952217
0.9164336915211477,1.6424475733709878,0.1841942995792365,0.012846599214594632
1.3435963474292696,1.5843359529487586,0.2644887772537746,0.018913037425105663
0.06456824013772522,0.6630716885579391,0.42258675889980535,0.031211311202496546
1.4436327563484954,0.0620767131687856,0.2698568618315116,0.019323669798777164
1.1313667042148563,1.1819664179425624,0.09715469864867449,0.0064834586412932885
1.4466631659182625,0.38741129821137865,0.48367181248883007,0.036057259448733676
0.2653311737674484,1.8375401325811573,0.30640213286635576,0.02213369138165213
0.12542071502911178,1.4070390162799447,0.38794206557134925,0.028483917620315678
1.4606716123521704,1.1088564312341134,0.23076107095470477,0.016346647381372655
0.4674932103054832,1.2688796295043643,0.3206935580823124,0.023239051338168473
1.6730378664772985,1.786177789894184,0.3251410001958042,0.02358373684311349
0.8055724866540099,1.09201406487232,0.24840522109947333,0.017686208575684443
1.6970984938839393,0.5157874117718306,0.07695022810424884,0.005053198148856879
0.43190441821848724,1.413358769949155,0.08453229695800349,0.005587212215195844
0.31570864369539864,0.5982629228363092,0.39647390422271334,0.029154080479852854
0.612488529562665,1.6829815180104248,0.22895281325759992,0.01620975273484934
1.674084582026057,1.9712961628954067,0.38175591039301215,0.02799863897363768
1.8718703123449059,0.6733601568918248,0.21964003283440536,0.01550591955034223
1.160310015267861,0.6428090353843527,0.2629687726673842,0.018796868394160927
1.462163805811481,1.862901536160553,0.35569302138221764,0.025960166657965564
0.9434964371515875,1.1474271494942525,0.0624811652883423,0.004044489785104084
1.6635098805597734,1.6478058100989785,0.09253498608729914,0.006154446608871177
0.22667551647533957,1.6381116066744248,0.47253253480925467,0.03517024852805616
1.2074462774354555,1.2721850728522908,0.1008730766547993,0.006749066284284331
1.1484135575527978,1.6878730027462407,0.15627401606749616,0.010776379906727971
0.2762412388550195,0.0617607337726529,0.3883482286892205,0.028515798237335525
0.8144621226889472,1.9751801423955153,0.30283319199783804,0.02185820259159145
1.815254782692846,0.53613674210402,0.3321072951015158,0.02412429102927087
1.21416869052985,1.9922850105796142,0.07473466740384416,0.0048978227521033575
0.5867736778612651,0.04188100508251047,0.429049135810755,0.031721809276512046
0.31948852965239904,0.7301053249001697,0.12941406468926742,0.008808787489175633
1.978256338082753,1.1113183921912873,0.12865358336765711,0.008753463600894946
0.03988804493206888,1.3339132978097703,0.24711102655917433,0.01758772289403643
0.5844278764725195,1.7763548081660834,0.35787212112623307,0.026130217409251043
1.5632520840895017,0.6053830816321464,0.3251704134725964,0.023586017517857567
0.8075016849529468,1.7320678199566,0.2155056326191746,0.015194107815959165
1.514808273911663,1.1764691637286844,0.2754783656418198,0.019754291952640415
1.4557602659997817,0.6199446146702792,0.16093751119929445,0.011120506447930504
0.00019144181724373155,1.7013395933391424,0.3430618643511807,0.024975895864389305
0.4620596544914788,1.4462098451523049,0.3403822036471389,0.02476740414541181
1.529811970839682,1.711410708975611,0.20449755575308087,0.014365923015579481
1.0363469638449594,1.093467640423271,0.31808979189314623,0.023037407074431287
1.9303744053549812,1.736909729804058,0.4536763938327353,0.0336720534154168
0.2719240062705035,0.4847741469536919,0.4296491204142926,0.031769232347269104
0.9598595255803932,0.0016104966296663914,0.22125030703582188,0.015627474641039498
0.9991493605204431,0.014251761133590612,0.11568403024945055,0.007813528643892724
1.4279370191788987,1.9096428963235033,0.16541774700526288,0.01145175898793673
1.406769708673084,0.8439626259595969,0.21745619609944244,0.015341166131095922
0.7766524323078801,0.4036857838529959,0.25573043926484573,0.018244305876726787
1.052229337333028,1.3856970861442293,0.1487708759553387,0.01022420596118094
1.0052295086802436,1.1568950080072467,0.47168607255047285,0.035102904022301505
0.8593783639824424,0.8734131861894097,0.13583728493584465,0.00927695042702518
1.8251357383526339,0.6025065961094016,0.20794636910658598,0.014625068779170068
0.7705790403472774,0.6465242619623646,0.35052983385065906,0.025557533811674096
1.2020923926991973,0.197669706020013,0.49710451178569476,0.03712876720016903
1.0504523642313481,0.23489814479246496,0.30413624977077813,0.021958760615252464
1.6324953929418355,0.17660723478627838,0.08362564677145706,0.005523175552805346
1.8340460110570116,0.8691424645858721,0.35487392921133387,0.025896265595020798
0.9622181671471421,1.01374144767663,0.410407708604932,0.0302506919101842
1.6200193066093562,1.8020394556618533,0.14884675240022677,0.01022978043640244
0.2627163925184126,1.2360833434431733,0.25803216323699246,0.018419900141777436
0.14921199199192303,0.895903530793972,0.24739696775555692,0.01760947940528923
1.9043042970886512,1.0996793907570086,0.40039330867666634,0.029462278730189875
0.8297443766836483,1.0637865393670471,0.2522245464879755,0.017977057597671108
1.778438743661506,0.17704826359355597,0.4481413948361767,0.03323308311622821
0.32537460298176013,0.6591927720047024,0.13341844189298124,0.009100467270487949
1.1957011891766869,1.8361295197722067,0.1706411943208272,0.011838743273770496
0.9700336853419904,0.24414315648821705,0.3026505706066333,0.021844111933157138
1.5134759674195482,1.3528719307289494,0.17023349170562832,0.011808508474001164
0.5077950688901787,1.3743055080201494,0.4062713891496063,0.029924885165015836
0.10537565648830971,0.6457930583751901,0.3691596509446277,0.027012199044146472
1.4608471906604723,0.6689097823773082,0.22246954710155348,0.015719552300310212
1.720392290410811,0.47189890326788286,0.3975582010450156,0.0292393220755725
1.8028705285867386,0.7999818947384805,0.06835738656166769,0.004452393903644378
1.7170770896673813,1.3483545709395235,0.18417788806603846,0.012845375621587656
1.0866730683885872,1.191716657929323,0.09829938507323482,0.006565151299704742
1.129200793905501,1.0523623332808023,0.11475020326369711,0.007746122938948093
0.23014088273397126,0.5355948031019209,0.29762130286021193,0.021456296568925014
1.128742537501275,0.25223706876932406,0.13721737765088746,0.009377741933229046
0.5961018205133779,0.8998266443491949,0.12816952717441848,0.00871826097292016
0.42214891666591314,1.02581821992275,0.4749087307159829,0.035359343025404874
0.9147499499226621,0.1545971943367681,0.36527130040476086,0.026708159225131475
1.5777109830546887,0.8197772662274327,0.2956841710442952,0.02130704122156574
1.3769549006740598,0.1020876340537269,0.2541154115207051,0.018121163425994624
1.5733735141461656,1.3030607339110745,0.2768611447898307,0.019860309946698778
0.8948807865197153,1.980724765836835,0.2951746694091654,0.02126779548132707
0.09576844860656752,1.021318434018692,0.1368603270849813,0.009351658931378865
1.156517371671288,1.0431618552898239,0.44684718811068824,0.03313049581186313
0.9500834674927003,1.2720278016398563,0.4823601000098085,0.0359527350635336
0.3162781438291131,1.1173280068031548,0.200290184142216,0.014050187362508234
0.5608382058265582,1.588422201705928,0.0703281190129258,0.0045897479448168965
1.903754703217458,1.1440405021921456,0.19669866027318383,0.013781028522576923
1.8987948381893014,1.9081364625162223,0.17831334054851605,0.012408619110130126
0.3960638224552906,1.7435111714417086,0.3369182903506726,0.024498061342213082
1.179160317886009,1.013649741677336,0.3604877724794993,0.02633442974156352
1.1952759160012094,1.344495030172043,0.234261021798297,0.016611821984331036
0.8673624117432115,0.6647823028600088,0.16112443928464698,0.011134314643975594
1.0252412718750643,1.617521451743234,0.22828054598273084,0.016158877544760492
0.8601958061745945,1.303178027573681,0.39014972593334707,0.028657229334822377
0.08087720078374128,0.9952713170821563,0.45646734370203457,0.033893538838909304
0.6091235345252717,1.157820894017496,0.06414534019274272,0.004159751992564764
0.9999093476127956,1.5351375383817463,0.4645278697268051,0.034533732479180866
0.4565592011134032,0.0920928447063376,0.1386413370429848,0.009481810466054804
1.2260604517425848,1.089171074390524,0.09082520784444453,0.006032961793060902
1.379302603054544,1.2966675578507725,0.30284575742645714,0.021859172133546184
1.708051464183486,0.7103170535151808,0.1824986217737548,0.01272021446302444
0.5936465483787878,0.9151311230281844,0.14246514020420045,0.009761632123552045
0.8561224686809086,0.11509821955184063,0.2586818011102776,0.01846947941551636
1.4393219958530359,0.5067301735395349,0.10147757838091237,0.006792311024313299
1.5729385723122513,1.6846217368683338,0.1148413673807533,0.007752701705225728
1.4975690151488794,1.176325533530309,0.47516734742672323,0.035379927343299054
0.07615237565063615,0.03205864150940685,0.3031588698656942,0.021883332623021508
0.8704751300464371,1.6619071581089127,0.07547310539371832,0.0049495739329094785
1.037529795436088,0.13992977250790806,0.17544935176456322,0.012195684279490174
0.8133879053913686,0.06559985618290565,0.19302428811563466,0.01350601157389743
1.1713743176163274,0.42701104795354117,0.23960125987203523,0.01701695216193848
1.130442999796254,1.72560201837871,0.4284431337908965,0.03167391523100074
0.5985964852749717,1.6800672428540948,0.3754346184541068,0.027503319675004655
1.2922795375322844,0.8056946844950874,0.4823204960165669,0.03594957950667008
0.7832856442392928,0.6239176514386329,0.46613320011168385,0.03466132511148365
0.4764632704840186,1.022513538813966,0.11112403016712101,0.007484739117474087
1.9355095612611088,1.985921206058561,0.10480885642873103,0.007030939746091727
1.6253658557227948,1.4976927633361783,0.41879836028894796,0.030912294955760356
1.7002861841344945,0.04935881085502336,0.2119246464257677,0.014924367045745027
1.0470129631834768,0.17406644234148305,0.2879481760368348,0.02071166217304833
1.1901725930973421,0.796038691502192,0.32052703069281013,0.023226151515005403
0.4955942782203753,0.3970420645664532,0.1971081465864265,0.013811699562117282
0.6187798971570253,0.5034029972789418,0.2699456585211099,0.01933046708491369
0.8083971929535279,0.11808595788638843,0.10197367313171649,0.0068278138514437075
1.5047507246766814,1.9638515911166659,0.29437019072555026,0.021205837856011784
0.27988304192432567,0.1310055178131193,0.21819523176710331,0.015396907875406443
0.24852026301210195,1.240875650992172,0.36722449602482404,0.02686085669165757
1.3844510836435886,0.9372907790423275,0.43288785551745895,0.03202530228395936
0.5546680923086418,1.6290263875405164,0.16508878827986684,0.011427415690942798
0.8791855287989441,1.9148719069457631,0.436187991225164,0.032286362853143534
1.5846671528132497,0.8055191447538714,0.12826529458570873,0.008725224860134329
1.7027150972426068,0.6815899595347774,0.07403945704410593,0.004849133276976091
0.2536052459375244,0.14155680165144147,0.3512685933461406,0.025615118403694424
0.7853809174768918,1.619742624044018,0.37885527400609376,0.02777128213686477
0.7569786670975172,0.13489068021637496,0.48577080527890104,0.036224559286139164
0.32216778157414283,0.24756059817590592,0.28583294816218335,0.02054906044453317
0.848662825356157,1.1173787330548652,0.22642830656095003,0.016018759128561377
1.695291364284824,1.4764492092470367,0.11803963747910155,0.007983727822752942
0.9432963882958414,1.8599128682580461,0.26595170926993933,0.019024888099619656
1.8023609778039693,1.6466928710588726,0.29471422384431106,0.021232332437825387
0.3911044175928384,1.6006190898484935,0.21541519680743215,0.015187291833941845
0.6680933370927526,0.264819944571977,0.4981102513988663,0.037209074750695986
1.1264528363720807,1.272421519003462,0.22226010417131598,0.015703732576297327
0.3401853779990127,0.18589171632755774,0.12774623506040858,0.008687484883953493
1.8867641361675656,0.9487406218715104,0.1357019966499579,0.009267073787224658
0.8117819142026357,1.1879285787600202,0.2911385733037495,0.020957070052175578
1.511941390877931,1.3148648490832722,0.3701762686641088,0.027091727457742264
0.8238405599122056,0.3245680946897713,0.08386691259536028,0.0055402114910313004
1.551521793636381,0.5511148372569104,0.1262240676180469,0.008576871710413195
0.7024002169226438,1.8291659257142039,0.4531837137193848,0.03363296483663175
1.5023495157320361,0.5709635043524812,0.45627942928761894,0.03387862330395108
0.9704416841942374,1.2368021146963253,0.2958745293458198,0.021321705281955566
0.1402109509613383,0.17719482881312243,0.38375885680090865,0.028155702976799552
0.9896207251834908,1.597479305179075,0.28202649313747347,0.020256660234025153
1.822259537866717,1.701238208259272,0.40922375278988254,0.030157411652218157
1.001268307196881,0.433103708263759,0.4266537305416625,0.031532520955696516
1.5090274581901555,1.4825434551198504,0.42407445168587177,0.0313287846672327
1.741722679014537,1.479922281972838,0.09894395905223967,0.006611181456131518
1.32862963065901,0.996769916637166,0.4662960462015489,0.03467426991311397
1.0934304601621032,0.17351147442501857,0.40800851083799156,0.03006168581982253
0.3037612175595408,1.78980213966702,0.25210644212418787,0.01796805914383901
1.3013588753916365,0.3179713076799464,0.1550499353303746,0.01068616958637932
1.2327224678484565,0.7293217428718808,0.3419413766566601,0.02488870229859423
1.3247505517252967,1.728703942444027,0.2748452661717887,0.0197057643132796
1.0312053729180708,0.1697457968789864,0.37483973418473043,0.027456735625629267
0.7971873675810137,0.7366627477911052,0.27143799731728413,0.019444726979020537
1.7159220363871122,0.03807992359170642,0.2067840470143228,0.014537697866837755
0.3357842164840694,0.13934929226564408,0.27859355865669455,0.01999318606458821
1.6588504218297417,1.15583975591747,0.18113167195012375,0.01261838988477725
1.8574595209016085,0.986581406501694,0.2172216371355853,0.015323477258308568
0.7877468054823336,0.6133762764720025,0.13369143271021453,0.009120374196775192
1.850797117344556,0.9479603647389621,0.3301723685301646,0.02397406995089153
0.9173512683100211,1.8394027309707452,0.3218403200855436,0.023327896273255305
1.0296208818307597,1.7287514236442387,0.08441268617187958,0.005578761385757285
0.36358129197834743,0.20174490785060928,0.3868773873567293,0.02840035967293698
1.9261085735000438,1.3626038349679013,0.13923175325040554,0.009524982074159132
0.8728530057544137,0.018491115929226698,0.0848582660318406,0.005610247007743923
0.23793210469122417,1.269710610721318,0.3935422250279284,0.028923688248735396
1.1924599380886347,0.9032442899757802,0.1437644821710554,0.009856835257338438
1.8525845300365038,1.7251485308203167,0.10682712362212057,0.007175769729916638
1.594596611509786,0.7474706949197931,0.47986065247115556,0.035753619815833124
0.709926235267279,0.6821297632738557,0.34117411996112135,0.02482900765754407
1.8865249825752974,0.745175625198548,0.3441097059987528,0.025057454079216907
1.8674957437332662,1.3153418019835166,0.08154190646598497,0.005376183373983757
1.3746703175942636,1.2508407757231463,0.13075466632643273,0.0089063688324557
1.2682100915782224,0.5244168040023027,0.2797746650996073,0.020083809623634707
1.9624669917680382,1.0172734671220411,0.12353001928719994,0.0083813262313523
1.0308163509864947,1.8358540339559442,0.365468423159216,0.026723567391341074
1.1212123012191229,1.8109561941949197,0.3540967578549457,0.02583564437116861
1.9805245693611513,1.457898541121329,0.13405645816186212,0.009146996817482685
1.2504052989131507,1.3018062198624178,0.41400721953738334,0.030534400209367336
0.4971348281332333,1.3489276119794906,0.41087756437485784,0.030287715559167025
0.9306068257914613,0.574985822044193,0.44112978401541914,0.03267754297750419
0.3277585852135081,1.2424078079685883,0.2876009429951139,0.020684964015188982
0.5034847464846699,0.5531482279895601,0.1946691511266378,0.013629080928299515
0.587282031937169,1.496949260618113,0.08491437967336896,0.005614212927235856
0.718685088913978,1.9358170417483338,0.36964676426169185,0.027050303273677377
1.8840590955159775,0.5636263438780624,0.49328545536759216,0.03682392070697586
0.37259083353119293,1.302651720845159,0.19972950956070723,0.014008146749345059
0.8748731852845419,0.515006967900909,0.3399908640548566,0.024736965318857662
1.5766177811388091,1.5106206844471342,0.4849549027283591,0.03615952198416575
0.386968459836043,0.24259033651060036,0.29365521501827047,0.021150783184235012
0.1054511154383111,0.3723474784209675,0.45992261327899275,0.03416787305675962
1.1668166486091014,0.6122126738331022,0.267747303619489,0.01916223099460564
0.9258713019765683,0.7728581451074759,0.07328261368397589,0.004796163160234493
0.9583588199072957,0.4516905617538238,0.27933079887503864,0.02004974969508909
0.5804614670268069,0.0760684767729265,0.25569560623264664,0.01824164936421498
0.9931836588311906,1.3594437490762372,0.4160663911451899,0.03069677781277148
0.5449811299638914,1.6858805630554137,0.2693050022351114,0.019281429032790995
0.32247573325985,1.708894202204835,0.15939541817795466,0.011006635865540838
1.8176677376871493,1.013714379072104,0.236129728616997,0.016753517243762145
0.6484992208404325,1.5987224601963288,0.07608802538769699,0.0049926954137786955
1.4072569533545125,1.062290807118421,0.4320170847225941,0.03195644193227351
1.0898544689503655,0.2025205772282348,0.4755017578757231,0.03540654552798813
0.9848853042607697,0.010262821357797547,0.3748465646893596,0.027457270478152555
0.1709025976990497,1.7865413086210804,0.4193276608141461,0.030954061181830018
1.1264635805140044,1.855252179933975,0.0887840101382775,0.005888135400067936
1.581666660092721,1.0621935923823083,0.1791830449262154,0.012473327700814073
0.3224089776419734,0.24173345371204524,0.44572414761976836,0.03304149287477729
1.7515308517701378,1.4370919731213587,0.43462900344493616,0.032163020502631194
0.970656282739381,0.4933527688976109,0.2271184445347295,0.01607095755418422
0.9362497249169699,0.06317199857129618,0.08159221553510945,0.005379729273639338
0.028540595097640065,0.6994882664642994,0.31542967505592473,0.022831516419037457
0.27300302896016726,0.46450946760295775,0.13182973441615445,0.008984672123828771
1.3466652878193537,0.41733880268760637,0.2747864768255333,0.019701258448506398
1.7159634362698415,1.4063651700189594,0.13821461617848646,0.009450616258866094
1.2819459755993077,1.0157424482190582,0.16254077787906857,0.011238974032990888
0.7377155091416021,0.04598108111379373,0.10921464563849226,0.007347340969367214
1.111908455971731,1.3192916832406927,0.2254508347472048,0.015944847064927516
0.3369489775854386,0.7444633765009083,0.46840307385746466,0.0348417877812054
0.7918410375281131,0.9934095741851601,0.438035334394016,0.03243255837556778
0.17854865453905733,0.5431312883436632,0.448170613073551,0.03323539938134813
1.8174197230998845,1.1523466549794772,0.36636535510847784,0.026793683614513522
0.996297115316904,1.4388095457330201,0.4969440458754078,0.03711595515453734
1.104129975438992,1.8372419554462283,0.37038617926509576,0.02710815031417966
0.0894587610488633,1.6109485447208776,0.3605439619061703,0.026338817755733823
0.41240493713479975,0.17204165739443855,0.2574009461640194,0.018371734961732663
0.6177764689442857,1.2820368332638241,0.49401500112391616,0.03688214230289541
0.34351210207235594,0.5735345069446887,0.09048518195182034,0.006008820656810136
1.4197490071727588,0.634584744096639,0.19991823059938368,0.014022296559839505
0.6364558739634678,0.6030908957200682,0.21543508094993968,0.015188790448528555
0.778060570843077,1.2612794965793588,0.39963083962582063,0.02940230640352475
0.9780534813493968,0.45033148187970684,0.250054914397038,0.01781179833472462
1.0576089533618354,1.173921512246958,0.2445474134413988,0.01739274215660363
1.798552354149578,0.9686705239790372,0.2117117423901435,0.01490833972251441
1.3235163273576747,0.29007308880391425,0.2836489499901965,0.02038125931290694
1.7699860980867876,1.6527810488591659,0.3213011316443927,0.023286120135436107
0.8189230372970275,0.6605525053979866,0.18343770707947293,0.012790197786674581
0.343709132455124,0.22143163478556205,0.3444109915304643,0.025080907657782026
1.7931874702763442,1.1499999104655134,0.4579340885854766,0.03400997492118641
1.7384123866776844,1.1983985907098267,0.23187049667728987,0.016430673442534596
1.1730545691397236,1.4796774722826715,0.48331150151326946,0.036028545959618255
0.6771927546425633,1.5431063864032688,0.14411733278989478,0.009882698991448918
1.2754502887519676,1.8005289468156565,0.3882458295660129,0.028507760492839103
1.0410760933698593,0.9076252879970867,0.10713922131937445,0.00719818267671035
0.38089524761622706,0.15498213195444266,0.35815194050053545,0.02615205890389463
1.8254376569525006,0.6953325605517697,0.33398434278152195,0.024270076311105608
1.215024889752301,0.8989475050991724,0.31606810935161544,0.022880919772398905
1.7993951324922,0.8675740163469337,0.29742370464048845,0.021441068615751808
1.1240019392132488,0.33049054828409274,0.36683865827595014,0.026830688110291157
1.205948385129878,1.5055216955943365,0.13558141127750092,0.009258271097388667
1.0558774595226197,1.0815370878985753,0.1745872852830235,0.012131637229442927
1.5021671468736786,0.8644017280344443,0.2882721437982843,0.020736573506397692
0.6208302712273097,0.22850761587470259,0.410594780607312,0.03026543244129632
1.888377483024771,0.9748276594265857,0.1889905079167024,0.013204509841109234
0.9879788433325134,0.4053623325541662,0.3110113737216119,0.022489809003657494
1.534646631750142,1.5487363580122415,0.1092051581116466,0.007346658664082511
0.6222072732501751,0.6467232478321749,0.2764148557312206,0.0198260888604
1.4478077299607794,1.782655880688307,0.08892303811600599,0.005897992437194073
0.9878486216138789,0.5440883406122587,0.23646532858615127,0.01677897242722134
1.2600463553076764,1.1022094061985286,0.07001323571818169,0.004567783512819802
0.3291330902127696,0.36356688645987245,0.41918839821100073,0.03094307184809342
1.028971362363508,1.3314072642202932,0.4093759449695766,0.030169401366788813
1.5940173403687816,1.7688730857333295,0.07111263621646219,0.0046445007711195425
0.27205824304632786,0.4883350080195672,0.23560499835097853,0.01671372157302929
0.984653570843441,1.3330311522519607,0.4703287776962196,0.0349949351050654
0.12914338997722408,0.4942868398300768,0.16071605344928117,0.011104149011285319
0.4636100975313573,1.7688022098240808,0.11573711075661794,0.007817361243414296
0.2596231489058949,0.16442775410099197,0.09356936122276185,0.006228017445858725
1.5324783083798126,1.5045224552350378,0.12222635516725076,0.00828680595536878
1.455044134910335,1.8839100859555435,0.37230357586379875,0.02725819209254253
1.7373381878672027,0.8348283043808715,0.30876892095527764,0.02231650754529939
1.2635279139318119,0.3411888101276719,0.49579918555525443,0.03702455460348197
0.3104841395433475,0.10289981693236605,0.17773668767200296,0.012365726420528661
0.766072920335428,0.2676823398946466,0.06676030343799783,0.004341282001626974
1.303508262446699,0.8709184033295017,0.2755123124325038,0.019756894221976806
1.0110676551531268,1.0195916990152014,0.3055585827212746,0.02206855713587812
0.8241928439027422,0.7243523492738981,0.07467993783354039,0.004893988596564512
1.216513941072226,0.5168052148041666,0.19606282280262388,0.013733412231156691
0.6698031521629948,0.9637814492007699,0.08259851206193153,0.0054506869561309875
0.7780380706243948,1.9656342415637635,0.32930176577872655,0.023906499122758697
0.27630439338516966,1.6729475435275614,0.18737993732861763,0.013084252466733264
1.6300749512766737,1.0977652408224328,0.4780512890941704,0.03560952385310264
1.5495043153739352,1.2165636281342407,0.30172484296805974,0.02177269388839546
1.7495231248935996,1.4472700661616533,0.449271390543089,0.03332267069926175
0.7943779023628617,0.2319246066313132,0.4733173173054548,0.035232693231151954
1.3126468714996993,1.6923970942993316,0.2732831990818298,0.0195860635014375
1.2125820759238919,0.5607418915482569,0.27361349123019874,0.019611369779864413
0.021500446787004357,1.3387384921946337,0.38870702467561313,0.028543962820290956
1.4005745133853096,0.49174494837966254,0.42623942012057914,0.03149978898499598
0.4851743007922604,0.5528041969548234,0.38455470741215514,0.028218126499630434
0.8722625422963393,0.8338791714962779,0.2436092171682125,0.01732142092420011
0.7909999811095525,0.5908273384483034,0.2172401251879667,0.015324871456095313
0.1398059048718665,1.834844537000897,0.08114560619916557,0.005348256498625817
0.0653837645020261,0.3775571823094912,0.1787359635774023,0.012440060806202368
1.874347564308766,0.3649362373361056,0.13851662040194182,0.009472692726965482
0.9379164548614329,0.3994867556920856,0.2513595037749526,0.01791115613216753
1.711111223623089,0.14788712308281537,0.15029724937902952,0.0103363828476912
1.130255311875408,1.4719522605836235,0.2547035859144966,0.018166004245870664
0.09053221835649183,1.5866668435932998,0.2986199175859125,0.02153326570981848
1.611642564743975,1.1303735950984846,0.36588231387914505,0.02675592116399488
1.446280255007824,0.6250444110605571,0.28781803464635786,0.020701655562518725
1.0819451132684546,0.46679609648866327,0.38408023976885153,0.02818090997149614
0.8035667883486846,0.4426016464852953,0.3294547622084262,0.02391837287232422
1.6705057791872016,0.3745709277347544,0.48698898807272845,0.03632167721440321
1.545544107154441,1.8832689400002773,0.3338471559014457,0.024259419453480088
1.3677729426448562,0.9684604243598633,0.49132775691836855,0.036667715438606856
1.8412223544214004,1.0121760044540182,0.48891984376484027,0.03647564632644241
0.6930388641762506,0.8053864546425822,0.1155921759236601,0.007806896724829859
0.9183610529374848,0.8921400723352328,0.4771149210369624,0.03553496716609435
0.09036857811732513,1.5504053309999328,0.26838669257535397,0.019211152470787727
0.603012334960169,1.9354740774874237,0.07333896669734834,0.0048001059113808395
0.45497336335375715,0.14226663765081216,0.10500559203378235,0.007045049003983899
0.2591406401509657,1.56511779850175,0.3853164165380299,0.028277880442400212
1.7839010552328047,1.7801804893520998,0.31045403042771424,0.022446728267615068
0.9480759021660243,0.6198823803055491,0.17820429758148382,0.012400507523355508
1.0743154128858659,1.356805866268153,0.14360983729650156,0.009845501262601185
0.18505930046220254,1.8030845065399694,0.11462184349379305,0.007736860597417749
1.5971365421283905,0.3115406032464214,0.31695243954686547,0.022949362426469038
1.7244337156748024,0.7420491336871862,0.4187793782581617,0.0309107971828357
1.5224939940556446,1.0600768436096348,0.26675688632327055,0.019086467256285208
0.8073033987010949,0.7710761125668204,0.49627061868585937,0.03706218996405436
1.0934831623721146,0.12260947947508782,0.36143607571490083,0.026408492127443464
0.730937425649524,1.9532514927650992,0.1542368461874335,0.01062627499144765
1.9856147703227545,1.0107877635037361,0.4965043286537723,0.03708084836880269
0.7978832355336221,1.0351254613296577,0.4391325125405875,0.032519407294436344
0.6726810110641981,0.9912030020447271,0.3185383083340206,0.02307213357761411
0.6809162586626807,1.7778096742449034,0.1104723352913802,0.007437825096675215
1.6041812973685086,1.877790449102277,0.09434157890647724,0.0062829787368200805
0.21742817681608972,1.7278784966025666,0.33420645788189796,0.024287331145152743
0.8390839222738766,1.1173935675625037,0.07872784511144812,0.005178084751880891
1.9605753021127545,1.4849555189091252,0.2762612906341908,0.019814314493456633
1.5398845629146942,0.7976414016728179,0.38326609029106407,0.028117056704884142
0.07592920374237289,0.9135229038663812,0.246271105870341,0.017523825596631463
1.2509869580818846,0.3654408600743575,0.37773584208385264,0.0276835712159395
0.947394646422552,1.454563737743285,0.38664184152109515,0.02838187573484142
0.2592911344831481,0.8250959838278273,0.1990635154372588,0.01395821962717647
1.1509571741980147,0.04810590480465882,0.4074123141729797,0.030014729997305176
1.6175472500022279,0.4459952465692665,0.46752387081271574,0.03477188097803894
0.12238922699888488,0.6752443384960758,0.09285440968309697,0.006177159865415737
0.2145961954981952,0.8332059893941404,0.1362008104010278,0.009303492745144382
0.9729904357393448,1.2840256255389808,0.4809951245364229,0.03584398721529882
1.2835675604680659,0.626592250069427,0.38157530281373986,0.0279844791534509
1.5856878174085398,0.296355652754009,0.22941397080936854,0.01624465773105932
1.5861460614150484,1.8474141585191457,0.4006615235324028,0.029483377157864622
0.8169271326744962,1.1807733992091825,0.43538114750992635,0.0322225240388355
1.8012162042628266,1.9858689451342018,0.31290533423852473,0.022636245450710562
0.23971264163136752,0.7540405340261402,0.3190445591909263,0.0231113342363357
1.3644983322072735,0.7081730513835003,0.20765477895220585,0.014603146983929439
0.611700286766186,0.6744093227157857,0.1928351669048436,0.013491866070150592
0.43598598921714093,1.6507602566681354,0.3225735854956205,0.023384717177330743
1.9549222535867337,0.704038671564833,0.22180362131070963,0.01566925690233108
1.5731722910914394,0.9271005141627411,0.31550176607718494,0.022837094624620354
0.5380451580766041,0.31209694133179733,0.11753783531492454,0.007947451412336678
1.3478765530219465,1.5464692515015905,0.11852318331003917,0.008018694510881672
0.3430829543222793,0.444835664601102,0.3368296548203303,0.024491171825781755
0.33341292659388566,1.19119226058238,0.27734822712373114,0.019897663372620028
1.2853123186050759,1.4455761991237153,0.4248338193074098,0.03138875797919246
1.1290850173006517,0.8468932034425667,0.3383214567296012,0.024607144153062647
0.8866925295525128,1.716279643045861,0.11931196437682628,0.008075754809662158
1.328550738029791,0.20805825706338488,0.316653957590549,0.022926259967952334
0.8873184993725789,1.4977450917536006,0.20334938051900503,0.014279715125956377
1.321485641873664,0.5576702129088127,0.33040997922771465,0.023992513968052197
1.2571252401952326,0.5241268098193677,0.4320801150769176,0.031961426036735754
1.675091944341056,1.2280984010020428,0.10817997647467377,0.007272955837700178
0.3163432205584269,1.811595858319199,0.2586077412516603,0.01846382685693182
1.8534941467723436,0.05105293666978716,0.28406342764498754,0.020413097662343265
0.3469338288774,0.8165788491370163,0.31368041812236047,0.022696190721127257
1.7375269410643985,0.10423656779290713,0.19041944932003552,0.013311264644359711
1.9011159447799832,0.12848545649367527,0.062494348321663284,0.004045402028731753
1.4706655172262595,1.003413524474009,0.40914110184686575,0.03015090053187461
0.3425470140140605,1.99737211413894,0.4482470970514799,0.03324146267016014
1.8486081783844377,0.008349617621679739,0.37359038752382356,0.02735891871265773
1.1411734629894936,1.9026844031498278,0.2401177204288808,0.017056166042202902
1.7287935068827356,1.3264265582188755,0.4410858663629064,0.03267406522761977
0.5173011509332317,0.646184874841985,0.45156529240143295,0.033504582113341334
1.554832158127763,0.12273569727290945,0.3355458621722564,0.024391398452379278
1.0797408828830695,0.926419364338861,0.11202051988870372,0.007549306363312698
1.1830176912292492,0.9977624868463117,0.0501587999184092,0.003198004146846537
1.8313400364627472,0.3246895014421223,0.39016794559080065,0.028658659945642855
0.4449857705604736,1.994454054680778,0.3305598869659991,0.02400415070332627
1.1915580544563928,0.06842506533020187,0.3811740848226894,0.027953024904843405
1.1815753561219338,0.6649260931019001,0.48983421938112476,0.03654857455715786
1.0858524395459985,0.4761177216037433,0.31713824822213454,0.022963744748209686
0.9325178885315688,0.9511000767031497,0.4827058496798253,0.035980284376618994
1.9402099640830925,0.6436905787063916,0.12532860854232578,0.008511843223488231
1.4714864155550516,1.3814229781933727,0.11778143439979044,0.007965060407851263
0.17983793887345367,0.5761362808082797,0.08140584163068815,0.005366593965859937
1.2231465688624383,0.2605230576408053,0.4845242693833276,0.036125198341012014
1.4545051960311626,0.6058255867269453,0.32151582015031527,0.023302753549037783
0.329218025539026,0.7468024392772727,0.45735317407922194,0.03396385651925023
0.6122165516639604,0.21814774678323556,0.14601576430780716,0.010021927610864607
0.4109661123560642,1.303969841350141,0.2270712060985312,0.016067384336706177
1.3769124695983948,0.970292830024789,0.09057676950038016,0.006015322568681105
1.8372429792977956,1.8650559483309403,0.3304398021918261,0.023994828975881406
1.2331966059194803,1.2325113965131378,0.2298993853392366,0.016281403967170475
0.6437369879072588,1.941682651073074,0.40567177395532633,0.029877674027595145
0.7778690703033853,0.7124358721697321,0.40030197915031757,0.02945509475182898
0.4411517436316905,1.8823777785869287,0.2506657031379783,0.017858311690349477
1.8604271775139392,0.20801192707169092,0.48733340521167084,0.0363491384331636
1.5979279373693411,0.3789527197035987,0.08912926460774168,0.0059126157846792525
0.08115141900970113,0.97686376310157,0.4572597118274349,0.033956436992867586
0.3450817247241118,0.16264155970237293,0.1094472002596161,0.007364066652880459
1.6472614189089432,1.426207614362765,0.06658986767841493,0.004329435234866166
1.4521743229966189,0.7423271463715175,0.40206665895336924,0.02959392441287702
1.2026475886513919,0.05400660215222497,0.25299746961857056,0.018035954321598737
1.7109520253049786,0.3076676474523563,0.22023929510750595,0.015551149021752858
0.6583934830734468,1.9278134821232202,0.2543838673060719,0.0181416288792882
1.641224049869039,1.843000598650835,0.13085319950650143,0.008913543717914451
0.18374256371391606,0.11257484986073729,0.2784449038738319,0.019981782003562702
0.3062146726747692,0.42798171596457824,0.21050116761909476,0.014817229349839178
0.3053589034973254,1.5588021021465583,0.09493467968800628,0.0063252127793501445
0.42038525159545426,1.747133813845129,0.403110968151423,0.0296761013955475
0.6502704598789586,0.7503999824818111,0.12691131669679626,0.008626801535843226
1.9785570222409836,0.4640104485780203,0.10989065702509684,0.00739596753355168
0.22225340939033078,0.7743765147888553,0.1070946175130883,0.007194979228065887
0.5319133128024984,0.2334688763508992,0.2742372901062975,0.01965916966445546
0.16331991838091553,1.874468782053538,0.38379870088284607,0.02815882798418927
1.4211979374347474,0.8096900220133005,0.35544797902046876,0.025941048736112183
0.5937324407926619,1.302430739202238,0.13379396486204265,0.009127851729891374
1.596633659429286,0.8489481551425966,0.47824277197672543,0.03562477158810523
0.9750482048395919,1.953266261386746,0.14681033964785298,0.010080237966753591
1.1454917896319217,1.0836379041602697,0.25823944844284114,0.018435718866690775
1.5666261439587676,1.8267174735427223,0.059305430458171465,0.0038251274789447903
1.6852860734254655,1.5600574181097917,0.07376977633326796,0.004830254500470301
0.9982591800180454,0.5211210456143736,0.49447802737728735,0.03691909731616516
1.7148647191637822,0.1541971838541627,0.2999028711972696,0.02163217659039989
1.8117432183053568,0.927205333927156,0.18191539436140997,0.012676763186015847
1.9012931756293414,1.1121477706377831,0.050612945872925696,0.003228966952005415
1.026135630254382,0.571314873489273,0.33056627593192356,0.024004646661166387
1.7682996742729853,1.9289629234891033,0.18152021461385198,0.012647327189808984
0.4246620499951026,1.0329785102310713,0.4157723837692534,0.030673590229005083
0.8970411505415792,1.957934624289846,0.058828294434557366,0.0037922384918491737
0.43976445538453746,0.35349308488939135,0.4618292364737877,0.03431931207581982
1.8733919551716207,1.2886495471864,0.46998158363223985,0.034967320262382036
0.5937279755675018,0.8637545398942739,0.4844365504144245,0.036118206956059995
0.9137502709253669,1.2197884523440665,0.17328864314715348,0.012035196102705228
1.2182846857985905,0.07259668275801845,0.4424398277520466,0.03278129366100634
0.3249559973757128,0.0026189216197869403,0.13866564871020073,0.009483587900559361
1.9868244800557169,0.3116117455042271,0.39032087288040557,0.028670668005966776
0.016256328706261813,0.9745949699536958,0.1172367800344657,0.007925692572353428
0.8115978071735348,1.6568833005729084,0.14815974474311244,0.010179314658547038
0.2919462593184037,1.9812412531612515,0.49382099632145193,0.03686665911787578
1.2873394591538416,1.1634835281797138,0.3100150302541148,0.022412798807665876
1.0430522273844725,1.2643637625295152,0.08390475967581446,0.005542884205331313
0.6333777613897884,0.7829065475473369,0.49959796694282316,0.037327888227212204
0.4508774402073241,1.359306838724118,0.26583579914800914,0.019016024464655445
0.6221550319452067,0.7074549241949504,0.20213495300616507,0.014188569394240855
0.9108214246803188,0.25639364738339054,0.19538286824747475,0.01368250390983561
1.9844409508700507,0.33268224107459976,0.2408231359678552,0.017109736320920995
0.4854314063829548,1.7249824642311815,0.33032276328318855,0.023985743912396384
1.8739153372164707,0.012692335970132973,0.10848325914048292,0.007294754574546882
0.33717404868065626,1.0520948537907426,0.3471543304514573,0.02529452792385752
1.533867076320414,0.7986319200756649,0.3959792997035115,0.02911520266681015
0.6970226035777414,0.006912160479126461,0.05368569091365605,0.003438956792500378
0.5828816403651669,1.688070303254101,0.28158896550497264,0.02022306807852549
0.6407717129454951,0.2638528436159244,0.37984838835112933,0.027849110661184538
1.6263502811014101,1.0470381475805814,0.34309277757821643,0.024978301733688833
0.6851010169417253,1.4312742794288325,0.4506062379093553,0.03342851922792717
0.2245506507398043,1.6314429551522045,0.39071379667603984,0.028701522409093187
0.8824692160630576,0.03631895320172762,0.10673890186185706,0.007169435001420538
1.209952112558634,1.382962942661453,0.146836171076747,0.010082133986748575
1.929083294713005,0.6968785789200558,0.3116435703513467,0.022538682095364863
0.9396052040294389,1.6705020630056908,0.49287271634840396,0.03679098458902524
1.7120170206119874,1.379979578769755,0.30963086299174064,0.0223831099952195
0.7375738721080296,0.4987606475438555,0.44017432083486707,0.032601887182626195
1.9709567302060313,1.6385417290079336,0.49103308171075294,0.03664420694137098
0.7259044725754762,0.767933173334733,0.48917781067005733,0.03649622014638444
1.9576248296762024,0.3370739560579552,0.3474626299238673,0.02531854210490174
0.765344752944817,1.412612518390122,0.05892899185075472,0.0037991780376998136
0.10685599660951905,1.1934626604421215,0.4317772829947157,0.03193748014842872
1.074867161597212,1.9906052722710137,0.16228900300710394,0.011220364683065271
1.945111592494965,0.6620696364989376,0.2916071700845157,0.020993130567165112
0.7820270326147718,0.2353937388658527,0.31528716505542914,0.022820489644740902
0.8495285137353741,1.5240914156205898,0.48921171051820594,0.03649892384099257
1.267779859581433,1.3464256350823807,0.1350486198047405,0.009219383979297635
0.8169389405687764,1.337583053272467,0.12739993865713758,0.008662312115221458
0.656799722996962,1.4710564612127262,0.46372235105762954,0.03446972082291202
0.5953154882353262,0.8602168619201718,0.3799156454528164,0.027854381983222428
1.5113788160439148,0.9920007264708082,0.2867471336021191,0.020619325526457948
0.4401721673144241,0.3737262186335766,0.2963612240973283,0.021359200281882547
0.957613581972016,1.5310091786280644,0.47517804357050264,0.03538077870796588
0.586989907580036,1.107625978593612,0.22370886394620765,0.015813181858762192
0.07915949080920992,1.9308641568898401,0.08686767449764081,0.005752377034161596
1.5657577626941424,0.6556398353740678,0.07726284671553234,0.005075146896308246
1.4267062825642147,1.0657174528834576,0.34458846001675947,0.02509472335846309
0.7920816610771615,1.523994284927541,0.46243699391724363,0.03436759403136729
1.9332528638489626,1.2726238990059926,0.22436194745129912,0.015862536294675846
1.0450021128359572,1.5524019508924156,0.09386552526439892,0.006249092736106605
1.5521813302722476,0.16306491617469732,0.49216066216012155,0.03673416792552516
0.06669049916341985,1.8781010516782939,0.22761808016119545,0.016108754211209667
1.6106085658144884,0.5251341474020488,0.4219888681514344,0.03116410767451178
0.37938895280819773,1.328584967268921,0.10326769790043369,0.006920476188909282
0.9108235607544113,0.6614558586707489,0.41368657049460367,0.030509120182883428
1.0226387327339181,1.9086747710573144,0.24753432135833198,0.017619930895600815
1.1607679860142082,0.5450656857599476,0.05996269625445311,0.003870462690128168
0.6574318472439393,0.906112879647101,0.06364627948897143,0.004125164702503704
1.1566524609593134,1.1363631245829577,0.08911532584958268,0.005911627325405874
0.8011717295323979,1.1768105651297487,0.18662391071546963,0.013027826360546032
1.5987270505704876,1.590073297972571,0.12483147702329764,0.008475755216990498
1.510944888277921,0.9874877332173526,0.3604623266677156,0.026332442611297645
0.430095184010991,0.4879263254218251,0.1548683962400818,0.010672794986972966
1.670238745831371,1.191454152657745,0.05802159703881138,0.003736674766574409
1.3095344640195181,1.6456656227713402,0.13057472540764775,0.008893267046813669
0.6049393818177791,1.2923953902151875,0.4476835827567463,0.033196791591631664
0.6926798629694109,0.0036664316055103896,0.321367424134463,0.02329125619447352
1.9523367474914486,0.014375573181224288,0.3665351513166424,0.026806958496294424
0.4360786064290161,0.9633309174386764,0.4294599709329628,0.03175428138805727
1.2349857968522875,0.5573654802316987,0.34009681095057803,0.024745205747120566
0.8760173795268142,1.0583830436856527,0.2719610315292845,0.019484783005233274
1.0936984337028195,0.3945712680322242,0.38381592447906393,0.02816017885335117
1.4035160989380548,1.0825811479500396,0.3510698019321592,0.02559962225078273
1.895551414779596,0.9126952673160793,0.2785999310705085,0.019993674934101903
1.5639878151979756,0.6110801476119354,0.2027080888658228,0.014231579936896747
0.9163267023551966,1.1525233072116214,0.18711450981817584,0.013064440470755377
1.459852065771452,1.839791899594623,0.17722820501272174,0.012327912344031033
1.9633103294936411,1.4475353041419081,0.2067253064455915,0.014533283278580708
1.4461177459886927,1.0567393687549431,0.47450912894815195,0.03532753867505749
1.797063951149146,1.9970820167767869,0.4293197842996283,0.03174320089672398
1.4701141547545762,0.24374062188054557,0.274445116505298,0.019675096460985402
0.37044935015888214,1.2598994001343837,0.22959827274239675,0.016258608891480435
1.128533395166657,0.789542441568613,0.22265137611179758,0.015733287112492576
1.9286540668350263,1.3744029598842225,0.21630651065452305,0.015254477135427425
1.5409783010095486,1.5884838137818016,0.36083188422299317,0.026361303281462488
1.8134540979826985,1.6272961667099641,0.24249817308128568,0.01723698439756768
1.0575465757620157,0.9920880288566867,0.227505679790043,0.016100250798663476
1.4763034716331982,0.5975382823321709,0.44712645369734755,0.033152630499366544
0.25545306939677337,0.62107560062332,0.3902475332351133,0.028664909236008396
0.4296909975899412,0.0502075762896077,0.21342061870816315,0.015037014460308097
0.7571242409375161,1.8729410471709753,0.4071670697050993,0.02999541617670202
0.08182814377667813,1.610998125398824,0.28233615811384805,0.020280437623741657
1.9671141864961257,1.1526071355571206,0.48713633390083644,0.03633342529279262
1.1079801731455041,0.6253874523248593,0.40911385382252174,0.030148753992281417
1.085888170976693,1.9524856617459885,0.4088416397756002,0.030127310108367528
1.8762000755146775,0.1140918767458372,0.186855595847366,0.013045116525578824
1.1699469132684563,0.19791460490996005,0.28935619176265365,0.020819944849133624
1.668608467309107,1.424291439571118,0.0923071080479799,0.006138246188039083
0.29691603009959633,1.681725246225696,0.12981306149066385,0.008837822896455665
1.4938290931110634,0.5961012720704522,0.147825529431656,0.010154769912550002
0.7252563087187729,0.7793440965131939,0.12500403872892,0.008488280776340078
1.4467741676557146,0.24463068506210517,0.25583779282601277,0.018252493264686562
0.8244450724428498,0.4620789171196462,0.33328091024054346,0.02421543594312416
1.3820346074871164,1.0139691465109033,0.4235477821741325,0.03128719373006667
0.9126554843382733,1.5162548783099037,0.2923872435008922,0.021053169399605633
0.2963747347221528,1.9045109063586894,0.4352120611871612,0.032209146682316565
0.8391976060719848,0.8439198463757669,0.1269798605585807,0.008631782389963025
1.5451272346742808,1.1905144066193258,0.23543240674437893,0.016700633519529433
0.9575123575822682,0.6285417000414746,0.0623382598023237,0.004034601819798526
1.5633879606001264,0.49904181565529426,0.26615454767577146,0.019040399772718992
0.5332291243431557,1.6619329275342387,0.23143840031942575,0.016397943876708336
1.7739790822882415,1.7003119969989762,0.35735450176640654,0.026089817378967536
1.0707627432957116,1.3724023646432468,0.15543684592078336,0.010714678203638391
1.755841119718611,1.4108315397356337,0.13812269673323574,0.009443897620120392
0.7877523951440388,1.254011547781877,0.08158411868069776,0.005379158578407964
1.035837395788619,0.40486439802544893,0.23969153654471342,0.01702380627989875
1.4245163956055116,1.999788336960693,0.36529985819574806,0.026710391418909313
0.038369835499908245,1.429419818962457,0.15982216295677049,0.011038139797857489
0.0805581083840814,1.1692265922400686,0.3228027962908461,0.02340248060358918
0.3786638452094868,0.5723413149434062,0.4701045929415813,0.03497710391710299
0.012848750274971676,1.216414063845108,0.11212480656891202,0.00755681964996274
0.6135728392051774,1.696750171429266,0.4347836148689929,0.03217525152437823
0.7649978590537718,1.2048562276408625,0.3045550058914153,0.021991082682641754
0.6472071264809827,0.8898470777331458,0.0832313099539968,0.0054953384760121505
1.065598805949893,1.0440155784070608,0.25958028400715916,0.018538064279259626
0.575274515676699,1.7192976714076111,0.44248107597232317,0.03278456071408746
0.868756432639447,0.03581850181537072,0.46931970184901867,0.03491467994080869
1.6833779166270428,1.7296850008129647,0.060617354750671,0.003915652160035909
0.29962449770514143,1.2164944221605243,0.13071471312025706,0.008903459668202671
1.413932504163727,0.9214614555158287,0.1619670974452277,0.011196574689363649
0.912682995708832,1.87331171437658,0.3435375483054171,0.025012918352706914
1.073840227263996,1.3258291280397234,0.08326419784705508,0.005497659755286125
1.1128920285847899,1.1070335586602464,0.34593093995491586,0.025199249637683295
0.030856466221011347,0.7518156061536743,0.47440732484094916,0.03531943636985521
0.8752279573282553,0.35071543005219774,0.46684103507941954,0.034717593902627054
0.2513848809249657,1.9499691236804504,0.27943768461836527,0.0200579511962626
1.816166055956536,1.2475715710845752,0.45062291948207117,0.03342984215283235
1.1382578634268068,1.6117638550609383,0.17515092606044108,0.012173510341026426
0.8600477684967951,0.0356512487745988,0.4145918408924467,0.03058049533547536
1.3973894512426082,0.1723666247875073,0.053785984101465734,0.003445825029727143
0.06562522832973183,1.2366719380695335,0.3849840215343708,0.02825180398413446
1.1102906632372103,1.841789881868074,0.3613396864665225,0.02640096352422302
0.29802371002448247,1.0118140603048793,0.11873547089201475,0.008034048791632168
0.3495958738707554,0.8175016108434192,0.07000589889393445,0.004567271819657012
0.8155896133934246,1.745088317966789,0.08999025133504227,0.005973692796076729
1.7768632156702722,0.08150414960106667,0.3261231853362732,0.023659902144295027
0.10816530567773563,0.7037191485079448,0.4395031824128576,0.03254875165606686
1.351808588919414,0.26171350841644414,0.2392502795959517,0.01699030621624335
1.9524872831273519,0.7554241753905042,0.4585778572889196,0.03406108799003106
1.842706031268448,0.9451210105066603,0.37713814644783417,0.027636747272315538
0.7165609026812509,1.0607345158405046,0.33239645871468837,0.024146745898673105
1.8900125941754167,0.33751804302511323,0.13305377535285476,0.009073879589463254
1.191691908301508,1.4768494325822563,0.19160354900206766,0.013399769472757549
0.43818704029896605,1.322910360940212,0.480815482067886,0.03582967665090271
0.6651387757814635,1.9529618621140599,0.4717362438234496,0.03510689541457964
1.4192321882505023,0.5234171987062406,0.4086834336672705,0.030114847745558712
0.7362984493961935,0.19274439950471356,0.16212687238825405,0.011208382232320277
0.4137084789517289,0.1048166978416969,0.47983046312418765,0.035751215257269084
0.6758460263902055,1.3197648167106082,0.2043232166203272,0.014352831038909965
0.7878117309653065,1.2002112403466854,0.1474757396078198,0.01012908547621342
0.7429067084983023,0.273913490055389,0.36043742689303265,0.026330498131872607
0.5034883092712361,1.0750210597408578,0.4185158652726771,0.030890005233203843
1.2335944797161253,1.2256555933565665,0.13472054418530333,0.009195443822629972
0.101583964496621,1.8987947044654339,0.39640597263067284,0.029148740597713264
1.7290242649145955,0.8388056322589075,0.1762241715604017,0.012253267889924882
1.2919021465560718,0.7883230440972122,0.08768618770421252,0.005810337689893805
0.027348568328892098,0.8601921245801323,0.07735366050873545,0.0050815240228845975
1.9021015532891852,1.4254573611567498,0.4893515793086321,0.036510079263480995
0.45502713446684706,1.1108951360313555,0.37980206110619436,0.027845479768657304
1.2043827184843703,0.7646076794657688,0.15782475736480786,0.010890733911427588
0.1012282461520897,1.3726538088821265,0.4139253112014304,0.03052794241335268
0.9956593940349978,0.9169763426586077,0.4209264143577638,0.031080238242154584
0.7527913761090494,0.4080952579298085,0.2809585494950727,0.02017467282358805
0.19220425472718494,1.0166733591244406,0.3123998073197274,0.022597153332833794
1.7756956139597855,0.7744669094340086,0.26306052515709677,0.01880387942877713
1.8789773677171342,0.9061741343869285,0.15670220505354282,0.010807947417291347
1.8555845619012485,0.9329132696916478,0.4326060780173535,0.03200301833794362
0.6540712558972059,0.9290015610934563,0.2549608287071629,0.01818561798525945
1.6936235852466432,0.507836997360094,0.06965837860986496,0.004543038908694489
1.008460330726854,1.80779917206572,0.33660442094371035,0.024473665272869316
0.9032953901402394,0.9709407221238526,0.3016087533362278,0.02176373887024817
1.7543352200429359,0.6142984682462789,0.41058428200473873,0.030264605180817493
1.7853912411432715,0.3908246819783783,0.1214389355074925,0.00822974887605634
0.25022342199048797,1.8167405630356812,0.16053710792647724,0.011090932772546865
0.7746330036578608,1.558276707318237,0.17221274826132588,0.011955334613802842
0.04976016655769455,0.007651881597209753,0.1320935190846182,0.009003891800272702
0.8020604336254453,1.8269262280068184,0.20294660028467998,0.01424948131812086
0.03065009247860262,0.1835579861776102,0.2222311994688564,0.015701549415937637
1.2845281143120884,0.3527230768215297,0.35684753662446916,0.02605025282081567
1.0323153041808657,0.4052203514312893,0.3263758545910011,0.023679498394622547
1.381348339492895,1.899807515582341,0.3935876824748382,0.028927259717129512
0.5494353842346855,1.0856441006511606,0.17610069900150205,0.012244090396027703
0.1879140856181487,0.9246285683287792,0.15232417340080315,0.010485467832932941
0.7110729423052589,1.274501714175015,0.4279872672172471,0.03163788989259333
0.5080514987919298,1.5298530020955072,0.0822360950101736,0.0054251246807926305
1.2384074904207056,1.007081549989226,0.20822455100364273,0.014645984516554036
1.7860043322512102,1.4362750104653164,0.19175266881394465,0.013410918025381097
1.0378700159225946,0.9189019240185334,0.05819829687250848,0.003748840969366083
0.5829678262830396,0.8836108444717978,0.23872473495653468,0.016950412625147973
1.0909706722646801,1.25229886536545,0.2796710232845902,0.020075856369215914
1.5459036469867127,1.6423303022276352,0.24806332643797407,0.0176601876096464
0.926708908734653,1.1736551892881655,0.3033042701594666,0.021894552635927038
0.12913205556778973,0.06304384755643899,0.1037924035682374,0.006958072128849538
1.219337810566538,1.0204136383196172,0.36464779983172374,0.026659426872488186
1.2665074518814046,0.7108978406149025,0.3803833982587402,0.027891044214665366
0.07754370253365095,0.8648422338523101,0.06112975908914062,0.003951045694382889
0.23744778285043133,0.6696439682431494,0.3626167984890321,0.02650072519344241
1.8020517087709709,0.21106844772484568,0.05100458861709001,0.0032556838124163873
1.5239374583370606,1.9721738997272633,0.3957867978739558,0.02910007218994544
1.702115880738277,1.9686051011943988,0.23664710318844961,0.01679276103162138
0.07141958594324471,0.5063246977324163,0.22853794343142808,0.016178355399305077
0.25854892049919775,1.0503695703246119,0.2609490867490917,0.018642582046681972
1.7745504730835517,1.7107065739140837,0.27556532334944345,0.019760957940017827
1.6605949995497251,1.8004200066597493,0.35938019116567654,0.026247944774587115
0.5914764138941069,1.7513066351007514,0.12534053089474245,0.008512708817978927
0.8107723529049691,0.3420204379156586,0.20050260740846343,0.014066117448592427
0.034951134503066195,1.4800583331854236,0.3837964207833596,0.028158649153320076
0.1684752175977462,1.3744078718178077,0.13152340598831536,0.0089623559867341
1.2299068880850035,1.5993452467495584,0.1380276946292088,0.009436953985778686
0.5813662379932929,1.1146809121159356,0.0588883129542369,0.003796374559662815
0.43007702960162786,1.584159225714232,0.3445142719029762,0.025088947846446354
1.428268909768385,1.3471255548546837,0.47070947489852627,0.03502521631018649
1.0736683481406462,0.9784632793343975,0.3709526951820411,0.027152476242471274
0.4286270887347332,0.5210721315077163,0.48646224583214387,0.036279681362684425
0.7100684789959493,0.05440911112269253,0.3625232665231492,0.02649341811546217
1.7985061298205836,1.3921364719165075,0.26174156018346606,0.018703110302096124
1.6869877222670058,1.0340525485462446,0.12768064718540548,0.008682716847973015
0.49808369721064216,1.0300227473798083,0.40447422573417496,0.029783398616382625
1.7661857877376537,0.8700486201304232,0.19046993353006442,0.013315037283403518
0.017753730311871108,0.4338272086256627,0.47656154273829376,0.03549091012115541
0.9893532424014018,0.3521358570305737,0.47442715173381245,0.03532101432760171
1.4492708632662898,1.9397624286121942,0.329101525336091,0.023890959434143603
0.8873170426822468,0.1654778377348074,0.17753023339857943,0.012350372237157849
1.6778262106339674,1.631898230327339,0.4359737891355018,0.03226941403312121
1.5226167901424907,1.0078828140008607,0.3156819182368701,0.0228510346892941
0.9146366143849862,1.5651705372116607,0.3228675149727659,0.023407496343156645
0.08496834066930181,1.518837637863186,0.18773110141500216,0.013110466973319896
0.7170546126019957,1.6395341681848832,0.3786205230853764,0.027752887199356736
0.3532530100396176,1.384373583020712,0.3971616399124992,0.029208144705122605
1.5660763195874554,1.4473955673061338,0.05528952263023542,0.003548894827973577
0.9613865902964858,0.6992392773518199,0.34591226257679136,0.025197795213760244
0.8287187030143623,0.31295882317736834,0.14706893333721638,0.01009921971220533
1.5700746402833519,1.3369378504466118,0.3095029690583422,0.022373226793817362
0.19365001577567886,0.5175464085777883,0.2695290584255705,0.019298578155699887
0.06022802964208651,1.0104968974585555,0.49220956492554174,0.03673806982361018
0.8219453843832658,0.3685247407503771,0.37865016010185726,0.027755209494313385
0.3301703450442477,0.10205632063221426,0.1719914651249438,0.011938913477671521
0.4676701497908824,1.5675231239968526,0.19784565565157747,0.013866951003176906
0.4222648995300051,1.1496117986926464,0.25651914785849533,0.018304462764773634
1.310386821731962,1.8232146136318192,0.2458435054702004,0.017491301500219013
1.7302817181107693,0.31228629032300237,0.24891521616267676,0.01772502794191977
0.3931269162565434,0.3767538089683249,0.07008658663266974,0.0045728994392821125
0.3691800168511905,1.2396939687674042,0.2688680382195588,0.01924798690878554
0.38509737730265226,1.1745514824795051,0.37469233279582514,0.02744519374259054
1.9037068905383703,1.968542082502439,0.2130023991430362,0.015005516827616975
1.1583694496110912,0.4465023336898224,0.4844072394487504,0.03611587083037315
0.610247467621382,0.9106302033965892,0.07188571069775394,0.004698495779189695
0.20523131590985222,1.50256789548615,0.49204062128248655,0.036724590108825006
0.957675574666002,0.4140937437546559,0.4851440031700028,0.036174594904939406
1.8288662349699352,1.4637723279553956,0.34964602786459986,0.02548865418381789
1.4953285191457175,0.48991095747686386,0.3861014348808721,0.028339471456736865
1.1999973663170524,0.8374418919488564,0.31295088406268967,0.02263976800762392
0.4142296356002282,1.1368251589479774,0.1838095810757714,0.012817917741475117
0.1729128258095225,0.206677760270227,0.33982405116639836,0.024723991162480762
0.7414140487362781,1.2566003769224092,0.3055582760960772,0.022068533462241156
1.3612543175035574,0.9432028489966808,0.21041882465149642,0.01481103335778481
0.8889012332332404,0.3933665695420281,0.09810544752676834,0.006551305949012288
0.7813540495316387,0.5123213473429287,0.3269392921136011,0.023723200644811104
1.8876091729825202,1.647971008707249,0.25864766281069,0.018466873823640265
0.14524450958659418,1.6762983549619,0.06636645185598108,0.004313909062541334
0.07698265939083249,0.5040221145660821,0.1509202176417488,0.010382188935472342
0.751078275667779,0.9195255044421307,0.2070450111392505,0.014557311408522724
0.047406716953077854,0.8825389669625032,0.3624168756913408,0.026485106611409247
0.5371894301526501,0.6357066379737502,0.22913943275393234,0.01622387737309097
0.7172215513836391,0.11906380371726044,0.35188853580824625,0.02566344793273975
1.1339661541276003,0.34105688140573376,0.41906660470343854,0.030933461222445807
0.44688008777414523,1.6948488420394145,0.1975531817868506,0.013845038243711418
0.43712199115191575,1.048103540373144,0.4682394747418021,0.03482877907462731
1.9634897212142637,0.7956787410869866,0.3187056448914323,0.023085090518968735
1.339422541530349,0.6080732616224385,0.07437160728677367,0.004872391701462577
1.912148010041636,0.32436788393062876,0.24375037659953935,0.01733215058728033
1.6579315381631683,1.257790482500955,0.46624099073479763,0.034669893463050085
0.329354041718247,0.6831149397665424,0.11518728335282954,0.007777667656956115
1.4031240649277648,1.6294104679503394,0.09088877573773563,0.006037475674862272
0.6165558241097806,0.7374072338314808,0.4971580001817343,0.037133037926245595
0.3196573617035725,0.45922386624213374,0.40960135877192916,0.03018716005292837
1.5825745948931715,0.855090931785845,0.3052061096495573,0.02204134480074426
0.5815641474167466,1.2934963051199349,0.37343793977705475,0.027346984443296186
1.715372959866107,1.9297287730958859,0.05959914661121456,0.0038453824241642316
0.19994476455050703,0.17341160177468273,0.0797646305817179,0.00525101435808622
0.5164145374746201,0.23665803528881346,0.12566409254205926,0.008536202421607336
0.7029912225145329,0.17830832858607826,0.11672302004707862,0.007888569358324018
1.0780727200515123,1.5531535599832567,0.4236086686309995,0.03129200173340416
0.33816187216693616,1.742026843309165,0.45003733929185763,0.03338340499277379
1.5261277342333153,0.16045217608130913,0.06861894527421768,0.0044706081952058715
0.05347267251048016,0.21107085497879252,0.26672541377366155,0.019084060025237146
1.594861991161764,1.1595055007412136,0.46500342016313034,0.03457152634950678
0.7555914409210891,1.3027720450135118,0.2918877398826067,0.021014723520437508
0.05727246332185176,1.9227243391062847,0.3722576909386982,0.027254600841824038
1.1521176513355424,0.9080050744538795,0.24109077025689557,0.017130063691921937
0.45806311859133486,0.849699571626727,0.33909642661142864,0.02466740406549998
0.10463990933447764,1.1263454602404137,0.2637345169876171,0.01885538597973758
1.342600006461573,0.9065506877666456,0.13412229885256705,0.009151799349049486
1.002783951497505,1.3767259061659622,0.32339313218185795,0.02344823458418222
0.5208692659849361,1.7573589664728584,0.11439283016856663,0.007720336951316083
0.44186974762025955,1.2323932772118595,0.19882808240874866,0.013940572836870958
0.7561234162277035,1.7167820638341804,0.24871682608212642,0.017709926403333253
1.6402506332441003,1.6302792396010062,0.2647759588619021,0.018934990968353996
1.902157933358914,0.8792800733468167,0.10101951164183026,0.006759540288032927
1.8926112944674942,0.01168446900348763,0.20956560395271467,0.014746841636406027
1.410898812040876,1.574458548509805,0.3746720669007945,0.027443606898794683
0.20279148066606778,0.9017848216912201,0.438472901924101,0.032467192947063926
1.3405205566894598,0.03421075591215894,0.22714802942728868,0.016073195445557582
1.1810545111512254,1.4830445071565945,0.44703860625165226,0.03314566757740766
1.2657271183189176,0.1302771821391957,0.4848871765357156,0.03615412372661846
1.5823332967371795,1.817383544077022,0.1268922866551121,0.008625418719018183
1.2626373766825478,0.701058137381503,0.37326268876152713,0.02733326545071983
1.321846158444855,0.32596778516416514,0.3509572111255796,0.025590845860811676
1.958354936873245,1.7239817083762323,0.19308303584512337,0.013510405861821416
0.7734090756961047,1.998982963604528,0.43058083026535526,0.03184288419640814
0.44596534376457453,1.342840959357223,0.30071436306350374,0.021694754633578332
0.9301466273503443,1.1257716351308356,0.28580249091074705,0.020546719740529146
1.2475139493745457,1.4888390245867489,0.338780749689699,0.02464285659084975
0.8751457152740822,1.7836006587781454,0.27390781219291216,0.0196339217990835
1.6296221960925068,1.5175795962279939,0.42695677311591035,0.03155646376668825
0.3683376022443856,1.0129681189495088,0.24929431547959524,0.01775388745489864
0.7168120271318812,1.05380064765334,0.4302608939293404,0.03181759192445143
1.9475898553609532,0.8580475398426315,0.23922135823280372,0.016988110665874554
1.1695875795171828,0.4104478840322068,0.05330544681866269,0.0034129251251042124
0.2384748391383813,1.4015541370608655,0.4316973918545479,0.03193116309703292
0.5829999970893405,0.7802806210855842,0.46285939998501074,0.034401153733352424
0.5985418495279069,1.0530346500379442,0.39937602954871915,0.029382265968133606
1.2540419325417231,1.7055639633609838,0.2974505947360023,0.021443140866248968
1.1106577218650082,0.8446332473791371,0.47946877246010106,0.03572240768238345
1.0672550977162811,1.607529374441306,0.4680537655528222,0.03481401264901631
0.9848967695886603,0.9133277976409389,0.09586504210164443,0.006391499491513656
1.6111010369930718,0.9877563489762957,0.4026696743631201,0.029641374069655595
0.6214933035616184,0.650851556513492,0.07534755584644366,0.0049407726999956885
0.04870568170246403,0.6928575608217655,0.1510187289959167,0.010389433549915329
0.5336936425586019,0.21270126330972783,0.33731737085838726,0.02452908286348606
0.8999556338797154,0.5154491902979708,0.3695274679136438,0.027040971047672138
1.556333813094841,1.4605709949790229,0.42632287003478236,0.03150638164327249
0.6351547669455158,1.5025716939431,0.28752345345953007,0.020679006280078516
0.3745225707568809,1.0717289735894018,0.4805449961034957,0.03580813006552281
1.1500230250255992,1.9998960054946047,0.2558809806480795,0.018255787078412355
0.7506565171659818,1.9208572257705683,0.255367385318251,0.01821661909311481
1.952656543461856,0.95452749474216,0.18909541302858623,0.013212345309523277
0.5781262530719669,0.14179585819085894,0.4843830219881567,0.036113940671649976
0.050760056024726996,1.7020777685763826,0.45924584680432873,0.034114129343988844
1.337501756385436,1.9375907180301535,0.38677545582473,0.02839236072624287
0.6958682189432086,0.55749683410472,0.43633361646309937,0.03229788583222382
1.9459175721841255,0.9903161134059486,0.3071960851532942,0.022195007261828187
1.2428671938528346,0.9662844195449172,0.1647661294341146,0.011403541842951457
1.6187108404956885,0.27524404215079734,0.14101505999551894,0.009655455101543404
1.1934493990727142,0.06727070106990851,0.2456620795414326,0.017477503079380757
1.2405929776134352,0.30616655891516587,0.24272693641489373,0.017254367651302196
0.2754841010166691,0.384542296636597,0.152166491918873,0.010473865058082704
0.3979425108852013,0.8100404187925505,0.13629076700196305,0.00931006155918847
1.598929905901325,0.03072795428633035,0.24843610274727684,0.017688559042131888
1.8442424867813074,0.688827182685513,0.34302248130217716,0.024972830839874605
1.1507702525158365,0.7276411435435433,0.3321428867812433,0.02412705481225854
1.7601511543751491,1.650281592470565,0.19181763468900942,0.013415775216186747
0.04350972464175551,1.3166259820029587,0.3450814315860002,0.02513310315664906
1.7924914813549362,0.517345877424362,0.09500224660940185,0.006330025301574545
1.737072947200001,0.813174949365632,0.34178271303801255,0.024876357082281076
0.19462310401227323,1.0647132308597658,0.3010270105515604,0.02171886749732686
0.36869874679129655,0.5495074355889322,0.12120198804344914,0.008212584455439532
0.32249195409670395,0.047335587021298586,0.09657692180994805,0.0064422496968157186
1.2453703881881837,0.9534876721266843,0.47056398314539705,0.035013643486506034
0.8829987949453522,0.14538606984761815,0.4928002302308595,0.03678520047330496
0.2865650850479946,1.8243019470664594,0.09834559162474342,0.006568450299151537
0.5060393745093783,1.6362401986771051,0.37546878527378713,0.027505995356561327
0.5144495701987957,0.18676296558839112,0.10758849069577578,0.00723045436183563
0.16271014874506373,1.2602135920889885,0.060489660933047466,0.003906835113839523
1.8782870129001366,0.3242334759382155,0.46038237211083577,0.03420438676494505
1.7115702501625238,1.8478516988552494,0.20944424634048314,0.014737712807595161
1.30753145191069,0.2079312308896475,0.4797655211760993,0.03574604271579355
0.19952571423341436,1.5677768764318007,0.3261212342212508,0.023659750825889347
0.9435291167249882,1.0936360388475956,0.2798346643887931,0.020088413935529847
0.26788173001313287,1.6863938172718094,0.18368882621129434,0.012808916097552116
0.3408154069749738,0.2982127916898485,0.34802495180020626,0.025362346482306734
1.9106233317957912,0.7852889104402097,0.17684137961074742,0.012299150504211783
0.6153817812730575,1.1823277390262816,0.24998404875649016,0.01780640221532475
0.07627053593059885,1.6292060160422481,0.161330389801325,0.01114952928834278
0.890139223630712,1.2070518753231372,0.34315956445232465,0.02498349957564733
1.6603749711975357,0.4013853369152198,0.24831218229437269,0.017679127320594856
1.0214510428252903,0.6545352887432905,0.15982572074098772,0.011038402471519732
0.4728702280281374,0.9456632106842684,0.10471881630589429,0.007024482961435683
1.7995695748738336,0.49598711515946436,0.22598156732088376,0.0159849759601511
1.3907076616047864,1.650072520477552,0.27419009090165064,0.019655552664788845
1.1284623236863949,1.4853541053057404,0.3197190977135699,0.023163572627616365
1.5633822554908654,0.503595543215831,0.4388459501040149,0.03249672253303692
1.8377914440008516,0.8750013329147364,0.3983567405285838,0.029302109223759972
1.8630232520173653,0.7925113163947195,0.41079024578697054,0.030280834816516305
0.16842317795176887,0.3600512060707286,0.4241060752674206,0.031331282085681714
0.7914883377804096,1.4529627431168044,0.3218056441539869,0.02332520944843247
1.4279860897682686,1.9329708057563202,0.1399396750311633,0.00957676241560612
0.5177678040387363,0.736917291873973,0.06842058115402483,0.004456794176407656
0.845964460692809,0.07596336906999546,0.2862411636162856,0.02058043432347782
1.1951381863310155,0.4436058492750714,0.4402846565944325,0.03261062324622699
0.23754572439735444,1.5858478835704164,0.13542155742817183,0.009246602655307707
0.7828501545738873,1.0865452935486901,0.12282755285432961,0.008330386323472657
1.8297574165895452,0.0196256730875497,0.11519524247889151,0.007778242155549609
1.4160429942871522,0.2749869923116166,0.49687032658526964,0.03711006929658307
0.6647615366774307,1.1504165748030548,0.4192814103900304,0.030950411492504572
0.05157133689232274,0.5320030034738192,0.4404466465992928,0.03262344941598278
0.35961684223401447,0.14339081257248787,0.20359686449089026,0.014298294013255384
1.8111127015156876,1.7360016538645107,0.11508404484083737,0.007770216034298761
1.4964849896324386,1.7448761775778396,0.16022693122031925,0.011068026704035457
1.550858207201929,0.367318949154515,0.17398371433198218,0.012086808030288346
0.5624703217539204,1.543363972189405,0.4506627514088556,0.03343300102021575
1.2438124783929052,1.088183234409179,0.07825247957098382,0.005144668668767839
0.542800447418391,0.19218881858313153,0.2631426896322319,0.018810157962697978
0.5291390178365634,1.2305990376803266,0.21893914136217463,0.015453030393340018
1.1007100805195342,0.26350267886103196,0.4715697203783095,0.03509364769936341
0.9105635343877438,0.3934449278628369,0.4793049406682845,0.03570935946565649
0.026450319839962155,1.6855677496026442,0.2335343381637946,0.016556742001700927
0.7534943674333556,1.4595309801441743,0.39611554335316423,0.029125911606259304
1.5506852761530827,0.6330921823570121,0.2614080539636298,0.018677635918033324
0.48177724115144116,1.3017055902517902,0.11969477340003462,0.008103456547981584
0.901488697591766,1.8215142398267032,0.1825127464138664,0.012721266887889614
1.2206408403665252,0.13902889215262215,0.3629608318956116,0.026527603528983607
1.7824856175976895,0.23787311551940982,0.3919817603440061,0.028801104048938403
0.19446003327141814,0.17966716632557778,0.2576233048003211,0.01838870116552616
1.3972636531305462,1.1824648641071878,0.24554467438952265,0.017468574158766886
1.876246518756703,1.9397464865644207,0.43647484260100583,0.03230906097442939
0.06668232651855033,1.59848124062021,0.44691934986052795,0.033136215285815625
1.669651031796414,1.0553556383772118,0.2874966025941412,0.020676941893712084
0.0037703344228281477,1.0988169026205403,0.19779119838121362,0.013862870780058613
0.7155102277648773,1.4642249382856705,0.13307169182059758,0.00907518575410931
1.8555878189845805,0.12275242104726924,0.2800829789000091,0.020107470176416332
0.11176783773379806,1.2203754749343934,0.3593806802149159,0.02624798295771321
0.37132388897376334,1.1007279357591255,0.45485606036829745,0.03376565847218396
0.01248313742043572,0.5277644283123417,0.36214310935587696,0.026463720110215343
0.44989268905976787,0.06292249330271149,0.4136828447708419,0.030508826454115914
0.8331854489121975,1.611775006502469,0.05740616141023944,0.0036943205669725246
0.15538542369485775,0.25132382864866987,0.1146537109334119,0.007739160060412405
0.18907093152999344,0.3451186314957646,0.20945204756898644,0.014738299624906269
1.778789153048637,1.588720758821947,0.44666800723434413,0.03311629437593993
1.720673002705876,1.3878258300539286,0.29699401196694375,0.021407956659069513
0.3700514966833779,1.3784214621773396,0.36525171274221185,0.02670662818025269
0.6792727140020032,0.6234648310535573,0.39085066027105003,0.02871227014739058
1.5047822227577032,0.054394749256512664,0.35450621832104334,0.025867582123476562
0.4085229067646059,0.40458845638892504,0.24060005383259092,0.017092793968021394
1.312511321355677,0.026163065061707735,0.17983437460089768,0.012521802764601343
1.607640510086437,0.06076576781211229,0.09142127610120702,0.006075296445144034
1.9280394065901405,0.07851576966288154,0.34318607975048154,0.024985563209018513
1.4348547710900321,0.09412101773668269,0.18685097531498618,0.013044771690683778
0.2900967088997557,1.1037220374899783,0.3409815521879226,0.02481402681851271
1.6924710723252938,1.5197054494981819,0.19774631467834763,0.013859507916888865
1.232998066185187,1.7990857929689923,0.12662413218881174,0.008605934813344767
1.294887048357846,1.2616937835827722,0.4036229368629871,0.029716393725178827
0.489022820675892,0.4223197053376464,0.06464739718374003,0.0041945656796502796
1.4023514691373449,0.5116801278063376,0.0799703626740998,0.005265493779510519
1.293077784461988,1.0050202351893398,0.1792703108008205,0.012479821739429115
0.8775177873332154,1.9759144522128058,0.09925405498454945,0.006633333330416007
0.557022458286659,1.2224999655847457,0.19736284604526017,0.013830779090207398
0.30726790688568695,1.982041666278494,0.20807778824009127,0.014634949584598128
1.973167114778584,1.9542373588440354,0.08625701741912556,0.005709159629942189
1.7414946559141988,1.4410742680680602,0.4156089595310267,0.030660701880932943
1.9524982436493934,1.1346056995744382,0.19565069905449795,0.013702554994230108
0.655438684576443,1.7549008763255478,0.17048335812417537,0.011827037714448685
1.7759168729989392,1.7806951490226706,0.08664301287909734,0.005736474843583866
0.3222123894271094,0.2796644968672519,0.29632997700201613,0.021356792875621634
0.833471742895378,0.529972734135759,0.16180822402080802,0.011184834566493423
1.2974355192220022,1.7844809895914213,0.3442803328186883,0.025070736353693928
0.5244723442855965,0.10180239634570443,0.2660499194955012,0.01903239843396105
1.4394106926147008,0.1843940072387098,0.2402887861122428,0.017069156022047945
1.0487589273034241,1.8334872726634677,0.30849456430581834,0.02229531063663636
1.4365680778606793,0.05282282935720772,0.29772470179015953,0.021464265309789895
1.859085108091007,0.776146253766572,0.165819464205677,0.011481491019710662
0.0936064980779785,0.6033106095208196,0.06687014592920054,0.004348918115812319
0.18878796750548288,0.3811229976726087,0.3665655228750042,0.026809333027789053
1.9149583655673064,1.2262386380863637,0.22056745080119639,0.015575920255520001
1.5860049485589662,0.027566978117958163,0.1751580728349152,0.01217404133768145
1.0477398143695462,1.6522447082462484,0.16244440541583124,0.011231850652980472
0.8701038036505993,1.2932429435039308,0.25469893380363184,0.018165649553506188
1.950061440355405,1.4130035470283069,0.48362091567856297,0.03605320334894712
0.41703657455500354,1.8466000702527914,0.11017494720031706,0.007416423147154711
1.1420204268605283,0.3037809824403641,0.1369768235738814,0.009360168633876228
0.5359024957284824,0.05316759077946709,0.25318196445397245,0.018050014660585766
1.8982830611844959,0.8883922586863422,0.45050290385081054,0.03342032444043819
0.3184430962023008,0.3466801655661438,0.305276806698208,0.022046802722744785
1.5165544011114538,1.1397533092299033,0.3130316368571956,0.022646013043260083
0.6157945360940948,0.8087948893349701,0.24009139433751103,0.01705416701064493
0.914843496939147,0.9473290932204239,0.06751906322160357,0.0043940476603941785
0.15191468748198522,1.3959474319075509,0.28545535054234783,0.020520042487576058
0.43622418652254513,0.3934966449493902,0.19155127532705596,0.01339586150989081
1.7681466879647052,0.3716542888964047,0.16705967167045271,0.01157331299235115
1.9570243163378436,0.7844787864045593,0.46043431642054844,0.03420851230204774
0.43617217620290405,0.9600760225013356,0.2479288530575216,0.017649953768915195
1.0191930072936903,1.668630418177018,0.2822513533280103,0.020273925773749688
1.6273188758100128,1.8812743518652428,0.11899895659190328,0.008053108750801346
0.5308585384248969,1.4644798612665384,0.1513460188580391,0.010413505083836901
1.9062096337477057,1.0765519910316417,0.2770942258658331,0.01987818392974039
1.5569416074012885,1.8206231183850126,0.08537737872097628,0.00564694300161137
0.9017497209233825,1.734558982306843,0.15821844596948173,0.010919777475587205
1.4248835990255968,1.9842252288555142,0.1549570665718811,0.01067932749545065
0.09546158901307833,1.3102637549244054,0.42971676482952076,0.03177457928103859
0.09783887848810924,1.6110344389296503,0.3977969017228739,0.02925808959760002
1.565876481068869,0.7302316804838309,0.34128683080435607,0.02483777628534074
1.5172727326334747,0.5087424346297094,0.358733973224672,0.026197493641227945
0.44290474661066237,0.20376167389017064,0.05494966603777443,0.003525580043371752
0.7403892038085549,0.049994579675144424,0.3362071708838535,0.024442790541528495
1.0831829999381757,1.5906995987441541,0.06963308497446455,0.004541275485239592
0.3319274177916056,1.924516796573341,0.07800098135707884,0.005126995122261176
1.371361385935422,0.7887794448333472,0.34779769088581697,0.025344642469376687
1.5883455969204563,1.4824955101967714,0.48180940160051855,0.035908858260855714
1.733928308519124,1.9458484338547448,0.15507193254871116,0.010687790269350293
1.866040845831433,1.2000952998680496,0.41713698482355105,0.030781222251964516
1.1149376354284057,0.3425237238275043,0.1927251071072631,0.013483634481776505
0.5760934457968909,1.2338658016908581,0.47181768975443866,0.03511337493502718
0.40293504638338384,1.1396083168808675,0.3763542810699281,0.02757534640727223
1.1422106285278073,0.5837654799804806,0.21937497742451795,0.015485917140756608
1.1150528876002224,0.4377541063768442,0.4415113458921933,0.03270775909432968
0.3779783085369022,0.7903965396789694,0.13241040105783616,0.009026983713203512
1.7962117048197113,0.12241882306200336,0.3494417406030511,0.02547273471610858
1.8653855549121288,1.8679557561685287,0.22050821289879902,0.015571448421826856
1.672476193647486,0.23167837512596434,0.06420800206661459,0.004164096074829488
1.9155918568797639,1.8568978753937897,0.29141309168953466,0.02097819492391544
0.6529190535076379,1.3178449797444587,0.46296290204017,0.03440937718131793
0.34674472792564126,1.0332457114482558,0.4901801644454628,0.03657616868968251
0.32832788250375855,1.5379651157299468,0.47154810972683425,0.035091928495103134
0.3040443469981271,1.0536252066557887,0.32422427810458276,0.023512662312267823
1.1244158000835778,1.882786628067975,0.274027375685155,0.01964308369753737
1.2220505372181463,0.13824001194795987,0.43763649383883985,0.03240099122115419
1.4715931717361048,1.7669363460662195,0.14492872803385135,0.009942190326670283
0.8920264101590747,0.07340205921998333,0.1799587540235717,0.012531061054004504
1.0997812760013415,1.496725152133807,0.45707463875542853,0.03394174522527894
0.6649768860589604,1.435759667172764,0.4187847123717865,0.030911218069413736
0.09617260587144516,0.7487932998858478,0.4327587029802326,0.03201508832725546
1.4209859750432596,1.9519933938132488,0.09980836283521743,0.006672942507704597
1.1436225423249342,1.4915137723910938,0.05616182954608757,0.003608781818310302
0.05482739056705932,1.7533875555034661,0.06820711685963904,0.004441931672800085
1.2201473124483144,0.46051760718041157,0.15502636441209272,0.010684432975960955
1.693389301898468,0.420502450156538,0.21395792191381918,0.015077486963860234
0.10631638813310929,1.822466278325512,0.2757300713143719,0.019773587556065373
1.1734883075602238,1.8050044478661882,0.2719526083579318,0.019484137883354895
1.8891841629149249,1.7001181614743508,0.48176380240705347,0.03590522530789349
0.46655121193941684,1.8529986554431577,0.3071666116755714,0.022192730868701164
1.1976972179707341,1.853152430021233,0.09247920681736994,0.0061504808660949204
1.6509749183830777,1.626923521591498,0.35907436747596305,0.026224067912919407
0.26557022194516766,1.6128285307680617,0.42415392087736437,0.03133506063559856
0.49759071139480104,1.7811661974258137,0.19886792072685555,0.01394355880108215
0.027509438984498757,1.839811256963156,0.35716326288996975,0.026074892265184463
1.2154493365789851,1.7868864993801492,0.07521272447872138,0.0049313219228298765
0.13267930601907207,1.4629866813206678,0.4100716763678766,0.030224215068397113
1.3514405683124198,0.6353239078401243,0.3104114576078846,0.02244343775307594
0.6330002619597073,1.0796512939933611,0.14181198883968404,0.009713798137241656
1.0658353828115323,0.8089150395282017,0.3831606161632453,0.028108785115167872
1.8413384247733142,0.17537037304671022,0.21144527426737753,0.014888281685163714
0.6601086606047533,1.92552772812643,0.480549888774396,0.03580851980234994
1.0822011580987636,0.013980378851757402,0.1738300582725903,0.012075397201575973
0.8189481869719379,0.9877479652978809,0.2837334056108582,0.020387746561764144
1.0183141099547885,0.21111554284544298,0.09694107160213838,0.006468220082043448
1.176808505687089,0.07900492714312235,0.25275906509912927,0.01801778657703305
1.1245331834915187,0.5963665802026934,0.07696495033681469,0.005054231649288677
1.3592153400641693,1.1740311661663356,0.34178549809575764,0.024876573777196397
1.0852338891691864,1.8274389837324172,0.36404965808840584,0.026612681950641422
1.5240351808993304,0.5982383910702946,0.12665952261227512,0.008608506092457226
1.3633310058455255,1.7837590244365196,0.39798225841552093,0.029272663556035302
1.5324290833837855,0.043644759519252174,0.12891298554534736,0.008772332195617401
0.2511752197632353,0.9869772685230325,0.11582395416971031,0.007823631905145496
0.8288125961182495,1.143156479000133,0.13689168728973997,0.009353949646661922
0.6895494804931219,1.622960508646595,0.1433328155088274,0.009825200312947662
0.6039428861199676,0.8818023666312911,0.07596800276128186,0.004984276890000646
0.39611703645342455,0.34051267006349195,0.1654442355723597,0.011453719315597537
1.8971633027078358,0.7595804740858356,0.4951503677225264,0.03697276233885348
1.3544856155881009,0.4078579623891192,0.09934802755976892,0.006640047256843687
1.61984411895579,0.7386601179426748,0.1723442440710357,0.011965093438016588
1.4744388865671259,0.5326804577225706,0.3279886414498667,0.02380460581734887
1.1305762865147226,1.4911786744643292,0.4606547794248726,0.03422602234062055
1.0335499776986312,0.6098487896272207,0.1050495411168616,0.007048201143159703
0.7826565065459108,0.5778170800627742,0.20716274705961762,0.014566160763347746
0.007754913202510094,0.5410788141841818,0.11887854259285674,0.008044397912956705
1.589744135859177,0.7733591757633806,0.09790073768214967,0.006536693604377784
1.0115585220113839,0.6780871667283623,0.20341380500944783,0.014284551391446099
1.1499038653462936,0.6591972401446076,0.25452153400122746,0.01815212433769954
1.4435374396370506,0.8913113284515866,0.4422774892606736,0.03276843589297251
0.48489329510148305,0.291021009001726,0.21374457906194488,0.015061416017667794
1.1347957380528266,1.8001669993232976,0.23561729387329122,0.01671465399850927
0.24085467022056362,0.021456271187642484,0.20898764200551917,0.01470336913757995
0.9510026986558793,1.7037194370089346,0.39576802593036614,0.02909859675862679
0.509874250099912,1.3482872984641068,0.3032864789297987,0.02189317973137975
0.7670403520529874,1.2166762651862686,0.3166089627223433,0.022922777502212523
0.10109391102328358,0.7326514673235589,0.33999576888788274,0.02473734680724443
0.9654469801931986,0.37336800226786515,0.05545599904868185,0.003560319027717479
0.5627914416555719,0.1651735375723853,0.49994669819099224,0.03735574249741919
1.829942214427076,1.2961207157344456,0.2464067497797673,0.017534143743758383
1.7492416929057297,0.602614666368197,0.3289750364457938,0.023881143581639574
0.047507135390897126,1.8972968230097278,0.31565573270109415,0.02284900843434154
1.7796900272799037,0.9870030760086446,0.48307331698908623,0.03600956564246001
0.42156302346813757,1.0814314740644855,0.3714255757106153,0.027189479430343035
0.5727221329171281,1.0612147978309108,0.43125998965810763,0.03189657881280228
0.6344412854072867,1.1944252572881477,0.24330076678154006,0.01729797680912322
1.5825231760795875,0.28041806904094346,0.1538502292236707,0.010597803256171592
0.6229376671660791,0.5334521338917304,0.42118829663240354,0.031100909708701687
0.8502925113281272,0.07586214186404194,0.10970512036846794,0.0073826195289898545
0.810620915005809,0.788526096745443,0.1427663301565799,0.009783695077905708
0.12429587630037187,0.6579667553719262,0.13620169094533996,0.00930355704283133
0.7988457526193085,0.7882632086100181,0.11791900098105909,0.007975005764867604
1.5344619389812866,1.4729633586420494,0.4657148719495572,0.03462807321018579
1.4256133214599704,0.9775058717805667,0.2301666627086495,0.01630163934639808
0.7539143893194493,0.8895010140719035,0.2855995427130344,0.020531123183064742
1.43889119702571,0.46932073726602175,0.36677545128747113,0.02682574617634076
0.817346309155699,0.6292644707909001,0.28423321794863154,0.020426141132065652
1.520668482033901,0.7931056294475209,0.4187253464778418,0.03090653384285108
1.6045662774531102,1.0118699233022004,0.260578210880576,0.01861425930714142
0.26559691291906606,0.05714291510242919,0.1025443819289694,0.00686867114391318
0.11900419419207853,1.3833538122231483,0.23824673875304375,0.01691413365192972
1.4741229183668882,1.3111665424171484,0.33033387627587335,0.0239866065411444
1.030380341528613,0.607170961885865,0.3267958345963855,0.023712073067912665
1.4972359568365603,1.778675670779591,0.1347170207789644,0.00919518673634309
0.7339668420498915,0.30451420354753456,0.05243767218245937,0.0033535650278949
0.9540217592726175,1.9134569005306616,0.24926170032250122,0.01775140445726074
1.4087150854733608,0.42171076354164017,0.3465520002710809,0.02524761523672471
1.8512968687199045,1.66452687215078,0.27115425763446926,0.019422999300654616
0.638882014558724,1.9121993129751158,0.15705071057172332,0.010833644793219636
0.011954831179381342,1.1868356581638186,0.2605279348542896,0.018610420083418504
1.187719434673624,1.921575222606199,0.1279850533465376,0.008704847662596767
0.023693584779017618,1.8272316316849933,0.34386825035225477,0.02503865898202324
1.3647225119833073,1.7276331936712532,0.19317553889875227,0.013517325210704924
0.9278267668857874,1.49610914381811,0.39204123955268116,0.02880577589406976
0.09035093967151231,1.791516500283141,0.3025991432473838,0.021840144018894017
0.7187204785088837,0.4393490680016212,0.11799012419380932,0.007980147921736215
0.49627590799605814,0.22776319199903594,0.30514903560169526,0.022036938659208787
0.2810689648938658,0.28602770261969646,0.07692863309901413,0.005051682204605464
1.1738631843369083,1.9935474593115692,0.23384776270984714,0.016580496996799022
1.569653660117917,1.6353083951018867,0.4796296937136022,0.03573522439173263
1.5146344568130858,0.8027434798607929,0.28381721117069175,0.020394184009517455
1.2161825067542147,0.6902289477296562,0.2851085551625504,0.02049339398158591
1.5580671659342573,1.434771607459638,0.1923532121744816,0.013455822130196943
1.5434268330036272,0.896220944359917,0.17798125828110578,0.012383916941190894
0.723739171548867,1.0338915157238542,0.15507934130068352,0.010688336125491285
0.16581515541474934,0.2509022203759208,0.4125771048231987,0.030421660153956698
0.611950008923283,1.8375254604865128,0.3526431865871342,0.025722286992729916
1.7014131472003058,1.189612422259397,0.4752249094134544,0.035384509032683
1.9213242174116718,0.4762139935368874,0.06336549823629305,0.0041057134358027745
0.90730357505034,0.9609466874563422,0.12596595803917188,0.008558124445717925
0.8539763448868618,0.34297003889958044,0.2702985648958869,0.019357483193233847
1.9901899620506107,0.7736751294457773,0.33884041293377876,0.02464749596643125
0.043626557153704004,0.5469161912043272,0.3963475101116554,0.029144145099246496
0.4508010698157072,1.979245722928206,0.3846060584993704,0.02822215459173992
0.20541632069604177,0.731337561964686,0.3186995613575771,0.023084619460111092
0.3590220900576555,1.7201693087376724,0.4671546993742536,0.03474253028508414
0.7271202514236894,1.9049587621938677,0.3617038140167769,0.02642940489028099
0.43379360754837104,0.90137636788329,0.32359548586458076,0.023463919332305634
0.660019409498708,0.11227429222050622,0.3230067100929412,0.02341828428973804
1.4384134204112142,0.19854153530698082,0.05001969851898638,0.0031885243397415668
0.9066881825761322,1.4405186345408734,0.371808944027009,0.027219480619555803
0.2776055196030385,0.2790756856026544,0.08205298971990799,0.005412212712356034
1.681075120243572,0.06301207901743267,0.23200921874929442,0.01644118197587228
0.3997204605321534,1.4203664934227351,0.4267404902830414,0.03153937555616447
1.626217325778497,1.5812202518113332,0.0923752208407183,0.006143088208316815
0.5752595973718446,1.4528356742537565,0.20888285527886552,0.014695488293773724
1.8542130292314853,1.4974809665768063,0.4525123017849279,0.03357970063620013
1.4141514869057952,0.820403379453513,0.45909380217782075,0.03410205585265974
1.890168090977773,0.4814165222426747,0.07475565662111669,0.004899293232077164
1.8085937408947805,1.2216300379488567,0.17609346444906387,0.012243552678484157
0.44674278481212637,0.32916963490115925,0.23940890059823583,0.017002348173428605
1.9571288792388573,1.8534059200518331,0.36831218636297763,0.026945914762452283
0.10691731897031587,0.12047544450468206,0.4177507948086965,0.030829644043553657
0.30271692496221414,0.8206566600281504,0.4874469031356283,0.03635818819295121
1.9204779184455796,0.40175824904122304,0.078149873872527,0.005137457779374256
0.9921190921298741,1.274563372496901,0.24618654387473127,0.01751739334175236
0.8258596097302968,1.6187018811817167,0.17066469180218052,0.011840485974458834
1.136187416489188,0.34157715086986107,0.19395403074064954,0.013575566462821572
0.6384912722723071,1.8891883769220563,0.1771634518802488,0.012323097416981562
1.7974538398771478,1.4789382146025976,0.3072846624334898,0.022201848646033223
1.9459690927153874,1.065891559236784,0.3134925474682601,0.02268165979679666
0.47066973434585346,1.5430740850127536,0.19761612901135628,0.013849754193750835
0.9737621807184003,0.7764360497726988,0.13087782186726596,0.008915336701309094
0.2069371905567039,1.5465678529798286,0.16770087745430218,0.01162080479421602
0.26518078771674736,0.845367750668867,0.20504312338522168,0.014406897325933555
1.4712947720614953,1.0484804503340122,0.08171176699938656,0.005388156142651168
0.888467184806575,0.05821928104271956,0.13207262142558374,0.009002369074386394
0.6451560831794756,1.0473610130343574,0.47822606213490815,0.035623440970718484
1.3129328426029256,0.5780049961679261,0.48514853256148505,0.03617495594110918
0.7925440777440922,0.9708777217693447,0.2500340148030899,0.017810206907891573
1.1284672125764093,1.6248401943402313,0.333207460698146,0.02420973107840248
0.5755195409138136,0.12546226167907948,0.4223928391361141,0.031196000714588192
1.8453855796734024,0.526267826908702,0.2843062428440345,0.020431751146701194
1.1564815379283997,0.632291061293881,0.4347921848975599,0.03217592949215344
0.6526609777898544,0.46627419040758555,0.15299604446400422,0.01053491581996375
1.9918182391476256,0.6322576246568816,0.4901384914482491,0.036572844593000184
0.29595455701326956,1.958264350480808,0.25275908241734196,0.01801778789673383
1.8019047307471983,1.033926565056688,0.1182153383091459,0.007996432149809074
1.3033132587689853,0.9532264022682324,0.46450874965501965,0.03453221298741014
0.47139959843983714,0.6318737186565246,0.3247488920847395,0.023553334550276896
1.952783213499255,0.9815554617646214,0.43103846931508294,0.03187906468322623
0.9760066973705923,1.312085457384137,0.3508746147341189,0.02558440764213921
0.6133732876739513,0.1941773793655961,0.1894764927038784,0.013240811056748998
1.5349142088759127,0.5128087879658543,0.10340778446423218,0.006930512312182197
1.6955619814684846,1.0426816490192938,0.44255306887537904,0.03279026294101592
1.991491403980954,1.3869345820426071,0.46145841368276996,0.03428985502657141
1.162190345822877,1.274671137746039,0.1741016418178393,0.012095566050126544
1.8465714479072408,0.009926536287242715,0.16088797547954922,0.01111684747786983
0.19584125738166436,1.8677275991089797,0.2910959578043574,0.02095379080683838
1.3792933120256412,1.6043859463442596,0.4226758297552353,0.03121834374904309
0.9467389614759485,1.531552186673878,0.47741989667689283,0.03555924921623988
1.2739580808280995,1.5674903112121574,0.43738190527332227,0.032380842260544274
0.9937748215007329,1.8865421885707083,0.06735087432987372,0.004382347925642944
1.1460330965115895,0.9716316773520479,0.47139507081992876,0.03507975386081148
1.2313018188423053,1.2764871814620795,0.3706859708700956,0.02713160633880382
0.640569059319384,1.9807548141069564,0.48008344910396566,0.03577136572120162
1.618475533762706,0.7860078302571765,0.14817086456843803,0.010180131363356562
0.9992907011243628,1.5296477458323232,0.4050489473307347,0.029828640419335403
0.01399880729785341,0.2444850033689574,0.40476335072155717,0.029806157839923214
1.8381704758412232,0.8463359873793639,0.12213566923066589,0.008280233481974422
0.012607900422507479,0.21144727953851628,0.1964166225186736,0.013759906101825528
1.1363621209420083,0.741511383437895,0.06972147368218518,0.004547437967929484
0.18310204809187725,1.667172058173889,0.249410397530324,0.01776272498364809
0.5456470588609663,0.9986016957882531,0.4427082803396785,0.03280255674539197
1.6104842046746857,0.6343258286507472,0.14730400999923737,0.010116477218290603
1.454887537724449,0.3606996376900524,0.39447364136005114,0.028996872784653214
0.917051076008367,0.5102735837478511,0.08142883732078887,0.005368214549878844
1.3584015434975398,0.2323532390527121,0.13035519083286212,0.008877284071080455
0.4330284506569606,1.2758563703826151,0.05491472949935904,0.003523183895747912
0.5038592907114625,0.2049367404801017,0.43435763258823357,0.03214155358561776
0.7039409662737335,0.746214649059376,0.09622418439110825,0.00641709965899596
0.2712820094676365,1.6844472950556653,0.4756997106512417,0.03542230265250692
0.848043507459348,0.6633226061160404,0.06212815691536977,0.004020067149793185
0.4639823389852724,1.7454989023773855,0.4322316164858974,0.03197340616584017
1.0338857407210433,1.7430226985018875,0.13138366271683022,0.008952176829345052
1.6716595082097183,0.9797141623330381,0.16576975445825776,0.011477811615064107
0.3669085650317483,0.9526722005733594,0.4839724734338874,0.036081220505719595
0.7453043441770373,1.252906121299516,0.28982574835356395,0.02085606393431519
0.5192476524470218,1.3657281863317325,0.3669281598250046,0.0268376860247114
1.5310237802543067,0.133283508060269,0.32339228331128056,0.023448168788331843
1.017263913005259,0.33935444251221947,0.3821803060136645,0.028031913846180343
1.7028203603416632,1.587541187328419,0.28618836899735506,0.020576376557018043
1.1223051817930048,1.7672952798713217,0.35341919522752957,0.02578280035607446
0.7716518827136165,0.4524458120896837,0.16815584354107793,0.01165451009556665
0.8669566821708756,1.8309944378866887,0.2993427288258385,0.021588988129744146
0.6937292420164116,0.6465549536627724,0.45110288713399116,0.033467907226623385
0.38338206211604553,1.85852624772381,0.21975378436415532,0.015514504321760091
0.12676978164856734,0.961519025368899,0.49831025721373845,0.03722504639883401
0.48336249855532465,0.16064866198724048,0.45537347119678834,0.03380671965863358
1.8236766617397482,1.8368870082010909,0.0584249469136863,0.0037644500932054615
0.899076077354706,1.774516138571206,0.07723758595234378,0.0050733731267993375
1.9455492447856975,1.8647469862345625,0.08742661663157003,0.005791952852828565
0.07717665883616465,0.2991403500005847,0.23821173295709064,0.016911476977999527
0.8341458651250409,1.7763239579382526,0.10521287311150529,0.007059916523297312
0.5689637327349453,1.300025919269626,0.27844037029513224,0.019981434216387442
0.38770352051434864,1.8314754427014115,0.117049723183003,0.007912174936369379
1.2504040645895158,1.6648547676866994,0.3334261189499614,0.024226714635488665
1.6438879198381071,0.25005776242907807,0.06462639309428102,0.00419310883698785
0.7269669923475681,1.0330627117582438,0.4176564668115949,0.030822202446326254
1.0304145979523212,0.7016054912928658,0.3814359557637794,0.027973554517275873
0.5265054267535865,1.0959772615628285,0.4255039237621038,0.03144168761198836
1.2798859587060807,1.5589198705871126,0.10556419793269978,0.007085120391598699
1.699105699877285,0.47451583448199575,0.296409658961035,0.02136293193996308
1.5141610994418913,0.3060593663747322,0.444845291632838,0.03297185277946643
1.9766254484427659,1.8926371440976923,0.27907948435016133,0.020030466813151432
1.8753371326637824,1.7319607443262865,0.32353725832276065,0.023459405955764637
1.0440559310285755,0.5546386131387839,0.13065219545623094,0.008898907612142928
1.427232749953689,1.469403121530013,0.24069492834931916,0.01709999924245781
1.434681665802736,1.8734361580562406,0.4428984300827564,0.032817618304592754
1.2978960755945952,1.2475406412872239,0.4258390180480365,0.031468157908320804
0.13513812451694296,1.7604248266307427,0.4995023012541298,0.037320247339861876
1.5788418942304334,1.4000798266358416,0.34886219087066517,0.025427575713185147
1.0052878722695722,0.2364284776720249,0.2611020967673298,0.018654267797942013
0.26727117717145643,1.6883826511640956,0.12436183156004188,0.008441671598667736
0.17271096145998466,1.722344137158386,0.35519043060788713,0.02592095608681712
0.5158086553066781,1.8213639221864037,0.32366412069132644,0.023469239478014218
0.06839737522474043,0.019677769872142648,0.1491205000702096,0.010249893703682062
0.21556830991229647,1.3211669253629799,0.48663340351641227,0.036293326996159364
1.8069810102025181,1.4906939506199584,0.1746884276887187,0.012139150455672595
1.924713294982407,0.47173904951228196,0.434140515772412,0.032124379125922496
1.1297025310250903,0.0272882980736886,0.20482802720898519,0.014390741843761922
0.14698413743775873,0.6225533826893157,0.12060216237636545,0.008169143578444544
1.93276988033617,1.249017099355224,0.37112297326374444,0.02716580023076166
1.7106161832139337,1.344138169622598,0.0673574816308631,0.00438280751174017
1.772117833972199,1.3731233033644517,0.3789824146586943,0.027781245128423886
0.19770255803624948,0.12260722605265739,0.3932131226210896,0.028897832413855948
0.19185266936177436,1.5280532243176252,0.3057852656105434,0.022086059108895554
1.8290597343775554,0.793925239057762,0.36795086850598024,0.026917657553009188
0.618218069474185,1.8296110536548267,0.09544953251329955,0.006361889641162821
1.8763091860294945,1.107987570540732,0.2502626742920922,0.017827618981821534
0.11541585873585225,1.1726144276974981,0.4136586158908076,0.03050691630110028
1.233617363262511,0.0519190051583438,0.1835494626361281,0.012798527779069637
1.0862109321045235,1.6345530610170385,0.41192364979425283,0.03037015538384227
0.3898722527861751,1.6975125196415681,0.3407971072931101,0.02479967844736659
1.949910742443165,1.233228029809609,0.2403704889303333,0.017075360401920966
1.9734874343080275,0.18604187678345796,0.2704044689568386,0.019365590961729035
1.4261474021152398,1.0803810515313836,0.35115156818076204,0.025605996005556304
0.2805502261555386,0.2196223966460389,0.29459842669725794,0.021223414462105943
0.3815398631134479,0.923750920118996,0.08068942358388803,0.005316121427397809
0.42542337262968055,1.1023732653104983,0.10952793269719562,0.007369873626784728
1.1618791367315016,0.0840135412446612,0.10800399482489637,0.00726030891771193
1.437096744998452,1.828447477105031,0.12990054526251782,0.00884419000423974
0.24969535859586434,0.017670634573673905,0.4168307183387197,0.030757063564316442
0.7650391207657121,1.942260756689519,0.49712387023410465,0.037130312851950106
0.8761076156152887,0.820541330687339,0.19221642451333715,0.013445593328334981
1.7326144648795871,0.7060836326807016,0.24872750660300968,0.01771073938803162
1.4147521802197107,0.1347873068309089,0.2756681607483721,0.019768841417064666
0.7096131925621048,1.1006973896380166,0.3734135534917468,0.02734507541053054
1.0729895888507193,0.16444313366597596,0.4547214133522947,0.0337549735530283
1.1386986519210909,1.6438264411112942,0.45015573243447365,0.03339279336452233
0.16109372813741407,0.3997852359252023,0.36101324813249425,0.02637546767796057
0.8184073502829512,0.0033140504754423095,0.4693825213770672,0.03491967583991539
1.4520642904254828,1.3637929970212732,0.09292137497523328,0.0061819222513166214
1.2544896468804196,0.37282107478917803,0.26095568380841305,0.018643085870570106
0.3993881313136358,1.7576759901045256,0.23206841406716228,0.016445666296730607
1.8619407453983738,0.6395345169097202,0.2672584153659472,0.01912483019403185
1.9305408633851633,1.0899996062614605,0.3116362674662894,0.022538117493684943
1.5366219805743737,0.35244898513085166,0.130224120189538,0.008867742500799063
1.6093801090837143,0.46974090396252466,0.22374268239252942,0.015815737322336005
1.3229968254958222,0.5023391211708683,0.38696274947431863,0.02840705846789677
0.2925838735166406,0.7412312356444524,0.4016738774422814,0.029563020135072553
0.6863914469044161,1.7072056876663624,0.2681744859598059,0.019194915043672052
0.9966537091667571,1.9217425850241812,0.18067740287944506,0.012584562937071742
0.12247168472400083,1.517685978751855,0.21444643020278037,0.015114290065145088
0.6035420843737829,1.2606941799612172,0.4568833666050103,0.033926561783817276
1.3148423166708127,0.1557244340203272,0.32935691571191905,0.02391077915586274
0.9731862465148704,0.1577573866664701,0.4151191238733079,0.030622073400259343
1.7904921371825426,0.8443979671609223,0.3201380231888748,0.023196019367339036
1.867580769847563,1.870123433445257,0.17801662302836996,0.012386547421157574
1.1526802589614973,1.987532785732874,0.3865221736550097,0.028372485361532244
1.8260436617956972,1.63270616434785,0.47251984775976186,0.03516923908538725
1.8172115808213951,1.1745762310561807,0.46830690482807646,0.034834140790605296
1.7389795968126454,1.4474168638065246,0.46361962188440037,0.03446155785826626
0.15517835874949082,1.5280787666031084,0.1948476616084604,0.013642441486339488
0.6446206124595426,1.038822955328104,0.3595465659152639,0.026260934896401796
1.0636673661709117,0.20755227814760335,0.18682562406612246,0.013042879712413068
0.57108223949823,1.6565989279588458,0.4943790330289156,0.03691119618662036
0.3250996097029799,1.4690382715342787,0.45821971222346247,0.034032651865478894
0.01463132348040208,1.7096281669989482,0.14066443806904289,0.009629793323501406
1.3507067111282616,0.5365314976817863,0.3956697537580975,0.029090872872148968
1.5962281022951248,0.07833577152992444,0.45639639531690673,0.03388790732586748
0.7506012091288585,1.0689398372835763,0.11638193299296316,0.007863929350111043
1.4507539409598535,1.6425308888020638,0.2513003852437321,0.017906652881459942
1.613733364625912,0.2168376299094419,0.05106749280199376,0.0032599762964349056
0.5175535191331533,0.3197756989857228,0.4022708644687547,0.029609992244817716
1.2864387531608426,1.36205260570688,0.3908120949266557,0.028709241629647674
1.567967904374736,0.5733198472422811,0.4701115778786696,0.03497765947558135
0.39349369611932095,1.1527625439461149,0.26016538304575304,0.018582736085981502
0.8097490128002791,1.5205867977566154,0.40275870153831067,0.029648379793592968
0.043170817612750545,0.18867442873586193,0.30204267634598664,0.021797212398892266
1.5359789675659556,0.3562715701272514,0.21877100934742888,0.01544034491460552
1.618116646194451,0.40987233578730264,0.43415615212736913,0.03212561597921755
0.7592772531852774,0.006909646984075257,0.12836280781457501,0.008732316066030846
1.56941490523979,0.7084313635811421,0.30577656586257684,0.02208538739300041
0.27066760463039485,1.1163177607828423,0.08140432547003756,0.005366487118003338
1.6074864039969157,0.43699709662044706,0.31595112274802817,0.022871866593738622
0.24475345540568982,1.418315762208208,0.0808513040917628,0.005327523415471957
0.3580504708317458,1.4258203636005413,0.17343633192322028,0.012046161415698208
1.8674045118097928,1.8794173310119702,0.3582785438490287,0.02616194140270122
1.4458706675979638,1.6630085359163709,0.36857580298994064,0.026966532360504815
1.004534284017389,0.2045609610987189,0.4410584329609233,0.03267189284424587
1.1055464840352893,1.124281043197548,0.4578834653418372,0.03400595581615611
1.1452541602396782,0.37294137567376406,0.12765702981783056,0.008680999979658616
0.3587110714201056,1.753641248047116,0.38179035451221754,0.02800133948053995
0.4145965465147805,1.0446742823501887,0.3652945864126411,0.026709979353867767
0.7436063285942014,0.7863942385369547,0.24562603590121462,0.017474761849758658
0.4059928749516779,1.667764218474496,0.27403805966179207,0.019643902401579535
1.859009116376343,0.7559888648423068,0.1554023076375695,0.010712133130429619
1.4831598304354368,1.487038761296383,0.19500743984507446,0.013654400752010928
0.3452395349782371,1.3718486037785442,0.06909620749058543,0.004503855872116341
0.5847436839221192,1.2923081490520538,0.26138459090970917,0.018675843811428467
1.493881021245004,0.14836493439444975,0.47032058591276155,0.03499428353736403
1.1688659796442573,1.3039384284995437,0.41508075068146044,0.030619047419953728
1.3360861402428754,0.5977528626984192,0.17088873956672396,0.01185710340333089
1.200921599517867,0.050177287107728175,0.2759582661955287,0.019791081887021198
0.7250683382136716,0.9412879165006383,0.2061268015151711,0.014488308181234245
0.1901472600956664,0.7120725508156658,0.18289553723275653,0.012749790714312093
1.8293634537142922,0.3918899280444723,0.10840946734823537,0.0072894503300967445
0.1333878442230929,0.854531905405705,0.18010127924286962,0.012541670584242237
1.8451396058038314,0.8891886613011435,0.32722948677619673,0.023745711219627697
0.7596136660138817,0.938031552545173,0.15717769990881647,0.010843009447732591
0.6119286006844489,1.315806972411866,0.2140410134537334,0.015083746482276103
1.4022797268402845,1.968380164152358,0.08885312056767483,0.005893035173379114
0.16533490481295954,1.59547348296544,0.4310632007652811,0.031881020002527016
1.0936854135691918,1.3323318999688438,0.4462513437136749,0.0330832721692931
1.285716994258562,1.3651513717252368,0.10864971335705195,0.0073067204215450906
0.14547761672220316,1.0981871406193588,0.3358713796920714,0.0244166944270081
1.664951017841396,1.6838649994667618,0.0846616090168135,0.0055963493942901696
1.7126482430303347,0.7838454543876343,0.1259209358349166,0.008554854620743254
1.5265485527057734,0.49809656900055743,0.43781088689174447,0.03241479371690107
0.04424132096475031,0.26903051532160616,0.2532647897633686,0.01805632700180248
0.9098270110262954,0.638957126205159,0.060987053282909924,0.003941186448170646
0.6281174931217401,0.4805314179483633,0.16020417441736656,0.011066346269843588
1.8927178433030436,1.7565160179849797,0.4104819612241705,0.030256542666320742
0.1724403808966719,1.5167417805269132,0.4656570345511522,0.03462347601636486
1.2834373164209198,1.4592329219975135,0.2626395856786546,0.018771715791866515
1.27105208512218,0.3174384373334973,0.46105352959199924,0.03425769411517221
0.46385806859328294,1.839020607046271,0.06973866140181723,0.004548636362643669
0.7851382057257308,0.6287182658673076,0.05869479251220147,0.003783039492631515
0.9851817996475507,0.5075314920985623,0.47264070896436045,0.035178855459983234
0.8626613338303346,0.030068563659057412,0.48392168259786966,0.03607717267769675
0.9281915395471001,0.4817488169146018,0.340270271827456,0.024758697717929656
1.6919686848305473,0.20042520644157502,0.07295348630835644,0.004773139873681787
0.7630398923079573,0.8976870741720135,0.42007624864009835,0.031013137214625768
1.170936194975427,1.525016802143445,0.09141928126059458,0.006075154733422227
0.47380635010497985,1.4426237378947813,0.48560891124194133,0.03621165377339235
0.13893029459493889,0.005974154677208521,0.2512636614085878,0.017903855544359897
1.9312527238522048,1.6989398983753279,0.14916841300526254,0.010253414308708736
1.419108405206693,1.4235767941247959,0.46762580005652915,0.03477998506641348
1.7530007433774197,0.3122171274837031,0.14759458150028398,0.010137811351230491
0.3895686602828825,0.9312957690531631,0.33842405622060906,0.024615121511867545
0.3502191886754422,0.8456713796032951,0.35514064408736457,0.025917072105430358
0.5255250238723241,1.2800100354778536,0.17017347960157922,0.011804058460643536
1.8564122909538674,1.5830678942733392,0.20153108981524293,0.01414326204556733
0.6493275072988225,0.1296315530940071,0.3706372453212065,0.0271277939092019
0.1565492016952308,1.0066396502473143,0.3523313559499257,0.0256979729421024
0.10717082856137883,0.5705318502137116,0.1629961556691768,0.011272637265988051
1.7774963326593534,1.9309559809856705,0.37096380712559096,0.027153345721460914
1.4079754160733124,0.25445691956806216,0.37799362107106893,0.027703767401829834
1.5803378561275632,0.536799518011464,0.40343256282093,0.029701410730202958
1.143031604329232,0.8418339188257173,0.33417395552099916,0.024284806175789125
1.211377694955387,1.2674216289974645,0.46038844753809993,0.03420486928775806
1.7213473987074983,0.5873342639145394,0.0685226229840393,0.0044638999947047425
1.3905547098698794,0.4965379557633345,0.10867773876581693,0.0073087352006152104
1.9118622165498633,0.14199170048181475,0.24124789647576217,0.01714199847475672
1.1029233452753668,1.399239835842829,0.34086141907510725,0.024804681340499655
0.3533118817779115,0.5737306592999325,0.2904093349096399,0.020900960024037612
0.9250264990422175,1.0749940690314543,0.3978755314650361,0.02926427192623866
0.47538960819701326,1.1041292700717613,0.22355399207929105,0.015801479431862345
0.27017540331559076,0.5031230653211314,0.2531067518093981,0.01804428262461943
0.04671513421267082,1.723362263975035,0.18542447868652046,0.012938339036293135
1.372525713710449,0.648476755095234,0.320651133151411,0.02323576490332939
1.5420750442538145,1.7851441690773135,0.2401675828255473,0.01705995230861802
1.4786005073318689,0.8863408378777029,0.28184221984732466,0.02024251180436863
1.4160027525392664,0.4106951222175439,0.4345721146518567,0.03215852021173118
0.45929568244817665,0.48826290857293886,0.4924521286303385,0.03675742411125611
0.04109284005437841,1.9547037762691184,0.12784270939843131,0.008694498577361095
0.750833795070895,1.3165460791660601,0.08949677414656615,0.005938681362302898
0.49857712312013325,0.6746360443878405,0.397232274736207,0.029213697810459256
0.8421173833558642,0.8308895801606857,0.19639149660607397,0.013758024469070273
0.7769766806843839,1.1844715818264373,0.11183944042734195,0.007536261722280358
0.8998146375184417,0.7461284026607493,0.08288884758228324,0.005471170707648478
1.057160873641927,0.8960174148879414,0.3179787488754341,0.023028810061218534
0.5555153495804286,0.9538197833686297,0.45093096839377367,0.03345427244570474
1.9417374065978243,0.7610023820045515,0.29866350778574535,0.021536625869220897
0.3983699817643451,1.7263330284214706,0.1566795118031935,0.0108062742461902
1.9223941914520954,0.9220308204050855,0.34702422637504,0.02528439424855537
0.7811617745945625,0.40934892667386724,0.42613772620068313,0.03149175514551095
0.1795180260909146,0.2837087643875096,0.0617843972134465,0.003996293577065245
1.8448472179759206,1.957948352607937,0.22434137867930265,0.01586098173240414
1.8817492654960986,1.5350172400043387,0.44450864429290265,0.032945179531368954
0.4266119074437491,0.4721949067889648,0.44989742128546567,0.03337230995621242
0.6187890100773772,0.41344755363193375,0.4843052119835449,0.03610773917223367
1.6012365790462004,1.2611893961105953,0.4293294358791439,0.03174396375919487
1.7862235128235642,1.7716195452234285,0.3283949279212081,0.023836129054507493
0.7431160449606296,1.176744248620185,0.2074814751433714,0.014590118981497417
1.5973283887715233,1.4594390237765946,0.47421134742523713,0.0353038394112379
0.34455643928902213,1.4355668988814232,0.14883562555470975,0.010228962959308157
1.66470795166281,1.0045622708270923,0.09315233715672482,0.006198349457217241
0.34497313588710066,1.9867304596083342,0.4780433292229905,0.03560889001963359
0.1951509411483281,0.4354822642023062,0.3177853241648843,0.023013835505490257
0.6627830854399004,0.1834278404375238,0.07338188961068971,0.0048031091628445
0.4303135463289336,1.2007388818614448,0.3396633898327822,0.024711495869179482
1.5466389445697237,1.2128898441090463,0.3519647935704409,0.025669393248081214
0.09399231713651757,1.4267131486876847,0.3533379657986152,0.025776465633305292
0.8327128205076126,0.9860142979631694,0.3708439727068214,0.027143969102938672
1.8368446267124054,1.2487435353793044,0.4695042798518615,0.034929359155383685
0.13880400917210545,1.2671815518988843,0.4118186224231008,0.03036187774132271
1.1211267862065433,1.874546776283627,0.3001166046319738,0.0216486574720893
0.6591211574081568,1.8436932957223136,0.18560286105062024,0.012951645280528805
1.164898121632071,1.5267164994198932,0.24174590417763087,0.017179829019084568
0.9578687340284804,1.8500211112149212,0.17955963681825787,0.012501353987442367
1.6340897115349466,0.1311307862268254,0.09464148897692679,0.006304332714542677
1.9276252154635587,1.4696318768648262,0.08224715358947338,0.005425904558130491
1.0400288367108936,0.11012019741520152,0.18890205841414304,0.013197903691893907
0.1219719194614044,1.965025733396889,0.1600476860618491,0.011054791121675338
1.5867779628800476,1.4276963915284577,0.40180680104806443,0.02957347840838335
0.19459513839804266,1.1485857058284394,0.26241577796329757,0.01875461627761932
1.8017613635583511,1.3957064976689724,0.21012300356611913,0.01478877533785251
0.31487290754142605,1.962003745835865,0.3427753307957122,0.024953596663100753
1.149149051055795,1.5670737566908879,0.16560707360740345,0.011465770873641777
0.5250389643052296,0.3910283555853489,0.05405408973797778,0.003464189665371381
0.04019904354207582,1.4358743948448924,0.3182913549238119,0.023053012727280116
0.70360332329951,1.4604049885920476,0.45723581374070515,0.03395453985352396
1.1325661172289778,0.13072573875216942,0.31368504987282536,0.022696548973144343
1.3435188859117566,1.909959606419911,0.13879466619680406,0.009493020773941315
1.5780437856924263,1.5999474706359025,0.1772455808610363,0.012329204401674667
1.1038177214607336,1.5975095513979776,0.4223239474864554,0.031190561649945717
1.3156677206655518,1.2938598362926383,0.38891250779136327,0.028560093536273323
1.2455464853058706,1.8957439147028607,0.3159675408905186,0.022873137121650924
0.6039945754159031,1.0191746535011488,0.14945258927204758,0.010274296961752716
1.0897205179207705,1.003924695062813,0.3689451796021578,0.02699542321541911
0.7737287115723017,1.2691206452463875,0.43750772165619806,0.032390799673970815
0.4016351470091133,0.4186868129414236,0.4343078498914918,0.03213761560282501
0.5637901856599761,0.5739576070167853,0.05866728570767979,0.0037811443053774895
0.9507923195244046,1.2879844679389145,0.4380025674403297,0.032429964884744915
0.4357637833133232,0.8161308453438052,0.06483973494719125,0.004207907735555476
1.5849825499770402,1.9148084091012254,0.3125846121648527,0.022611443683809785
0.3071765036707881,0.140425736128039,0.4540356240691918,0.033700556106754216
0.1734264206801337,0.30803345833754814,0.4294032056031744,0.031749794569695115
1.8989154816915976,1.2506394155599532,0.08502693757936464,0.005622168678582753
1.0604050749415002,0.6004088009036637,0.3439810900782964,0.02504744240163407
1.8926755895258929,1.735896153516882,0.4084045964296433,0.03009288372254628
0.12175107814639174,0.6432044824612126,0.416669493413795,0.030744346430361034
0.8318571347515367,0.9116100705611707,0.3808836934814842,0.0279302605474414
1.5334264492373715,1.2787683300221562,0.4774245899905507,0.03555962290453974
1.7169718685513948,1.587223064814379,0.3093425677874458,0.022360831936001305
0.9725918312620598,0.3777794801843548,0.42297691574002744,0.03124211660507416
1.4167523513825462,1.7744540117586598,0.4606151813106534,0.0342228772600963
1.2757418939265466,0.18318395987249958,0.23838602854426832,0.016924704955496996
0.6267303531140542,0.11920963537665608,0.3900025661620628,0.028645674491786764
0.09679133024366693,0.35106338636238776,0.3712190387923356,0.02717331739127586
0.3065953170967919,0.8042603156221146,0.3452454588990346,0.02514587417472009
1.43757602448263,1.0462185796122252,0.275644694289436,0.019767042469111477
0.9009027130506115,1.497758491201385,0.4092691337452281,0.030160986736061896
1.7766191484468874,1.0309304500372343,0.1896179126462738,0.013251375796243439
1.375903345451017,1.1726617655696832,0.4582208453917097,0.034032741834741656
0.7792463652113122,1.1438482836047308,0.1939094699719316,0.01357223230550361
1.1663003170047008,1.2683047892747317,0.06950432321269409,0.004532299149160877
0.23228326409715927,1.5975441358294047,0.2923001283699898,0.0210464639809539
1.306239551706306,0.001348875524454396,0.36979653080802716,0.02706201939390307
0.8636441628478322,1.8614672677871076,0.3101616601929383,0.022424131178738937
1.0949120325646864,1.579235587714266,0.16093179585665768,0.011120084278551134
1.4910731608617975,1.1771540661528093,0.14744263056218626,0.010126654556269411
0.33998200401636747,0.812898728020238,0.47379360287641553,0.03527059449134998
1.2781937973757331,1.623472702600544,0.13070693309323048,0.008902893178212
1.7923481341977154,0.44155965713868217,0.44448446822333754,0.03294326406622076
1.3484546706244058,1.8802074706298526,0.08928907671292091,0.005923949532949823
0.4026926999510805,0.43865121635993365,0.38133510570112517,0.027965648169001794
0.3753953213446586,1.8796917935872555,0.4982626781883377,0.037221246891935886
0.17067588629745511,0.2781919758491933,0.09432272582271653,0.006281636529640924
1.993186029409254,0.7105395538518755,0.3611371299777187,0.026385143047051
1.9272293975050734,1.957951313745764,0.2399180512293715,0.01704100484408288
1.0489913786377043,1.819209373252576,0.24868167988540357,0.017707251146310114
0.9554704303557666,1.776891840105966,0.43265921562374093,0.03200722056830757
0.6138861068887733,0.2637743928447074,0.21446036618024844,0.015115340054862309
0.5561202047741143,1.802824777961966,0.059342175688597676,0.0038276610868928466
1.425903048688908,1.5205905102847481,0.14323902839393762,0.009818327937828534
0.7647257356290291,1.788959630843688,0.13750227975298757,0.009398557757306636
1.9684332171803307,0.6929397288202903,0.10495621977994232,0.007041508009886083
1.1722987444082706,1.5694120382175984,0.14735211523540942,0.010120008966121743
0.9055608634982455,1.3443264552251217,0.18311798223282122,0.012766368194478031
0.020782369535343514,1.359957409591513,0.28358237626677396,0.020376145711531617
0.06944210904063608,0.9287695240334821,0.19028295931841122,0.013301065216398839
0.763931920932809,1.4310238593843463,0.36472781367531354,0.02666568037511728
1.8795752708465157,0.40545060902986463,0.36107773276914096,0.02638050400203385
1.6138879187817938,1.7402358942492901,0.2316388990791507,0.01641313032965731
0.7702123760500663,1.3957808001840755,0.22083691771480768,0.01559626319663957
0.420074510722112,1.1428144193466114,0.20345412124715445,0.014287577934483597
1.374870296453849,0.20796038486273294,0.10156401923787642,0.0067984962706092895
0.1005825520600574,0.1237418054033903,0.06448581716772936,0.0041833593388113715
0.8292179422862065,0.5255688581447013,0.20126419900864956,0.014123240435316181
0.5659330511011551,1.6383671528924515,0.3506963863044509,0.025570515459279356
1.3399633762201546,0.14110172930986664,0.14884070474993016,0.010229336121667902
0.5973667637748017,0.5864183802917184,0.21448961275877532,0.015117543618990315
1.9415437598811787,0.3195484279878962,0.09562623312284968,0.00637448051287942
1.4831678241755513,1.0079542089430689,0.09247607744211647,0.006150258381565396
1.5766845768629723,1.4203738853793433,0.348542829231461,0.02540269299700054
0.3486406117173182,0.16352516016323104,0.06670365186225889,0.004337343992874278
0.5199140811210043,0.40364416632554256,0.34762650358861447,0.025331307213934465
0.14428046755768853,0.614609551988264,0.18927536257950034,0.013225786621085442
0.011444138021629247,0.0012104818748983615,0.11146824216403958,0.007509525820068623
1.0425943045734463,0.5474860551684428,0.264259355915792,0.01889550053638342
1.5045561263449287,1.5071077222782199,0.1887092058966689,0.013183500591740279
1.5324925627697434,1.9047840519163637,0.21870106184782878,0.015435067607893337
0.6007238450435117,0.6827575698255415,0.13486902055852762,0.009206277862513507
0.104982571383329,0.4039022771436833,0.376338327281577,0.027574096824547294
1.4298972428962613,0.39973727138775694,0.15300538586025414,0.010535603428534907
1.362338921818622,0.06997262077005328,0.2780785938462724,0.019953682300167596
1.494566417763753,0.2784205793265788,0.2688743571106391,0.019248470485146774
0.09869694304956389,0.3214837568437685,0.07376866103476026,0.004830176434790323
0.45203489894359716,0.8538757774636008,0.4803872068391262,0.03579556114965118
0.6713432146140701,1.0496682637678114,0.11964710110912462,0.008100006438470827
1.0671411431154365,0.38244186405196134,0.10998703127730305,0.007402901569502417
0.5318527018020078,1.6904069563631707,0.19030631946065274,0.01330281080361729
0.7250103826909502,0.44777602975104336,0.12191977648987869,0.008264587986861133
0.6769792512118331,1.1271746504464193,0.22075858622937894,0.01559034951921859
1.2751733844171673,1.8911156376722875,0.48987089753353064,0.03655150010766448
1.1193791554400054,0.8621079040025907,0.22926281777337065,0.016233216430112333
1.2424275060619039,0.11487822100230782,0.3908433617759547,0.028711696998537747
0.22183861122323045,1.7675958672380594,0.22898322578478925,0.01621205450848525
0.8697667405745559,1.566264639967044,0.46646088369297023,0.034687373330963986
1.9522466450592362,1.2400603960033223,0.15143624141234502,0.010420141409436662
0.6272070809173707,1.2793153723337238,0.43371487832016664,0.03209071190486161
1.570077677252057,1.0671913043205412,0.20158114750035028,0.014147017476015754
1.5061472018978694,1.6534598777494942,0.0567345643782353,0.003648137095002713
1.0257029316989763,0.6643691707443107,0.20836818875717456,0.01465678500207876
1.633130093400041,1.1441025745649218,0.25924741544300706,0.018512653151082994
0.6855568645903127,0.0682745387722905,0.2793261862291746,0.020049395764823123
1.4195318751163206,0.643236172038594,0.10824043044436829,0.0072773006895095384
0.4971394308259227,1.0592211544134986,0.3214904891891044,0.023300790943185757
1.7161867384964433,1.9426231578378255,0.23639534523486522,0.016773663999669713
0.9112504285553304,1.6165076481850738,0.3060098383683828,0.022103399043447384
0.6698570596256885,1.6140571604409093,0.45741448736687984,0.03396872394816549
1.0696518425972017,0.29741241019147857,0.29273508571883644,0.021079944855785543
1.3306017879407372,0.22551882877226292,0.07353934744941312,0.004814127287584273
1.3120306394654284,0.7297189103239152,0.15447211080200035,0.010643603056664147
1.7725736601858602,1.3011280204434343,0.19712833502357435,0.013813211815234637
1.1643556204695735,1.3055193396822482,0.27064339923322595,0.019383883712425738
1.6005616301325323,1.8531946952296583,0.15596829379796595,0.010753844698793199
0.48921575718346255,0.5913964741953619,0.19111836699603357,0.013363500254356103
0.2340686714969471,0.48544866970341705,0.2690243364234003,0.019259948433363476
1.86622117740205,0.4177495429050295,0.05921806811171136,0.003819104222360813
1.772099075415191,1.7273551736170476,0.08484953560538089,0.005609629987445335
1.2627332255913357,1.944600572161377,0.23659938986472245,0.016789141642555964
1.5617366260324008,0.5813566902299552,0.4342149258962807,0.03213026507804957
0.6878326459656616,0.775832567360522,0.055588229082221635,0.0035693948063240987
0.9339864552949224,1.141298496236762,0.0680963177423892,0.004434218521778098
0.22909812927114026,1.9579050521861368,0.23051061180313376,0.016327681872893626
1.5871493651267705,1.7977692135093002,0.4542178167305797,0.033715012559291144
1.7172260355545461,0.80210343853512,0.3570207902212807,0.026063773436782907
1.9915160539803805,1.6895639750062799,0.3992282427103612,0.029370643156245033
1.6742110131582189,0.7315467368314861,0.40624556184031246,0.029922851533940694
0.5185530359727717,1.2394721539535698,0.4466404694988397,0.033114111837541885
0.7967820160806869,1.036868680593108,0.21329920634413713,0.01502787001560584
0.555154349657468,0.731356960115664,0.10606880461621088,0.007121330747600247
0.42487736686116184,0.4080244294661217,0.3262726495355692,0.023671494001416108
0.5173406068619344,1.6724019943377464,0.3815951472243002,0.027986034953062285
1.5656201232171678,1.8361517874115807,0.31618983133272294,0.02289033965058289
0.9341212864451895,1.0405137379848137,0.33028835989205874,0.02398307341544079
0.6500162784246966,1.425221180642203,0.46960092886048377,0.03493704566642207
0.6090052165128788,0.24440775462716302,0.07385657903527344,0.004836330533414537
1.7231440700609182,1.9047597579238686,0.10320575779671193,0.006916038956995307
0.31607484332712343,0.98556467727107,0.49971365149925173,0.03733712817077769
1.4675200286916925,0.8708614275229352,0.4960558150852694,0.03704504149754089
0.9787546382894092,1.414598190138645,0.15315724332325165,0.010546781873878452
1.2149339822697358,0.4994759930232504,0.43544584449374585,0.03222764267077805
0.4252753628690251,1.159441668512258,0.49401729241312264,0.03688232516919904
0.35620823756586995,1.657752354850085,0.36304109658660655,0.026533874630235748
0.40785721874353165,0.3528481829252048,0.2349977502128056,0.016667675360856952
0.9262910625029646,1.274798043526442,0.38703426151631437,0.02841267045621403
0.5089521423341021,1.0348538078981937,0.3843124210196253,0.028199121523394537
1.368867936407913,0.3681425548267505,0.07365232230802504,0.004822033715489682
0.9030731604640403,1.6421229973824423,0.373801024855301,0.027375408867411154
0.8374540666546109,1.8713947685697194,0.05546948916046864,0.0035612448705737367
1.2903333618063584,0.39789255494098485,0.1964247488116243,0.013760514668310218
0.911973993417764,0.7929017428640694,0.19269427444821946,0.013481328504816514
1.2341117277957339,0.464601691021737,0.07223693948490786,0.004723040447602509
1.0657698461379768,0.7779121637908972,0.47680140954264044,0.03551000661064128
1.1778842860039687,0.5899646684198214,0.12268111805523317,0.008319770016344423
0.854549794955316,1.0339551000115148,0.3677835495027929,0.026904572858401456
0.14309396799559848,1.0341806955864916,0.17545503176011534,0.012196106345706234
1.5995825024412993,0.9688276966236602,0.1172241763153801,0.007924781719653282
0.12341617896407775,0.4697596922126619,0.33849892507812496,0.024620942852106125
1.376528208081544,1.0902380245224934,0.3899495794369981,0.028641514098992814
1.5086706947967266,0.8341128636598265,0.09604151486044665,0.00640407789253635
0.45707404763602955,1.9651182922615704,0.20070965967997534,0.014081645872797775
1.6409786559321045,1.0184183881259101,0.29702271261966784,0.021410168217665424
0.5340981916015548,1.6508559740417692,0.28677804308574384,0.020621701526477187
0.18790576068561893,0.5208998034501948,0.07421248166413442,0.004861248223252194
1.3085696963119435,1.743688233911341,0.1728150441419541,0.012000037583865286
1.9486055332738677,0.171079203423518,0.14376129393252957,0.00985660158135887
0.7681290014632265,0.03721656590063516,0.13368426914958195,0.009119851782635286
1.0125294566046408,0.43610131617211123,0.2813774936958371,0.020206833151442158
1.001636511127901,0.647935973312532,0.25266627071997494,0.018010715451093177
0.9303715907144092,1.4046168290278933,0.09662115617157468,0.006445404036977873
1.719039838991801,1.8852824930777283,0.07465046151496882,0.004891923672728518
1.2662666852231157,1.2911994695102011,0.4212261328609704,0.031103896354282273
1.8986075575716754,1.594752132719296,0.19761762348449613,0.01384986615960822
0.7451330827912999,0.2513623519551651,0.49757996606162747,0.03716673047014234
0.8584342237906222,1.8593343041401245,0.2665616801602787,0.019071536899869117
0.06752876873670433,0.7267810261644396,0.38222876934380867,0.0280357137911236
1.2044873983127764,0.19607913398851196,0.4827185219485628,0.03598129412810867
1.5959637743318926,1.1230275789146624,0.4563199112311645,0.03388183648542053
1.7031679117848393,1.2588586492518359,0.22031247270829263,0.015556672701922635
1.3958369070468701,1.4335227205291605,0.1497772908592121,0.010298160965941966
1.5415363910717383,0.24103259299447566,0.20837272277365593,0.014657125934597035
0.8008270928465122,0.10827999636778673,0.07782283872161183,0.005114478873942349
0.9452576948943445,1.4202773795312305,0.27756532823147745,0.019914313906191933
0.6555475772409893,0.9382057353782303,0.12922937936221057,0.008795349838078063
1.0346711551157097,1.89918870655257,0.4209664504598031,0.031083398402193957
1.613780408878075,1.3502946963178561,0.24036925526249453,0.01707526671809829
1.252134200891841,0.43209499171160637,0.24184595948783977,0.017187430247111554
1.983832043409821,1.1030547399088106,0.4097762750662809,0.030200940878622035
1.0756293796677432,0.3621876943205855,0.47184921725516477,0.035115883160677465
0.2535807642384009,0.0772152876584522,0.15937482672909845,0.01100511587305673
0.9264650606077245,0.7417904345305679,0.40121132243541235,0.029526628711786556
0.5982401251650977,0.9996796516823301,0.16372364174370915,0.01132642922192589
1.2141082987185627,0.47260025996976474,0.1288183372420744,0.008765447290845533
0.6728146186135651,0.23058615696256024,0.27497767713854987,0.019715913094766817
1.3045055613711014,1.3846488992535657,0.24951020873299612,0.01777032401132596
0.7450498663509821,1.6437178500452014,0.3293132301471734,0.023907388836473115
1.637187421989386,1.3153585936985626,0.05399591214885774,0.0034602040957776273
1.683849893795806,1.610310721769453,0.36713283554040826,0.026853689577375585
0.9836800230569471,1.4668745917888883,0.40798369485792924,0.030059731244844717
0.16074417797724094,1.7570011630073838,0.47547674275631446,0.03540455434612894
0.13827271989915801,1.9425771904665161,0.2873089153932824,0.02066251223134493
1.515101868097625,1.1757687314440668,0.4163139640744252,0.03071630411148745
1.3091358444581542,1.5644823239558132,0.4310834877473005,0.031882623938814754
0.5566908450763881,0.4160189026594343,0.06830561328858759,0.004448789112520516
1.6080677608966067,0.4265985647583097,0.13886352911562544,0.00949805580575713
1.2491383503599436,0.17890271477361552,0.4191440232473858,0.030939570233847555
0.203340533156249,0.5037082251362925,0.23977803856450286,0.01703037398023727
1.75212571211016,1.6869952945458657,0.1796858499650515,0.012510747784291235
1.0861163121609292,1.0480876470822056,0.4483027058010837,0.033245871114208854
1.0590241582949855,0.30968366340327225,0.37059963461386675,0.02712485116099347
1.4158318240339156,0.15368039903264807,0.0808541533828745,0.0053277241182549135
1.2194470581538885,0.09143342002297405,0.154009104912053,0.010609502783681909
1.9831300219786592,1.520512419759362,0.3828235307607645,0.028082350945194783
0.8575600003571751,1.0214811789310312,0.28938727451130614,0.02082233566167844
1.6434845691023192,1.5736976249867003,0.2222737631937171,0.01570476424349132
1.1839643357628302,1.6117888863901613,0.057616751669484594,0.003708809851909813
1.3576018502003042,1.8604511439091151,0.07798602424203427,0.005125944163914833
0.1705961449381017,0.7670343710115521,0.1756418545909194,0.012209989206757236
1.4015603085331254,0.6234771543555697,0.1858157841438524,0.012967529209233225
1.1034865866975359,1.9500588851192218,0.2605742745329,0.018613958714329665
1.1911552900289972,1.0418180223891411,0.2927317353870543,0.021079686950618296
1.3871518378111753,1.882377216909445,0.41951081210255486,0.030968514193450675
1.1851432379168017,1.9084836748242069,0.39121372340315325,0.02874078232911794
0.6274778169835742,0.46505785921314446,0.1832376402165533,0.012775286155009375
0.06354745832517605,0.8121654415732094,0.15722466025618675,0.010846472606396582
1.6149418677067846,0.3995353742809906,0.3828253482316664,0.028082493466595103
1.3680380997038508,0.5656990957899122,0.10934276684201157,0.007356555338338193
1.7051024059511748,0.24301689378688285,0.23279807011865106,0.016500947615383187
1.2325318065708004,0.14554908077185913,0.3778459342018697,0.02769219647637208
1.8811756712272658,0.075076914709995,0.4980157155993083,0.037201525661546365
1.2458478814144742,1.7044990168887404,0.20594608026945865,0.014474729518938422
1.555706680867604,0.4888702446134605,0.49183389832063185,0.036708096483406054
1.5251833759015625,1.5331201092424311,0.1470106589364238,0.010094941951743746
1.2835416748617623,1.3404188951671439,0.18791311826398915,0.013124055918670949
0.29905915978997966,0.9711485313096473,0.4198190374110448,0.030992838149938345
1.2053456548905388,0.9744072272872266,0.3095051391460462,0.0223733944883494
1.0284522799700584,0.958126856699919,0.2906300393673585,0.0209179407344895
1.8696275465268613,1.9592014339129142,0.48810970730421144,0.03641103980254947
1.242057811395993,0.4862798629088221,0.15251133465454034,0.010499240911840022
1.762949056501081,1.9925650860119353,0.1653074539790233,0.011443596813650453
0.43951320090633716,1.2917781554984973,0.06629486721920194,0.004308935085798919
1.7960446374860282,1.0388867183147164,0.40004899288662477,0.029435195448965713
1.338544203527405,1.3971020991159522,0.17643970485811306,0.012269289156545954
0.26800047091921564,0.45369049029524455,0.19276765659538203,0.013486816803093962
1.4289294730600923,0.437883490097672,0.1609170322107017,0.011118993752176247
1.9182523834474827,0.38412305162526694,0.16625518624969324,0.01151374544868788
1.266608671870348,1.017883401531832,0.06447985502232498,0.004182945872769582
1.3008860281639234,1.5695446151202106,0.10603409600183711,0.007118839691200329
1.281250457653821,1.5314339467145606,0.3520809995581697,0.025678453234306932
1.5676489982414354,0.589777894594546,0.07274830823240605,0.004758790776059006
1.2309521244281993,0.8715537087879945,0.2568239335708086,0.018327712997446243
0.791169516249121,0.18010840709683684,0.24671861141973994,0.017557867889390004
1.8794894031430176,0.6118841196948583,0.4440604910195417,0.03290967360610486
0.4695365085028438,0.8447790092711969,0.09005732897088227,0.00597845287373613
1.2100907519394248,1.9668838460776332,0.19525267958810216,0.013672758054191636
1.0558271539775284,1.4403684681981817,0.21450706372313427,0.0151188584602415
1.591029931812843,1.654508297867867,0.08262204770009357,0.005452347257664616
1.2394628648506683,1.1246600835483231,0.15985863403440737,0.0110408325017998
1.0164351805289433,1.4363763593191843,0.49038345344885453,0.036592384560783404
0.4820875935702098,0.3584489482994162,0.3676090188587789,0.02689092463612882
0.501055638207285,1.3992759282436016,0.44680188104716245,0.033126904848227494
0.12896175267191312,1.8410821676575178,0.11573704429350837,0.00781735644446791
0.447248820578352,1.054710646990983,0.38914615820449006,0.02857843613955007
0.022002294019904056,1.328562180883116,0.24674051702558059,0.017559534384982003
1.6875636819133553,1.1730205866711205,0.4197049323829874,0.03098383327606252
0.1563896835780152,0.8287220355559288,0.23579960136007827,0.016728479599748904
1.5028968790894794,1.441756665558526,0.30919475293776394,0.02234941007470438
0.5665649526817189,1.7204193419319294,0.4317651880831393,0.031936523789665876
0.4841214020292284,1.4069962112809995,0.42885275027729386,0.0317062878634416
1.4576131157873335,0.3429975478406124,0.10180850269253089,0.006815992167167217
0.9990907299878355,0.8885652041323349,0.05211807161011792,0.003331719774928225
0.3326715906665947,0.37449561890013494,0.4189550273696654,0.03092465691583345
0.603199302467996,1.8163592480661312,0.47019673319996735,0.034984432490142076
0.783276479637365,0.5295554091583459,0.4584924778892922,0.03405430886806556
1.9638932488921417,0.4297055840592092,0.3926517515685592,0.028853731906708334
0.6408517081384988,0.5615016538935842,0.31181403673446245,0.02255186147574625
0.12348334232695879,0.5643163143945238,0.45621361496563434,0.03387339945248498
1.0897637810785474,1.6516783523803886,0.29644767425558016,0.021365860853098446
1.6678859516077846,0.8925395417198918,0.30822797563040344,0.022274715130842004
1.1986630917923873,1.3746431493132025,0.23572580768383855,0.016722883240742056
0.5006211685937487,0.25104592316565366,0.46604319466648025,0.03465417062081112
1.9593456633114372,0.39734135065803833,0.18435570069928875,0.01285863319678548
1.275086353983182,1.7095293845527348,0.08144527456245723,0.005369372957219647
1.7281592637612562,1.701043358572417,0.14044571617591672,0.00961378745285887
0.6583584755692087,1.6082896569418872,0.20797422959450979,0.014627163446243829
1.0185596195696154,0.8791853858243013,0.4158162734716607,0.03067705162187692
0.47172209435862067,1.748027906551839,0.28401719618231475,0.020409546205916236
1.2785602955194193,1.8610073827352736,0.05470874266951606,0.0035090582812082353
1.352049849121173,1.1679297593130635,0.4569906702135352,0.03393507963509357
1.8046904502319965,0.3994942211688737,0.17620088546070745,0.01225153704193276
1.0712912293703662,0.2147957906065654,0.4352104573134121,0.03220901979268807
1.6108408560908072,1.7187219875768742,0.12214961858265519,0.008281244440912012
0.8718393495483974,0.29376041748136106,0.17307288869716247,0.01201917833929994
1.4570763660789905,1.4999160316694173,0.42335067340403515,0.03127162902560707
1.9185720179183354,0.8716063849854947,0.4142645008365074,0.030554685288839586
1.0970651812461714,1.2042223064348765,0.1837760907859992,0.012815421174534582
1.3175209408488455,1.4480512421121932,0.309587607635382,0.02237976733916355
0.9833126292730892,1.2233854145705532,0.18474861709943885,0.012887931873739123
1.3087523807415669,0.8280948973893423,0.1037251156694083,0.006953250116549462
1.130047579267972,1.3916899322885632,0.4947840571348032,0.036943523448759424
0.16932656673920277,1.368301602562431,0.1897373239745449,0.013260296811394746
1.2844730527787964,0.22049541006789863,0.09717045736970897,0.006484582842478217
0.9279626316689302,1.392090361385739,0.3252363354168371,0.02359112908822301
0.982169511084058,1.6099146581728954,0.4322391418143531,0.0319740012464506
0.599533092820222,0.7989613700927842,0.19708235735496327,0.01380976778644116
1.0784383509856186,1.205993215573587,0.477246005704097,0.03554540394868643
1.4523761877480923,1.585687541387008,0.19397075930705238,0.013576818153081694
0.8782618844162728,1.114990235432965,0.20874618895212826,0.014685210245630586
1.606616419706718,0.13067377649059964,0.19292353467577344,0.013498475503899996
0.5169754918053644,1.3778788400613662,0.2944505250817271,0.02121202435175446
1.1871684268159213,0.400670144057206,0.47218297041257146,0.03514243618786581
1.2058402102175938,1.5477753333023656,0.11105922499604612,0.007480073089793083
0.6704263644660291,0.569343748897686,0.20694886527477402,0.014550085079074921
0.20687481773964111,1.7927673162725444,0.10547627938741452,0.0070788126150717915
1.6254407628449141,1.4811903792737262,0.1588991153484362,0.010970004212107174
0.8855635623223164,1.4336207231303713,0.31926524354737856,0.02312842389116053
1.2260773431583958,0.312955889070333,0.15530014208868267,0.010704604936065046
0.853742283666848,1.7793045601131294,0.2629453268148972,0.018795076865671525
1.5444486814763096,1.4079997662357957,0.3750306863955934,0.027471688108326973
0.17241802286716013,1.5495043665879018,0.10954738263066888,0.007371272678074953
0.6809177424400867,1.6335964943835213,0.42055723093252323,0.031051098553026908
1.2392815106809485,0.2916652501859991,0.4574936067843331,0.03397500500458917
0.8747135015201499,0.23984368630466824,0.1595984511378605,0.011021623810645887
0.9218877178426534,0.5258686991075419,0.22399371738742185,0.01583470741184922
0.906136182610664,1.2280478054027035,0.20590349007125824,0.014471529583662223
1.3620640549848457,0.06427659676947939,0.27169715375774395,0.019464573538014972
0.7167272115078154,0.191561706167805,0.3890640798592906,0.028571992535449967
1.2952608548695852,0.4146262936021867,0.289573531389497,0.020836662477565764
0.5211529465490972,1.9694986067698712,0.1196166234796996,0.008097800780052483
0.9633555938529159,1.8220668095529124,0.3912287104562254,0.028741959336072456
1.6537834030245866,0.2140156327232201,0.2947423331436864,0.0212344972776257
1.8788879128859883,1.611637985816366,0.12965040634788416,0.008825985570002063
0.9302163258342702,0.22977233660848873,0.3095322108359157,0.022375486472536444
0.47744907002837844,1.139159648866668,0.36901299647478647,0.02700072774062594
0.17438836331274765,0.04579307847489256,0.2676778887970252,0.019156920352886117
0.8025863097020458,1.716974829074402,0.15994013924164285,0.011046850283410806
1.8046016316562346,1.9388947077164764,0.45650227608247557,0.033896311611397355
1.1064607990302335,1.5402897591543852,0.11104951005586217,0.0074793736219900325
0.08044129871964079,0.21439416868669925,0.05275461118103329,0.0033752374322730213
0.8275954897781173,0.39011183882076517,0.25144397178977557,0.01791759046224896
0.47778890768217575,0.6558126199231284,0.19623703575984708,0.013746457549236583
0.9023482560831264,1.557726648436286,0.4587555990920646,0.03407520096362672
1.3202779859079188,1.4358464306750365,0.27841427698906507,0.019979432512353373
0.9223379021941889,1.9630542564643718,0.3328938862394473,0.024185376560890714
0.6621415898168512,1.1701293531322985,0.34287738309234767,0.024961538638561185
0.25711598890710485,1.545794714320326,0.233908348128674,0.016585089125235698
1.4044839409183087,0.5283993871975012,0.3118384539284655,0.0225537492991502
1.0480563759277637,1.6196272993464917,0.19963970151274313,0.01400141350041017
0.3252762959504012,0.2604004348182143,0.4383601218712072,0.032458265893754217
1.0712720717275401,1.5082080491535044,0.4951271918420883,0.03697091239716706
1.1922224333883475,0.406154327587531,0.37504418996418076,0.027472745523022566
1.1438973008948579,0.3198727915344939,0.2853966567411628,0.02051553217200772
0.17274975298421213,1.9813982380369441,0.33398920363979046,0.024270453914522774
0.48901580655859433,1.3725502300202563,0.23559650967654172,0.016713077840128335
1.2089554843403376,0.00784234453820587,0.061235686347015934,0.003958365014666879
1.416267471061922,1.7183324171426555,0.2685901196370545,0.01922671894389471
1.0969696193756289,1.5505636401068865,0.10697649990006,0.007186496457197929
1.5196526068370988,1.3174936874140173,0.3080430401082741,0.02226042852193939
0.34182348037356824,1.7495614288226593,0.42665778397332405,0.0315328412017959
1.5058310917426434,1.042738588670833,0.3675470036394322,0.026886075179948895
0.21336903639300187,1.1813010647956417,0.1447895408160127,0.009931983511342113
0.3890032302025188,1.4686642717202592,0.440359023495658,0.032616511485765214
1.0917314416519128,0.7032152269546019,0.22586080475068798,0.015975844483445772
0.9026891344424011,1.5189920584097911,0.4164432902126816,0.03072650449848834
0.433820670992179,0.2693297990900212,0.43814721591247846,0.032441413852329785
1.90915954830301,1.1104764382744465,0.2834185402591636,0.02036356163925501
0.757156753901131,0.01321681302256561,0.48422334145457285,0.03610121412105471
0.825216686781437,1.0327672100401122,0.12872216083479013,0.008758451586302085
1.0218175004592764,0.6245861464028306,0.32095790172170185,0.02325952931637347
0.2391713279835337,0.5779591135105382,0.34090293061298804,0.024807910609007187
0.20018080975341745,0.1654646746425803,0.3092565146567635,0.022354182443769313
1.4798128261719914,1.5820226758322182,0.14016166118803092,0.009593003132861393
0.039117498205709866,1.0002126813195056,0.1738816404000561,0.012079227723483766
0.29631623140566044,1.6253734961253883,0.14535805435501306,0.009973677752271657
1.249017937603761,0.4399277769560852,0.15392304201649115,0.010603165050976221
0.9217182809873337,0.589198823420771,0.11703226737862933,0.00791091357122257
1.5686023890290812,0.852642136954227,0.3040022604417009,0.021948419176751787
0.3093687346172542,1.4528099441766935,0.09854922112685668,0.006582990065508521
0.680004086754705,1.17093985070141,0.23398139022032838,0.01659062552794517
1.9590133174619666,1.7569412010795105,0.28220531279077055,0.020270390545467743
1.3738358037938136,0.1465730305234263,0.18386528020603338,0.012822069958011814
1.530235531203886,0.7622588818352487,0.07885363614972098,0.005186929635535181
1.721976474019894,1.9223937955044195,0.19657658311047932,0.013771885641709601
0.5178732677101845,0.7124897870891713,0.15246376289637653,0.010495740025486045
0.5263498501503825,1.4236698944666402,0.2814326364550501,0.020211066441564854
0.44763000009218223,1.2524814652327898,0.18126148410521692,0.012628057366216307
1.695328251504317,0.10949984330112628,0.35257444683304096,0.025716927090833012
0.844575103362674,1.961837969697694,0.12739194227185874,0.008661730902535766
1.3740764716662803,1.9897235852648605,0.3663773391029734,0.026794620524401846
1.573475838772905,1.9720614543065107,0.08558397872977638,0.005661551812137595
0.8469832931051651,1.698938181262636,0.15553950902269875,0.01072224352077858
1.3604632119549824,1.4862880635885967,0.18114680779307096,0.01261951706955774
0.8219565165179659,1.6600771796641431,0.49083239934941225,0.03662819753022065
1.5879324172999003,1.4190884178459717,0.15062212584233323,0.010360268982118712
0.29538157107109786,1.7440305064471744,0.24577192786219587,0.01748585755295685
0.5395714804289096,1.5838495917737276,0.1359906573713411,0.009288148110155199
1.532584754880012,1.2024557428033127,0.37782897155782513,0.027690867512324583
0.400306739123097,0.6438463861490185,0.4391902271387895,0.03252397620208433
1.9092556240288698,0.5808280979740419,0.15275432512270357,0.010517124167362292
0.4797522375203702,0.3275656565456775,0.3471339252447655,0.025292938565557695
1.0695342369931053,0.04096077232080453,0.2486981929608832,0.017708508084786554
1.1858031908757751,1.0844633834662116,0.25850767836163907,0.018456189815495357
0.24976373318480216,0.21102379786298764,0.43400926903370524,0.032113997482201326
0.3983218486232307,0.5475442666334285,0.10645915489986896,0.0071493502721095385
0.6143884083491236,1.6019645170740493,0.3115915415514732,0.022534659657365886
0.9654523892270463,0.40144482156017025,0.44222673207135454,0.032764415815457484
1.1044017223827147,1.8745954554286612,0.19823006044754327,0.013895754821195204
0.08964079608358078,0.20790389761550876,0.0731599264270079,0.004787580042647891
0.29140237166210614,0.6901414947574847,0.32526836911604806,0.023593612998716748
0.7036254091973957,1.346893129511046,0.19793207247635586,0.013873425962081718
0.30749370363756,0.42117210443531583,0.22289250914623798,0.01575150276455017
1.9646610740864128,0.9602748197230839,0.2153048867189954,0.01517897823127557
0.8316695050424998,1.4779694607553278,0.376387567844046,0.02757795361032268
1.1469189829277548,1.144203685595302,0.22040293131911454,0.015563500983159194
0.19816214839167579,1.8445690603537501,0.237756741936839,0.016876949068501002
1.5092192025974984,1.0387316998241176,0.0979896797318448,0.006543042096885213
0.2113957961691717,0.45870476519753156,0.12842290025763936,0.008736686200670604
1.0408754156234294,1.0749969024775525,0.20646836181770034,0.014513973881609361
0.8271408334398687,1.8605324399976997,0.061944418552966,0.004007359125698488
0.8242999332923435,0.7315218210124081,0.27193779800845136,0.019483003577531712
1.6216988420027236,1.6672556570861552,0.36794006789393435,0.02691681291024992
0.741227791611665,0.9075949089173765,0.0653445119779424,0.004242935999634748
1.5662690611752152,0.3887790745848154,0.05684990936884923,0.0036560663121342173
0.22091151335827863,0.7815958652565236,0.11796650634572158,0.007978440344667157
0.9053275172931996,0.5473973866093462,0.3819445561896343,0.02801342949189143
1.0623063731325268,0.65433688686601,0.4177289528557629,0.030827920907321785
1.078129512795291,1.677265157949881,0.44735634081179243,0.03317085214785848
0.06273462012368825,0.2483356397388512,0.14999315968960575,0.010314028262294644
0.16240979658034815,1.4411153678135196,0.34775690188447644,0.0253414650210603
0.37364822155474275,1.7940878306913834,0.43517660352212645,0.032206341475316175
0.8666601121733148,1.670360107586411,0.09759060423371808,0.006514560060069592
0.40294326908732736,0.41063551103619234,0.17425643607460586,0.0121070626441876
1.2421143993655883,0.5458948470131388,0.17114324270757825,0.011875981504785487
1.7450882397811238,1.729649126230736,0.16536459789106256,0.011447825670301172
0.8465194005268324,0.6705233094656806,0.49871511729904683,0.03725737822674267
0.18425907194446345,0.4933059833377471,0.271774896361001,0.01947052742895525
0.8824433751247738,0.5308443657176927,0.44569639336292627,0.033039293496793326
0.48023544107123217,1.6095952077139821,0.24178355870890506,0.01718268961818185
1.0066861622146672,0.8868673859566953,0.43143833245382024,0.031910679634024296
1.6384979872097116,1.5430005230979185,0.10005302187032837,0.006690429942720235
1.0210300894563211,0.3167320463942911,0.22362313598791883,0.015806704014292468
0.8041468734987334,0.060840868534076664,0.19579710706660042,0.013713516593172352
1.1837178288835066,0.5226987224311308,0.22813315468272793,0.016147724789661075
0.19497934627147062,1.9474196079195074,0.46263930933696173,0.03438366750728626
1.8882638197907387,0.23927849457220862,0.2041383852063947,0.014338951987367978
1.1240511333144072,1.2523295624696587,0.2891964510877622,0.02080765824850622
1.6588444423984714,0.7271682112281905,0.09520129541421346,0.006344204125876879
0.7996756461813341,1.6574686926166387,0.24406109622171956,0.017355770192548976
0.8292300687878651,0.9962249858903545,0.4429156538376857,0.03281898260196913
0.8622987580752144,0.9176150757362966,0.11343318662695859,0.007651122136756523
0.7067806175177469,1.180086269371217,0.4360309246421075,0.03227393484515548
0.30494374551924186,0.3689987809339903,0.0776137411626565,0.005099790264082007
1.7631513388110078,1.40338902715557,0.1815570890718386,0.012650073693277248
1.0583974565411727,0.30487300431824793,0.47247571171351443,0.03516572742386975
0.5238470335183933,1.1983555215489232,0.36401291724580226,0.02660981081757239
1.6869616672059222,0.7444853898608434,0.3056866583019202,0.022078445621139687
0.7284762046860829,0.5618708702872637,0.16949919515740078,0.011754066419067538
1.9815516853596915,1.3261050700832628,0.15592653998348827,0.010750767204260537
0.24019837305241398,0.8795589455628079,0.18756551719442105,0.01309810563859371
0.501220458519035,1.6210675882955206,0.1266189620128471,0.00860555918012924
0.576231225889507,1.4388742881622458,0.14646737813948135,0.010055066866561813
0.48295793600248627,1.3884827468160044,0.31785254232172533,0.023019039329991924
0.3221966868337609,1.8742036473036843,0.4816369918589674,0.0358951222549008
0.8349937102285037,0.2643163299478626,0.41484250617748303,0.030600260695035852
1.65504132632053,1.5388913086221712,0.1470947722278002,0.01010111651018478
0.2054913838778447,0.49582697865925307,0.363949550083117,0.026604859003265466
1.187195647232513,0.3706313411438631,0.05065972434040763,0.003232157310768112
0.41598966344378385,0.307293062805049,0.22227362758536057,0.01570475400095842
1.5246728862288812,1.088802142955683,0.17946095459112377,0.012494009580267685
0.866415955537938,0.11570768822072552,0.4012956617542346,0.029533263875242122
0.6025141871600024,1.942018785891183,0.125167608371398,0.008500154739548633
0.4463400901657075,0.5901210836645443,0.37309724849876824,0.027320314870886257
0.8135031803137585,0.7894638134922312,0.13184456305222406,0.008985752486209267
1.565529619293754,1.2166582405319837,0.1842025451358899,0.012847213981309563
0.7373761207488461,0.002024469890892,0.29575647862668203,0.021312611286783533
0.15001906343672466,0.9284980635814031,0.3594513241465581,0.026253498607980763
1.5517680137953358,1.6749942550881403,0.09194248307202198,0.0061123298274157805
0.3958242206048028,0.7220056384900249,0.3968926031530735,0.029186994438188903
1.9144915466434276,0.3129890488300131,0.07059091258872999,0.004608084096901985
1.7892154232546678,0.5299015886324436,0.17083070022621688,0.011852798531303131
1.5063064348138973,1.2551792158882633,0.4179721414646823,0.03084710668084287
0.9946369170674374,1.0559660698236577,0.47489373413319885,0.03535814941230961
1.8255021700202063,0.7615312710507729,0.08611110045359055,0.005698835917872463
1.4490660994852844,1.8419190417614215,0.46563749209934774,0.03462192269747224
1.3118595257325902,1.6356894366379362,0.30577078404295976,0.022084940973884727
0.47092474627241576,0.76184239573007,0.4954363739786503,0.036995592379479914
1.6472469137509453,1.7084958695014834,0.0741226596504161,0.004854958765656071
0.26289605509389236,0.5634639536561465,0.31329472716105367,0.02266635996234331
0.35700106543552534,1.4547050207969352,0.2664680601688729,0.019064376636206404
1.7852668208386289,1.2306425876125233,0.23185607475375047,0.016429580971744427
1.7428035523049932,1.5845876496550027,0.07347769830878838,0.004809813189992263
1.0772340858951512,1.223210239196883,0.26388865867063954,0.018867166785924528
1.6486580433452362,0.11965188385883763,0.1982438375665424,0.013896787225449474
0.7305408926078367,1.3826699598020094,0.1513804595368518,0.010416038337907767
0.2364358401933182,1.5528685795529258,0.1687129171293299,0.01169578840621037
0.3178965818960098,1.53486946501906,0.3386461672778009,0.024632391755868156
0.6752467651018541,1.5304019347785165,0.2925368294106512,0.021064683635439577
0.21298022491601332,0.3088984090371767,0.31088104877424483,0.022479734852110543
0.8280733234745916,1.1209326193138551,0.23634727412286743,0.016770017737890417
0.08073552896741587,0.0901541192907449,0.3027163697417151,0.021849188779786047
0.8357462911033786,0.5521528665869915,0.1802398704458152,0.012551987823178384
0.7015111829850651,0.76430548563415,0.46081148733751015,0.034238469050753756
0.8139901011767712,1.6420778146990054,0.1705823797391584,0.01183438133792722
1.181189146348694,0.6782576553500879,0.2035526329806952,0.014294973391908947
0.32368998178661634,1.0448510536777427,0.4980588284140043,0.037204968392489116
1.553943397515138,0.9861303035340596,0.15892883549705633,0.010972197606855517
0.46596404216757836,0.02674733241697136,0.15573806721596037,0.010736876392980167
0.36934081108734285,0.874782756842178,0.45216540902559516,0.03355218320551876
1.2572324950476914,1.7368317631399894,0.40883517574484657,0.030126800911036505
0.9089665112342167,1.5346262095924679,0.26850927549253556,0.019220532559383274
1.147638804418648,0.2876595234337591,0.35913317535690803,0.02622865916720036
1.0843950838982084,1.5752647656367,0.462647865872439,0.03438434731424404
0.8201441659632329,0.8430640760802284,0.33925743165698125,0.024679924648136547
1.7915732854602926,0.29554853789222624,0.3296021979703641,0.023929815429478148
1.420388264569821,0.9490438804346832,0.11291742929677559,0.0076139395252225635
0.9252666408710879,1.2234587309391256,0.07617155430027303,0.00499855476773285
1.7818652033052953,1.674260676735509,0.2524478678764956,0.01799407340451774
1.1590731529143998,0.35977510529397017,0.3996729420496359,0.02940561778172947
1.549724905948694,0.9202538645551681,0.273408396181875,0.019595655587417566
1.1315510024060917,0.6616697375011846,0.3816401924113803,0.02798956651150674
1.6415794162392927,0.6105659322869565,0.2711442642026703,0.019422234071210243
0.5183020237688905,0.49953123836538627,0.35003212706719433,0.025518743440240275
0.9159291325236962,1.772254909704966,0.46787642178336164,0.034799911766251336
1.491342564919539,1.254407524924124,0.09289604381797979,0.006180120741792337
0.7378297639315698,1.9763538065397321,0.3986852004120368,0.029327937718887306
1.5539269756828413,0.08273102361032625,0.4359992363287852,0.03227142752168564
1.3197508854061013,1.3272097792657773,0.21275604249996038,0.014986964811625642
1.791288125737775,0.9208476773368317,0.3544476972267672,0.025863017345604016
0.8011477459883523,0.9742552645247509,0.1891868084567872,0.01321917197055812
1.706289199902542,0.3257355588412836,0.4930198200619377,0.036802723084736054
1.9825325965775231,0.3837136172460487,0.162693555983838,0.011250267238629638
1.5093632045463126,1.1868025113000495,0.4311023626276295,0.0318841162357144
0.9989877402579681,1.8460359666193176,0.24480373558154084,0.01741223093018017
0.9762320825927973,0.7851904121457016,0.3283358752847776,0.02383154707028165
0.9472791819481063,1.9730282233439171,0.17388046848605032,0.01207914069552665
1.7860769872191988,1.8523658251780817,0.27484855021592053,0.01970601601830808
1.233084651881042,0.19248753080948644,0.06333160341145466,0.004103365756004276
0.9248165588749253,0.4719678359339716,0.36555354038821,0.026730220785374247
1.8178341913280336,0.9950033344887947,0.48780956245683543,0.03638710581731312
0.574473199984096,0.5731221751831992,0.4696139327407849,0.03493807987542398
1.7949206405029159,1.9148256560550487,0.3139785914961496,0.02271925428232397
0.6151260458545262,1.9742388747064952,0.4314974848107651,0.031915356653070624
1.62544588383051,1.285027834371537,0.38722921734595694,0.028427970198650072
0.0230139816275039,1.4196788981916342,0.4921859515228156,0.0367361857327328
1.192814242436732,1.4133753860299882,0.4465720207177806,0.03310868688220136
1.272383141361305,0.896751016646526,0.12950569590766903,0.008815455041426386
0.8760643939664821,1.929511328614741,0.47262684416107265,0.03517775229222999
0.8385332092722035,1.599081244279929,0.07519015621797047,0.004929740152831579
1.2187022569923143,0.39843452030730475,0.06821810344507635,0.004442696538239272
1.3289043093950137,0.8232553435029506,0.39636530523287555,0.029145543895675276
1.6172664702051918,0.2481630264195649,0.17574221959395026,0.012217447781277355
1.4578134326108458,1.153192769767264,0.32236393841683897,0.023368470666633754
1.1586326839563361,1.0817260041744856,0.29039581348637844,0.020899919732471146
0.3635134603051793,1.1913692596045016,0.26885227575372905,0.019246780631580276
1.708506415855096,0.7618687510686251,0.40388139763943043,0.02973673612603851
0.7781142639098484,1.8863364212908558,0.4357184318681711,0.03224920954514735
1.8121582290034215,1.0282081325828514,0.46461683053336705,0.03454080234272608
1.7202935707353144,0.15932785677792727,0.1540186417486507,0.010610205098139746
0.503110910853193,0.41264320767045826,0.39260289211267635,0.028849893783428976
1.0336593303298534,0.5865605842926578,0.47410933428735996,0.035295720821692494
0.020804222791890092,1.1403237514608031,0.3784545863840718,0.02773988497638417
0.4208579002360704,1.0069733192575394,0.3725357729979762,0.02727636580881093
0.8655076587151673,1.390006577221278,0.43811757398536266,0.032439067664144734
1.8096289325885349,0.16010808513020502,0.11247286644164303,0.007581898953785264
0.5412982968990512,1.1846992267778953,0.3839251974917665,0.02816874937599466
0.8946735534236281,0.41377080264644817,0.28392502871816117,0.020402466109140874
0.3107989844560708,0.49971181976904555,0.15051630604536853,0.010352488323540788
0.9260495322971496,1.5816327856512087,0.2378364096427804,0.016882994483731983
0.4774687259051973,1.2874450709429763,0.4470467043474237,0.033146309440826846
0.755139210213013,1.5349161714310748,0.3754152395072698,0.027501802072957084
1.0071740205431554,1.9544304614213488,0.38182065460225745,0.028003715098872072
0.779888754337265,1.4874186852816424,0.25402048462040333,0.01811392712739151
0.094173381349002,1.0101226407836064,0.2533412804294446,0.018062156689206816
1.0423667137440282,1.289124511259043,0.2407909664461964,0.01710729308493651
0.15633401799837632,0.6071038298952491,0.10969140765239122,0.0073816330612091995
1.0164681592312002,1.089656815220805,0.0810354880294257,0.005340498252265874
1.0682313241287649,0.17721582285123993,0.31816934080727816,0.023043565923654745
1.2237814653919485,1.0396413322216365,0.30734854092160685,0.02220678247059038
0.5770584043775859,0.5486641820979601,0.3558255419847054,0.02597050614088668
0.5638834113909117,1.1671726403809057,0.4496001026621832,0.0333487343602946
0.6115312176524268,1.0941749091343014,0.3306440316667984,0.02401068267785815
0.9618384488935652,1.7713132458822662,0.2339989353652357,0.016591955422573853
1.0714710365395164,0.8719865112047167,0.26421580345937007,0.018892171520102054
1.36611813107726,0.9176598827151521,0.4277636646645403,0.03162022043188121
0.8085858773469765,0.9638946819489169,0.4484339651841317,0.033256276994060516
1.1650265572348804,0.9845402736444884,0.15101220635428214,0.01038895385884361
0.5203197766321372,0.840229642563529,0.26837204388328767,0.019210031567410878
0.4742263290253548,1.7031306126385366,0.4190423768273002,0.030931549443619616
1.1464314068820258,1.5616097840681264,0.17863979166853677,0.012432905496512565
0.6849946038333745,1.1586015738381386,0.2898981121075161,0.020861630635606965
1.6421468609569163,1.4219752012655371,0.42296653398331613,0.031241296872925813
1.1508776135803522,0.029548967219951372,0.2826072722575691,0.020301256394573967
1.8124861464352273,1.256877473768348,0.1319342871880328,0.008992289650654036
0.06735458386921889,0.45677036841355756,0.4460830363327838,0.03306993375703635
1.9880865615761036,1.2869624889065039,0.3726043259466885,0.027281731493227896
1.348207609925828,1.3393895107011968,0.32920378202086586,0.02389889499752005
0.6477975947554255,1.8200499600560123,0.2969775225772128,0.02140668605869254
0.9313908023316373,1.6386428481190078,0.29602284612148444,0.021333131166893542
1.0880919468393218,0.35297451705534355,0.0695166137908505,0.004533155909621834
0.5277978692291281,1.3361253423629724,0.456483242589825,0.03389480081804397
1.2504319712029475,0.3446413897189753,0.15678134274348554,0.010813782362133527
0.930453201146427,0.7355810054202971,0.14721988804450564,0.010110301418035839
1.9623963204253014,1.3816291681174024,0.19842279983413635,0.013910198418466154
0.47192950421205615,1.2671715522034839,0.22118363478210556,0.015622440524719687
0.25225685073342574,1.888840503785251,0.3182169504160088,0.02304725201350386
0.5118272815673464,0.6522652837823237,0.17831699952353014,0.012408891303206519
0.9591667721557569,1.632820032103363,0.45889021570700295,0.03408588998178968
1.8974078214552565,0.07978009184068457,0.18107099256042047,0.012613871081493913
1.1899394752040295,1.2424317259684845,0.1754734697661527,0.012197476434163702
0.31066626148913734,0.41670664603913976,0.4394261710615237,0.03254265485343137
0.24826514806511812,1.0290147757527193,0.4371489296146321,0.03236240452420986
1.106281670641401,0.6514331509392592,0.10723708116319504,0.007205211300260399
1.9611446534792314,0.6715404804823779,0.27259168648205073,0.01953308812109562
0.1662780652460305,0.05683779186509397,0.2167751159977716,0.015289807255440106
1.6762714375730483,0.599410366000027,0.2126836724947912,0.014981515232083326
1.9617031797678892,0.7891593325333313,0.322801200221259,0.023402356908043966
1.0525195223600556,0.33951503853981024,0.19942090758069558,0.01398501056700433
0.2120294958197515,0.40581161211531125,0.052377566965031264,0.0033494560289941827
1.4261293060629705,1.0542989185515792,0.33571644308800414,0.024404654088555806
0.6181177326869938,0.5272774135700227,0.41360229272178967,0.03050247593290344
1.5862788813095097,0.949849835170854,0.25489560816062484,0.018180645048828117
1.36670002193226,1.2335751214909472,0.31175335836364393,0.02254717015167433
1.5510119575547123,1.6646940301867679,0.3294433702869953,0.02391748875477626
1.6443852266313692,1.0384967343379459,0.41672639597474265,0.03074883476391587
0.34762896306020474,1.0416502041565112,0.09897478043237143,0.0066133829843038295
1.0321350556112907,1.4459231645503623,0.4434746385863365,0.032863261892090115
0.7795842029643365,0.6437814970326554,0.12586680063781036,0.00855092305378795
1.150112266882104,1.3074037183448877,0.45258858275563885,0.03358575185521236
1.890793629988131,1.525801294427592,0.28128523944114325,0.020199750952936232
1.601631890314775,0.11075690539284122,0.20818973813906738,0.014643366926709266
0.8282096380688169,1.9760852304509096,0.06604741122063332,0.004291743745306355
0.10825631274451886,0.07973985280508233,0.44021359606588123,0.03260499686353708
1.1795073462158314,0.788793311922146,0.06647294801231671,0.004321309511291163
0.1817278526280719,1.438880500561978,0.3646917340906462,0.026662860554131362
1.4388467988783507,0.8437831188203457,0.08412439564744899,0.005558396268713849
0.5698917272805868,1.2681599486663548,0.39676900483802835,0.029177278114838567
0.6063997336542886,1.8642663846971337,0.48536168233935206,0.03619194629638445
1.882793801395288,1.726904549356814,0.3442171196715847,0.025065815536379144
1.0643588862898086,0.7392696001336516,0.4794746433590435,0.03572287526987946
0.3959048615799712,1.7421611330094973,0.21424671541705081,0.015099243308489748
1.0365526181430478,0.7932626055812488,0.43030725224993094,0.03182125665835794
1.4942264376932017,0.7295213737555921,0.10128844465824174,0.006778778893021041
0.9872429808139893,0.9491375483048969,0.456362425864068,0.0338852110291273
1.9572145233839906,0.9785758279167331,0.14529824254420798,0.009969290680687042
0.48013313060790486,0.8177452677975026,0.06096670833528563,0.003939780987771377
0.2644593931682784,0.33202569170109775,0.3425112145148167,0.024933043204002112
0.14001511769168729,0.4516204269167883,0.19280464449533835,0.013489583206717375
0.8054968052530007,1.3795346028820843,0.23147721935135618,0.01640088409040086
0.777027585021856,1.313756437544751,0.13656539116852298,0.009330117024614143
1.3715951372115607,1.1296103140154006,0.20053512360053066,0.014068556011871737
0.867840732548447,0.023560238695380376,0.4168430979908592,0.030758040063186373
0.2596654960571365,0.9641030225218903,0.22861387712237796,0.016184101764857503
0.27267970412887177,1.9682503801664413,0.46180819476970464,0.03431764054232986
1.2332599409405618,1.7679191910445804,0.22786257411487537,0.016127251884994056
0.7801164933792426,0.9290486539376448,0.312892555031889,0.022635257187989134
0.6170088610316236,0.8918610751611884,0.16244609909084148,0.01123197583861713
0.5669746136915927,0.6335254679731732,0.11781760752673262,0.007967675461443712
0.8386487582222104,0.49975775710125125,0.2381422999187096,0.016906207617663312
1.021650266958193,1.0149133514600905,0.15885064007136218,0.01096642671946736
0.49975415249024624,1.5482768569317813,0.4628281835061211,0.034398673545767276
1.8289369090086145,1.004301938294263,0.34372241735861797,0.0250273076682814
0.08082328688859897,1.3805089966900044,0.24387960204265247,0.01734197351244834
1.7662942119031415,0.6086771717019959,0.2537615716746296,0.018094191084955944
0.6917604656546672,0.6876011591028299,0.3651993522155024,0.026702535513695246
0.40161684719412416,0.5191526320378681,0.06695488020140612,0.004354809329100304
0.29292600681165437,1.4022166796442932,0.34649682700346773,0.02524331832948372
1.1432824028308257,1.6816919651561395,0.42449505215668315,0.03136200192324867
0.5815902850528025,1.4279753724173656,0.1094996218502603,0.007367837232618933
0.11059266556304848,1.4166153103529624,0.06961835616013537,0.00454024864108526
0.5066171154962518,0.14252828495820968,0.16379974186568175,0.011332057190199868
0.14208119746518633,1.0889777855800136,0.24991627499268138,0.017801241628028
1.9435908813359277,0.8160733569159828,0.320184390762325,0.023199610822491112
0.6683743112323326,0.12092828293901392,0.4838742769979609,0.03607339466600317
0.8462344861292539,1.4571505456291145,0.3778682975086586,0.027693948569816
0.16999501758020652,0.06182274767074536,0.20776836841452762,0.01461168640580414
1.465399509917834,0.8958162676855244,0.36427755237647697,0.026630491319919364
1.8041892556999386,1.717569586864578,0.09830166137135607,0.0065653138175779556
1.0667290067771318,1.4775248770862854,0.2449987399378915,0.017427058511977553
0.9383116612587068,0.8960634651750925,0.2143301720337777,0.015105530914588043
0.9361675462217875,1.5155813219309076,0.11515955522312629,0.007775666231031659
0.020183790128041057,0.007499893130890056,0.4349023457554053,0.032184644307360066
0.7343818328152547,1.3277228746235716,0.4295780103223618,0.0317636115326858
0.4440865424164593,1.0669795953372645,0.11741546764547516,0.007938606796316455
1.3596424457989782,0.5048296858525583,0.21347912011608067,0.015041420753310759
0.4571362658848106,1.380937432641201,0.12254720487125137,0.008310062273207892
1.1204193202526285,1.0358015441003212,0.43912920902758507,0.03251914577700505
1.914133491767515,1.777391253985244,0.37033342766944116,0.027104023106867357
0.8178736665338304,1.548955925222092,0.204983254695413,0.014402400580148121
0.5207593325056716,1.6864280354491863,0.42726648898913894,0.03158093503382302
0.7592709234643982,1.0692340251435057,0.3810386802810077,0.027942410123344145
0.0034346695141425077,0.6075134310584405,0.28331125921643124,0.02035532176656487
1.4494963180012732,1.2304814091288392,0.09652436680564339,0.006438502143493455
0.25013425679044854,0.5531969199040607,0.3447252834789134,0.02510537522981166
1.8851885651266291,1.5034024948758404,0.08343243075034903,0.005509534887507512
1.8113671123609758,1.534390629502369,0.4359340835369618,0.03226627237598344
0.4838678495207738,0.3880475047583165,0.33370081005307234,0.0242480514482236
0.31860653574946207,1.052114886350873,0.15926954877151533,0.010997344815052695
1.4128019133786949,1.3951989174185848,0.3715616615329444,0.02720012883092789
0.5665561549802764,0.2777358910732519,0.11101523158184814,0.007476905633434997
1.0894386107157485,1.2140610736792565,0.1824287628694311,0.01271500936894641
0.6452030792095291,1.4327693545084061,0.3923322793926496,0.02882863657132681
1.8823929261225536,1.0396604175334936,0.262177262582396,0.018736394165610033
1.7431519024694286,0.816423591391233,0.056472981104103794,0.003630159072661208
0.4807920413980724,0.17145900468458275,0.17847476983644106,0.01242062828625908
0.46828680693465086,1.0853334294416233,0.17384417640964778,0.01207644561570496
1.3018680734797592,1.1367664206992725,0.3989541895682744,0.029349090817568927
1.5307075705289979,1.181907713784353,0.36226480748855844,0.02647322697512648
0.9043333347320885,1.6312781389741668,0.19358508482213177,0.013547962524582824
0.5851308025599786,0.9910194053050358,0.15785192327714098,0.010892737860110064
0.5002204467668452,1.584143241619197,0.19577756470851287,0.013712053419957716
1.1113381280840673,1.6003053323629963,0.11639276845892389,0.007864712023790688
0.3185267732334114,0.2216088201061881,0.38452403339059193,0.028215720379688166
1.2064188335438357,0.6175498224366587,0.3048436038065231,0.022013360157253303
0.7874448081436591,1.481653341146492,0.34845734842539466,0.025396033119415296
0.5951365428758588,0.558044424077814,0.12760913263688037,0.008677518153725144
1.638483416015752,1.3577924438606606,0.08422153548894581,0.005565257782471293
1.9450124181099908,0.3802540123363156,0.43342018428963525,0.032067403428134605
1.6954701127468308,1.4072539793807979,0.16451721366841493,0.011385126522355392
0.6561084681317952,1.0056042739585582,0.09528230005671867,0.00634997490763533
1.6792695456674567,1.0440639560439344,0.27483941813004265,0.01970531609158469
1.574111134466933,1.0560917909588787,0.26479556546471655,0.018936489851301055
0.6215635307340657,1.5825196453905688,0.18806963588829162,0.01313574187884232
0.5275029424559732,0.9103668540762868,0.49118465311271503,0.03665629883093801
0.8224604754244471,0.1636710657650824,0.37802098522787614,0.02770591135463849
1.7545010612094214,1.820271736623476,0.09913118334410392,0.006624555354830914
1.0580611106999318,1.579668030411741,0.05774496589865594,0.0037176331925579623
1.0810853562495004,0.4803559418367429,0.06653970920324108,0.004325949183057026
0.277229397363828,1.1043634172716206,0.38152321093057173,0.027980395182087357
1.918799991754131,1.2137414829574897,0.31635511624052737,0.022903131197673492
1.800713068630682,1.6540046117560312,0.23292808410768207,0.016510799190309025
0.23846797110483564,1.5476604645370147,0.11454218975180454,0.007731113204924607
1.999328145388288,1.6312048465242595,0.39611865864314455,0.029126156475336323
1.6387551181868942,1.888454741929745,0.09635271105508128,0.006426262823639619
0.4269996005228489,0.08500562667673162,0.2030627531060416,0.014258199648410666
0.7622385118074788,0.18989826849974567,0.3138140902581932,0.02270653000693564
0.3705162374695403,1.4925283625437424,0.11521229643905581,0.007779473138630531
0.0350126935098829,1.270081326602524,0.15801694477115547,0.010904911516874585
0.2961907677813873,1.785169749325781,0.36424376328424535,0.026627850738221125
0.7254422993326606,0.20988319419151336,0.05168552622193742,0.0033021692751988418
1.0773769723289168,1.264318581428728,0.12824043811859098,0.008723417346139843
0.8819872655622945,0.8977805745195222,0.46962912985549865,0.03493928851661708
1.4479068626360316,0.6656021856784404,0.374461309226942,0.02742710467221592
1.643408811310926,1.0322359496884133,0.3481768921542822,0.02537418334007116
1.1873921793526958,0.9045313178926451,0.2470591804325301,0.01758377824501716
1.4707766375636044,0.3906049529185145,0.3115621017366779,0.02253238363405103
0.4172919354603568,0.3259791794599729,0.14799323391099145,0.010167085638149918
1.6198152331535285,1.9589120000040368,0.10370874847103369,0.006952077236467788
1.4889439898126802,1.8555080356172537,0.11060494270043655,0.007447369656401571
0.5532488684784205,1.8852905524317802,0.16388792257744678,0.011338578801559952
0.32099056670153003,0.8588654967134,0.2005437671342989,0.014069204241322087
1.900348222735468,1.464774119778069,0.43860810991511545,0.03247789548234383
1.7653331189133523,0.16985021545246903,0.45260405501399237,0.03358697924754766
0.7364039671420106,1.075667991166316,0.3819914972925221,0.02801710992383207
1.9032362712197042,1.1749027703030708,0.22528986794900557,0.015932677590538784
1.185646189167359,1.004416001814979,0.4180912985526567,0.03085650757052937
1.4944664986140292,0.330261168855823,0.18804926486036821,0.013134220893781513
0.24678035357789363,1.7447043961227808,0.3904575639258807,0.02868140144892026
1.2426026924045255,0.2828577430159942,0.2125819333558403,0.014973854325196162
1.4869286568614262,1.8951833388848829,0.11643676053075866,0.007867889736348287
0.3323331178084368,0.4653231163605802,0.12037898398983254,0.00815298424176636
1.3720675838080103,0.9214453264738887,0.37912185766836554,0.027792172422052838
1.2141130552394699,0.347848120213897,0.07628744966823775,0.005006685285568143
0.4894418416756434,0.9344632143567824,0.29904234557475845,0.021565830081594645
1.6967207115993455,0.5397676692344091,0.4575583548321651,0.033980145216273294
0.7042682317407403,1.9368985831155914,0.08059277175788424,0.005309314547410789
1.6849018633580617,1.8673211251092716,0.13809610653311957,0.009441954128610703
1.1217565195106423,1.949506782196627,0.20782244877276534,0.014615752168981045
0.9360842407622971,1.5824195973631436,0.36340889334786963,0.026562611910444733
0.8697259257080538,1.7973644388031544,0.39602609110443043,0.029118880507030973
0.0741042548846993,0.10003144083116355,0.3475034109960375,0.025321718749985733
1.4600762519952726,1.357704904662243,0.11508736340002862,0.007770455556448911
1.432875073149825,1.262265006053187,0.30332737551822825,0.021896335626775135
0.7037126210570546,1.527480623620332,0.3367557789072686,0.024485429649442586
1.75730625620746,1.5352757003933846,0.13081115301908394,0.008910481975408462
0.17830535557107252,0.5343572641562906,0.3762996952677148,0.027571070981749265
1.611556621847875,0.7555694486959759,0.28892585081626776,0.020786845848881852
0.10161768204646293,0.2717802371679552,0.4251714194168288,0.031415423326031554
1.0918057238412182,0.690430093482101,0.22229120010412412,0.015706081261263733
0.7368616340032095,1.2985073745794748,0.1507790701679089,0.010371809390787237
0.7456715322570671,0.512531015845954,0.4410519300372572,0.03267137789514246
0.7432632000276778,0.15348481424547455,0.4375516347145938,0.03239427510634321
1.3497182404488985,0.7554763378933773,0.40521234161656355,0.02984150354652555
0.1808399305798012,0.32816051762255816,0.1523451027093564,0.010487007949620852
0.22224204519341417,1.778483581094394,0.37012157131897017,0.027087448186028384
0.18202915731076796,1.477327526792164,0.05134583098577281,0.003278974035527505
1.8804116820187726,1.2785517621398954,0.24582421737929244,0.017489834503441336
0.7942997608547124,0.6548606890222184,0.4202172343860438,0.031024264148662856
1.6807012608318135,1.4006942646900995,0.3621357625769338,0.02646314619856318
1.3510223308292584,1.144307934637525,0.3920260645706213,0.028804583957524894
1.0392260972701253,0.6331290929885143,0.14505074801397844,0.009951138798155448
0.7978126836478026,0.6465204393137083,0.17465914479734304,0.012136975184981986
1.9094649168963806,1.344165345377838,0.3314406483095815,0.02407252801640858
0.352570409494968,1.5677580626670455,0.4162483845333778,0.030711131716308113
1.3567937144127447,0.6357011011136919,0.3883740734482503,0.028517826925960988
0.7718710598938863,0.8002105908373986,0.23586938191365442,0.016733771723043397
1.9190508958397081,0.83720276772663,0.3516013658689719,0.02564105998229842
1.0510526671481915,0.9261374738743748,0.2906410610890503,0.020918788754580236
1.1839634649588622,1.8814628319004325,0.19613784376990412,0.013739029811626747
0.6844828608926485,0.7579964624032067,0.2536265503332369,0.018083899424089594
1.172837286357826,0.5954221072347239,0.12944788872367605,0.008811248659575449
1.226667472321968,1.4019297047047905,0.3838748759081166,0.028164802522636503
1.2651553230941637,0.5328381439038046,0.09832816002606316,0.006567205726398408
0.12949512343439418,0.07276619823967967,0.21564487553019412,0.015204602685788797
1.9692026893757126,0.698215290081001,0.1260947021750642,0.008567475183397143
1.7208604912722387,0.8832932115050212,0.3111428769560283,0.022499974532337624
0.2740195751690957,1.4880771416709546,0.052570975428959804,0.0033626792543898134
1.8671401141578472,0.5736597576187861,0.4042198533904132,0.02976337596556081
0.6372298881548271,1.536672317326996,0.3315892124199419,0.024084062927672196
1.8435254316387613,0.524140072373988,0.34021786101665435,0.024754621099485088
1.4838026712253958,1.2895349770240732,0.20294839493430955,0.01424961602035135
0.7057678824518332,1.5338593263522882,0.3322018737459605,0.024131635342662664
1.1981462557248626,1.6635133242530544,0.40462165272605627,0.029795003574348316
1.750280029728221,0.8745394687313264,0.23673472600634848,0.016799407965877585
0.6660410586359737,0.624574844047509,0.2819445376980363,0.020250367649316835
1.2941523407545368,0.3017977876837059,0.16605388357999507,0.011498843244396718
0.867401199504052,0.777844554368808,0.0657108110990953,0.004268366492701051
0.7620607947438607,0.6400466669563429,0.4128675408301344,0.030444553880653973
0.49669649006164285,0.10700946792008503,0.2168298824283747,0.015293936670244338
0.3930134396727054,0.5164684898810319,0.06741675256516573,0.004386930377694624
0.3572734760514811,0.5751252725891018,0.1111932871711725,0.007489725888482335
1.5636286663491996,0.9543240870573273,0.26615567735963486,0.01904048616538287
1.9888777689746078,1.6873930309638083,0.3165924202478868,0.022921497173664873
1.7689025813834185,0.5929751238708545,0.31723367216697484,0.022971131162577985
0.7904353373036219,1.27018535652576,0.11612007187385369,0.007845015975500464
1.622578228048276,0.9654390506974753,0.4195813573272211,0.030974081242611123
1.0866706384144529,1.238777137279182,0.36057690519771496,0.026341390425925083
0.9702767807022388,1.479522347265636,0.26998793079416883,0.019333703033803593
0.6276255835950231,1.4212864614344156,0.4571362474126574,0.033946635897001656
0.3444712715578251,1.5006589572410132,0.12065966193996502,0.008173307195996384
1.344520700362708,0.9287066631832619,0.3513925926897228,0.02562478468491665
1.361468997403412,0.9714418913948024,0.34194783876021667,0.02488920510696467
0.06015406976517834,1.5337985280204274,0.165355682282664,0.011447165876318955
1.210918214296941,1.1370605719789753,0.24073594156360606,0.0171031140643398
1.4988725108920569,0.035234036023624515,0.09193584071034903,0.006111857775576193
0.5833186580414491,1.1957421574636622,0.43108591800983503,0.03188281608140901
0.6109302142132791,1.4939428663039527,0.43174095287037095,0.03193460748869333
0.8981311111475467,1.1738590379820415,0.1690637842773312,0.011721791960818516
0.06864228422945429,0.8388595318265719,0.2831454937346571,0.02034259033691634
0.4420436498287843,0.5232324112553182,0.4777026043450512,0.03558175925447791
1.7336309769058194,1.209168654014617,0.2389972631391617,0.01697109922332163
0.9739881856607142,0.5267181090734219,0.24732343153624314,0.017603884062555246
0.23910027786768984,1.5975732195901655,0.16680399090751225,0.011554379144153217
0.671274037880065,0.12121972792391755,0.1539993510705398,0.010608784491589814
1.5728507723668455,0.31300810837331294,0.3483333011299602,0.0253863686964677
1.1840066200372874,0.8958757952601559,0.49652963970617275,0.037082869131398716
0.03892520259924703,0.9952666759197566,0.43349294758481155,0.03207315845349737
1.9855907272246318,1.9788234279261092,0.3131529245410095,0.02265539306259061
0.7298619815763514,1.6000712673574282,0.24193611595762166,0.01719427964350125
0.24318694053151924,1.5102498997975657,0.14684097750724606,0.010082486780005671
0.8580690778172271,0.026769685426019096,0.18354234128986108,0.012797996960478177
1.0604932286990372,0.6977710257422189,0.28182482191438424,0.020241176030992035
0.5471664554967575,0.47697790932979856,0.1983258024493061,0.013902929460517677
1.556571068710243,1.768555861640554,0.402344892760459,0.029615817271308947
0.12530510851072085,1.8941143603892687,0.4523835135814164,0.03356948428166899
0.3142595437351776,0.5148401669565366,0.22226458296616486,0.015704070859594212
0.2147060931688698,1.719099901118114,0.12901271473687037,0.008779587071631678
0.034695304526048076,0.24920210950695854,0.20009552769154276,0.014035590672364217
0.5627968308529923,0.45968548317621316,0.20087904629290887,0.01409435028494488
1.4896485213987265,1.2352825333242143,0.06376631369727571,0.004133481942803
0.8438283646735165,1.4869994025102986,0.2082476060501091,0.014647718049110739
1.8758680886068535,1.6296401761811607,0.21505033614277141,0.015159794957731329
0.36659057753004864,0.6801141359000031,0.24652459290248596,0.01754310814061003
1.0521410151223323,1.1717300266866428,0.24134790631207564,0.0171495951672858
0.46626089218158273,0.19409771638518403,0.10607032771305906,0.007121440062389598
0.5970481360024871,0.35812179186535853,0.07853380332770474,0.0051644427911692985
1.791722321683754,1.5839734228360083,0.31094942625366184,0.022485020412315433
0.7418382254719231,0.3344339148754705,0.42456833536843636,0.03136778975544018
0.8586230265238217,0.06716573284727101,0.21713635302820733,0.015317046026320589
1.2228835646177925,0.39685473171468666,0.4429801151591807,0.03282408862976035
0.06434791173521326,1.593632575876008,0.2314911376913779,0.01640193829534997
1.5247693441229617,1.1265156089075845,0.3651258285530581,0.026696788736974505
0.32952065372602424,0.7987519662919578,0.08753458781749093,0.005799599752982831
1.313414869626712,1.725767604889911,0.389892528206722,0.02863703461443715
0.16141760301727515,0.2091918638689565,0.308580690656734,0.022301964654253964
1.7705474556405187,0.7509064392861096,0.34131936458692125,0.024840307371178337
1.3223678124889537,0.6774483437269312,0.33081428595197043,0.02402389950746232
0.7291770192299183,1.8017903091387273,0.17097498003272368,0.011863500184892803
1.6744300918148245,0.5373858154702107,0.1666072124406418,0.011539808532860994
0.04712779514884624,0.6834555649686109,0.47437920777808384,0.03531719863231505
0.5184800157944949,1.7490445008086104,0.45891246787143,0.03408765690034747
1.1496833177251882,1.8836158735826813,0.42685817646096524,0.031548673705866774
0.3301572579043883,1.6050590532291804,0.27191923258108214,0.01948158168109146
1.8410713922666044,0.05069805713214648,0.3902209737962942,0.028662823756224056
0.7000372360478186,0.8143351031626778,0.4367709184339217,0.032332490092723716
1.739745267364239,1.292642519902921,0.13670265007284302,0.009340141917137602
1.4748931231275542,1.0076033686944126,0.4923990812645211,0.03675319137737701
0.10307958298973152,1.2590390410108945,0.3014328224115668,0.021750168218244346
1.4309218677178397,1.222111225755077,0.32503926519972715,0.023575848527617405
0.5576818110807888,0.42776303622395173,0.30645609713089433,0.02213785862318195
1.7713354908292074,1.0957206240798396,0.11173659361320826,0.007528853470181353
1.793176053636305,1.0932220922608498,0.28190975008563823,0.020247696675035887
0.7634121227760604,1.468565418026274,0.10388235869216425,0.006964518865811049
1.4834984522158605,0.41019658648250035,0.2127789890362759,0.014988692749982645
1.5128736769795965,1.3507758192499342,0.11105670563301598,0.007479891697295591
1.6781514930927814,0.8149646778839419,0.48710714749973627,0.036331098202829225
1.1838699693735906,0.02456536661157216,0.06397895380623539,0.004148218550905246
0.2112499644804604,0.002371858036926522,0.06457958572851488,0.004189862397827279
1.8370917226287062,0.8331338473250365,0.15722280414325143,0.010846335723311598
0.6343235217009657,0.5358977248984715,0.3905748254049292,0.028690609423255374
0.7645355074968885,1.8421696381494048,0.06072260576233115,0.003922920531412801
0.380074558092633,0.04391036836371787,0.09055223738567739,0.0060135809594122
0.27151042342580434,1.9713254785374679,0.4906174832886437,0.036611053128249305
0.47103732763541384,1.2964030289981419,0.19328592127611227,0.013525582255461138
1.188533666886641,1.2436891413275228,0.0689801214508789,0.004495767469005096
0.8217317719669415,1.8292118875320622,0.36815181629299326,0.026933372631177593
1.0274816790234882,0.8410922362716446,0.08337958156268081,0.005505804219787335
1.7064328776856736,1.820252802658939,0.2682045517215767,0.0191972155335904
1.947594358752363,1.0910583433095686,0.4196814751768766,0.030981982114919406
1.2661216727713869,1.67542697705672,0.327308755344827,0.023751860369826894
1.2094914127540537,1.9329029685808454,0.36794210679458444,0.026916972358737544
1.9219187578316421,0.3616014092905826,0.3631084596583267,0.026539137798445446
1.587725705439253,0.4855798417359223,0.22215255771161618,0.01569560973534082
0.14594883373488754,0.2772186893678399,0.36772540459570235,0.02690002590169802
1.1759625128415794,1.5750752489891477,0.442816773326877,0.03281115030501015
0.8843383256950252,1.4448420307835945,0.3555643581007424,0.025950128384097947
1.6276146329857561,0.6795031124162039,0.09310117330727077,0.0061947101812567995
0.48737434234512067,1.09002634913702,0.3390210784551518,0.024661544745189452
0.5284012722555151,0.28891777085051173,0.17245125395724184,0.011973035444178699
1.2285590719827715,1.265776200751166,0.05323984798068241,0.003408435494828547
1.4458905884257431,0.49558711392794264,0.34721373255705645,0.025299154781098267
0.020643173186939645,1.7948772816177831,0.3769226528017285,0.027619866586899428
1.8818780755487587,1.0688527205722667,0.250538152685115,0.017848597702255053
1.1142851312231619,1.9560505824958223,0.38915691306179834,0.028579280462286697
1.6941969631488996,1.6575916731247426,0.42907338635687536,0.031723725962612824
1.5065255603477608,0.06936816366484155,0.10851715581306072,0.007297191192364322
1.906043694866284,1.2400972611624188,0.3098997902957649,0.022403892687096146
1.0127206011864087,0.714690358237875,0.4649923096383255,0.03457064332180626
0.05845417483891313,1.092074150477669,0.19359483429378865,0.013548691917655602
1.2450750782511837,1.9493129679924774,0.4488353611854682,0.033288099859611876
0.6861020474413733,0.7450062223644442,0.06779603070554005,0.0044133187479909524
0.9641627427608221,1.1840731225379293,0.17040990185775753,0.011821590253954174
1.3586869601635811,0.03775691661047764,0.1455853818870193,0.00999035288861227
1.125474247388249,1.6188233523781956,0.1361042364904498,0.009296441054881227
1.1701111155145243,1.0755791289799839,0.14662438644425835,0.010066589730694622
1.3932768461626757,1.405175705255507,0.24873976048635554,0.017711672137609644
1.8394493368142826,0.6858701225378605,0.27141239615910384,0.019442766477821654
1.480885165370093,1.2965077552518747,0.13296125749270343,0.009067134951018832
1.2699544594557084,0.8511145768429365,0.29864834123401907,0.021535456748663577
1.0546676223668472,0.9515901498223682,0.14470918724592152,0.009926091367171415
0.36517812221871115,0.8311413734429587,0.42325940804945406,0.03126442242139996
0.4622989063884906,0.7918827380899214,0.3562102054476942,0.02600051974350799
1.6311158249970152,0.8373100599293206,0.14485371658739743,0.009936689536471774
0.08239023524597067,0.7838272661744439,0.3828119158968211,0.028081440138497334
1.6395674692613877,1.8567281198546026,0.39034771745018354,0.028672775911866257
1.9884747257212616,0.8927180794790306,0.48795151032719336,0.0363984248196666
0.3043620910969793,1.5740625697643706,0.08085123580045699,0.005327518605069114
1.449248887583529,1.455065458725312,0.4516431542086812,0.03351075784503402
1.5607416457980372,1.7030186699469474,0.1967615024479984,0.01378573519450798
1.002010869260874,0.5519540756013535,0.3400198488367862,0.024739219704411203
1.7856722505605311,1.8810663587834975,0.2455490065867001,0.01746890362667873
0.7758986292679984,0.21559951057670101,0.34779201019370143,0.02534419994399315
0.7292863545605974,1.3096918250236522,0.4395926490976991,0.03255583460992527
0.39997073496843316,0.7394548616654646,0.08325524959498826,0.005497028167300371
0.4189186303821588,0.5995242618761965,0.45793047184466884,0.03400968777813494
0.380167097576936,0.4948314315503868,0.11884592661489454,0.008042038553721171
0.7007617577881313,1.5549980209505445,0.31421229209604074,0.0227373319632776
1.902361070732318,0.44706949688665465,0.09453244143283082,0.006296567849983974
1.2207526299186446,0.2881452492883896,0.460167998693429,0.0341873610726204
1.5482808803107144,0.5128089764848374,0.31991950085164134,0.02317909394492643
1.1830882088562547,1.0401722244610383,0.16950056822278964,0.011754168205418835
1.4476637566160082,1.2530788815584692,0.24369218783618263,0.01732772755189381
0.6945901253671178,0.7155209109467926,0.4386139402064431,0.03247835699050225
1.7767520746625338,1.8138358698759975,0.26731277451157753,0.01912898852998829
0.8513699783710356,1.1101307906622824,0.1297422338567275,0.008832668246661209
1.7272659960324557,0.80508269143245,0.34168960602019327,0.02486911284396315
1.1388074106006236,0.9738732662897767,0.46164736080605967,0.03430486421478697
0.5683089315042256,0.08738115050706496,0.4488974115307297,0.03329301941573307
1.819765504044905,0.14592843400409206,0.34210513728614916,0.024901444514981927
0.8905624331098796,1.10262720507043,0.11094091251206836,0.007471554974511187
0.5147588857537457,1.1773196573073075,0.28908581813643347,0.02079914908795819
1.7208472163921142,1.2246879499757333,0.41029846998472086,0.030242084554975894
1.5799799345610048,0.4673735925219136,0.37987548031322477,0.02785123400477693
1.3703463263632054,1.1717504911184407,0.37225465750128545,0.027254363426488227
1.9597631638838509,0.30355983282697396,0.19808985659133588,0.01388524876562546
1.6148647192131569,1.633778005583501,0.461293835151073,0.03427678192533129
0.4295632586410525,0.6187996111772178,0.27333838425520074,0.019590291524690943
1.2923185223748326,1.0066562504044796,0.3097331652502689,0.022391015763165486
1.8867224064714996,0.6997675027047052,0.49600326910900205,0.037040846660213386
0.4383585133207524,0.4913349538480749,0.3594237168410423,0.026251343109729826
1.6326017355498124,1.8023090133838944,0.4520924489903214,0.03354639580189613
1.7681442910435006,1.4588174633971893,0.45940288758009196,0.03412659985684565
1.8732753969034976,1.0228150537827718,0.24773652658005973,0.017635317793963032
1.5994236276709068,1.4348374990137764,0.29749706682909094,0.021446722208582666
1.0266649777185985,1.797966515639792,0.3524121091276402,0.025704269284434405
1.4382329837819414,1.1619376815390894,0.1476144521842344,0.010139270388311842
1.057732785918447,1.180041556938813,0.32746238248064485,0.02376377807615084
1.1457395633013685,0.6799651864219833,0.08651034757437312,0.005727085750203723
0.5810795790693042,0.5768911494329798,0.39016795038968943,0.02865866032245308
1.1918343935780358,1.5587477673361634,0.2388407618272747,0.01695921959319368
0.42166816470445734,0.37597896643851625,0.13029812138267483,0.00887312949591374
1.552467731645597,0.6116600856037522,0.3249122455038636,0.023565999929343707
0.8700066888042277,1.2460861073601135,0.12437551030058008,0.008442664181612252
0.8748416239472214,1.4507183170357572,0.37206478543060917,0.027239503144491785
0.9440527650269583,0.3114157843910037,0.44484892137698195,0.032972140379011354
1.7216398194423763,0.67946615530322,0.25018366023885746,0.017821602057109368
0.436724175779857,1.0368251819644676,0.06627984746567603,0.00430789150239789
1.7042816379037822,1.1215828338396594,0.2266962256500859,0.016039021824970377
1.0322945978361537,0.19227018741062474,0.15388382871670117,0.010600277436825881
0.8456337458158245,0.02011476828515546,0.13242217406980866,0.009027841712992287
1.2394955943788954,1.6230966258258832,0.0715274770653088,0.004673470118991543
0.07468795575684983,0.20977863725174273,0.06910953700336857,0.004504784678399011
0.9686922995883138,0.5840483513813874,0.28306731669056534,0.0203365862162393
1.717036229509121,1.0676319473934233,0.15126643080257612,0.010407651206059134
0.243916356587504,1.6555897693776094,0.4723788561980666,0.03515802124460046
1.2805857421588687,0.7765506519968111,0.4694790473078966,0.03492735242511775
0.9292802049436386,0.5316030338101312,0.16377001699301957,0.011329858872111112
0.9680034783687523,0.3676949223460668,0.10055770863014929,0.006726512631079104
1.5552441952974205,1.074260141456207,0.46367477008135105,0.03446593997460268
1.0966980435373515,1.3988775690105064,0.07357375142851162,0.00481653492556667
0.08987329282447765,1.814624134384345,0.3993566199392114,0.029380739467229966
1.1137239656450926,0.7430182074044052,0.3770179278104457,0.027627329868470756
1.3609515396046885,1.6067649768707775,0.4038054851790535,0.029730761270560218
0.9966166773387684,0.2630829460481905,0.3663190116536671,0.02679006049848204
0.932307248245636,1.1585112631850287,0.26707065137346336,0.019110467176642696
1.9672053922925155,0.20006059946945487,0.4526002934375527,0.03358668084675144
0.3845642552973749,1.814235646005925,0.43165704711193914,0.03192797303912116
1.0241189063333356,1.1094056912304795,0.49262328628264784,0.036771081267666886
0.22535395084354715,1.7005083555321832,0.08636591038071864,0.005716864657053342
0.3167147310961276,1.1636148531096295,0.17456473303817033,0.012129962007507943
0.4955276592130604,0.20920349617968736,0.4852803107416021,0.03618546003436889
0.10460587192451065,1.7797260217428321,0.07854204381516564,0.005165022085156337
1.23982156202865,1.5945489778038193,0.12241520322170855,0.008300493818907835
0.8684292366210709,0.3440958974561388,0.2967712781978617,0.021390794178615405
0.8350667505907023,0.4610730960968046,0.37417996407581644,0.027405076478230702
0.5597813274558614,0.5194405934092929,0.2473686760105412,0.01760732668367373
0.9067065166867707,0.08980560221135447,0.18423372385360293,0.012849538600519269
1.1729130621273107,0.3604782003829827,0.2208657194062616,0.015598437632147955
0.10216389673004378,0.28251933744275814,0.36411031058075133,0.0266174217162918
1.486139805492127,0.9257009316464828,0.25049900152962856,0.01784561609677589
1.1050263521766903,1.6952254456973452,0.3731161135717701,0.027321791599217743
1.6208400900864468,1.7439268036488755,0.4912832798048543,0.03666416709640931
1.2403989941745723,0.07815616709465911,0.29692048531189064,0.021402291053604257
1.3402335473897027,0.08364363449884116,0.25696847147370694,0.018338739573245062
1.8829349047388646,0.3758762488501084,0.3541273134944663,0.025838027610861236
0.0890052230734093,0.7893240525861118,0.39585234542843417,0.029105224113883103
1.4766442870023282,0.8610069251395323,0.07517135512621402,0.004928422442144018
1.25902894549442,1.2750379904481413,0.3053668321398643,0.02205375295295404
1.6098529062637021,1.637323266702776,0.23662182717467606,0.016790843663054226
1.4821654420932795,1.2969275439473587,0.07592073672237205,0.004980961847955406
0.7231940330860946,0.7757181516218481,0.47786480872315923,0.035594674871905645
1.8096113151043944,1.4851536204833111,0.2743926765924102,0.019671077644578476
0.21589087934588802,0.022457033801424053,0.328295593877387,0.02382842160699984
1.9296162780392965,0.6712929274112578,0.482115793467847,0.03593326955430076
1.4805255346374462,0.3881327905835501,0.089204521633676,0.005917952778987326
0.14699858058145487,1.2458791651012466,0.14209366074884855,0.009734424711739331
1.0481420006636912,0.1762862662011968,0.44017603561129937,0.03260202295246644
1.278048021943663,1.367283543599454,0.3069477798788936,0.022175829798958508
1.092745700521082,1.7559781151440235,0.0778317331011693,0.005115103743542423
1.7985376067507022,0.6621740735821471,0.2375661924447498,0.016862490190667618
0.4561564273364198,0.35486974415070605,0.38458141413552466,0.028220221429059927
0.06866571939096477,1.5592443274454526,0.4557825595147842,0.03383918676212781
0.06486966222467339,1.862948104934134,0.09153784536057713,0.006083577793129977
1.9299633896371344,1.4778013333772029,0.07945910692021738,0.00522951636392443
1.7947049501945689,1.3269328493507315,0.4162650425775863,0.030712445565670904
1.4491847935123627,1.3182452415369696,0.44048362612224945,0.03262637745485921
0.1258608183642771,0.6546704540082624,0.4740653826923675,0.035292223025455975
0.8492589338118284,0.12721748576992709,0.41386651616837267,0.030523306964797665
0.27274780096762763,0.6591431766241507,0.4425529305240928,0.032790251982785096
1.4773236397308722,1.131681846476082,0.08218892114807991,0.0054217979490218515
1.2879537263514982,0.01737849808910541,0.18306342168167994,0.012762301997992104
1.3879089671104932,1.473599301424396,0.17502460952001386,0.012164125422412126
1.7456014161535847,0.4845389618196998,0.0796597681984012,0.0052436351361733425
0.5050160631716856,1.648969550876009,0.17278429978538096,0.011997755447940524
1.0147521399721071,1.2023926435146959,0.40040830144910045,0.029463458072116307
1.797217528614923,1.3300798763417943,0.4159905362430506,0.030690795229109603
1.9050701508241081,1.293713264579017,0.20403914185317007,0.014331500129117694
1.1305158682665182,1.0063735306586283,0.051675431326768134,0.0033014798185217577
0.44342689666581436,0.16554142602248678,0.06870818970275541,0.004476824050109978
1.3550230103277763,0.4542602141896279,0.2767532745315675,0.019852038192950644
1.825500263409121,0.5714214109880369,0.40498561135106903,0.029823654424713835
0.49238387138765227,0.8634515581392137,0.1762370718792028,0.01225422677309441
0.9620081493364121,1.3390019277273744,0.3768116859523316,0.02761117426328448
0.34182897501998855,0.44797939876281645,0.0565840232194226,0.003637790043887802
1.9938236308394863,1.9219964439273736,0.34764853746886565,0.025333023597554828
0.8078656652594005,0.6103905095282793,0.40834833682158045,0.030088452275855684
1.296479953178732,0.4802327707424381,0.16701817200644511,0.011570239694598243
0.11436573136087036,0.574866651837145,0.1053383140036562,0.007068914925102631
1.5505369513450065,0.651387817399987,0.20437360437845437,0.014356614822516359
1.4445594328401357,0.7377046408940449,0.4750707069680356,0.035372235259836855
1.0823736957001342,0.978225802256232,0.09795792336873096,0.006540775350225555
0.6119981912590997,1.0978278097387224,0.057685090665952385,0.0037135125799581453
0.8668643630228225,1.8558573455460259,0.19439545563629484,0.013608597921612783
1.531188710500992,1.440210276523497,0.07063451904618033,0.004611127148842768
0.42179393167574797,1.891944081044366,0.4633501520337401,0.034440146102829604
0.8362518797018699,1.5686192736927964,0.4921337879924592,0.0367320236765151
1.4416222271439023,0.32254920154235944,0.211091541581582,0.01486165761733373
1.4143021997196268,1.0197912651382486,0.20074214678606817,0.014084082428256435
1.4506552370867585,0.29135194101067485,0.42489218741712415,0.0313933680802104
1.8756269808440489,1.0958215729044178,0.4748026578151987,0.03535090049102915
1.1958145674362815,1.6503467092409985,0.1574397070982924,0.010862332457940256
1.8356666605584573,1.5807850385892068,0.16751780636996538,0.011607244098600224
1.6509563713408708,1.7777004541966446,0.1681826655943856,0.011656497353204169
1.5751821990523018,1.938372432908212,0.4470102733395859,0.03314342188790279
0.014469488815341602,0.4499581718279606,0.31520006701855574,0.02281375056493836
1.3857908938258323,0.4767496319946867,0.17576750827947718,0.01221932714353691
0.9844199822275077,0.2569623517852633,0.47668173437792566,0.03550047884204819
1.7898301209243528,0.6736441203645915,0.31629821970586347,0.02289872787182321
0.36399463570478274,1.7587285293147896,0.47023540296630284,0.03498750820245381
0.8489508948629001,1.3036700941060198,0.29276705002275716,0.021082405445958085
1.4133285896803816,1.3351494703333815,0.18413587059519276,0.012842242959769398
0.6238119669496882,0.8524242848788917,0.3948486744644907,0.029026343774621436
1.2565547472696172,0.3569181418929459,0.17595868118486085,0.012233535015421002
1.264785463271142,1.107259229456299,0.3575921808368698,0.026108367655600286
0.855465196431749,0.9206234303279961,0.06041425336018002,0.0039016289490093497
1.7693268050168265,0.803087489995717,0.08689741028320352,0.005754482030758977
1.8332718332429732,0.3831815954380997,0.3187125732779844,0.02308562699703054
0.3696749992839954,1.8625609211030052,0.40720468597551285,0.029998378531475918
1.5640554317668,1.7563035549998642,0.08960486252603721,0.005946348926868152
0.6130110180279509,1.392347514555842,0.3112425655580423,0.022507680907976564
1.2018226315132632,0.5052528223555472,0.3270221309343163,0.02372962636149298
1.7577237589511157,0.3848873323612303,0.22811547542758925,0.01614638707514318
0.7146130948275984,1.1901453120475725,0.401821264789777,0.029574616413010145
1.6338812869330106,1.7769896404449739,0.23992433578469097,0.017041482027041865
0.40142282091353887,0.84294140782691,0.08831253595526242,0.005854715976987399
0.09712454088070044,0.8682980537618523,0.2876571398884079,0.020689284747932152
1.2880986896237532,1.3988228734786499,0.4416028519409874,0.032715005781857494
1.7321947886887854,0.4306260412646372,0.4081718383764237,0.03007455015148145
0.502253575961304,0.9544283140314218,0.4371580746840175,0.03236312825389502
1.7384778527939364,0.17917384464952524,0.4324010087083017,0.03198680137242738
1.9106737704589063,0.8624936924375837,0.25799773442546664,0.018417272832706326
0.851827855074875,1.3497683520295245,0.17889601119811355,0.012451969137191871
0.20521915405915814,0.42024059415538617,0.1821955050913629,0.012697630638575272
0.5081373147441564,1.9561751667882143,0.31264315236139767,0.022615970526306175
0.3591961811621258,0.9753515015037943,0.34362115532032705,0.025019425853394436
1.0160528004892406,1.9749834049732375,0.4276677503981655,0.031612641315844674
0.09649002084128067,1.4053722091381184,0.401869068866453,0.029578377649373058
1.3132224022775596,1.400167468873998,0.09744377545121025,0.0065040829034899465
0.8430550187095474,1.2404614971977814,0.21994465224974707,0.01552890971504702
0.36413787824787436,0.31376413664460423,0.4615368992744922,0.03429608955013161
1.3899511714308577,1.8097116217049558,0.241492835732859,0.01716060431234786
0.19947205655303102,1.8410197955487013,0.43166712285746806,0.03192876972617149
0.085876767425622,0.18756731556484074,0.37024317076647884,0.02709696163351549
0.8870513072802646,1.0685322667552724,0.11986386756650699,0.008115694890629986
1.4117441000510103,1.470598384786459,0.17350340571229117,0.012051141594532489
0.28506917692352673,1.4513016022516187,0.32752610081175726,0.023768721172590147
1.8943719961671932,1.65267344290743,0.31953170365879313,0.023149059477250395
1.063924479136248,0.7622665910610769,0.49593345736012423,0.03703527351344702
0.3340772228953599,1.0970397938468754,0.4431446112391781,0.032837118715285746
0.2653494021295004,0.07079314079927501,0.3200781633480473,0.02319138290576357
0.8419621516745559,0.03518390234024826,0.2966638248020694,0.02138251480528416
0.9866813248165838,0.7351742889534589,0.29259930741251855,0.02106949294162745
0.7956444535512892,0.6763984779370211,0.3328399246411724,0.024181185662655987
0.6321030124613713,0.02948525388706913,0.13383060311113681,0.00913052380444907
1.435064523145245,1.889893334205484,0.1561379728223846,0.01076635159648552
0.7001272965491063,0.8190519825242744,0.3150285034780891,0.022800476469491855
0.4150772855780429,0.3619880827903319,0.3658628872592808,0.02675440253166087
0.13220124486478046,0.2206528517110946,0.32086440791606274,0.023252286474093213
0.8793313462277597,0.4302366696392155,0.09560693066787748,0.006373105030668918
1.1935198904284954,1.579947793817298,0.1508387260887088,0.010376196219245527
0.07077496394155158,1.937956106617567,0.261305102062355,0.018669772540698303
1.3677265496765068,1.7978007602897246,0.32603728068820553,0.02365323988257298
0.5270347388112382,0.9473103481925009,0.42577697843029894,0.03146325706854191
0.4649221466026545,0.9418075794727756,0.18444908301410295,0.012865596064833893
0.6968411157567309,1.3447842349701278,0.15279507394205766,0.010520123331382669
1.6487060056464307,1.7009585878428928,0.3985971683283634,0.02932101515792576
1.0443204164892168,1.6851719904420115,0.40193114489177734,0.029583261852194127
0.5928647007008163,0.7138416325177563,0.4607358070851524,0.03423245802129548
1.2738754484484602,1.6785001887780397,0.06389553287218742,0.004142436822272948
0.39305995728956056,1.7606326615386307,0.23355959988001107,0.016558656549936063
1.0716636575193745,1.539658248678821,0.25686415954248015,0.01833078173238007
1.4945527444508357,1.6503415241137112,0.06577832531050834,0.0042730547686685
1.1926859471951008,1.2714880351939444,0.16125533016990495,0.011143984084567918
0.766366673242675,1.2139081612852938,0.3563674706854308,0.026012791104345675
1.2638235864014973,0.3878248424329287,0.1833420707955204,0.012783069564419599
0.06091056718702559,1.3386503730894908,0.27076109285550815,0.019392894868372184
1.207969094946345,0.22767915892250068,0.40196394318685,0.029585842475374668
1.3375275407027976,1.0390430306360463,0.08374112565803515,0.005531329170260392
0.22349607687907813,0.13432058325505736,0.346442442460738,0.02523908289452703
0.6192787793624035,1.7912232771002905,0.30030510134740585,0.021663193034677376
0.37190176744565817,1.3855855548740723,0.07728781785409036,0.005076900368178785
1.9336686857317302,0.8836039662548008,0.19350774852453345,0.013542176807554453
1.857054501375861,0.28444320581761495,0.256524512600582,0.01830487199157088
1.6846736312322919,1.3090493426714402,0.1094152517764228,0.007361768723756355
1.7038103740783095,0.46627138463101225,0.4520310826062918,0.033541528090533304
1.3487465089646649,1.806426613507572,0.45008923625232666,0.03338752031113894
1.2207906848038712,0.032320243591469566,0.25358640349178907,0.01808083940536158
0.5413381435704636,1.8469735335807729,0.4230197236281256,0.031245496683734077
1.905024741746355,1.6187656707814764,0.29692870289370515,0.021402924255578964
1.2243136511021524,1.9655316812604204,0.27357556674286243,0.019608463979539404
0.5150244336972307,0.9292302447531946,0.4264653328119742,0.03151763660483835
1.48993971917654,0.7475782077701285,0.10936018491398786,0.00735780808893907
1.2585358437831846,1.4891850394922912,0.48535458528002495,0.0361913805752894
1.189804658457016,0.674708425069209,0.1916302501924223,0.013401765673412853
1.072857426105307,1.4159335896467322,0.37959774338451086,0.027829466755205652
1.2142786594798278,0.49341127617539504,0.3745846315762574,0.02743676067630982
0.5101442052882088,0.46337312088770855,0.2927314296653727,0.02107966341648121
1.0415727353366606,1.396645113119175,0.2909751688951413,0.02094449632944266
0.9345094859722658,0.1847137759317441,0.07791746762228634,0.005121127226354659
0.00801037434077112,0.9841240292384661,0.275343090955401,0.01974392238013436
1.477685745981525,1.0174280504996984,0.3012046162331783,0.021732566063386045
1.1229244319999625,0.4837950479503379,0.1241919507691907,0.008429345011637543
1.0524839703726858,1.0549764978235137,0.4378982763885279,0.03242171038027577
1.6411566109949898,0.7744665101918218,0.3191619483151085,0.023120424673212608
1.0743916498949322,1.283446076099461,0.48370624577998295,0.03606000354437053
1.1119551840599209,1.1657546319489565,0.15461530139112112,0.010654150438152335
1.1266445600367827,0.04765980492175115,0.2078658578568841,0.01461901571822325
0.5734743608424975,0.9895854423816695,0.41809779890134163,0.03085702042037865
0.22393490839650898,0.8274236275616749,0.14369241443565328,0.009851553274789116
1.7965565296652415,1.5864434460341676,0.13315412094873041,0.009081195242982443
0.7156355620363468,0.5230996065203506,0.16552352399260747,0.011459587308039289
1.1108640494603748,1.8611552532388822,0.42394087917406953,0.03131823614757032
0.1135715472601504,0.17809436952896496,0.3535784681218208,0.025795221634045337
1.0056018525900772,0.07246809324391901,0.13405097716691378,0.00914659703175899
1.6551764460318827,0.6484783262319189,0.3480599114000116,0.02536506996557791
1.3962809973569716,0.49619631987241664,0.34789218200839084,0.02535200339210778
0.7666494213466011,0.6214490899767215,0.4999953530558402,0.03735962882229432
1.0601197029629355,0.09945013990196339,0.32726415522002583,0.023748400563836283
1.1215503135807299,1.412156887948748,0.44508448271860857,0.03299080521832196
0.3797717973764727,0.4689168999572708,0.1093826363182214,0.007359422869492228
0.8462737420867699,1.2902132157870145,0.18874784592565275,0.01318638632292298
1.9321919016394595,1.5835367909884228,0.40908793385668923,0.03014671208337993
1.906357803625865,1.3006803013057593,0.07415819894086582,0.0048574472114922785
1.1447304511415062,1.1691620636692202,0.3681819362111323,0.026935728203867217
1.178290979545274,0.3350152036392593,0.33612856726404955,0.024436681676042443
1.7638155124019852,0.2454908936999205,0.11691313423732368,0.00790230529761916
1.0294727738798408,1.8815274385748944,0.4827965737817614,0.035987513493203054
0.3111386954241928,0.5114189250934731,0.4045028375076053,0.029785650816330642
1.5277704347714514,0.2807176851377269,0.3662176637939272,0.026782137266406908
1.408366977267908,0.3915235967663737,0.2109853441794815,0.014853665157190853
0.749989119396343,1.257458031925382,0.3325646396459419,0.024159806532739837
1.1914941069888607,1.3891706757339373,0.13587696044625402,0.009279847042503078
1.283455182613378,0.8619043866333016,0.34783654903174877,0.025347669528677168
1.7960617729964672,0.6589267025889252,0.4225797941185602,0.031210761305854585
1.4507505215069902,1.6989580013811698,0.3718176178105515,0.02722015942706204
0.9637006799035044,0.9835752371116204,0.3835640254076643,0.02814042249680498
0.31242406158586467,1.1348548655061403,0.19712319101905795,0.013812826492820054
1.2158741500877512,1.6756318468869058,0.29822861520734534,0.02150310360261169
0.8895773099066371,0.21514180073657507,0.37313075495451403,0.027322937707250007
0.575797786947801,0.8247672216268132,0.10328384736221619,0.006921633125573446
0.8991173731857998,0.07234400453813783,0.10568362315137664,0.007093689216661365
1.4632433410400179,0.15123741584527473,0.3539236003584422,0.02582213892230751
0.4566455107133809,0.7473312524936102,0.11766269398610416,0.007956476730444428
1.8639554245864796,0.613242651804927,0.431249232298612,0.031895728286106796
0.006715567874571393,0.9291575795744611,0.483181788420153,0.03601820937405147
1.9036451434647645,1.8413379210904457,0.49262354286068544,0.036771101741004855
0.8887660278144425,0.2682326155415591,0.2220461089176775,0.015687570066806034
0.01577141028691642,0.7947795496111896,0.45046081343935057,0.03341698654641783
0.14470477251286984,0.8162366553892502,0.06435414695083837,0.004174228816846103
0.29770797917733116,1.7785978126950237,0.3109197539217114,0.022482726739429908
1.3364944653378228,1.242171834170514,0.10252879678978374,0.006867555188186604
1.9665256869784287,1.6705452190147834,0.2959472767485273,0.021327309476940903
1.118800768593519,1.0298545613971097,0.21029083192350873,0.014801402728744504
0.8068566212066217,0.6616965673975488,0.24035503279548398,0.017074186676875196
0.3485256798058436,1.6772595945297322,0.35536729777485765,0.025934754277549703
1.486735295516088,1.041597406814468,0.48784754086424054,0.03639013421443627
0.07532830260553225,0.09452514012339686,0.31769943006355195,0.023007185956914148
1.4481346721601516,1.1890183848737996,0.23172507624873062,0.016419657958167196
0.730669737086495,0.5663330137486762,0.11566246769016467,0.007811971785841167
1.75082714661948,1.825199268078095,0.3186652789233688,0.023081964921793225
1.1865098869820627,0.051286457693616505,0.07713744046929781,0.005066341468661065
0.03613079906753325,1.4183251765436102,0.22235161893966998,0.015710644778526517
0.24357118001320344,1.488334285309757,0.3540540286062788,0.025832311653675753
0.12756932152930256,1.6002252112418367,0.4897083427480471,0.03653853440499433
0.4114582817675596,1.3270031014255892,0.4589750823524123,0.034092628793964276
1.3756487757923215,0.7924691140484992,0.2090757574350406,0.014709996370567614
1.7302797924973128,1.8260704105834127,0.3004922425828389,0.02167762469480401
0.633183890264474,0.9866782921057322,0.49047585096354124,0.03659975503992542
0.7305431921219463,1.8624165316791932,0.1145851680893402,0.007734214260074913
1.5497039705589677,0.3791485872097766,0.13974955922234777,0.009562854776114476
0.3583260083276505,0.44447556185252735,0.21822314167068735,0.01539901323465973
0.8356912053399252,0.3714801923590674,0.36762078971959977,0.02689184509839042
0.2999690232505736,1.7213706231502837,0.4366445280820129,0.03232248841788349
1.0249806736425542,0.8726473073304335,0.44136008727933485,0.03269578061723721
0.12456491401957326,0.610265881342066,0.2400797449401909,0.017053282436270693
1.7695575347225225,0.5949606845690139,0.38802400711289653,0.02849034920284672
0.03318030261995997,1.204504324336818,0.3114385721080143,0.022522833589187434
1.0563093792231493,0.6928715535027474,0.06237589098772084,0.004037205458105457
0.053933497297133925,1.0526943721247706,0.3051522945973542,0.022037190253572824
1.3993428160257895,1.7629180779485785,0.09625042395640922,0.006418970310864232
0.9456131249507791,0.28094672863292414,0.4089285510941021,0.030134156511453725
0.7838085435047124,0.1183657288315123,0.08636675839350773,0.005716924663209763
0.32836059830609066,0.3643057945347701,0.1757217478122846,0.01221592640729406
0.7261196228115769,1.228400709774552,0.1549552243461993,0.010679191772629609
1.8554526454739149,0.3987127702080171,0.05545235420692729,0.0035600688804404324
0.6149908989055193,1.304589186085776,0.25829820757323674,0.018440203159526034
1.1618307951142268,1.4019028856687439,0.23985533358506106,0.0170362427738022
0.7828789524851985,1.3025006480392796,0.4741464784118468,0.035298676876997497
0.9911752484482397,1.7695840986945939,0.09391202449406978,0.006252402078779558
0.44409184379028876,0.021695477885330883,0.412528885128678,0.030417859326145675
0.22855624765566596,1.647188210741188,0.45744573587050485,0.03397120466544238
0.22261825857414852,0.27868620487949336,0.33159070503146487,0.024084178819796288
1.1063293017800846,1.9805833847725023,0.41269382043174274,0.030430860171779487
1.8760514289161667,0.561985346386936,0.4780886209281943,0.035612496544829876
1.4955992600895647,0.643689172641281,0.2836954432219053,0.02038483055860346
1.4070377598423514,0.5945801852620005,0.4664946698092751,0.03469005912835121
1.1338824575990485,1.4227030203554674,0.2598432372620966,0.018558139674739575
1.4420177896872803,0.45198148692865936,0.21214040644845467,0.014940610499925748
0.6436824859667529,1.31198797186687,0.08720981662705393,0.005776600280467119
0.8269354822444472,1.2253278538736954,0.4437717377178869,0.03288679780250882
1.4382248607367338,1.6465903357976817,0.14326359972136204,0.009820128404396779
0.2591024261360806,1.6056067916406662,0.3205334033096094,0.02322664515279808
0.16532228890235645,1.1468302528951602,0.051393095294368384,0.0032822007281285356
1.7482728825866507,1.1142486692030287,0.11519412774899727,0.007778161692937991
0.10465405042114928,0.42010854801557906,0.3039949322207555,0.0219478535859579
1.9216049705628497,1.8651354600357481,0.1597166368302314,0.01103034891465871
0.7559685253833246,0.7382881263592722,0.09323894271336616,0.006204510010108639
1.1909169825327148,1.1300217718449799,0.2805242975339521,0.020141340885066552
0.19683292419335818,0.04804725193491555,0.18411166031684023,0.012840437956469166
0.7557829514806276,0.09032660182168128,0.20685160113447232,0.014542774935648053
0.3223860668276639,1.0665275981651159,0.3657801376347423,0.026747933828125483
1.0845131260654803,0.6071248423049642,0.13401526471162178,0.009143992180168476
1.0016145545477206,1.1094541229536545,0.05514863956441204,0.0035392287882049503
0.5936321282870716,1.2234647680909512,0.39176831295896775,0.02878433904496488
1.3425744684597711,1.3628099606991135,0.1838544538100083,0.012821262873252266
0.07769262829444834,1.5226492179541617,0.09111482616302191,0.006053529015033592
0.5629911761137687,0.32966094543869384,0.49670125944009197,0.037096570951398206
1.5207213757496931,1.812582700995367,0.31692893608107947,0.022947543207284274
1.7311693793611225,0.9866935871003095,0.3222210640616041,0.023357399097269377
1.8576834022452875,1.061452975994325,0.0716885663369952,0.0046847225045809895
0.5214611796993893,0.38782672062430423,0.17730601417561875,0.012333698254701219
1.0529650945131823,1.3598681954273664,0.22774628324010449,0.01611845349791659
1.830885876099643,0.9967267012374443,0.4166617396870659,0.030743734838809225
0.679715887173661,0.17343151809590607,0.37230406147009126,0.02725823009939199
1.2888343805216183,0.04974767541637393,0.0544143501484806,0.0034888765899852873
0.23185692185341167,0.746016105546389,0.48354210175860907,0.0360469225198704
1.6153647000166942,1.9934464768740985,0.1922263585162861,0.013446336163134965
1.0276783453450422,1.2919538285257146,0.3407625864731597,0.02479699305691644
0.7622119194980865,1.7971416249667058,0.375524464571006,0.027510355765283625
1.431127940326118,0.5010233360606717,0.2362815338779084,0.016765031330248988
0.9176994488578263,1.9946819684113184,0.08492761097421248,0.005615148096495584
1.2030969162717084,1.781062937238543,0.4378077881286446,0.03241454845918466
0.9769308998761042,0.6519092769124337,0.24575688445211236,0.017484713416714998
0.7868631425581538,0.8001300989826892,0.19305140942764393,0.013508040217068801
1.3874472670929914,0.28760064244750505,0.3687990016974079,0.02698398964685233
1.4890097394212347,0.9248268864858857,0.05306795130815406,0.003396672578168955
1.3484054589978287,0.08868756184196314,0.19808360547744197,0.013884780355719026
1.5052685596553448,1.426848596879414,0.33223393979491644,0.024134125399607204
0.714409174721564,0.13549337783225956,0.36365904873706256,0.026582158595078186
0.5715108406649323,1.3845556805246542,0.4833127423757766,0.036028644842476434
1.0832137239919877,0.9263974557675789,0.3924500363549164,0.028837886510087292
0.19676974224546262,0.5588096054564258,0.0973097013408902,0.006494516824334573
0.6513298446140787,0.8820499674914517,0.29388175928956045,0.021168226581879147
1.632860776977445,1.4735872047371001,0.17343678249413214,0.012046194869809205
0.010940862316554334,0.4603917648882905,0.4005585193604033,0.029475274485874836
0.6908035642586918,1.4016155482600565,0.2888154088212331,0.020778351924018577
0.34124793906821727,1.7957848680407626,0.0641699424899278,0.00416145753071016
1.5443890873396386,0.02165399910220578,0.20895730169983612,0.014701087263176954
1.6444985301114323,0.12144689824468746,0.22282303179200247,0.015746254172398704
0.851604164557779,1.1211754618477592,0.1307733855659731,0.00890773188165318
1.457972244017156,0.21175192189943037,0.39444846682047974,0.02899489457890518
1.7722314025746684,1.6697970994984497,0.354293506228164,0.0258509903475871
1.8089020994709661,1.9407687036288286,0.25748727409761596,0.018378321756134786
1.3743360398173197,0.37274558056619833,0.20153729205760063,0.01414372734704697
1.1888997409750413,0.3109006711682538,0.47528312307911574,0.03538914263188394
1.938636616766663,0.6319002656913093,0.3609380852947904,0.02636959745248026
1.486415841894133,0.8985612205564193,0.10204242861168161,0.006832735252212112
0.23549352162959458,0.8795214791129573,0.44042524605749034,0.03262175492868756
1.3046668556520125,0.7000522451694788,0.07855315541632472,0.005165803220797246
1.7294891785954842,1.3493153411173695,0.09819335147499009,0.00655758124574699
0.8728579846511966,1.3857810906261665,0.14101437833797992,0.0096554052072212
1.350944792594501,0.5761124253201562,0.1253590399033644,0.00851405263248196
0.10439975163204651,1.250246621902344,0.28285666398857817,0.020320408325031146
0.6808276068593484,0.1494995229700189,0.34952957656852907,0.025479579419657918
0.1677820563968493,1.2672486315403027,0.3122337503748241,0.022584313192856902
1.0644388582796922,1.4337476786885925,0.1006981010534678,0.0067365522419012384
0.7263972376629151,1.5768412153960145,0.3679882998164235,0.026920584815665925
1.7020860587522146,1.3396985215692494,0.33833722098382385,0.02460836985113923
0.4003982742742147,0.9302621144763752,0.4768772773363972,0.035516046802958987
1.4456746088556667,1.1869590288040348,0.1619304142519687,0.01119386387469259
1.1172955885367029,1.3953500113840165,0.46893530766344627,0.03488411092060249
0.3617442429169295,1.013833633380204,0.29028843094733897,0.020891658209785058
0.751354732534852,1.1304599557198751,0.19239524839491962,0.013458965644455959
1.6137734699958672,1.2410773887675914,0.05186047814398895,0.0033141195384945765
1.69490129976584,0.8739387875147064,0.28601915104484005,0.02056337090290666
0.1690288018179047,1.1492258589412352,0.21639269080124818,0.015260974221763106
0.7895059140741447,1.364944451346059,0.49215719140159403,0.03673389099852077
1.4114868102599358,0.025668394715773868,0.2906003456731906,0.020915656088930524
0.9715224614602593,0.7508487114811695,0.4909228047718433,0.03663540955599026
0.6329368045569153,0.25173091495591193,0.3178659101136536,0.023020074232686965
1.7363554428146595,1.6108942992927437,0.49726314527144827,0.037141433220417706
1.3603138801352013,1.789341729189184,0.08970333832508395,0.005953335150621255
0.5787631016712831,0.3719302097251236,0.05832862248305726,0.0037578158306143146
0.2230258505169993,0.1214099026704134,0.2647860074610449,0.018935759161359304
0.8374407998910054,1.1394053078926663,0.10940321504249848,0.007360902980688397
1.181586892089623,0.7020422029857147,0.47358233107329434,0.03525378184223994
1.5503522047326477,0.43115400227713696,0.20057623034488092,0.014071638865692744
0.9682582304846588,1.3313727998226472,0.3315482759219694,0.024080884473877826
0.30301909925094606,0.4171146279872693,0.24162879705229123,0.017170932635936487
0.18887892249619798,1.706952121421982,0.28818020506040637,0.020729503728320737
0.30139224766379136,1.4328160385220017,0.2315185262707145,0.016404012777909295
1.1279097236726519,1.7265706924151207,0.4909047826813776,0.0366339718497269
0.1265842379966926,0.8364088456277994,0.22745967920796556,0.016096770805423165
1.5947193493886191,1.8218694083065037,0.10803685244858924,0.007262670122716079
1.9032066007542667,0.2964746882608047,0.15467273024233313,0.010658380821774041
0.05020842046917906,0.36386458279731815,0.2087993907197696,0.01468921125159565
0.7372123582530707,1.8371281575000287,0.18004515548847766,0.012537492681334438
1.6029143028203519,0.718529835100276,0.4559097786746025,0.0338492838613607
0.21780271424711906,0.2506706575821085,0.18558834552564385,0.012950562477266189
0.14901594103023963,0.929892609349396,0.16606717430849144,0.01149982710327087
1.11717090466786,1.6876997356109797,0.2465027345220659,0.017541445338193632
0.6467152550908748,1.6272260241967136,0.2640580564123565,0.018880114136294094
0.4489807823619971,1.1204987971037583,0.32677993552718293,0.0237108398447073
1.868948446706314,1.7422969438691298,0.15438876040594807,0.010637463798796884
0.855695252343255,0.0655218812297762,0.4372760190532553,0.03237246232165209
0.22313269876634045,0.9045734160977965,0.15253487266445998,0.010500973141770778
1.5653555177764595,0.6551394788752978,0.2093012244606392,0.014726954805900586
1.6574833248843575,1.7138497183098615,0.3717175406727027,0.0272123274889185
0.5665077017782072,0.4870286904686243,0.06987383176040415,0.004558061676167324
0.2404972292488905,1.741358658963846,0.21084402868747693,0.014843030125626828
0.2808230116732169,0.16012214910856803,0.08832257581036654,0.005855427502257914
0.619141260736713,1.5495988798441978,0.24617537828216096,0.01751654403618189
0.33536461659427474,0.42133775845121324,0.28343957530881375,0.020365177291324775
0.35321946712926766,1.816512525476193,0.24976730317052487,0.017789898609062764
1.4168799928561557,0.4132449181457425,0.38620230456912635,0.028347386123395883
0.9350287531716701,1.2990319682820186,0.20542503849676513,0.014435585155432999
0.13101757051330765,1.306015134534558,0.05778057178184673,0.0037200837287028037
1.3842481423459907,1.7487358818241723,0.29396718088084567,0.021174804092557634
1.0392855164947896,1.972498769463627,0.4761316271012054,0.035456684954637774
1.9855048631485517,1.6136309377063842,0.4147448619835474,0.030592561195803922
0.9355087087106684,1.4716945665496477,0.4566179088723681,0.03390549011748933
0.42684142357517474,1.0254106522875224,0.32032093841947257,0.023210187490946242
1.201532377109471,1.1881434288512365,0.25695807723398295,0.018337946598291965
0.7586549534320977,0.4309590121066329,0.12020050464846693,0.008140062847930124
0.8468598428409784,1.3268215105062138,0.41620821458750684,0.03070796345666514
1.749361080395274,1.3849781642960102,0.40055428704618,0.029474941560163854
1.5524198145898782,1.1719406008572444,0.24956540429825497,0.01777452636143456
0.8650162559662904,0.39801992607529746,0.39050533803921755,0.028685152894941102
1.0547464984771158,1.525600076490266,0.4351651716555341,0.032205437054989745
1.1528042950925275,0.29155735800803817,0.37733202666704496,0.027651935439653576
0.722669369379914,0.5613527773671623,0.26653972049954594,0.019069857360948315
1.3355757448255305,1.3082505159032196,0.40246285589213543,0.029625099528984507
0.3265974514569796,1.036958063953872,0.17396233963805394,0.012085220657996693
1.669772472578382,1.7700564055709271,0.26763654352678845,0.019153757241969733
1.8714318704651318,1.9939893715879549,0.2647678356858127,0.018934369971119566
1.492723023598977,1.4583840530740446,0.2326796577605459,0.016491975463382574
1.831214867118757,1.354796319142439,0.39916488615649387,0.029365660521252
1.857886275335937,0.09169574849608386,0.05340118220425688,0.0034194780058157785
1.9857885591017197,1.0876687594808834,0.09278991658239388,0.0061725735189306664
1.7516621055215138,0.7008585344054712,0.27495319765288523,0.01971403681274962
1.4607190691097172,1.5998298450184294,0.054529427253716005,0.003496764654601878
0.3851194893586971,1.817340877466771,0.30225406178803405,0.021813520218906233
1.7027123472114418,1.9463108806694944,0.2777937639778391,0.019931834718227175
1.4688134909361674,1.3961029234314137,0.2733245708600287,0.019589233203090646
1.9738400324225331,1.722862664529141,0.3055291812703946,0.022066287143086206
1.484009304163165,1.195323201407719,0.1407993530595745,0.009639667137217532
1.5223137771625195,1.053488211566494,0.4008735449766538,0.02950005596593338
1.4108728433706565,0.7910890688327294,0.16613737437739903,0.011505023820562992
0.03288699744502055,1.4043145199417295,0.05606254400112934,0.0036019622543840557
1.48132261268665,1.1764985368890493,0.3685507975802733,0.026964576630286088
1.0946168782460637,1.2791632375016346,0.46473062532987114,0.03454984594098938
0.93769176765737,0.6744985210938204,0.2752895479124385,0.019739818099084632
0.38181223754817917,1.5147604166834556,0.26087747112215537,0.018637112747600902
0.3991544166551595,1.0880830090078608,0.3876763152018884,0.028463059548268627
0.9189760837656635,1.700310855287953,0.46747763478643056,0.034768204930494075
0.007213907644752382,0.27273950536029923,0.48219041743048036,0.03593921526409596
0.36721519150726323,0.9301224193469211,0.3962498982165065,0.02913647233338264
1.02827376500086,1.490463649018146,0.25650485825205555,0.0183033727450998
0.05410637752362435,0.9876394182440087,0.2977859484623055,0.02146898555371876
1.2316576309431597,0.6071729038445828,0.25063080182514724,0.01785565364207249
0.4436479840136385,1.1722599854193319,0.2322552485661687,0.016459820397259267
0.786186804881879,1.6446900535308615,0.33102839797097144,0.024040521676479697
0.693688275350421,1.3003451851068868,0.1015372254365095,0.0067965790103509055
1.6201913252766815,0.34613308334389825,0.4202938283894749,0.031030309239556138
0.21467680128299782,0.9233627769728765,0.06363472494125477,0.00412436413822708
1.0121471368749833,1.7281331583746802,0.4447496793113301,0.032964277080627706
1.2000086266032426,1.486626391844247,0.34317202908184946,0.024984469671814474
1.1941762490565946,1.2351050588179597,0.43913736590895497,0.03251979150398569
1.1480857024432138,0.2866870098612051,0.34944190190703894,0.025472747285770855
0.6074933697014595,1.208282040965511,0.45780392523301494,0.03399964099132025
1.2573062150922947,1.2195015567225271,0.37467005008763943,0.02744344898023884
1.8909967235638798,0.47681546039510514,0.2686989464702146,0.019235046832586766
1.9042998152871828,1.9503803435667333,0.2698821389066886,0.01932560471457624
1.9740022123865395,0.5780105710205741,0.07052763781325355,0.0046036687331940575
0.386126785998987,0.38953763542363906,0.08398129238008074,0.005548289104984603
0.07072883200458602,1.3411125810244138,0.10049107136530701,0.006721747668104544
0.23218001028081403,0.5767736785122097,0.07539496329674962,0.004944095922609581
0.1268434272174963,1.0661007075773283,0.24148882050093579,0.017160299300704705
1.9755821659474606,0.3747732122912675,0.2363687953940693,0.016771650150399157
1.0789689201081092,0.0877008064163105,0.31871557059999905,0.023085859085586892
0.007389963379240028,0.8754582239878912,0.4775263357007311,0.035567724104811294
1.684207089157367,0.8267474637560497,0.450374249995004,0.03341012187709918
0.9205651125870589,1.2317977634321242,0.16289259843474488,0.01126498135635566
0.16121502554104206,1.1161906820636494,0.4856400045615419,0.03621413237922335
0.971282196401072,0.799404194585964,0.41550818799266404,0.030652754772264285
0.05047289228730456,0.1337841483974178,0.4134511946228395,0.03049056396850513
0.6619724942030074,0.5442860195022283,0.06322295469333643,0.004095840932129467
1.4703616502370156,1.3619098049063234,0.27033436911695363,0.01936022425657055
0.6453904763376497,0.6338751408224705,0.35442981754440833,0.025861622700262932
0.5359537528812184,0.27844668045144916,0.43844873457837974,0.032465279978569545
0.6617743206871562,0.8243903667817662,0.21211424319740874,0.014938640743558584
0.4036807326023111,0.32775798189121486,0.10077676936011612,0.00674217831811159
0.9243676611113614,0.5836239679983011,0.13319735640028335,0.009084347422698164
0.8894530661429418,1.6595507734347372,0.21314725480208163,0.015016425950202158
0.009501279126050921,0.671660270658387,0.2711608924472437,0.019423507350835638
0.30095271463347784,0.3034761002091395,0.36625172837347514,0.026784800370091903
0.26954459698347244,0.562750322371816,0.33601194385022287,0.02442761819431985
1.8886723076854088,0.17148258217230383,0.08705269253066669,0.005765475269924941
0.7571544627669466,0.7321346454455389,0.11077797391952961,0.007459824950205839
0.1976406256084482,1.9376347054178484,0.38452403582338507,0.028215720570519874
1.0125401580577706,0.43532680668090573,0.17510438014740787,0.01217005207285192
0.6865718287827356,1.4844973385648434,0.18876518124307345,0.013187680979764733
1.524458743610142,1.771551550669157,0.37898744815444724,0.027781639567795887
1.3549778760680649,0.7784810936857409,0.46106320307722176,0.03425846248051597
0.17668614778471925,1.0791326655030453,0.23591925630051824,0.016737554238523182
0.7206697040740548,1.756841718870426,0.3630796892462087,0.02653688991886006
1.4391946438737233,1.5504011466221082,0.18451255076510203,0.012870328551302846
0.40991535406999535,0.9172581865730616,0.4383921563380999,0.03246080155116206
1.9048246128189177,1.6264998066088991,0.3586616013413811,0.026191843857904448
0.23056016034246207,1.9622317895456018,0.3754838702426246,0.027507176700214134
1.0042685207167228,1.1075676999811563,0.23939664620909235,0.01700141784301501
0.3137057846134961,0.806246652426738,0.1461893155211878,0.01003466189912957
1.3748775913266877,1.9034793122607172,0.07322659137792081,0.004792243754457064
0.3863688950259958,1.7207218061919594,0.12227503367640469,0.008290334074562996
1.8240493696868907,1.5336157244623307,0.4480450261495367,0.03322544359757908
1.9585398936668859,1.6700557754263354,0.1983966894698304,0.013908241690661112
0.39508957802067557,1.9496648078601915,0.20306938896161753,0.014258697740382353
0.0499256045759604,1.1995305569532295,0.3597101835778028,0.026273710156309565
1.2238261753567239,0.4299469035006449,0.23055113010119327,0.01633074994201861
0.7663949862047745,0.21079536635936913,0.25208668715818344,0.017966554027595446
1.6385842918643119,0.999083672763196,0.3481163197887569,0.02536946442933771
0.30953875941119535,1.14274177795775,0.07394067819830553,0.004842217793473887
0.2203572083212595,0.07624729798154051,0.3169113817051326,0.022946184466617763
1.3608725667676398,1.5125626266792545,0.2956649164158735,0.021305557996891336
0.6453391291107995,1.6011392792591017,0.1924923104666808,0.013466224232722573
0.21827982914592048,0.09683118154998671,0.21227645282215868,0.014950853312582396
1.5352477509822682,1.8520135831767195,0.43931338950634824,0.032533726343221575
0.9049939073285354,1.1808332915617261,0.36059741722965866,0.026342992298736646
1.4503398024277043,0.39726372723984205,0.06740880568911661,0.004386377581186201
1.8415087074698793,1.3269405000448085,0.4628745829398774,0.034402360041934976
1.5364148875442796,1.2884054926291384,0.0636919475544218,0.004128328941946225
0.6761526466219787,1.0315832709891914,0.40097346408081475,0.02950791637982408
1.524495590813065,1.0095512794360284,0.4017939375141732,0.02957246631019824
1.1440443184264513,0.5896813653416977,0.4335863642008293,0.03208054709777746
0.6031108301014034,0.5767235181847821,0.27954430815975895,0.02006613279396086
0.8615106813517757,1.865588483148475,0.48634106445297093,0.03627002031585992
1.913778641950478,1.7383892203223108,0.10668284642876806,0.007165410150963089
0.6789153856792165,0.9354423020683209,0.289714170506262,0.020847480812070114
0.8434214611804118,1.5537767159544735,0.08953589683188637,0.005941456570392083
0.7930578392236198,0.813422418377169,0.0795894600404321,0.005238687888834526
1.7538396232146671,0.5986776689057214,0.3123030425698837,0.022589671065567026
0.27589160968190574,1.097911764570996,0.3251994720435328,0.02358827070305845
1.9267815730723699,0.622489699113628,0.0938114882687908,0.00624524707395862
1.2730494622448205,1.7024950392412879,0.10250605009395758,0.006865926458552211
0.9116406330351301,1.0394815357757698,0.16286163562676395,0.011262692364103719
0.6749917975010011,0.8047020104286373,0.34682909757926533,0.025269196354880306
0.364852219548524,0.59698737635243,0.11378314166330543,0.007676358172479262
1.4578855406684244,1.4577114015692534,0.29776387755988803,0.02146728455491543
1.5053589171050872,1.1928771441624035,0.480994718342987,0.03584395485695891
1.8030469825815902,0.843075586957819,0.16542100530872597,0.011452000122590712
1.4624384328454525,1.1337261264146528,0.05350745186094791,0.003426752883961484
0.5297012335590567,0.36484285723493226,0.25285561195887507,0.018025143839985915
1.1775828212487598,1.9046840883281106,0.19940177809597337,0.013983576492713172
0.5871888991560499,1.0695700185355448,0.2846264430813817,0.020456351164285676
0.18345817387997454,1.0338285091509822,0.1009362900628496,0.0067535875988564194
0.5178962501382154,0.47256837676021757,0.16601431317146,0.011495914039273827
1.5857252165631495,0.3364561666441832,0.49714050793521086,0.03713164127228861
1.8080175488896386,0.06245023554545637,0.40197173809569486,0.0295864557936126
1.47509546809815,1.8904951419103886,0.24056265330504167,0.017089953627290065
1.2699199307081126,0.7360431882769229,0.4358951219716533,0.03226318960876175
0.6092444907485333,1.2089250408518528,0.0898216405647855,0.0059617286323661485
0.7764985806828693,0.5494632208229444,0.21637248168977757,0.0152594506490121
1.467101644229234,1.0378982205622354,0.461872989595559,0.03432278780012601
0.2147972807580938,1.9396216773356263,0.15254600028338305,0.010501792061711724
1.8005510709680566,1.1049369092931844,0.43126833928572766,0.03189723897406638
1.2363912064333344,0.7617563021248586,0.2962841861415476,0.021353264988810246
0.11070339385493178,1.1020876739345344,0.27856582744088493,0.019991058630757508
1.16395785049039,1.128898064404257,0.2617654963534859,0.018704938717555814
0.6609871270905598,1.217221629484529,0.4402094325901845,0.032604667212604646
0.01212318430304471,0.1925627094883242,0.38716227577429985,0.028422716698457737
0.86418828556234,1.0101030996009992,0.3091374543790004,0.022344982635814054
0.3576099516051032,1.8121261575528267,0.3588952540658047,0.026210084474009215
0.4191510465983732,0.6372528437375697,0.2646386645202034,0.018924495323507075
1.958549874810607,1.219819991854809,0.1272531987014147,0.008651646806437782
0.4222323761217226,0.8222267804642103,0.06628543763293572,0.004308279909379409
0.827890830829729,0.4084309213544508,0.23537783252363503,0.016696495157519232
0.46445360450387363,0.7240171358634899,0.3563853525461396,0.026014186444406926
0.9628957363848296,1.184441468938972,0.22624252916131843,0.016004709771800508
0.001516945072938869,0.5469460861993347,0.25620116203291127,0.01828020760811036
0.5975574330470874,1.1031447548867688,0.4752657331457907,0.03538775845139924
0.1945059590439726,0.9186179193086603,0.08743206090484944,0.0057923384198685125
1.3257080610511212,0.5068059259740381,0.2969142716309525,0.021401812262089714
0.45296197831771434,1.1274495078913493,0.2215530406306952,0.015650333983613537
0.5032903086492053,0.7695980210823075,0.3090640462054161,0.022339310495560538
0.32796763555076414,0.6211943378414624,0.09560895440196668,0.006373249239935967
1.49827563463511,1.9551150543359583,0.1718941486511477,0.011931692209078734
0.009029058840160031,1.9584589521516502,0.13161528921507876,0.008969049336989152
0.5042555341740771,1.0155411664423528,0.14676123126838297,0.01007663348827224
1.0502574842030723,0.8149198258015211,0.09030734417025707,0.0059961970328602805
0.16605866869988462,1.0453711308136864,0.2989265227637994,0.021556901150105008
1.8960883761470393,0.06545632793197731,0.1751262226772738,0.01217167492120437
0.49965912328863626,0.14701279114983024,0.13593219475080853,0.009283879666034948
0.5601035686814029,0.5263682083655952,0.12161524486354698,0.008242522185657183
0.8440843486084708,1.4556099773277087,0.34222374297448105,0.024910673487707743
0.7792619077289364,1.4545691846416158,0.3030267493925617,0.02187313768765288
0.6993041047481092,1.6429213093454462,0.44816983925829956,0.03323533803729174
1.2058138230878843,0.5260027269905814,0.18206367264770756,0.012687809220580737
0.1892238391829153,1.3200770700649054,0.40515793575481673,0.02983722043459716
0.7533808384764229,0.4850958700744421,0.0821296133739996,0.00541761571274753
0.5920871961639929,1.7177299033029156,0.09530195417578816,0.0063513751207961815
0.7672825503215472,1.8091057035372307,0.10824759618393646,0.007277815705278168
0.3749693778771823,1.0562989073939175,0.16908675130177128,0.011723494228666797
0.2300824761324649,1.876476025460741,0.06806412926208018,0.004431977920609516
1.470155899150249,0.8666484320673098,0.05635424830107027,0.003622000731833097
1.1911989006758759,0.09891846399651105,0.41442399255717866,0.03056726068605831
0.6484587895856353,1.1537410853097085,0.16364301123531,0.01132046640682644
1.2685048263911727,1.5556922387493315,0.17760322657011451,0.012355800661910964
1.0292233669006852,0.6426293611015368,0.13188777408359462,0.008988900738108551
1.2917647097839002,1.5895033354071741,0.06961615187697222,0.0045400949670530025
1.6790124261464585,1.4089834361711973,0.4748551742412045,0.03535508035226961
1.5430468886555835,1.8265123966982109,0.2053044694458615,0.014426528126237317
0.11254186891648366,0.5987485673387711,0.4698780292589214,0.0349590841102627
0.0378798032565244,1.1725669432928876,0.19552772002076507,0.013693347965219442
1.4381927859317054,1.7494285522080715,0.2757139327410906,0.01977235034639779
0.6245785738817577,0.37969774362547826,0.2057720577607704,0.014461654949596918
0.6856907162724895,0.7058469728161756,0.0837925712168264,0.0055349618365741655
1.4241769815889098,0.815738094936515,0.4504648094466659,0.03341730344068297
0.4671881501601307,0.8082139132857256,0.19542208548580847,0.013685439779828114
1.5270370551603887,0.7536648090573785,0.4123411245063502,0.03040305973612503
0.2768977715289138,1.1550763206186476,0.426053880688845,0.03148513143323558
1.383650778668358,1.1461522739097336,0.363242813133646,0.026549635218974937
1.4098090132989438,0.8569332692987743,0.42279937984647503,0.031228098756357632
0.670075138499566,1.463134108614797,0.14635590448072272,0.010046886314551333
0.1588465299690236,0.9809597543878708,0.40286564777208234,0.02965679574485319
1.9022693133367643,0.2935182092197439,0.332485413345197,0.024153653901369143
1.8134807119511451,1.3671803922471517,0.17573038952285375,0.012216568620234347
0.8940018191545707,1.7571363952702443,0.15776930221999735,0.010886643223957047
1.2470353700356616,0.9412482671511981,0.4667319939500824,0.034708925378912
0.3438506029429076,0.7088738188822548,0.31215321923337525,0.022578086395426383
0.4415280057372457,1.390532477853447,0.49544779628121666,0.036996504167345005
0.08707029016834023,1.9387157596487725,0.44935763292773245,0.033329508750887284
1.2316016511143826,1.8316505240770065,0.4016498220064364,0.02956112750712672
0.02524328355385741,0.4359212303689912,0.31084856944349887,0.022477224236946407
0.0012129221786914002,1.522798797770943,0.1099469435780362,0.007400017246653824
1.068561693699908,0.82118254927912,0.15594075851461542,0.010751815184805497
0.08803240829504033,0.7229787116339783,0.1206460523722169,0.00817232169727509
0.1583408060698075,1.0102505445881684,0.3683888285944606,0.026951908887611026
0.7602372278939535,0.20697681560757886,0.2533612097539186,0.01806367560992572
0.8450988097046004,1.1309198562500626,0.4679236184719284,0.034803664413376637
1.284263609618284,0.24607892132925802,0.49440760740552364,0.03691347680915658
0.9504599358048684,0.577341756546977,0.3969333765582716,0.029190199767078276
0.1470335094813091,0.4023417081195475,0.20488732478383187,0.014395195459824513
1.053274990032973,1.334331898884587,0.13274147013622564,0.00905111354614084
1.9461337203857336,0.46109771230965557,0.4595092393388442,0.03413504535262993
1.3582776012022186,0.8849513778201776,0.19250814817351408,0.013467408647164064
1.0752002151718207,0.35285045374083146,0.3581220668899102,0.026149727042412866
1.5926568787518738,0.14385004328605144,0.21565827796066184,0.015205612864316435
0.9146162769524604,0.7811086080149661,0.49214639833673646,0.036733029835721055
0.5464334802645832,0.7815079044713824,0.08643040817508443,0.0057214286956723875
1.0072849889238746,0.5896564563587217,0.2665420193349062,0.019070033182136164
0.06552310136603201,1.4643315905588306,0.4902093324794209,0.03657849532454976
1.0706603377173423,1.8808299873625864,0.19083639526806423,0.013342424702525526
0.23363390401341388,1.7538778971050328,0.21865354284037614,0.015431482522911977
0.5763233328234023,0.11372742057441698,0.3218209947369738,0.02332639886830141
0.5740950295646867,0.5176642388582813,0.46669735173108096,0.034706171429924444
1.649338394643782,1.6171237927779867,0.49744807047968254,0.03715619884351974
0.017607909965910773,0.5293844769366238,0.26231626869818403,0.018747013823973677
0.8431853346512772,1.0358874536963913,0.18129825927151821,0.01263079620459427
0.4930122686800398,0.03653719745992867,0.1951523781583852,0.013665249846859512
0.4337941952041493,1.7304519733048982,0.1907542737531296,0.013336287057528345
0.5288980114127175,0.7150597896041924,0.33263462154264534,0.024165241337518413
0.29551723462457247,1.9582154018849653,0.2051324407845147,0.014413606136858577
1.9770037434061416,0.4576227926452494,0.2003372825352664,0.014053719273642122
0.3404365557552509,1.6067306642855397,0.44635366304118884,0.03309138117747208
1.3465793470248084,0.5906738239950644,0.06576172068930318,0.0042719016910504936
0.1126986240809611,1.5407956063406865,0.37055981248311193,0.027121735408392772
1.1694209892403777,1.3544287418845713,0.4951010656135981,0.036968826960400776
0.80231182549899,1.6116413778430052,0.10634262951048734,0.007140985282165896
0.5402584543795044,0.8175385611926227,0.18571922761033183,0.012960325996909588
0.6477144359367439,0.5744059260099585,0.34798198243289197,0.02535899903411928
0.33000257553088685,0.6778925147470944,0.09506124660686988,0.0063342278291496764
0.1873967207496452,1.3143998600654367,0.14102716487683442,0.00965634112818191
0.8760056625262858,1.3785683745179647,0.18836738713689605,0.013157974513307802
1.389118110145971,1.940016823742166,0.2879951686601743,0.020715275526637735
1.8837232075167085,0.17184357511987236,0.14870315842376497,0.010219231069004575
1.6013004113885996,0.5096760896121193,0.21287279421172212,0.014995756675735142
0.014958925439038095,0.2752204250420387,0.24049949071049592,0.017085156884722792
0.6015787525727496,1.8916937752212857,0.2152350417092131,0.015173714461600053
1.9776123169037865,1.8290200524703142,0.36404083383132035,0.026611992372461864
0.6050965245019788,1.7252428957399948,0.14871423347795873,0.010220044691049823
0.18902947573836992,1.325438031390755,0.16080716601568856,0.011110878630630093
1.7873027948710036,0.1779558631321012,0.18531248681936352,0.012929985572398262
0.4758564048374265,1.506320942661919,0.46839850536764205,0.0348414245100497
1.1745527010639887,1.1526099538166485,0.18323658391208553,0.01277520742819433
1.428846186129968,1.9292434786976733,0.37265965546618884,0.02728606222081259
1.7857717077456994,1.2358746573405266,0.3792442042146848,0.02780176019908952
1.924998966702354,0.04464422561418302,0.327577047449456,0.023772673523205407
0.6494124099854168,1.8840427602378913,0.4960989736879566,0.037048486947325515
1.5779937364508496,1.3720929787988096,0.4849052361136208,0.03615556319788402
1.116077628748402,1.2515812096357386,0.1703960123070607,0.011820560233717848
1.0850422323995612,0.7895322293369089,0.3319723458388587,0.024113812067024735
1.7881723692444353,1.1260266176353577,0.10522787131338343,0.007060992368336444
1.4270564587967756,0.3226672729050222,0.24165062215488287,0.017172590620737584
0.19438124265090417,0.8468974112320433,0.15002132295963747,0.010316098501175814
1.9185328734331106,0.7731256112825933,0.14694484521084147,0.010090110891264423
0.7930584395920903,0.8468018337236916,0.48662006660046264,0.03629226369185011
0.1835343617025349,0.31072546842955706,0.3851605591651204,0.028265653205215815
1.9744349662848144,0.03081625828313106,0.3631781717753572,0.02654458457169076
0.4803002720337377,1.8214370598759413,0.49110993662402586,0.03665033815236565
1.6471803677996961,0.9510213330286872,0.46385785403404795,0.034480488218146095
0.7654602155213,1.9530554368422783,0.4719183950960314,0.035121386765736194
0.3434366816117953,0.8462152915184602,0.11224893550121598,0.007565763091182739
1.2019638158592418,1.0434342833182644,0.1934420233931795,0.0135372598756004
0.4243710046824729,0.2159046860189402,0.1061629155221184,0.00712808542219407
0.1663122338487062,1.1039338413100996,0.38838095944692874,0.028518367445135313
0.20802459115495364,0.8065330417181413,0.4026387378335141,0.029638939638168632
1.1401879408980429,1.502356725628389,0.07069145109892783,0.0046151003149951355
1.6540397411374563,1.308772130220132,0.33386225581484835,0.02426059241985479
1.6944446061288228,0.44234748211984964,0.26993494492091347,0.01932964696275334
1.8303152572635093,0.7957221883352743,0.1743469519613228,0.012113785600034076
1.452489584199375,1.6711362609116043,0.3161712011209962,0.02288889787073541
1.637181097574992,0.2422034499267205,0.22543744640209867,0.01594383485119665
0.9814330312420345,0.8575748254053657,0.4023348562013736,0.02961502752536149
0.0027436674918681625,1.8139890768963722,0.2336560508202145,0.01656596655593079
1.1859680248674294,1.0321638390767713,0.37565151868974866,0.02752030591220398
0.704497381874535,1.288135659237108,0.38820247932121466,0.028504357791057103
0.4067764342216216,1.1069813267737543,0.1838945182855845,0.012824249610939862
1.87623799301541,1.3178444517336625,0.4803482182324899,0.03579245550368712
1.033182469950433,1.3225034167671659,0.12628798816758638,0.008581514858491342
0.8984719328119419,1.9796969712549224,0.21770664283220414,0.015360054606788347
1.0971574893859686,1.417544916659911,0.14186588381289195,0.009717744597970132
0.455249216525468,0.4852235793413535,0.14154907801722472,0.00969454797028276
0.7852719235308092,0.33430812133931975,0.22820994006285072,0.01615353489784777
0.07827986963552025,0.7354474972793068,0.07058764463271329,0.004607856049665274
1.4409142968257773,1.00363657036462,0.33895931775749905,0.024656742097334584
1.7477542072602994,1.8207843027130184,0.42591031246491445,0.031473789894804954
0.03246207327460571,0.7992749375417931,0.07950765814485664,0.005232932261925057
0.4505755330202661,0.2293572329753626,0.20072163851584568,0.014082544290618157
1.5121973047852586,1.0327546010768625,0.2566479141631615,0.018314285323996673
1.2228823609945776,0.9620144660939012,0.1955554084949931,0.013695420873849408
0.3335575593432998,0.20249878874597593,0.4065753695418628,0.029948821118800848
1.3328581562981416,1.2596405162015436,0.27637231511831073,0.019822827079313814
0.22934763035758254,1.7006721419020994,0.07270280144442283,0.004755608643799545
1.1963837783842304,1.4150791874936144,0.2798443574312691,0.02008915778057983
0.9454475628196601,0.7133627292977118,0.23074829118423862,0.016345679624915704
0.31342753762376674,1.4937659931826945,0.14516116523340883,0.00995923681592543
0.6553462032148809,1.3700917014243714,0.3182559485689378,0.023050271404951837
1.1417559322570967,1.8938520485107144,0.202480180575834,0.014214475727167622
0.8480822504866568,1.9394384348099853,0.18818319652149995,0.013144220992917368
0.08345205304600811,0.6831146518487841,0.2629081508329036,0.018792236222485475
0.2512164928414202,0.22342768541464642,0.3266554103284306,0.023701181097652884
1.4760628036557508,1.013413687668222,0.10552584164050009,0.007082368448430173
0.19095197192521507,1.1721408816492804,0.3525321474643943,0.025713628882890447
1.261990730357966,0.6325567589810837,0.3558692625566347,0.025973917352604257
1.2475368885119942,1.7434291012693033,0.21296959294930295,0.015003046254532304
0.524439896564683,1.421704507705279,0.2144300848758683,0.015113058551847046
1.7912457419322334,0.33890989626964396,0.1419262912256495,0.009722168055198434
1.933138099562886,1.7284585096130607,0.3820456804936826,0.02802135821356619
1.5181247897126193,0.31324915915956564,0.42857594649105246,0.03168441139284015
1.6300805721721137,0.39570856054663306,0.3858603156174951,0.028320552787463735
1.2148956714855508,0.23564923391634496,0.21615997915109042,0.015243430594822558
1.1795469073258658,0.6304596941306302,0.4269970834397658,0.0315596486962335
1.642362533316349,1.0274326307664996,0.42372664112276787,0.0313013177689483
1.1211427601743749,1.6089504119834135,0.17378224563459369,0.012071846674417559
1.6120389411961666,1.996355796421157,0.1856277367126744,0.012953500924420151
0.670440058295054,0.5523941720004557,0.4632979079205453,0.03443599494684513
1.3633773959292113,1.6054181428625864,0.39379857703771326,0.028943829503595284
1.203210060534652,0.013697877785939783,0.4637090537505098,0.0344686641983256
0.5769661894635854,1.6707321206008336,0.08227947551104428,0.005428184018458808
1.3352403099466297,1.8210495375778375,0.13727856926029963,0.009382212529212631
1.6200442492331673,0.6406348959066914,0.4700035759736608,0.034969069429829254
0.9026768718163489,1.0999765516914932,0.15649415870904432,0.01079260880716319
1.286928772431068,0.9738053504634778,0.4753822570993649,0.03539703343481068
0.8187459598088627,0.6804459745212377,0.380801614178263,0.027923826403917527
1.0741690231759489,0.8409542010928241,0.05650821365854283,0.003632580191599738
0.887321244697751,0.7241017137867076,0.3897561507835653,0.028626326868062376
0.7646122747155462,1.2414336379627529,0.32889228686253014,0.02387472214905598
1.8611531873682816,1.6955369047070181,0.36752348230404436,0.026884235877102473
0.12763118664166573,1.5331825756597548,0.11463905034613397,0.007738102189027114
1.5205046569201073,0.11047514026926031,0.34661072270305493,0.025252188605587596
1.39328039283521,1.5941992010251231,0.058847196807101376,0.00379354108329569
1.571901487667569,1.6819740697023264,0.28925909933131577,0.020812476839862107
1.502230584415166,0.5981194809920232,0.16136651156532233,0.011152197930608515
0.49276155013596457,0.585857671157767,0.1685227122920655,0.011681693456430789
0.6511273610349273,1.3386647962118734,0.12238632203315614,0.008298400391988444
0.3209512659809455,0.07662631162226319,0.310997249223799,0.022488717162311718
0.11228046700252725,0.9348495999387199,0.4213880297055692,0.031116676074223623
1.748917430638451,1.0783140179349626,0.34912175232955794,0.025447800321015623
1.763147786397566,1.4226099770186118,0.3169952272712842,0.022952674312958863
1.180017332546653,0.7247722732078363,0.31115651572293007,0.02250102886007571
0.00439900072124666,0.7828210042102488,0.34077773322616767,0.024798171327483503
1.1873170141599223,1.9631663435907631,0.20451746156353307,0.014367417889073003
1.3962327965888917,1.7877501468529333,0.14455251725312712,0.009914603762926367
0.7113870045135224,1.101398278145179,0.22908695252416106,0.01621990523057045
0.799025869236323,1.4159709418037065,0.22232225557281854,0.01570842691258978
0.11946411598763151,1.7875182047172677,0.058554750914136956,0.0037733914260948335
0.22806402531942482,1.7877117884423812,0.2688451324691962,0.01924623396863627
0.07716180343127244,0.8846134089996149,0.196783951537629,0.01378741658253464
1.4182039980886352,0.08579267529249557,0.1660386522112636,0.011497715734456702
1.6923311788446092,0.9608541696289716,0.09147072449126098,0.006078809283446448
0.5638827668448698,0.7116729934610109,0.1745529844463096,0.012129089306563971
1.497303413482799,1.4240174700619006,0.47703542036993135,0.03552863752768732
0.8318099628564624,1.7063655195819725,0.06742165991567448,0.004387271742534733
1.8621418768756992,0.4208192743329606,0.22790726384740367,0.01613063312320978
1.206969369580895,1.4412542679155245,0.3095526629153333,0.02237706692996535
0.8843110396600498,1.7105053371702672,0.4293602524641411,0.03174639951518539
0.6693873631117171,1.7727127730769825,0.4779462993515646,0.0356011637244967
1.6679849052975073,0.9139925861343496,0.11188604100902413,0.007539618605801095
1.9874359255504923,0.5442674859996648,0.09671688774820508,0.006452230970499907
1.7075154016257248,0.3341351005286386,0.2597637670541266,0.01855207230456113
0.27797039503839405,1.9167474147735801,0.47757991764619945,0.035571990456108316
0.6978311835469637,1.12174661508502,0.32248421449280407,0.023377791320575124
0.9029829449726605,1.35036611793733,0.47425519912136016,0.035307329331333466
1.999946299366059,1.199805521091055,0.471845814281303,0.03511561243056302
1.743373852725721,1.9491865519544729,0.18039096038488095,0.01256323613767505
0.0004734509864772196,0.7485644228655834,0.431012906863765,0.031877043671403954
0.6063090538013884,0.9813273749088274,0.2605994673202434,0.018615882526126427
0.7788375087703172,1.2815317244186857,0.11759524719851455,0.007951601306411935
0.3522513772549911,0.10054553398565624,0.18160609988834087,0.012653724203187272
0.6624105379318808,0.11324704526794904,0.21310002011849238,0.015012868635966362
1.2342015124316055,1.315861043334324,0.1891842006358727,0.013218977179658064
0.6924375178720727,1.9134418684099501,0.19593727368519576,0.013724011427589469
1.3512950231305911,0.5768050097819788,0.4278023995213106,0.03162328128167475
1.2320348547712274,1.0105192757833856,0.15933274944994935,0.01100200990995365
1.4908585899913323,0.8729563306265715,0.35149650207524885,0.02563288504890955
1.4187419894234772,0.19477238928359264,0.16482863660362468,0.011408166558680223
1.280597271425753,1.5667473148292475,0.4598243824691138,0.034160071964553736
1.0382893071161172,0.5261951551903206,0.3165943542855163,0.022921646861044104
0.27534676221819265,0.9853103106999415,0.114865154715819,0.007754418353486872
1.7012948212107475,1.8300017520676155,0.4891140313512885,0.03649113343887009
0.11451587365800897,1.8658779518278155,0.2697841772975938,0.0193181059947927
0.30526961078115966,1.9069751287174619,0.3270176509034957,0.023729278847531194
0.025741678655022193,1.1713846588113137,0.39071509359519885,0.02870162425342131
0.36573343879655207,0.3437882495858027,0.4425741058672935,0.032791929196531434
1.867573505143575,0.39492103813299506,0.38575989164613184,0.028312673575058494
1.081118519893036,1.7050351144279448,0.30832332644021804,0.022282081387223006
1.7488399094098366,0.28582528254282136,0.08101591481482495,0.00533911932052357
1.3129805446913718,1.5941732484297777,0.3884211215044215,0.028521519994807818
1.9693292151079687,1.5108539614929082,0.37666623630972074,0.027599781079753992
0.6414204814748496,0.08105167287798043,0.14143988974557598,0.009686553997686517
0.283319253564311,0.32769806168356697,0.2837160765137374,0.02038641545931893
0.06823320684763923,1.853467516792245,0.1750690334346202,0.012167425925212067
0.6026528807710037,0.6171586666357054,0.17919494707445932,0.0124742134065873
1.5473896911177498,0.1576076133342823,0.08270600463709366,0.005458270194006524
1.9938872821328135,0.10740141149980942,0.05851606711646148,0.003770726613770994
0.7395313744569634,0.23541007413761328,0.3459963008275522,0.025204339389192653
0.685717122027693,1.1266662143906416,0.1302448598863953,0.008869252247666857
1.3946057919369772,1.9805648895297137,0.11284117638729954,0.007608443199718152
0.24603644716367046,1.1640741389144043,0.34102793336702164,0.02481763499599686
1.5421986918373927,0.2796859436807566,0.4492987310619158,0.033324838485257295
0.5567056600877909,0.43333057510729,0.36572938713566605,0.026743966610134104
1.9465101536461433,1.6889500217801003,0.16306432286688413,0.01127767699961139
1.5335750752260184,1.7922994325926485,0.30689122048378964,0.022171461673700647
1.365325780109098,0.3672603007842612,0.24609237037329995,0.01751023016180164
0.03692082202283076,1.3743806699960088,0.4765249469695867,0.03548799668455272
0.7031351051502941,1.3766903762098366,0.23982256919822048,0.017033755050103093
1.917519051455132,1.9535138334426436,0.35858975452561787,0.02618623514230931
0.3640646507733849,0.9277160018563715,0.2883769482012774,0.02074463280037889
1.7491535109539642,0.9450766605185339,0.10133795448357222,0.006782321051501483
1.0223767311830296,0.39371041192678646,0.06959238637759219,0.004538438150373546
0.21694729484971198,0.7164320662018446,0.4583131478486075,0.034040070351434006
1.1487902383914577,1.0021199893801804,0.07999909202068406,0.0052675159551501295
0.27043661563100785,0.14855909974743775,0.10177597331841379,0.006813664109911496
0.6615842292959591,0.3289985002591249,0.3906851139035369,0.028699270017384176
0.21807284301116492,1.627358559907733,0.42242468206209616,0.031198514766127648
0.34144136426003935,1.0111464471249512,0.13284061096804733,0.00905834019314226
0.5287471454043311,0.18500525644648835,0.17965088831045367,0.012508145611340239
0.9294693573083561,0.25566550979814595,0.45200925346836096,0.03353979656814125
0.3573996595957858,1.965014672468446,0.3302223888757085,0.023977952596086316
0.6763732017752693,1.1750637000328057,0.4826552659030569,0.03597625377925108
0.05018480130073466,0.5431017671278469,0.09251470987748328,0.006153005010632852
1.5749546197255686,0.7432355838178626,0.48198372626560865,0.03592274717495074
0.03190492922318655,0.8275940670869384,0.46665416030531864,0.03470273786526592
0.5969538473453342,0.9140137479258359,0.22475586462198843,0.01589230996231622
1.3218028480274204,0.8686508181510473,0.28114556648810224,0.02018902880854562
0.6218930698907292,0.32133288562520623,0.13680106519426005,0.00934733022821813
0.5130186561178707,0.4945846501942306,0.10490051898399089,0.007037513268667532
1.387907238426569,1.1507707296121732,0.4638888525123684,0.034482951462941475
0.33620801166453407,1.42706830101589,0.11019943615603972,0.007418185378617965
0.893800856553123,1.0564824961603974,0.05343359429110649,0.0034216967270229892
1.1765241767988848,1.0307396641833875,0.08384366223374513,0.005538569620337382
0.6645421139917336,1.558678019382494,0.30502983138187695,0.022027736224557438
1.4585883672014013,0.8913513777405435,0.3325798527758047,0.02416098798001475
0.8075273705848305,1.9281576406741778,0.351701243218394,0.025648846340705796
0.5175385262415848,0.7002193994266299,0.1675666844815472,0.011610864565951099
1.3625491814715822,0.8395409116603281,0.2230812393780645,0.015765760757064165
0.35606692217557057,0.2041038313609842,0.33530418283716895,0.024372618640327772
0.9250413910669955,0.8966356564100597,0.39850103689976246,0.029313455810931238
1.086869086254128,0.4386054632031626,0.12711870698108355,0.008641872465424883
1.5094671117353684,0.917957953807049,0.0745047711924656,0.0048817183598330975
1.1513017498734925,0.09716331973155312,0.14176490509602507,0.009710350513657462
0.9399178652847375,1.5734234552116617,0.16193156641000103,0.011193949016224131
1.2980332171929543,0.6047283294401382,0.24384860259836666,0.017339617092177795
1.038441444984008,1.1470945561840133,0.3996550216477226,0.029404208329569394
1.6107365434246175,1.8507501934329265,0.06394181282117727,0.004145644323445464
1.1925009029664615,0.7471212505557017,0.103262427278371,0.0069200986077641745
1.7689714140695076,0.4459783600947742,0.1202588351420065,0.008144285663295
1.2244964425455884,1.32042126855009,0.2990922544291799,0.02156967769381748
1.4433863982152924,1.4292344351350579,0.06051722723334055,0.0039087384125239205
1.0282504320543744,1.6408026519831178,0.1703373291988453,0.011816208480224806
1.5002058782895191,1.0906717159829067,0.06695030590961543,0.004354491284919829
1.9865453725431919,0.16794154242133885,0.40083679388489474,0.029497164873214368
0.8086266945079996,0.7883105853605237,0.23994400016968281,0.01704297513895711
1.545735810447525,0.08407852342492639,0.24195896477472972,0.017196015549176883
0.21171774918911934,1.662316574098543,0.19623737149200532,0.01374648269011764
0.8198110489170303,1.0925744831092572,0.22775193886663103,0.01611888138667087
1.1963948944242215,1.9929034985216043,0.41277416561776453,0.03043719342343312
1.3308852586753448,0.8387785390634401,0.2694845191776907,0.019295169070721676
0.02896142918082134,0.6350126923306094,0.09910320407234632,0.006622556614732144
1.9560881921469395,0.3132261337605231,0.46459731329240855,0.034539251267064086
1.237317392064271,1.2398613220338262,0.25712266852902804,0.018350503502831992
1.9408059117271053,0.2392054624540545,0.16018669962636017,0.011065055887273115
1.6922731480961033,1.8450506242722247,0.17070811193807453,0.011843706290846755
0.5518409024577957,0.12672556362994203,0.36321467739851815,0.026547436871497083
0.7338296957705064,0.6678034881638555,0.1686731644194021,0.011692842478522328
0.8610640327145433,0.5726338092162786,0.37501998876412806,0.027470850418092538
0.6787003980366024,1.8978513524338039,0.10329159532493976,0.006922188188882956
0.3843232768798399,0.11366981848299162,0.49352818884620586,0.03684329145862073
0.9906228026549129,0.35453738193783124,0.13818110613120754,0.009448166883928065
1.2860459958059163,0.483299891523044,0.48922018376691745,0.03649959963001713
0.01878677350311908,1.0583433624553402,0.299804976695158,0.0216246282632985
1.3979917678235314,1.19055358101687,0.43557278320351794,0.032237685834479314
1.2818601504187994,1.2593657931784166,0.4176371130375886,0.03082067562880609
0.2660152323114029,0.7692976421713895,0.3658353337114691,0.026752248604547342
1.1612388277901937,1.1947556872422938,0.18263305710649358,0.012730231447730687
1.9374454019668559,0.8062490036935217,0.21777404022652952,0.01536513791600502
0.20192158351160372,0.41311091141001977,0.20810348122582029,0.01463688137337534
0.3532022634560499,1.967080308001194,0.1262762603127643,0.008580662942424438
0.3119899191433626,0.33749370618589536,0.18141888876353618,0.012639780380879699
0.2694566198482695,0.4316767385021354,0.3288227956275747,0.023869329660819047
0.5966284914021269,0.6052629600745403,0.45471443362256087,0.033754419682256676
1.928772275228332,0.6805139296370233,0.3152045244307153,0.022814095447390926
0.24738001343823535,0.9653498207732367,0.10467785576562305,0.007021545804451911
0.4027194119429873,1.457160237752815,0.44421883480803587,0.03292221845744222
0.9052779903110764,0.23631466673161539,0.26568159911506345,0.019004233217545387
0.015574340377002782,1.7236170065816212,0.1522618458572873,0.010480881447320086
1.9955013098989929,0.30774089065807986,0.19019024630488257,0.013294137379939409
0.1685377830395327,1.2876902845228413,0.35552409535423757,0.025946987147162016
1.4316271815034394,1.5564396883822529,0.386000303693314,0.028331536414952084
1.6307408848451974,1.2936671865391653,0.12952021430447,0.008816511503502312
1.6974783467953347,1.5217868690870908,0.08854020805410098,0.00587085248605283
0.4402104891304779,0.0624639461655796,0.2854472805521159,0.02051942234669985
1.2941415622311583,0.0689378555254061,0.27909527867839967,0.020031678646420678
1.2273740435675147,1.1335649716488985,0.13320254800385317,0.009084725933206715
0.7766440676365696,1.562591813395573,0.4052843635682836,0.02984717354955617
0.973623757632712,1.6959658347481084,0.19524631747353777,0.013672281801077567
0.876185511621961,0.8149619128084036,0.17402333486193963,0.012089750448659833
0.07613547028729317,0.5266970101459674,0.08890360613776865,0.005896614652470053
1.7121172598253678,0.6916056095689649,0.4149578873393092,0.03060935896160465
1.4755614866673465,0.8259766334135064,0.05117734092820104,0.003267473036812854
1.740482627781001,1.0883105641871376,0.10290187625510358,0.006894272318190786
0.9461897789534799,1.221375879279126,0.29173857909913686,0.021003243767805886
0.9282391954494513,0.9275815494595765,0.36178819970268944,0.026435996390659484
1.9837070565183348,1.5337863590778478,0.4642270762490439,0.03450982861229942
1.635550568589419,0.41003648397083947,0.2586201613237297,0.01846477480105519
1.8720373011221785,1.7857444930409374,0.38748724379357474,0.028448220413870386
1.4775518629101931,1.479376754227655,0.18401961730891397,0.012833575816717624
0.13014149461166435,0.06598536147086054,0.47012505806856497,0.03497873164630232
1.1876050931271849,0.9927869969892877,0.31241558287972937,0.022598373182247517
1.12708813579705,1.2288386591625062,0.2089683884385981,0.014701921086845132
1.3656471216422446,0.1887410390813844,0.05990011556981123,0.0038661446755415356
1.9804177986457252,1.7806752387392502,0.09871291613664673,0.0065946798908698735
0.3624552948100599,1.2891907780245708,0.42046078817200994,0.031043486605830284
0.32037092440948767,1.767022318602371,0.05959432373162196,0.003845049778085737
0.9261991831522876,0.5174130255376119,0.13819856832032343,0.009449443255658488
1.0262617323768746,0.7545140896710061,0.3523532334327582,0.025699678724229204
1.9104650519847994,0.18234928897483882,0.4615828807038831,0.034299742131017275
0.12697553042427678,0.13872393879178313,0.41852995946441646,0.030891117283527947
0.4361440843223747,0.8903521254444937,0.19811856163769864,0.01388739971186721
0.9205314528153741,1.0383368246362752,0.29961062918953785,0.021609643262373673
0.050544433971444924,1.8631580826077947,0.4666762427847746,0.03470449334106634
1.806276208271875,0.1531722653430576,0.1812956782845465,0.01263060398378652
1.7837249965159412,0.3953157439118451,0.22754092674848625,0.016102917301626482
1.7229361087810884,0.035902234954845014,0.0720997474051143,0.004713452170014799
1.6134714485824668,0.09698458935552434,0.15286762310835586,0.010525463177264945
1.7651213875565053,0.8022308987291848,0.12014290409178757,0.0081358930148365
0.42331466341923374,0.35951535036428384,0.23176655034462168,0.01642279954006956
1.0021555921120884,1.2786219935340777,0.35403637944620386,0.025830935094988242
0.8456905229895586,1.35528366265728,0.19884889608822998,0.013942132859980597
1.5397546210649957,0.7034458018525072,0.4493834922421688,0.03333155912147745
0.4068464434687933,0.7601983265551349,0.2973351069265887,0.02143424103877485
0.4745831689184614,1.0295528046721107,0.4874769735314915,0.03636058588107766
1.6548985495379192,0.050410676081334316,0.0675980399896351,0.004399542220599709
0.6456308485048845,0.2390825825713283,0.4002481209259362,0.029450858318194904
0.17908713047998304,0.794458624785181,0.45820595134935105,0.03403155930546987
0.24314193604274736,0.9789678093028797,0.06412783812053001,0.004158538700341983
0.2630891918297684,1.9976642038459598,0.49262125207799445,0.03677091895076292
1.0952813177698655,1.3996103582110277,0.09266835839342155,0.006163929657890833
1.4611407886685974,1.7823126566832217,0.3268299798656113,0.023714721585275027
0.911056506077446,1.2368347996355507,0.2943449881329492,0.021203897044995413
1.4622234710565594,1.3626417900221812,0.28435637485098564,0.02043560251128588
1.6833772323972902,0.7528842479052142,0.058762668423321694,0.003787716327125639
1.240701216600809,1.1803446507735122,0.41958048132291,0.030974012112673185
0.7377399618598264,1.3760504658082917,0.16841869230690742,0.01167398561790635
1.8708205113259924,0.3276523431432308,0.13073195293467663,0.00890471496548721
1.621899343430637,1.0103142980620836,0.2868412073743401,0.020626556995794205
1.7861363024672252,1.2676394059505025,0.258693612236247,0.018470380900442278
1.4709931005690113,1.5089337509945788,0.3192712490718539,0.023128888966513706
1.052115175183669,1.3451806345936723,0.07672163383363748,0.005037152587715027
1.9209265434720062,1.670998559191739,0.14415790524958622,0.009885673208178975
1.3715969894869304,0.5009019785357796,0.06765317837124002,0.004403378562668504
0.9981033135313353,0.1473401803099692,0.4875077917429365,0.036363043207493236
1.6588381329153852,1.2198980438735352,0.07437662514333943,0.004872743125922865
0.8267798842580651,0.5849730373932871,0.0785652199150062,0.005166651352916094
0.31126629345547374,1.6938943602504353,0.45601812710610595,0.03385788338652996
0.2996972858888596,0.9490991211746231,0.3953195371103241,0.029063348011693597
1.6417379503552638,0.8235149750710424,0.43602239292077694,0.03227325977532427
1.8259773440290425,1.4906110397840644,0.17633014346719356,0.01226114494556629
0.03559965168459622,1.6237633150582778,0.2476999768990059,0.01763253646516814
1.2719078685797423,0.19279637532654226,0.2243844282970927,0.01586423538036058
1.4508890494465378,0.8141289073676103,0.4381814442053776,0.03244412306957987
0.5613183075508741,1.4745615800600713,0.175019661762094,0.01216375782918892
0.9266598012839546,0.5397700361694688,0.17354069242074488,0.012053910162291804
1.1915511050677126,0.8408892054261441,0.2246533152495659,0.015884558567308058
1.7735438922464015,1.5460141172884307,0.14640924885230952,0.010050800965184473
0.784239304333284,0.3915430196756988,0.34146181733572195,0.02485139020518424
0.16520584728298138,1.7814946456645924,0.08217603669752563,0.005420889352000691
1.5759587591126676,1.3701072913387304,0.4819555676044752,0.0359205036753422
0.6754770500657867,1.0963615475228476,0.20074967179519881,0.014084646813034497
1.8321507586846364,0.5228722586919958,0.25827492103891686,0.018438426003650643
0.23009768541711817,1.6039253402670517,0.45531216426391147,0.033801854235863106
0.4299393245093903,0.9406732291044981,0.3143420097087145,0.02274736654256725
0.5920974805355059,0.22631408578125645,0.37886238628943036,0.027771839463282252
1.7456984201047316,0.8414988000981765,0.4612065757701767,0.034269850710036444
1.923092137657137,0.3963413714825321,0.11920671789390912,0.00806813978691631
0.7916982798401471,1.8857141190548548,0.33221699136188043,0.024132809283933163
0.7808475629843021,1.0033086043102617,0.07782885201673977,0.005114901334047468
0.09922935733645932,1.2662886494470418,0.48351163871108926,0.03604449488141494
1.4210299076195356,1.9138603615403338,0.23036693564042254,0.016316802930141455
1.5187291796352127,1.2547073639562016,0.13635273826526764,0.009314587000983338
0.7681999281110083,0.22709239452864471,0.33432926315509204,0.024296871514370023
1.7073952717504284,0.7574372290837121,0.357331929105598,0.0260880556816377
1.155797791273295,1.842079524571613,0.27821068601741444,0.01996381481841172
1.6953056958666892,0.15030999285200997,0.0932150373157194,0.00620280949699649
0.10117303027465674,1.3656788486894946,0.18863178770107486,0.013177718935605579
1.7334474851025945,0.4641042295090212,0.3254595465458963,0.02360843735171892
0.16611096021080063,1.8598346749666976,0.3356725806485911,0.02440124554716522
0.05350021446095998,1.338222203493861,0.08973582829736612,0.005955640221048054
0.16698570020426673,1.4474067184586026,0.47197001452329757,0.035125493506367796
0.15679361069292574,1.5623805611143515,0.23910250311050874,0.01697908803287465
1.422427506274863,0.3491626432339019,0.19240847679713408,0.01345995488855704
0.32305899226571944,0.8243316372312237,0.23256029381234167,0.016482931527873685
0.5874792390030508,1.676833113536427,0.3348017500805566,0.024333579844722026
1.6417534731574865,0.5010892776667246,0.3076419095179826,0.022229442481155562
1.38093802092511,0.5874259413707985,0.38696762197797424,0.028407440840856307
0.6054578787202887,1.846112170072513,0.34763818265543966,0.025332216982807302
0.7109142217928204,0.44626726576271936,0.4640386764846946,0.034494857146790944
1.8769208923106866,1.73245559123714,0.2656753838711771,0.01900375796505146
0.11033263792208614,0.9430399535882654,0.275434583450688,0.019750935760727253
1.683993970528446,1.7696444036081838,0.30528532499791294,0.0220474603546049
1.5259433249322463,1.8389059494027167,0.16780753451658664,0.011628705715245139
0.5659441694088294,1.8049997709159291,0.07089464626786522,0.004629282670228788
1.8856647929832249,1.8781394021099775,0.20746648341595297,0.014588992023301729
1.2550535285063076,0.7219247081550864,0.30669466959584,0.02215628233057421
0.12603389611584448,1.7045339059901323,0.16087997984335972,0.0111162568852087
0.744843679652949,1.5709464092238439,0.36200283432790314,0.026452762321221193
1.849404265745216,1.2568167272015924,0.27655304172535533,0.019836684444180106
1.8177675426785618,1.5810357005366606,0.4683727986030502,0.0348393803979644
1.773817776859358,1.3708517176893282,0.4456238974922365,0.03303354862725906
1.7046760225372997,1.0965522202137026,0.21164389707097997,0.014903232589992302
1.6283788190740045,1.8936168675729756,0.29704882915623765,0.021412180667321538
1.2979961091822056,0.6702612298463575,0.4842752382771108,0.036105350269974676
0.15121451244451523,1.3161617053817627,0.1065625124761839,0.007156770515058502
0.04471038581195086,0.9588612886056862,0.4342254266045127,0.03213109570538547
1.7483975899027062,1.314740451747178,0.17356220944801148,0.012055507837357909
1.3702703409637518,1.1483107680819684,0.20557859175417392,0.01444712045697941
1.42329729048133,1.222929004991199,0.2055818851311184,0.01444736787013771
1.8212356427971237,0.7451446008690426,0.2217597592002296,0.015665944492727638
0.5620691858076714,0.8193765115525098,0.41217838639662824,0.030390232836387372
1.7905093739626095,0.5048170130010543,0.28444398235669566,0.020442333023462825
0.6397166113976589,1.6627146961553942,0.43184252184632727,0.03194263869237802
1.2398317366613245,1.7713083788632593,0.38454382258939485,0.02821727267498417
0.164257855374915,1.9502430524117584,0.4811517407579837,0.03585646377833021
0.973299010131603,0.22415571612872887,0.08213291986733687,0.005417848872925406
1.5675482037351147,1.5401993488590309,0.285306783351687,0.020508625990105098
1.6983531944355632,0.6309149605137987,0.45269814887175164,0.03359444364231572
1.830927582818358,0.49617519137361654,0.1663557167879023,0.01152118807463792
0.6313633095860289,1.3058045880891724,0.3453697497869623,0.025155551629539235
0.5880486137945637,0.3416026191271062,0.49952165988170805,0.03732179351921914
1.5592530073993136,0.18538125096842695,0.345777402988144,0.025187293739367612
0.3315155898125741,1.8716211201632986,0.16096907204330624,0.01112283773920049
1.5396179774740164,0.5334273579312008,0.25893377612947416,0.018488712040375724
0.3877053093262586,1.3230516519994162,0.2166922133350097,0.015283556492368823
0.18167731590863312,1.5530859334287128,0.47348069452722713,0.035245693963913534
1.8963474130889795,0.8324863546559915,0.23374250824766968,0.01657251933168015
0.42173974033423334,0.3027931659974621,0.38671073805913947,0.02838728215779535
0.9563050025382203,0.8052635935268446,0.07930106711124937,0.005218398221631582
0.8374909059609623,0.25757011231425153,0.33607317937357284,0.024432377134850785
1.55564157076858,0.23117152918267236,0.37413006028982865,0.027401169331769965
0.8293682734132835,1.9160028328861476,0.18496907771282206,0.012904372888698916
1.573552290265919,0.5102299159370856,0.14953743380877071,0.010280532281984514
0.8572368191178537,1.3712204027731953,0.06186934399791652,0.004002167440041234
0.8279046053412746,1.9677015338584392,0.15400215711477644,0.010608991133890225
0.41873998766704346,1.539364254509682,0.4281926767934034,0.03165412227416748
1.9326338416692574,1.338901585811982,0.13151489109170655,0.008961735724616816
0.907012942581338,1.9372567025439447,0.2918280371626596,0.021010128614933034
0.6448245161301827,1.4713758768405825,0.061067075816247096,0.003946714842124821
1.7118525728409575,0.38216679462604697,0.4194792169850952,0.030966020897901004
1.0244776737788197,1.9766026090295261,0.15508376948168523,0.01068866238235174
1.8271231284727116,0.20570842494273744,0.416480400400958,0.03072943154407263
1.7867369830914395,0.1652283386434028,0.1123815471052641,0.007575318459562197
0.032808514558126056,0.1208175563929259,0.29901379577275805,0.021563629117975512
1.6714396651332313,1.618680765192791,0.38083469556051214,0.027926419620577892
1.5251318120373332,0.9671854298747942,0.16331256046229775,0.011296030916444455
0.8671690741721692,0.22251936921385052,0.134648144421035,0.00919016124763907
0.28334084066807885,0.0023563117160569913,0.34856878767526556,0.025404715462312856
0.017364565111863017,0.17231531846609194,0.07441534858921912,0.0048754551687963735
0.8557522550350445,1.6750708901885072,0.3822682848986524,0.02803881217756896
1.2722334060034401,0.18228428313118084,0.3657010597799388,0.026741752248521076
0.12675536843067192,1.7599192917745905,0.11056373315730675,0.007444403470969278
0.28351375496614706,0.5959954865915902,0.4132552415097814,0.030475116263174503
1.359579508179205,0.7975111053547876,0.286899803500383,0.02063106137421897
0.972865602252974,1.5218757903295532,0.14742560158236595,0.01012540427556061
1.120247259876027,0.37989510783190195,0.4810445159704165,0.035847921869031414
1.055155417304551,0.17396024936215548,0.3607924692391316,0.026358225063323523
0.7929968210029004,1.3187667282653057,0.25931866089825933,0.01851809182746019
1.4517861635620073,0.22550052035626345,0.2810735016288468,0.020183496815881437
0.7118333924403917,0.36090431478008234,0.13613656220440984,0.009298801394333587
1.4382479207898082,0.7249567596954023,0.39955710497701397,0.02939650719186096
0.7479688922943875,1.06610232009298,0.4711925477146152,0.03506364305193952
0.17076015757983654,0.016879729899505813,0.4704856409723501,0.03500741203174546
1.9106843561357436,1.36240334721552,0.33727370495836345,0.024525688480942342
1.2456468761301394,0.980864329340382,0.43180692845024116,0.031939824256986035
1.5853505707076325,0.4837194097740418,0.13484022987645516,0.00920417699659745
1.8884836179790851,0.8056248821431293,0.09998151966528555,0.006685318891330638
1.7391389040742993,1.542419637904937,0.4225171700826231,0.0312058169220755
1.6808959984388283,1.7896426282276872,0.2754050197342598,0.01974866952891245
0.7308093551766437,1.4665345656663715,0.4197488974993785,0.03098730286940547
0.8384783727801128,0.6817822227349808,0.4285497123348768,0.03168233809479454
0.7002338010520957,0.06928721381318503,0.271551897998931,0.019453449489943448
1.8096952838144635,1.7401729316314651,0.17747197116415692,0.012346039447090744
1.422539884197603,0.02774639730297368,0.1745878716772357,0.012131680788075116
0.7082092354424074,1.8100245202929282,0.3505692838348757,0.025560608635107736
1.4649625199219785,0.22498962574752612,0.1525034137904201,0.010498657996788383
0.4185208501490907,0.050752963040522125,0.45754257922483693,0.033978892819277975
0.7405207329039336,0.4186214381206863,0.23546166618876785,0.016702852289839663
1.0535564873911147,1.0105990625784826,0.49719072782445334,0.03713565104691819
1.004520664734926,0.009198382602757738,0.06561765911696191,0.0042618984417900525
1.9412660524487695,1.6381863226226854,0.07950869028459935,0.005233004881307603
1.2244279085345684,1.5692178621158337,0.2535771709117985,0.01808013569675406
1.405525423473313,0.7048744714211401,0.42288707985314095,0.031235023307733038
0.7521630850029162,0.19625320295269422,0.2678570962760741,0.01917063097180415
0.9923218803613449,0.7370663566136486,0.4546243731522879,0.033747273059567325
0.746503372140819,0.08865256685955147,0.3422493226581708,0.02491266392879212
1.4013814723099711,0.5180833861947123,0.15738537734388816,0.01085832546023439
0.6475009208369216,0.21068932726197498,0.157554645304082,0.01087080984225918
0.5356808280403014,1.120513021222188,0.45676762352986855,0.03391737415528293
1.3801536376339258,1.3509243273297147,0.3305751262944979,0.024005333691546536
1.1222371138084273,0.7300596652762483,0.15753843341825224,0.010869614092267216
1.6425905096215248,0.6682106221637636,0.20967816914413706,0.014755309403011077
1.7407966279192948,0.3912329998286437,0.0990602006658941,0.00661948467956594
0.2787693077508233,0.7476919855161999,0.322064900763622,0.023345298133277452
0.17843281321792626,1.8391182402738266,0.23220096165125553,0.016455707679376885
1.987078802069874,0.41169614157677925,0.19333938742367845,0.013529581854822382
1.6156441366656633,0.6458259482843309,0.2391915013796212,0.016985844117475557
0.714224589374274,0.7672652845722105,0.1300038528951379,0.008851709160625715
1.2284085722259013,1.4059163455750467,0.4656882880183552,0.0346259601869414
1.4788748470805677,0.780950170650528,0.26372383703560637,0.01885456974541333
1.4004258862941583,1.586691422594758,0.18845238888462967,0.013164321910099546
0.1391353072215522,1.7009042614153909,0.4142190363181785,0.030551100622393634
1.0945104177546185,1.272921111080898,0.07762774978704874,0.005100774251619107
0.0021949836109886878,1.889896168098045,0.49307478592667575,0.03680710928054367
1.2105051150214496,0.2099663362414539,0.219615942474071,0.015504101502178961
1.6771229620354406,1.660438178497664,0.13908634665438857,0.009514348677004894
1.4119170666659433,1.8176286431309423,0.22440545090919595,0.01586582426445015
0.6039265764230799,1.7891821479592878,0.4116969917408204,0.030352291705048724
0.025981900383677203,0.26438579434697207,0.31483287355079187,0.02278534093489885
1.5476996800448333,1.491825441516198,0.29045814406470943,0.020904715259516236
0.709913484642742,0.9531807144694155,0.44862451536804465,0.03327138365816033
0.7596233048252234,1.50591496695816,0.42836006941170124,0.0316673507833911
0.3907167522320525,1.2382314534119863,0.19308080542697648,0.013510239026462829
1.8422895150485947,0.925009297871018,0.4797547153011255,0.03574518204663158
1.4471813140184113,1.463008312814696,0.2810035784324019,0.02017812931953991
1.4835318217923716,1.389705305638406,0.22200071653861464,0.015684141835640857
1.528185203656816,1.1247338898604748,0.0734224851838689,0.0048059496853635735
1.9939167451502637,1.193483383557344,0.3374255753637355,0.024537494305564338
1.0368733795369314,1.8724700197063113,0.17161299039861547,0.011910830736147989
1.6141469347653927,1.2091527701070885,0.28909623608273927,0.02079995035843474
0.9561216218336066,1.7723208859348587,0.3017366138845176,0.021773601896372393
0.45607519512827865,0.37984020246582517,0.35922095045042907,0.02623551204885657
1.3506495367811093,0.26027073488987873,0.23929655861071147,0.016993819501879722
1.0119713290571464,1.2231624293347565,0.2780709020923377,0.019953092291804506
0.7069501137374148,1.1043810382937724,0.17443815171958793,0.012120559593171749
1.5015817173555515,0.7177101728466473,0.2781611052331926,0.019960011539702723
0.21262340816141334,1.8677583767116372,0.2593596094359541,0.018521217769573974
1.8547249293229942,1.6102571741018012,0.22392434599675748,0.015829465041834793
1.2696018928554407,1.9964557162118501,0.051079644376359645,0.0032608055430838594
1.9709781519755154,1.8136680950075856,0.09478091735450017,0.0063142617829505835
1.6577852815631051,0.401443700052341,0.15782359680563585,0.010890648300953877
0.3572285274338507,0.9134326136359672,0.26457854812458,0.01891989976557172
0.211743964481504,0.15938408828621253,0.4756386725745165,0.0354174439475718
0.7821036928912062,0.7799161502996366,0.44058781020575716,0.03263462684249519
1.364324545686509,0.8152605916164501,0.20577496596284417,0.01446187344086806
0.8126417522423266,1.7105497954090516,0.12584365902995298,0.008549242430854432
1.3319781550487135,0.1554141291475959,0.4676783455475474,0.03478416284837518
1.01537639266659,0.7658216657701835,0.17826092474835126,0.012404719913486044
1.4884352289579121,0.08559548892050328,0.35471497699180793,0.025883866196027918
0.8305405090532263,0.5158970304138462,0.4965656781393498,0.03708574634989843
1.4605425235273481,1.459735411387056,0.22700069668123235,0.016062050947307154
0.3916438748399329,1.4382597467818001,0.40997101278915005,0.030216283818199265
0.9903581204475631,0.025301171165362346,0.23384507570390134,0.016580293334573355
0.5882234146852672,0.521880106561871,0.2796022638512987,0.020070580027452562
0.6206826256465803,0.4239069195299767,0.06092619489886878,0.003936982353414872
0.5748497873280578,0.5756532470193327,0.26104055485749694,0.018649567634169896
0.28776215684239004,1.9383178726707948,0.4437399833003522,0.03288428219587045
0.1633457193100687,0.49820018722855175,0.23047179000780293,0.01632474229884976
1.7536624145504485,1.652099558154223,0.23673522719739631,0.016799445985959727
1.4702165583846225,1.3999616389484189,0.4630291528927353,0.03441464101235949
1.735080318093999,0.12466695054835664,0.4415012403636256,0.03270695880814776
1.2897966144734698,1.7421933504119682,0.49612785585178837,0.03705079268795448
1.7090689478355259,0.6287717477075201,0.14411042949172037,0.009882192941982105
0.41007819616549845,1.1529613444805957,0.3523130841055666,0.025696548296349597
1.2538196186155415,1.6960195120508914,0.34945785432397425,0.02547399038468669
0.11648554207868367,0.0496934646750935,0.3230300622999856,0.02342009417169467
0.9035497879008858,1.3840895607454535,0.1714300305804768,0.011897256689428896
1.21230834063741,0.36563191201614753,0.49250122940572266,0.03676134196843059
1.8160699501876705,0.647984839635295,0.09754062235046561,0.006510993416329406
1.5907475564759257,1.878987258528305,0.4942762839187605,0.03690299549017766
0.05738492185539057,0.5894877884636933,0.4859482391399034,0.036238703909268685
1.1782484145507504,0.0109866318000722,0.19560787203693075,0.013699348633309835
0.5880906632016325,1.499670139080539,0.3299199782527868,0.023954479703843966
1.495390886632898,0.5866749746952677,0.1252887061019196,0.008508946241533805
1.527009783994664,0.17536172328890842,0.09880514869319774,0.006601267012534137
1.7215501204123274,0.2454398287630708,0.412217383496721,0.03039330652769302
1.1629834544808078,0.1183717239549531,0.18572756052992334,0.012960947630717031
0.0889307436025022,0.6450899933473431,0.1588955946831282,0.01096974438322252
1.6232652469515725,1.0605070273720023,0.4890903867692213,0.03648924768132432
1.7551189514245757,0.5634743797592923,0.4140998336598051,0.030541702174445736
1.857596084371831,1.3156246325704442,0.4795158160015955,0.035726154474340126
0.46850069940357053,0.16935481635561755,0.15967423660482627,0.01102721865051625
1.5925593591101714,1.8729146091018767,0.3766138767067738,0.02759567978566969
0.7630273479836556,0.6245235099388295,0.13070070065032977,0.008902439374716149
0.24963288966405583,1.8925634853679563,0.1967890862310222,0.013787801161770865
0.48219020297349013,1.8379093628438004,0.20248151481136145,0.014214575855880015
0.11419162014557416,0.4243617373815456,0.4907192070875282,0.036619167830395524
1.2896285519995612,0.6953269830777649,0.44140789694618177,0.032699566731350396
1.171511581373283,1.2434784643153145,0.2077516692992895,0.014610430980505133
0.33499637067665056,0.2511220773164309,0.15463566045220545,0.010655650136030084
0.7161696470354648,0.261034993694091,0.1888254385995936,0.013192181255314461
0.29058040613351266,0.10474203021944795,0.23830753218691997,0.016918747475639925
0.8472286292354325,1.2226623767298521,0.17478942893047505,0.012146653495263173
1.390874220936639,1.5201594474074203,0.289056975852357,0.020796930765676135
1.5660397978296783,1.6138058668880173,0.33796289282340636,0.024579266252684095
1.0018928348796006,1.7275896078607893,0.05944968692743374,0.0038350746794254625
0.44722958949250624,0.41484973469035014,0.23073071996024014,0.016344349038551847
0.3284774754149711,0.2994300505003935,0.38997917889870615,0.02864383817416933
0.638247853335886,0.9740615017474568,0.40375814813026567,0.02972703554429986
0.7630606178884269,0.8810488794973665,0.3275933918521852,0.02377394150223073
0.792333505646136,1.589842350401012,0.1026986366170371,0.006879717001937534
0.019381624557755384,0.08200065484144159,0.10328272369906347,0.006921552626691051
1.8745143349208149,0.2909836966830055,0.3719940783035639,0.027233969405600335
1.2888315766182814,0.490797009813732,0.3987364836095705,0.029331970513823327
0.9651042399027512,1.2703961621080497,0.10360209602644009,0.006944434791835479
0.4230022305586363,0.4676568439442723,0.41063484352080476,0.030268589300084654
1.781308654208746,1.583394692950127,0.06418663017904545,0.004162614419515378
0.19339994581785902,0.46746572133693354,0.17303441922787424,0.012016322483292863
0.727400749171212,1.607189877619149,0.30884384805174503,0.022322296669860634
1.189733226991396,0.26067179568040166,0.34827973659965494,0.025382195601292363
1.054683386517538,1.4966587799206277,0.19346603211934804,0.01353905596778444
1.230775243464514,0.2114935623071783,0.10501386807123614,0.007045642575324792
1.7140275474178768,0.22674742921302338,0.11571879861589304,0.007816039028668044
1.4145186944546275,0.14613102505689057,0.162188141211012,0.011212910278326008
1.1774310582635015,1.7137938800019943,0.39775728146179284,0.02925497445368552
0.9127232144009285,1.4691602306970075,0.11044696187901995,0.007435998908325049
1.178481528210378,1.796922782529208,0.06139348004811481,0.003969269801843302
0.5965584202610741,1.0646525014109276,0.0714193957174479,0.004665921415458375
1.8865972047185502,1.0005403237782866,0.21040448910987258,0.014809954680433363
1.0195033550743582,0.8396622382796881,0.27170677986018477,0.01946531074343445
1.6773074988101921,0.5560013753860344,0.27232601206447205,0.019512737806023292
1.8888578335128376,0.461704682452337,0.08186632788579704,0.005399051994741263
1.6192283255011517,1.2965841701661474,0.32102309615418106,0.02326457992955057
1.9759359687275306,1.1691819758330857,0.24038251358675466,0.017076273547168112
1.6541408171224097,1.9706277738603428,0.4007647626204405,0.029491498453405398
0.644867721480449,0.14698949543714424,0.34935332224985455,0.025465844749322602
1.4365357403838022,1.4314797448145937,0.40905231223093075,0.03014390591697964
1.682917896723467,0.25397989000128307,0.1198726692486679,0.008116331952939555
1.9938022278975516,1.1298989715154744,0.3533344189443209,0.025776189032164692
1.5846695681965453,1.3266301108964593,0.4346601904771405,0.032165487626486085
0.7524027026057158,0.40392441630857934,0.46168138796995245,0.03430756723883811
0.34828452964677425,0.19696220972843492,0.2793208735140923,0.02004898811845
0.021064891292579047,1.2324984446301317,0.08791223670596329,0.0058263512935987265
0.28389801138641313,1.6476369475649095,0.12128376844701438,0.00821850834791934
0.03377861819834305,1.8997621960315356,0.45672931244413717,0.033914333075472355
1.8742092745574361,1.8882638714997861,0.08139522564257243,0.005365845831946307
1.1016652034857588,1.5693121789717406,0.13714635613897297,0.00937255334717392
1.9219607475926872,1.0976135484689347,0.20606881738479177,0.014483951399039198
1.3670299559826216,1.7169005528983468,0.389197125669024,0.028582437414630603
0.23738765115795846,0.11367228310423005,0.23732289773355242,0.016844030173664048
1.168659784628074,1.5791742506232487,0.24808957181662744,0.01766218500889917
1.794659290206122,0.6925467064568356,0.13001161236989378,0.008852273943912395
1.4376978385120966,0.12112649625732841,0.31492490607131124,0.02279246124419204
0.28220356232119626,1.9377478196122142,0.35806028202743817,0.026144904308711216
0.950180782410514,1.74468192207912,0.08887509314850205,0.005894593034823345
0.05061871335414714,0.011706207228562082,0.3954497432808069,0.029073581214229042
1.6278930144088362,0.5408235162238964,0.16386320337801347,0.011336750610760126
1.5018993565148282,0.6650511736085594,0.19004150933893094,0.013283023727151752
0.37929138483238667,1.0329348169033046,0.13930798730284766,0.009530557278493562
1.1924338617823071,0.5640406345161897,0.1869013394508945,0.01304853044763303
0.947540869571476,0.18483295744580674,0.4764506604340242,0.035482082684602526
0.5276500333268925,1.1234156399801767,0.1998973002473743,0.014020727211264444
1.9871690263664137,1.0116391703510075,0.1110840352125145,0.007481859424386272
0.3912955982172368,0.27682546647833806,0.19791634487540355,0.01387224752460656
0.9978258194891769,1.6624871172977913,0.2500649578903425,0.017812563112883466
1.2750655357468894,0.9436153260875111,0.4228629705942603,0.031233119697069156
1.902662279929078,1.3853043305150814,0.12353264870607197,0.008381516943358983
1.4874687623499179,0.9690820415258745,0.37803780706564805,0.02770722933319091
0.23558338585373462,0.25882010916196485,0.3375242748315729,0.024545167021385227
1.8630134051809204,1.7104468170134028,0.47206897331390374,0.035133366560774634
0.9856693386177819,0.24220449836784352,0.2589799043943459,0.018492233035685965
1.4943913349809446,1.4953324558443277,0.45416330465073557,0.03371068714391616
1.8330838682568285,1.065869548142073,0.449203044375631,0.033317251680811004
1.6721402134312489,0.2596060337270165,0.26965413603901356,0.019308151947136084
0.6685039604047913,0.8065767978314935,0.16256951161599842,0.011241097946361855
0.353197279265385,1.99511246516278,0.2235338466862915,0.015799957246926642
1.289260121006245,1.330930037916802,0.22011077728199452,0.015541448390330174
0.1473854460966333,1.0631918439507504,0.3067793353166087,0.02216282086046791
1.7926022888424498,0.9785027392268564,0.36254411581737234,0.02649504693148905
1.0518590242744363,1.1225948852222354,0.44272961560762025,0.032804246667077895
1.3041768888653478,1.7547387828592282,0.052901618587985005,0.003385292906081793
0.16643489149560198,0.3160147765677024,0.06459552726013319,0.004190968043457685
1.8684398188841125,1.8976828244963646,0.40472568296594025,0.02980319266123903
1.367175258239888,1.083344561300477,0.1195987308616125,0.008096505913821071
1.563825436658908,0.18313414547687445,0.15840094434267799,0.010933242608741655
0.8460887557279066,1.8374138379181368,0.09817094932562569,0.006555981961822589
1.4248855369650508,0.55104621934928,0.13204900266527925,0.009000648093130172
1.649080022498959,0.46185024834707145,0.29812759364633296,0.021495317169812372
1.0068308610402437,1.468625554902168,0.3298195770769958,0.02394668696591181
0.3277797636216375,0.5161891488954065,0.20063199898511547,0.014075821377178969
1.2494055646214661,1.5164823463174546,0.2980748344580375,0.021491250725383063
1.023249012077403,0.06163755516136549,0.3409882081318194,0.0248145446089365
0.2125156085321176,0.17403877812740776,0.3583726604314288,0.026169288181388937
1.0360383572535703,1.0341853718948868,0.20005167118749922,0.014032302142858435
0.9159686569690046,1.4316717553794525,0.3080822098204688,0.02226345440479326
1.8704378237573187,0.11193543431159325,0.49545197079596814,0.03699683739928356
1.0883206539689714,1.7700377294482714,0.15460141047644727,0.010653127207465708
0.926595006532613,0.9690640977004612,0.14905185064863122,0.010244849533866273
1.8713769962280928,1.5499267810803468,0.22911232473321264,0.016221825603622654
1.0448533348674207,0.9503313548733694,0.22975950592634126,0.01627081444339636
1.209774294166519,1.0135679097488928,0.1179277981250629,0.007975641780424585
0.9417903320506205,0.9644529914485669,0.30657891857563346,0.022147343359338375
0.9708356832251128,0.7085470099392415,0.47166748383972806,0.03510142519868411
1.7964509714429477,0.7088899069532288,0.3500661516116745,0.02552139513090501
1.7525633792884905,1.6998167320554922,0.4053122279126828,0.02984936721769269
0.8282655657162403,0.46046698924632556,0.3311225518404347,0.024047831363376716
1.53032328337642,0.8137957726674145,0.31826560705347395,0.023051019207020493
1.0159785363962626,1.2863984385812206,0.39437037142104836,0.02898875792754145
0.5781564889338515,0.3596369707190381,0.37827634350940054,0.02772591892265689
0.7844079583620984,1.107345902633678,0.3159494278501094,0.02287173543329483
0.6880082364769635,0.3828443488601829,0.49323327517869786,0.03681975668048757
0.4265032791329195,1.287462037305842,0.15438589925157006,0.010637253061631605
1.5096245409316127,1.5159223411324845,0.3732560687070689,0.02733274722860717
1.322104060387889,1.3890964615375192,0.46185495872104027,0.03432135543446371
1.595310622370821,1.4649130358548939,0.49974043190000206,0.037339267192901544
1.062866155259431,1.070535334296238,0.29796501343925774,0.02148278636722123
0.3647144534509916,1.1804445143072166,0.26848543963789206,0.01921870860812868
1.645147608131314,0.3234643639403032,0.1581364494811237,0.010913727942365037
0.5368528118674765,0.4663942103686176,0.40332847614141654,0.029693219009778064
0.5042430006605214,1.9623099572090485,0.0626377395946886,0.004055325319622782
0.011564740411262209,0.39882327330315825,0.48030123363462024,0.03578871295840748
1.2907834214522398,1.0842404292662056,0.1225327835470626,0.008309016874521695
1.359839468588901,0.9067135617848667,0.05125025219133981,0.00327244958208222
0.2917854767352086,1.7432112011164695,0.3076122396737991,0.022227150692327554
1.461386969922425,0.7989767967562542,0.05591587389098861,0.0035918895416788216
0.07987848387010366,0.193782147164429,0.2232740252662878,0.015780326001382964
0.25520490925582706,0.5973823089119423,0.1451807604093169,0.009960673973896154
0.29312467230327766,0.6633827128439507,0.3555675034053481,0.025950373776910785
1.1886931987372338,1.7158693400932459,0.16210854882684125,0.01120702806032535
1.0948105679069644,1.040652469138051,0.1321671654207916,0.009009258236348006
0.3110825534232542,1.967247781478193,0.35442393377043646,0.025861163757043896
1.498562396541561,1.4560638637291878,0.4932804022733035,0.03682351746413089
0.19535508223834563,0.5398808692473978,0.3424499254948965,0.02492827386498472
0.09470196281323462,0.5256830315016867,0.11125666668724929,0.007494289645534154
0.3658089497246466,0.341897652185555,0.4948225115021313,0.036946592804003954
0.5683913755678056,1.428265147894759,0.37587637074407815,0.027537915599329495
0.6796348350513539,1.8884774134428213,0.36048204209824775,0.026333982240198547
1.1150987980227614,1.042079073747526,0.2818308525771152,0.0202416390507966
1.1868918812393918,1.6336752565964132,0.25240026613631744,0.017990446338252707
1.5033515043078092,1.1740395396402712,0.23271652391207354,0.016494768792744727
1.4939632857959884,0.40483790360874816,0.224064165746871,0.01584003128264138
1.9928099161055937,0.8484059179469023,0.12097568236803473,0.008196193085100814
1.4911911984673514,0.37260419085335217,0.4260596459188665,0.03148558687780979
1.0983650532133469,1.404113663227486,0.12165586683833922,0.008245465359044484
1.2293520712876476,0.47494913303134934,0.32538321171916507,0.023602518095462936
1.9562114212607673,1.7184419758888563,0.14998680648520887,0.01031356125166938
1.4969446566445377,0.002128099582326959,0.058075375164699954,0.0037403772478642435
0.11272793574659201,1.5875680135467243,0.10488891707451076,0.007036681223101473
1.6003638325138634,1.5083414968543056,0.2398572650646273,0.01703638942728591
1.7339653293996826,0.8844246327010599,0.24714520741086343,0.01759032353349136
0.4888545031596794,0.8775949228950608,0.41651904708932647,0.030732479799381405
1.1283991811916396,1.3214526734744707,0.44216305702448067,0.032759372661129646
1.0817079059142087,1.0640162625002154,0.4819087275736534,0.035916771785315875
1.1478967268239184,1.9404490256639912,0.14836569452940326,0.010194441497628564
1.5131841866445093,1.58439222048411,0.2560952056595028,0.018272125984471106
0.1430551888081837,1.697070879491792,0.451418930191364,0.03349297336335065
1.024838446214935,0.6535891975041839,0.21461616568559305,0.01512707890452831
1.7817704328631672,1.5683742135151713,0.4454909918381676,0.03302301680670666
1.1411817319926991,0.7695366868837326,0.2585051936879123,0.018456000181790583
1.2864261536541548,1.6439739249800835,0.13567156889331955,0.009264852520745406
0.6017415147931975,1.6699748006649533,0.4380345767566179,0.0324324984087301
1.9023054023307986,0.6897565169117121,0.30790838768816636,0.022250026747360374
0.9178064900239411,0.07432802540034045,0.09028045022980513,0.0059942881446026644
0.9414043971301613,0.3257893406241952,0.3965570097112779,0.02916061321864422
1.0020087637804782,0.7659044388498342,0.07502038486971845,0.004917842226146748
1.835900811765977,0.7385208298042516,0.17071386965832616,0.011844133324636451
0.9324278774652173,0.7079080466020453,0.23720302119652603,0.016834935006353757
1.143645952392579,1.4736580268285053,0.1882194190062299,0.013146925653913068
1.285078340808327,0.7853266892714967,0.4782622682002368,0.035626324091236096
0.6784282610822598,1.486466513711413,0.1374729717631555,0.009396416287973252
0.2854737694133569,0.13398774031680305,0.24793825892301236,0.01765066957195482
0.9422176454929876,1.1114467305875102,0.19412719639873127,0.013588523687723389
1.7727735007518222,0.21713251381408138,0.219527962950951,0.015497461991936693
0.8740246193251768,1.7797874957765647,0.31284312755787136,0.022631434807122864
0.5543553280312425,0.606205102079532,0.12229565370604226,0.008291828601535739
1.095467508087563,1.1481130456627726,0.21556271725047116,0.01519841028200986
0.5025742959323771,1.1404377950126277,0.2772194507746523,0.019887787316691424
0.9738853581916909,0.7921789139917719,0.15725264216152857,0.010848536206369873
0.7388053527809315,1.2799953513885336,0.3317810532656127,0.024098958486887968
0.25597790162967193,1.7249222336283332,0.15138820431114014,0.010416608003498199
0.3620612859866572,1.2283670654337413,0.24305288173604395,0.017279137516374325
1.8550487829884583,0.042027728773747386,0.06934701496300434,0.004521334316297712
0.5795354372112269,0.045519854087215705,0.242185472576314,0.017213224761929328
0.5411623445864073,1.4950072583717622,0.1394796175945205,0.009543109840518664
0.7599016192472361,0.8314411746906742,0.1416865196011558,0.009704611050148335
0.6704369369733951,1.503807784250794,0.4137366815149721,0.03051307085536373
1.0089001910133355,1.6404769297974489,0.35327010972796746,0.02577117391644332
0.9532940715288114,0.274585335991282,0.42610265597550057,0.03148898462156363
1.5934123709896746,0.8103258557148312,0.06043504196519464,0.0039030641567248643
1.1130037886506996,1.9195570293699813,0.23851634416810652,0.01693459555667044
0.034262809700585706,1.346440381278483,0.3321346442121929,0.024126414754329036
1.588120307169073,0.5103455930003888,0.20735962013998083,0.01458095905947829
1.5723593826083933,0.5572084184582324,0.21839952467844065,0.015412318962772968
0.9796897357370378,0.9130142190195769,0.20908836010280551,0.014710944243196324
0.32812429862073134,0.05455430184267551,0.2508530457512949,0.017872579948452615
0.034127581716663524,0.451793513688699,0.41617801546161226,0.030705581623389922
1.9174483500484516,1.3263985510162297,0.08520567341326044,0.005634803471975779
1.5986404556716225,1.6221109635684408,0.39242217112244476,0.02883569764816322
1.7269219377653682,1.6839408610877933,0.45285598498825097,0.033606964902782324
0.3788298766403986,1.657212945774373,0.4250620552199034,0.03140678503419174
0.4718621566089789,0.2774120566543836,0.06374199093947712,0.004131796517389903
0.20519458083664488,0.6237639448182768,0.24413823539357055,0.01736163431115762
0.03671813487031761,1.0759196107000533,0.4452156503470503,0.033001198656783505
0.8654212866589188,0.13425319340508124,0.4609363342177477,0.03424838536997653
0.7486163056756721,0.9328604492249943,0.3987807455776716,0.029335451203894344
1.7239411662293196,0.7520688172552232,0.3251986716221123,0.023588208638646888
1.3421286948746005,0.7412210952912193,0.3559462667109626,0.025979925520754576
0.13975553822332398,0.5450653551540126,0.2921767685750479,0.02103696897690853
0.6302321773895263,1.6755718746281874,0.23312374344060655,0.01652562563756633
1.5062100930797782,0.39095977821284933,0.2970744953454992,0.021414158426671822
1.1877742188645488,0.13727211258471073,0.3212914156355662,0.02328536738670636
1.3722236069863627,1.2363781435656582,0.28657405808648156,0.020606021605259334
1.2538811988587069,0.07271515831235997,0.4262070003335031,0.03149722780113836
1.566039109232669,0.9714258822272681,0.3169601912917681,0.02294996243036414
0.2715779487744068,0.28611888248561,0.05874140720316545,0.003786251331239924
0.31468821651389245,0.7035529869071753,0.4218761569975073,0.031155209635601203
0.5661612170836734,0.0032431427024441906,0.26313929748111664,0.01880989875145386
1.622207358821939,1.2567116797259887,0.4132838019482401,0.0304773677562292
1.1701035556219157,1.8367629213152947,0.1584609378338629,0.010937669294909599
1.1482566373831926,0.06655381481755951,0.2863240873525051,0.02058680790219451
1.5982035340783471,1.927115840633765,0.0679444449904438,0.004423647484846229
0.8302493445427783,0.6879634429538075,0.22352213211894717,0.015799072099128404
1.9808899197618735,1.969982830263104,0.12796948229447172,0.008703715533999864
0.1116121760414488,1.1555926935378327,0.08535689674448999,0.005645494841566565
0.8882927653416113,0.6646697740257392,0.26984939232434685,0.019323098023489974
1.8647950955515071,1.0732345015928106,0.4377806848768288,0.03241240332397655
1.0525732803952983,1.4588047214100415,0.3810242402464955,0.02794127813966058
1.6939888969179473,0.8614988169541204,0.12218641258053967,0.00828391107045297
1.7490344053656621,1.1530428690615497,0.37710981910926444,0.027634528213476242
1.226957097402452,0.43060720097492,0.37633563479141946,0.02757388593523606
1.3252370855155855,1.5896711087777915,0.12761368251574964,0.008677848897629027
1.7833409893877763,0.07016013346785233,0.08677205200983673,0.005745608254252792
0.797010770823354,1.548741356502203,0.4963822023548305,0.03707109825155971
0.7304568167565963,1.6868366053981056,0.1858238123094359,0.012968128129909646
0.7462246040353937,1.4707716572342637,0.22737561029630898,0.016090411027804903
1.3533110073689147,1.6335216188227686,0.3852784214320203,0.02827489963970956
1.633813207201984,0.18559766851685144,0.25537438586921973,0.018217152935049098
0.6369530352116091,0.4365390136003702,0.17036304360801952,0.011818115366656801
0.06041042460247792,1.202469831138912,0.49723838296172607,0.03713945606642469
1.1103520158677636,1.875340091530107,0.4727703158474921,0.03518916787685212
0.28413200144101536,0.7882527157147758,0.2712844389673689,0.019432967884770593
0.26170204091162086,0.8372558625454214,0.4989204977221174,0.03727378044839895
1.5048365793899157,0.7241688514381379,0.09198564865463257,0.006115397527499487
1.0822339734416968,0.9348494746653728,0.223888649881602,0.01582676754344452
1.4502127760123262,0.14568299176505617,0.2952195950489315,0.021271255812345423
0.2390510480960466,0.03288484998451535,0.39690131611131213,0.029187679390029215
0.4360255399873856,0.8347724225332966,0.10874455286113013,0.0073135386878513155
0.7638637569763342,1.2181069732493486,0.4839123251753543,0.03607642693146314
0.2563202745800264,0.2784425994413742,0.18620261385669556,0.012996389674861416
1.369553050529344,1.387865423285968,0.0656168738818674,0.0042618439213201
1.4309670827144176,1.5592116261679783,0.1088320965176627,0.007319832800299997
0.7004098798501037,1.5197293111600376,0.40494601719751094,0.029820537483810135
0.7949281394345427,0.4214339634902644,0.4732594587333844,0.03522808921293958
1.1580070361444217,0.8808471892873477,0.3564619447772332,0.026020163069967742
0.5173038308786204,0.6500563714392957,0.10296523253167628,0.006898810080197546
0.31266985729514163,1.6975050048929958,0.3486896440803693,0.0254141317216413
1.2196162006581186,0.9291800892913471,0.09158790740353448,0.006087134539089394
0.7560665736283081,0.2736404698917514,0.41433397299183616,0.030560162898566876
1.9777725362051521,0.2906017745594096,0.3041908508763974,0.021962974876645464
0.38187584305142575,1.702168759508407,0.2921427277458272,0.02103434890280152
0.4275654432026954,0.29119295070976325,0.11462184272218177,0.007736860541741028
1.1005041230863997,0.7222657032528033,0.16921706049554816,0.011733152775745692
1.6734259829737514,0.3320823611775814,0.35632357223902267,0.02600936568371768
0.4180066247523424,1.063690381009195,0.2097153039217538,0.014758102951994624
1.6619954569807658,1.7531634573702048,0.4068183191256833,0.029967952286671578
1.60767396056328,1.6757976710880278,0.051447908263671564,0.0032859430175445933
0.8859194041477003,1.6067673679662011,0.06539180235926693,0.004246218605371542
1.098081924967297,1.5859575677940225,0.12244777068626915,0.008302854483102027
0.9099393840633871,0.9152041484834748,0.2854765308461711,0.0205216701002778
1.8033244056635203,1.9237783732204328,0.46638867938175305,0.03468163355820033
1.0686664628674887,0.8186198458816782,0.4486324268967739,0.03327201088731804
1.1375483798322017,1.3884942044555995,0.3072485649202113,0.022199060590090074
1.5604910870643058,1.695562114047567,0.2794824674888989,0.020061387516504575
1.6990832013553332,0.5846605534421125,0.288678386017306,0.020767814021331647
1.8159010040016748,1.0623117685713868,0.3581670281416592,0.026153236613613285
1.748044048926436,1.9222239012625288,0.2824201704391473,0.020286888756657507
1.0844438406048826,1.1929640977149545,0.11881126868885493,0.008039531533968886
0.7351383575841433,1.856737728364418,0.3307836253045418,0.02402151928864526
1.8888951503065408,1.083656331121547,0.15544300475349074,0.01071513204269059
1.1510427379911041,1.6769218241322081,0.31963732576275744,0.023157239544375572
0.7127586549227185,1.9149154025959974,0.1461960304763525,0.010035154628695085
0.11334161879601878,1.3423143281468657,0.07870412381385378,0.005176416919419859
1.2480102106684574,0.7671994499086727,0.09593773092752325,0.006396680319922199
0.01632878477224531,0.9014540109590035,0.08750069104996566,0.0057971989942413255
0.33555477063881356,1.8019381069040699,0.08608662682174062,0.005697104512013678
0.2485670583183086,1.9342294976604926,0.17788037795403594,0.012376413517839836
1.8319675196617953,0.36667350632371987,0.47889803911709355,0.03567695353623862
0.6501032126151198,1.0928376423011539,0.058398469502103506,0.0037626264089112146
0.7468386221002301,1.596342516409209,0.2934280961775848,0.02113329647808448
1.232559905509989,1.7925663343516671,0.4060439605960697,0.02990697784648425
0.8031245958672009,0.9993264423501658,0.09767897996110406,0.006520866748213239
0.4363786789475137,1.5603998605845462,0.2976115518064757,0.021455545085313388
0.8718380897202163,0.09731676388994992,0.4709074028438568,0.03504096045249843
1.1673638457646411,0.4807042650714417,0.10012116060288981,0.006695300804158386
0.17096184239088297,1.6460787228360645,0.2925976274469416,0.021069363623683116
0.13198605965442622,0.5468375065614013,0.20276631740476458,0.014235950123075295
0.20710469852008617,1.221622145181155,0.06690163181795357,0.004351107135538676
0.307484657965025,1.098910185414128,0.2979130943712041,0.02147878482577626
0.9912592232027699,0.5895253345976308,0.09819547899104811,0.00655773312990335
1.6082153412681013,0.6226317914833612,0.31517094207259516,0.022811497094648487
1.7829487340437478,0.19552609150711797,0.27531360112184167,0.019741661863675937
0.9036116761873179,0.2155806516143408,0.36492233603818264,0.026680883715435696
0.9370190377185204,1.7048133328425137,0.16038826568212278,0.011079940622266167
1.9069403941736074,0.6577688481939656,0.12744802228768343,0.008665807099448308
1.0651967017262225,0.9254569911233004,0.44645566922866115,0.03309946549636024
0.8899427536583053,0.8357072636510721,0.3390077091740474,0.024660505115329814
0.15759669616162908,0.8228157737033039,0.437363450976916,0.03237938175942616
0.070643157998737,0.7710959770396666,0.40057161934938923,0.029476304969300104
1.5302059767022573,1.1268904968505404,0.37964714822507933,0.027833338711265688
1.3693721473094134,1.5486964618757306,0.3343580958459584,0.02429911147372985
0.16675199022965903,1.7070379602932007,0.48570444611899144,0.036219269376691336
0.5860580252871619,1.9524063296880192,0.0992326897342374,0.006631806938603541
1.5490482817732065,0.09985492699451881,0.38160431859596233,0.02798675398948095
0.13547901715151323,0.7256011760281444,0.41043301481809075,0.03025268591220452
0.2835211542152769,0.9825182040244622,0.41645703039586257,0.030727588245742475
0.8136136972437849,1.7510623167707502,0.49655837864974656,0.037085163575715153
1.5014705439000575,1.9482168760985308,0.12989920301774552,0.008844092312833389
1.6048886060489616,0.590838789520927,0.46998199683931535,0.034967353126878216
0.46236037695442356,1.931381544959098,0.3622349339558075,0.02647089328176618
1.9502525600382605,1.1422317108310165,0.45748682415566644,0.03397446654883285
1.2912184701001599,1.1279933180683928,0.3027145272889571,0.02184904662110497
1.9841775643761417,0.3530700027661289,0.10159581512915425,0.006800771506255801
0.5628891925881048,1.879589709444638,0.304940092831341,0.022020808670874015
1.5625601092915327,0.8410958091892451,0.0969043627285123,0.006465601778087662
0.5975104602978267,0.3439928684551832,0.22922093134263655,0.016230045992036
1.659921599324429,1.1938569768635325,0.23324325422128472,0.016534682210113567
1.267046502918643,0.17452296999971573,0.4698990243616394,0.03496075393652019
0.6305209575445916,1.0688398407937123,0.44575425493871196,0.033043878731166064
0.2813102915578478,1.327383458191704,0.42559414350712776,0.03144881425092745
0.9902366338256638,0.599806450707473,0.08719781443222335,0.00577575042854871
1.9359956485218852,1.2432999770462692,0.3199391252663768,0.02318061390115
1.9001997349428859,0.9659306736179962,0.2440349557199315,0.017353783021031476
0.5057741363598396,0.8058021345296327,0.43844652301677334,0.032465104922568606
0.3492899542040824,1.5041821189763616,0.2592030996062303,0.018509270257572524
1.3154781376891862,1.3911000849748558,0.05764831012107991,0.003710981489722765
1.901009237462138,0.06713054995623535,0.221595905051294,0.015653570840192664
1.4180924052699209,1.1894646738615176,0.38147926922593167,0.02797695020958661
1.645877524376216,0.4861754061390926,0.3522508544406575,0.025691696321520487
0.09266138585108519,0.5747849762173882,0.39780956613212,0.029259085341575838
1.868843532147492,0.7377847846210119,0.38249654074451384,0.02805670998794589
0.5333220964598915,1.4962515292913388,0.4402911923780685,0.03261114073525031
1.002027607852112,1.7933035457396436,0.256955878555741,0.01833777886174997
0.05204635229389254,0.7333677642013332,0.10189686289946479,0.006822316175917391
0.24206103674354207,0.09965505498993821,0.43874304556289095,0.032488576686960924
0.7974415919451763,1.459514338738989,0.40889850553908025,0.030131789673956026
1.3991071821863867,0.7455711859411518,0.38808745170331327,0.02849532902610245
1.8402080230686304,0.9208088581493876,0.45688636370865804,0.033926799694568126
1.7151426814789579,0.4125820152684152,0.4851196675735833,0.03617265512726291
0.15376796581754992,1.4505894826184513,0.1789811913312836,0.01245830725826834
0.834205729806619,0.2121079572036193,0.32192706835838525,0.023334617951260322
1.8049796077168774,0.28445725390302257,0.43142974015587665,0.03191000026763011
0.717223998751378,0.0238558781284135,0.43608746840255497,0.03227840887587876
1.0416590353714748,1.5917520407922003,0.19522408175340755,0.013670617295144167
0.267380567365312,1.1977203102538583,0.4304063569530803,0.03182909120880967
0.10992706227403448,0.2902411197277104,0.14266692067230685,0.009776412716912654
0.0731792783931593,1.7850722761427555,0.327889906853423,0.023796945535658066
0.5360890459528167,0.9111556461226489,0.35544197124180504,0.025940580027583076
0.4807428245510801,0.819949379605615,0.4001542758994196,0.029443476656999878
0.14071658111145324,1.5457546736958292,0.4249780840075643,0.031400152548638295
1.2994354743945398,1.1424769004271884,0.29650643202529187,0.021370387934730544
0.2290644041293255,1.4136312923603518,0.48358713222448935,0.03605051107349053
0.6340488679751561,0.29078973316613554,0.3779703554728921,0.027701944575188046
1.6879823428360594,1.064231646554205,0.15907358384965287,0.01098288067248432
1.6579868621642837,1.4009725322915632,0.09919172438660617,0.0066288803257530116
1.1021907492970704,0.2699915789821892,0.3015823696002227,0.021761703692937798
1.83737487934059,0.6150943452462183,0.48362112650513756,0.03605322015020692
1.277597341818523,1.4050764325773726,0.49440780060684836,0.0369134922292718
0.8733110270817437,0.73773388501569,0.38864486261409037,0.02853908312621409
0.020876803940804933,0.43268642128431356,0.16968724106788413,0.011768006930758551
0.5572607493733885,0.6095993155941841,0.3521552247186461,0.02568424029824235
1.7278766941390098,0.13167470741742737,0.46419061872898587,0.03450693142890671
0.3485644305097637,0.08156466316908628,0.3054817208555901,0.02206262290675698
0.39324836218622794,1.017050982440892,0.3904437790845263,0.028680319004823134
0.9883426658393317,0.14634109924392846,0.16805588388516243,0.01164710423369381
0.18923092038125655,1.5556729176925355,0.2668690016407621,0.01909504274470449
0.10389835556532923,0.928239905973081,0.36400756081068913,0.02660939223771582
1.0681114484257717,0.8554783109423716,0.20663561538685343,0.014526542804414124
0.694781978565592,0.6194321362220931,0.45527026448896163,0.03379852902425401
1.4491193096296058,1.841506870283068,0.07126955772846777,0.004655457615384132
0.9602428506382235,0.17266544807653972,0.4003804086580868,0.02946126400817861
1.9276377988043307,0.48871464104306317,0.2507732523341633,0.017866502687670777
1.5592226571480279,1.504908236489572,0.16109517123232042,0.011132152568368513
0.4210748517632463,0.6028557860060308,0.334512585045281,0.02431111368589353
1.8758285141362514,1.8276539700059422,0.3001062473329181,0.021647858807096233
0.5161886755722089,0.0232366554287482,0.05684687488081158,0.0036558576966103733
0.22060673208694026,0.8663479078914618,0.4780187910062725,0.03560693608015429
1.9889858766351434,1.2748905674920454,0.18357361669639582,0.012800328211057876
1.5474235481274328,0.6838602172219137,0.20938975362204865,0.014733613845188554
0.24903425981035188,1.020604298078683,0.4510217202458255,0.03346146988058902
1.0328445618372288,1.7070433253870958,0.3371963586026742,0.024519676011956974
1.9769784173243918,0.3559902345905903,0.3267347976880204,0.023707338716982735
1.5415587754665059,0.499547491092885,0.09478303527380785,0.006314412613434745
1.8923835258781396,0.8616180749883857,0.1374453906848611,0.009394401028978957
1.0123763125122516,0.4236560584325264,0.20086589000602456,0.01409336350461939
1.7061464860861633,0.23767110033748318,0.49836933819431534,0.037229764449466914
1.0888297882472513,1.7778455281064398,0.3699716912182721,0.027075722471694482
1.6103647564178736,1.7613021668817825,0.3363049535448739,0.024450390088931802
0.5527241735643531,0.6403132198147901,0.4066625857073232,0.029955688901954693
0.8219302619195303,1.2170561604554335,0.0617838746152859,0.00399625744240078
1.7858194563977705,0.5337728878582331,0.47744555214690304,0.03556129194429758
1.672468644789806,0.39140675219360954,0.3451377227946713,0.02513748589198906
1.4974566880775961,0.37704066331456865,0.4544144766626064,0.03373061739628762
0.4266638172723456,0.06723113879404652,0.39136939752259886,0.028753008334678948
0.6595874399559234,1.4014365795811417,0.3194653544668774,0.023143921056918076
0.881187742698397,0.4317597637773376,0.2509784128369254,0.017882128480105935
0.5505053744067614,0.5177442600759401,0.30304605828150966,0.02187462761833734
1.4864652165945043,1.6834457550521125,0.43627578744012885,0.032293309927264674
0.41198658869839666,1.677729738501044,0.24660622957265516,0.01754931846432878
1.966886056914535,0.9014595529172214,0.4767367641221834,0.03550485993663422
0.29336279201826465,1.0331580624494188,0.4164922119647396,0.03073036317841154
0.6662294186181739,1.8241312995476409,0.3697783177530076,0.02706059458331051
1.0473481991440736,0.9937595408294055,0.3981098032258906,0.02928269223728528
0.9054316275072136,0.23879916698938608,0.41186068484531846,0.03036519283770599
0.7454845668390899,1.0206607429681571,0.10193223165666385,0.006824847651449366
0.1631430890676242,1.7621551884371323,0.15122086467735582,0.010404299812272023
0.6304129165448944,0.6460727345925246,0.1795435644268658,0.0125001577835858
0.4993316402954704,1.2696493079310578,0.3701511326508635,0.02708976092487717
1.1335020425821845,1.6240829522645757,0.08849860527922934,0.0058679036298676145
0.3589141896336592,0.5515103381042443,0.4451813830640778,0.03299848337119282
0.3196029999691914,1.4409166120749353,0.43798839938267753,0.032428843492991175
1.902464823633979,0.30820828657207744,0.39734011354490806,0.029222175916793137
1.7001537276880403,1.7724130792188422,0.22054985187479792,0.015574591714476638
1.7951205095785567,1.2316819560686572,0.06439605623962714,0.004177134829261724
1.4106156261985159,0.2874158233885886,0.1209152489105832,0.008191816234114394
0.7831981582669414,1.976117224837873,0.08243099225923387,0.005438870357983133
0.9677551507043196,0.058680839022645426,0.44619579502910367,0.033078869880389716
0.3615801558715861,0.3912091748557627,0.21635289122014756,0.015257973725281855
0.694185937689435,1.2052013307365987,0.12868315215570714,0.008755614265639986
1.215138518409506,0.8743373508776713,0.1296742595783466,0.008827721439199089
0.15508411836569924,1.1508333373603439,0.4073015294161407,0.030006005228475706
0.5732961902118741,1.3504770074645418,0.2357991059766973,0.016728442030500126
0.168734231043429,1.9999920280757342,0.45701084657189217,0.03393668126691399
1.983350336900566,0.5053237011759151,0.36383405329046475,0.026595833682441485
1.0688666692425581,1.0405295546545865,0.1596124962608426,0.011022660673894728
1.190217278554654,0.3338085247147078,0.4664180087257262,0.034683965042747435
1.584619247152989,0.5535849717960022,0.40521259547376864,0.029841523531575848
1.9275176088125179,0.7829328939809577,0.48296155559359233,0.036000659884499554
0.4722063117815314,0.7635077171556377,0.09472242664240987,0.006310096379799379
1.251326286860626,1.802996192656482,0.49908337761137594,0.037286788796720205
0.4352628809348549,0.7195844933804518,0.20982997825316257,0.01476672980751909
1.4238701593180447,1.3587266261505468,0.24668449292263062,0.01755527230358381
1.3638477309144788,0.2609557027741918,0.05776041162513116,0.0037186962150659035
0.1778387777517727,0.6470990970987327,0.2552294530334708,0.01820610097875098
1.0319257872323022,1.5232433254147602,0.35695699208311077,0.02605879461229005
0.44504182379625123,1.9800718451310477,0.16951579234261083,0.011755296784476753
1.0374410849338054,0.27046798526809934,0.0738062783714282,0.004832809517385859
1.453214464000889,1.256295975037134,0.3004572004049822,0.02167492232066839
1.2849452280373124,1.7902426434752183,0.1684497337571052,0.011676285742343584
1.9758807889054963,1.2376948237296121,0.09584950864130484,0.006390392393729418
1.169959957480529,0.14154901714261858,0.37998533711726246,0.02785984418373556
0.13974198236769286,0.36683619379308596,0.46844201467237945,0.03484488423555234
1.24884483338339,1.3500033679844825,0.21332870593980396,0.015030091810841577
1.518443375317751,1.693882694664835,0.411453367617745,0.030333091630286434
0.6865073368489125,0.9317995841844551,0.41502843711661425,0.030614922180011
0.21687811929882095,1.3885040007994194,0.45022026530378983,0.033397910781358855
1.398206799001727,0.2794844571091819,0.34518394574667083,0.025141084767301817
1.819086219555674,1.9610332988273267,0.07783181430115294,0.005115109448223998
1.96783857416552,1.629070077171103,0.4668477402258146,0.034718126951194195
0.047666638677493545,1.238240478904146,0.12698193111407446,0.008631932853221051
1.1158853309669314,1.9817656794002423,0.1608635432847315,0.011115042815457528
0.6302876586699984,1.4370860919365689,0.23917014260767128,0.016984222703039776
1.9338814765238814,1.3306175423156794,0.14481185251950757,0.009933619617739938
1.9811111353368347,0.07011113729421403,0.3597029453405883,0.026273144986587713
1.1949139873431118,0.8463940403050809,0.4738003829235849,0.03527113404448727
1.2682163916869582,1.2530942695769327,0.3675057542280697,0.026882849596357578
0.5538083534455829,0.9968208331978665,0.12570569868750542,0.00853922372023951
0.9360358355349747,0.06462400935829682,0.11905723133199533,0.008057324607080672
1.2881076432705314,0.9830160583540226,0.11792560412332621,0.007975483158270432
0.5740562063016188,0.4745330308441784,0.18762924157984823,0.013102862756774051
1.4396477322462007,0.6421041939918377,0.4263516785563514,0.031508657576871886
0.4063637783303933,0.46916498595268763,0.3284216320636215,0.023838201088358976
1.3110729050811945,0.6014824707139548,0.054592352083486374,0.003501078380099826
1.6361523928553054,0.6498678605507953,0.12583806872239767,0.008548836446743912
1.2584869346232073,0.7732937270480507,0.322130429174984,0.02335037582604906
1.9914967567617694,1.5910338198865999,0.1708097364368826,0.011851243637850822
1.1152724762354003,0.9464206011603609,0.2511490131237183,0.017895122708229783
1.1031688162197946,1.318357494709505,0.062171039246020285,0.0040230334237798945
0.4603812928485018,1.9105930159472861,0.36412708125169785,0.026618732291177775
1.814578021196581,1.1206388961212814,0.18710482773856102,0.013063717819223757
0.9140001190330294,1.1560847016940867,0.14232130237484103,0.009751096760158067
0.52178793987643,0.9331936505131824,0.44782317232224605,0.033207856817299916
0.6998050643813705,0.7391049991239547,0.4133692723203983,0.03048410567033038
1.3643667225174863,1.4639407515880423,0.17469557714149236,0.012139681554421604
1.4675920363449806,0.6535305517298817,0.19604159729541903,0.013731822889138169
0.023888793415739462,1.2308598611645793,0.06861611972014536,0.004470411405089495
0.4742678076021303,1.2277854120653862,0.43221180047196134,0.031971839177767275
1.1574676919004447,1.0636921999445395,0.45194359390209565,0.03353458838033329
0.5400467349039095,0.05606632937295308,0.2415674743448714,0.017166274196905744
0.14344395571704371,0.8103743780757346,0.33145967845451374,0.024074005547377302
1.1936538888830013,0.27808181310305913,0.08480372358977659,0.005606392308654195
1.0978053660538494,0.7108634084223862,0.22350203486721137,0.01579755356666744
1.7498116007983648,0.26961974859312376,0.18679736692082244,0.013040770886298094
1.2327853767534076,0.9957149203187732,0.19470536057488164,0.0136317909441709
1.9441535268530148,0.21748222826809105,0.29375175355248184,0.021158216320018255
0.6050546180335727,1.9842606179578786,0.24300677191741316,0.017275633310906903
1.942387481599186,0.18568798015890042,0.24356749207861378,0.0173182494424544
0.4453780982046116,0.7889359368029512,0.22763975919638707,0.01611039432613828
1.8772137960855242,0.323033259058916,0.3422205250933985,0.024910423094301987
1.3832312884536495,1.9606641351931766,0.26935566271401956,0.01928530646856177
1.184581819164093,0.049175237510457714,0.12247725581138796,0.008304991760197996
1.383293424878766,1.8335024589548206,0.15498250081699474,0.01068120133126494
0.7906330584368446,1.472227329985295,0.10839619962964449,0.007288496656644028
1.6953275177334155,0.139382464895919,0.26795440431736695,0.019178075979125627
1.9640942501551664,1.643544270665986,0.2742242682565257,0.01965817176143647
1.0192715752445611,1.6397893887780568,0.2816660634535796,0.020228987183488978
0.7020154657136903,1.4264040286067774,0.06734788820940601,0.00438214022015021
1.261033999827826,0.2785722169635958,0.2591628691641484,0.018506199261290854
0.2686489879264722,1.6565332609602197,0.4550682360298196,0.033782496122897805
0.6576316018734476,1.5023897317805186,0.1581867195509093,0.010917436739643838
1.4571564383268951,0.5688171463453162,0.08289811744500278,0.0054718247966511315
0.7851833138142412,0.8761953352129046,0.4902112137260591,0.036578645385523814
1.2592873159259028,0.8148859981166525,0.22268296545988947,0.015735673355005534
0.8988401009916551,1.1811692792410888,0.15246391559576972,0.010495751262772768
1.2833011175378184,1.8102566588817388,0.22366195691538265,0.015809637411002064
1.0048559377029727,1.1929542446871206,0.11276489657955337,0.007602945191787962
1.2336551536014422,0.4975143427746471,0.4349131054449192,0.03218549551356131
0.09474401880884198,0.05805341832049837,0.09731682592312682,0.006495025134637494
0.2688828306655009,1.7442152590493065,0.15844326438558273,0.010936365227943962
0.029998513938509053,0.537060192917356,0.05061736313078469,0.0032292682066485923
0.9063040089928702,1.7650470967729655,0.3111025678685565,0.022496858507619483
0.1644230883681621,0.5570721239783867,0.13195599286071993,0.008993871139132512
0.5447294871314223,0.8963918136315026,0.20450439648098856,0.01436643673494355
1.3915212053323827,0.6624460888721666,0.39041832253131353,0.028678320055433457
1.0595507558048152,0.9553378599160269,0.30904362750971764,0.022337732789874897
1.5738466186157567,0.37338403790985875,0.11352104122812404,0.00765745702299708
1.5427345961523193,0.44461777794491275,0.32871853735399204,0.02386123941368184
1.1212070251418553,1.7253688067009056,0.16591767451013775,0.01148876055113006
0.1726502465034021,0.5837405729548018,0.32328981222529585,0.023440226355057603
1.1742237452366349,0.6254990651443919,0.18156690487403626,0.012650804805690873
0.18527864075030553,0.27985242556469414,0.40625676302044916,0.029923733508886354
1.1112410269281807,0.4539152722194708,0.46310147183202727,0.034420387030609366
1.8597981990865782,1.2775639746650982,0.2384957264220327,0.016933030701023335
0.7891579178055035,0.041647770636873194,0.09016731990713539,0.005986258767646325
0.09451815361434024,0.27639156146492616,0.3722045641011586,0.027250442830400384
0.8752480810113494,0.3319020172971012,0.13816550522601018,0.009447026569282794
1.1412688882110156,1.6804877041623891,0.4509741051703555,0.03345769356607436
0.9628894398335854,1.7715043895888867,0.32403495039142427,0.023497985240492087
1.4615169307776756,1.9192357389532428,0.12023586719212845,0.008142622889847954
1.5759142451385746,0.5847568465801438,0.1477644091252685,0.010150281655967245
0.47781373191061927,0.1167487233169826,0.1409584771248792,0.009651313541887124
1.1233860004913638,1.23311040488984,0.07287276020409689,0.004767493973123526
0.5119636460456074,1.198571961276839,0.10622009270208022,0.007132189433644132
1.4260117971440567,0.16638379735116438,0.06900127250513634,0.004497241118515241
0.706018603355592,0.6886490894074373,0.46890595343232383,0.034881776590868614
0.9928097829476994,0.8347440597393907,0.4332402416228515,0.032053171612816844
0.5384004174901329,1.5209653489943291,0.21826171678608952,0.015401923145457042
1.0911213970667557,0.4858361732133114,0.2776555034777761,0.019921230145986926
1.3318226044436237,0.4636557223646731,0.18686521621437124,0.013045834504957941
0.4225705159246338,0.5408903533234097,0.2106904618489387,0.014831473647640809
1.6250185425131018,1.7638946661104835,0.1853736718435381,0.012934549315019599
1.0782792453738523,1.6551919849757804,0.41861415584552214,0.030897760542907864
1.5311581903907237,1.1389060965024065,0.14050304169985656,0.009617982316730533
1.85652628957115,1.956670383131938,0.14237383267394915,0.00975494424276415
0.6890048114480736,0.20523399786376184,0.0626281139952344,0.004054659137750969
1.8604677812237032,1.0726157084875902,0.242748344216749,0.017255994443857215
0.24777815182667529,0.48187056260420036,0.34115439952300997,0.024827473476259042
0.13110450299577803,0.8272657864914608,0.22899803815584396,0.01621317559116573
1.4420568544395884,1.5906793574408202,0.49244301576466454,0.03675669697893939
1.4066890703792359,0.8893629159479839,0.434000589772205,0.03211331095848718
0.8591408741532698,1.6908170218886784,0.4281882476564057,0.03165377225832327
1.9503245915741076,0.41907615794918995,0.495192063266714,0.03697609056943258
1.9425178209785372,0.5457890864612123,0.1102102474123115,0.007418963367958766
0.32810277097981677,1.1356567947165086,0.4386798449186016,0.032483573836838246
0.8044885569943088,0.8569929413807094,0.39975332088266335,0.029411939686876058
0.3957668505124827,1.3009058675052816,0.0909112167941072,0.006039069240078116
0.25924344315243175,1.9192120675095903,0.43638724698230036,0.03230212955464789
1.9936954081071625,0.5629765330978096,0.32718129688261594,0.02374197300513821
0.6585799928108249,1.0459795068978213,0.2109095905363928,0.0148479640764826
0.21723611979456936,0.12200284924192051,0.41051098375815614,0.030258829524946282
0.9560858990025558,1.3601377030205453,0.24690442812433122,0.01757200444498891
1.9360323326882203,0.6089587301753148,0.26023309937911154,0.01858790661747958
0.18064172119197686,1.7173304715242954,0.3433117985707699,0.024995347806628994
1.6866606997552158,1.6651613412872284,0.44540856563825937,0.03301648523002768
1.4536524119857748,0.3249935872884029,0.1873330057883581,0.013080749269526062
1.4681546653377142,1.2648008227587126,0.05986473841759914,0.0038637038194999913
1.5050866058728651,1.9889176382550484,0.34334048446473714,0.02499758044200134
0.28274859134029495,1.3320073940286112,0.09797687836306654,0.006542128338168745
1.8857494058199034,0.9888062826438411,0.06051633813495044,0.003908677024324629
1.1937732944507908,1.5834165601610877,0.4867996564755901,0.03630658191499631
0.2422004927162249,0.8054288791966993,0.27056529508533617,0.01937790385491381
1.6545167962465317,0.31817798757267424,0.2832930052826484,0.020353919768713424
0.5977789253875603,1.4101869143590406,0.4796407197538112,0.035736102580894075
1.8639809563641745,1.0098139477614398,0.09697143431575528,0.006470385790304349
0.9360508337422333,1.2255474441809073,0.08105802992078504,0.005342086355574016
0.21422427522627974,0.6813558701906166,0.22266050838245321,0.01573397695694868
0.16973562124603303,1.464773163441508,0.40493861630177624,0.029819954870969386
0.4905667692001865,1.3242294208158398,0.22453121487489774,0.01587532968993879
0.6211202252246655,0.3815215456866108,0.3544191328867429,0.02586078928128472
0.4270139640879458,1.6488160984885016,0.4204991865389357,0.03104651726306153
0.5534352908987132,1.1765819611816246,0.09185698637781287,0.006106254024979983
0.8974843161737811,0.640953612796314,0.3750968504895173,0.027476869199805607
0.950130882027661,0.2109348756235987,0.20135399805558224,0.014129976774403852
0.0031140514633622995,0.8254346905632679,0.3069640656606266,0.022177087572611835
1.6840590860691127,0.02415479438260948,0.20920201067765304,0.014719492315316477
1.7855528449729747,1.6362647163817476,0.34630168717295784,0.025228121171757465
0.19918423292011034,1.307013510755233,0.33053693884988966,0.024002369309688174
0.8736403192987792,0.5938470266612399,0.4766462853389405,0.03549765664874379
1.4042134636356787,0.7583808053011094,0.16496588974906068,0.011418321926812181
1.3803850282577543,0.8789503234745248,0.27040808116972187,0.01936586750820728
1.8133278090575042,1.1762988242989803,0.06520063496290297,0.004232949955702304
0.16355855682997156,0.20425922718947254,0.1515225594492801,0.01042649079338252
0.5296773571658189,0.45349633362543496,0.055931481483002254,0.003592961321674763
1.594411999766544,0.6969241199201026,0.11148424898440981,0.0075106785996897655
1.7730388569100186,1.210356259047233,0.25001645593960126,0.017808869872430508
0.8512526047056614,1.1499143205216231,0.06293150480621816,0.004075660023553273
1.343144994056193,0.8350828778448713,0.1641813256678179,0.011360279857662688
1.9735721040796483,0.15035181110726148,0.4790090873675899,0.0356857973095941
0.5343543006213434,1.1714586708454706,0.34860188846737056,0.02540729441487529
1.6209021545469269,0.5693277862485755,0.06802491144142656,0.004429248114372453
0.4372554890510689,0.7684582081232565,0.49129426059224685,0.036665043131217774
1.3057701823485537,0.23626653295517563,0.32781189234728064,0.023790892925925216
0.48597747458977825,1.845074527628596,0.22570827738386195,0.015964311589178302
0.9580374269257887,1.668023146423504,0.18223567125150686,0.01270062308480138
1.9790735050265995,1.203606689231639,0.355513179127123,0.025946135484310004
0.0459137038792774,1.865624335125056,0.21843927617824904,0.015415317781751483
1.3735962740987686,1.9468542079283844,0.3106074314301765,0.022458585110141885
1.6845196851153177,1.9714246884420532,0.35332986069572375,0.025775833557803843
1.2674381258100917,0.4538189251016189,0.4822041943254796,0.03594031295356158
0.4628925854594912,0.6848224248750052,0.1110959127159391,0.007482714613902298
0.5499584035408105,0.2770372180890728,0.20909329229987694,0.014711315204981335
1.742720386511674,0.09400594694005004,0.11352007174103688,0.007657387114847245
0.6767829181533163,0.2468250158450358,0.4323409608909003,0.031982052866702464
1.5209124439994506,0.10765311402872002,0.3974281329216561,0.029229095970299133
1.351106690245384,0.8464868950724607,0.09049521667683383,0.006009533012045611
0.5051760395419214,0.9878688501751911,0.3425294666270674,0.024934463543382523
1.6013330303938929,1.409673652334844,0.050054996583369635,0.0031909297426612917
0.9424288478932081,0.09243581323071881,0.49950426950459326,0.037320404544424486
0.8826661474216437,0.5852364666604761,0.164042490128816,0.011350010791440733
0.76356123242727,1.7333475437527746,0.21337469648454865,0.015033555682747144
0.20276031811009831,0.420463801267855,0.24465035143319758,0.017400568604307817
1.0910448178929382,1.7899785504248613,0.19021789490800262,0.013296203354641638
1.916268264207351,0.3350661093490628,0.19255786786419166,0.01347112695134269
1.092625064526362,1.9313812507237018,0.3805481044195682,0.027903954542079612
1.0119422303116266,1.424331311988501,0.3684980619141331,0.026960452083371195
0.17903759615764447,0.2163814062574303,0.23133864650354585,0.016390388524044577
1.9473006685533876,1.5309346521810627,0.10881799362250201,0.007318818823060556
1.5077491907715586,1.4145080928490206,0.15068780535412946,0.010365098418083356
1.18320121366777,1.06931457347657,0.08342692336165539,0.005509146108787492
1.4189969583475595,0.8489778264177625,0.41458129971145946,0.030579664164519415
0.12449249586448041,1.928895504797461,0.3497470985648715,0.02549653054488683
0.9479509269876749,1.24263860002605,0.21520741759161177,0.015171632641847711
1.621955632569708,1.3116722145509012,0.12153197160297237,0.008236489021815013
0.8601710781077714,1.1921912567346362,0.45460776024251764,0.03374595477601302
0.4326769319507471,1.9687726697493475,0.17220143761359735,0.01195449522990063
1.4089492568807342,1.5564435748258239,0.08387941410384608,0.0055410943229907885
1.0289234792990658,1.6650897132120839,0.2638115726987154,0.01886127516706833
1.511393363947237,1.5965193769300907,0.06305294302580843,0.004084068006538203
0.46759292730218505,0.2033355034848583,0.27973078309617716,0.020080442186370454
0.07034617513334784,0.15659215620651157,0.47579017440005766,0.03542950375574934
0.3507191395469962,0.23081276207748536,0.16907021697235003,0.011722268737119788
1.1272936200591286,0.3189479233279695,0.3967763925218017,0.029177858870321153
1.300017946024431,1.6047180658743792,0.21100872890246913,0.01485542507722988
1.1772482936730224,0.624482279363124,0.45146119251702804,0.03349632538208355
1.2526146793222488,0.22272848179921612,0.1364591243652557,0.009322356160176213
1.2163146646471341,1.3039018126244915,0.19016410556044966,0.013292184095373296
1.7990512744710485,0.6419946251271105,0.2671940510954718,0.019119906567010618
1.0618828193278806,1.6353257629371996,0.08667436795875758,0.005738694074954374
1.5845211386395208,1.712944778141784,0.2116817928754013,0.014906085225264508
0.6984860808934688,0.3529649470960179,0.4723038988911014,0.03515205744177331
0.7357251697960963,0.07124877241634575,0.18387010273957982,0.01282242946866962
0.23069480794204278,0.33635864748276934,0.2376936941032658,0.016872164916178437
1.2741967359916886,0.7830890640413175,0.05322732169915048,0.003407578230760765
0.6612011894962777,1.1154192608250675,0.26115462879935875,0.01865827990735139
1.4103653405295309,1.8299294586176453,0.25776066224989697,0.018399182192020722
0.7704881114741786,0.7011231254723209,0.06731874848724653,0.004380113382721031
1.8950270920758086,0.31658674531875275,0.31281424722909285,0.022629201420427625
1.3829663510276378,0.26720030186319654,0.36781617682665263,0.026907124350864436
0.8886102332796819,1.5642633141976088,0.051783696732499135,0.0033088745655117627
0.9586892929007778,1.8104165749955166,0.3290971735768797,0.02389062172248013
1.6543289766112246,1.8644079997376366,0.3578709679336516,0.02613012739844463
0.4971438197840652,1.2749521202288452,0.22755572605694668,0.01610403690743239
0.9099388909688408,1.6336358379520985,0.3568285521797333,0.026048771312659418
1.7607907943590249,1.0343885402553352,0.29879091059134794,0.021546446934319865
1.1273061326286438,0.11161382741797632,0.24090340208869782,0.0171158325332141
1.5459353625269474,1.7501660720423409,0.45596571323654433,0.03385372332355659
1.5307227376932089,1.8218882368773919,0.14880381448971086,0.010226625858635227
0.8427717934599863,1.3872784915294476,0.21853667444939362,0.015422665582758361
0.7064329765864363,0.8314597452541563,0.3399728789587375,0.02473556647626074
0.9523520477124907,0.7327986135642757,0.16178096893447436,0.011182820602429124
1.6222348587744468,1.838678915369929,0.10555032807249663,0.007084125264845152
0.8265044646790092,1.8357640559735298,0.2882230724143831,0.020732800063535277
0.2745274798209143,1.7856939801845306,0.33338205894714507,0.024223292358537884
1.4473184716448648,0.9280710775436594,0.15432700837453833,0.010632915537832001
1.5403088900535353,1.9798996677343665,0.2692543050715931,0.019277548839648478
0.21223728117540075,0.8844061987424816,0.1660283935403271,0.011496956335062277
1.7195942596920901,1.433622788694372,0.45830432969931,0.03403937021448591
1.5825914639463974,0.024319397113237162,0.2466939024517864,0.017555988136870607
0.9942765977331847,1.3161215167886398,0.3615045773712632,0.026413842619502696
1.8167702945416084,0.23056412968798212,0.4552692962007661,0.03379845218010166
1.9302874227218938,1.6367142453469774,0.19937414376175128,0.013981504854705598
1.6120170910940779,1.677804366980918,0.2046306248461196,0.014375916341761923
0.31180893326645354,1.4210081182453331,0.4116814862549348,0.030351069690673773
1.1891574413591515,1.004845311902504,0.17757825106751357,0.01235394324294237
1.5092256674237086,0.6488649023592326,0.08286934773023166,0.00546979479881033
1.7778309722587493,0.6394171152998551,0.3923408245952864,0.02882930779993661
1.235742715016291,0.7408795918160405,0.12862858212513037,0.00875164517993127
1.1828400304368334,1.6184633604853322,0.24483526638690023,0.01741462838855901
1.9837302893468416,0.8774464809266338,0.062385795759908325,0.004037890770623665
0.4399106014594103,1.841924093759758,0.3008227671974598,0.021703115081016126
0.5775945686670523,0.9141458334620374,0.18970432477805305,0.013257831459380821
0.19351303550904286,0.525697439697792,0.24646179429368964,0.017538330976057715
1.8797449654300804,0.6322996180830178,0.24665755903415648,0.01755322330882605
0.7172362946636022,1.4384825784423003,0.35211284442123314,0.02568093605134829
1.4708035210316126,0.6222199974013478,0.25683835039021347,0.018328812815353153
1.0024945863972112,0.7516273266168554,0.18779354632517925,0.013115128859504211
0.5443359139871544,1.2878281725016871,0.3755328397096605,0.02751101165076314
0.7096921197543613,0.08853261154979597,0.4698169064978619,0.034954222796778324
1.979633073415173,0.48794468551966763,0.42086787914024704,0.03107561793319902
0.016662308310164242,1.2784375481919728,0.11829463462721446,0.00800216622261504
0.8290985023955113,1.6362093794338497,0.16672113682386797,0.011548244005853229
0.9045074308481842,1.5833386782030179,0.1994471606937273,0.013986978691634783
0.8991610805109427,0.49367219232265436,0.10666090886088614,0.007163835045776487
1.1791740443693508,1.161862872040998,0.16645145109173923,0.011528275907140536
0.38749390982569376,0.9114139272672894,0.3748365480668003,0.02745648614162539
0.8251886073297265,0.3986907158862032,0.24092390693054105,0.017117389898534927
0.6420508727814289,1.4647405316576925,0.16540401513937475,0.01145074274834046
1.864427714877835,0.09420736389689077,0.3423695000801072,0.024922015474935773
0.5730829014192216,0.543251683527477,0.421332849506152,0.03111232025333661
0.41382671875472954,1.282104669469607,0.16312109237519978,0.011281874190817217
1.9538473005450054,0.7946612097233892,0.4697891697835051,0.0349520168103117
1.143162010233087,0.9662276785163644,0.4853786194481072,0.03619329639022461
0.6411468066904245,0.4859122871131689,0.27460471524026153,0.019687327890707103
0.6309431666141565,0.6500950336102977,0.38780538859516167,0.028473190068150866
0.7865373435667806,1.8594271040145012,0.3488920472031696,0.025429902017351517
0.88612045946007,1.0869638837445947,0.4940434487746375,0.03688441269557296
0.2573488546404743,0.9339983499186866,0.48133699706906335,0.035871222266804406
1.370091995148372,0.8976035186671489,0.08792137640759431,0.005826998821695862
1.3231711456050317,0.546346366384348,0.3321151157940757,0.024124898323865017
0.8242648541758832,1.9513986783948403,0.45667989035122986,0.033910410045622605
1.8994225440343533,0.8344820179346655,0.16056582253389773,0.011093053456284575
0.6828654791315887,1.555940532443826,0.35687446346946133,0.02605235414735444
1.6364180945126823,1.8954302398468617,0.3612092371300268,0.02639077483574901
0.46828885003727705,1.2245958755952573,0.49405197625548725,0.03688509327128235
0.9260548191559137,1.6690821207362685,0.26934047271057243,0.019284143855582168
0.8931154860034243,1.3304236951914896,0.30609336615217553,0.02210984869761142
1.90462793781524,0.3693711001352409,0.1373624623575741,0.009388341895998544
0.5620661769527526,1.2661250578648597,0.35608347702810306,0.025990631433703813
0.24186078814330014,1.563487495445536,0.4543365432694313,0.033724433376752155
0.41631469017236733,1.260604095864874,0.38381224146080956,0.028159889989064334
0.6580205101772163,1.8160039045250846,0.30626115326765324,0.02212280485985985
1.2941124964640058,0.24509668405534213,0.3333834526088,0.024223400608079326
0.5825451481035453,1.2604171010761682,0.2078024854036608,0.014614251313709544
1.1968790682293389,1.6706637918905762,0.4166554851439822,0.030743241499102115
0.3602750491625424,0.9179541633967652,0.09598420477896838,0.006399992842385371
0.23007103968666187,1.698697616961222,0.4733454503106747,0.03523493189131302
0.018581910662307077,0.7026593665536773,0.09289884957580821,0.006180320280925904
0.7357048160674113,0.7752240908012167,0.24872506751105794,0.017710553727919798
1.1570603706646716,1.343684566797526,0.1826695724682208,0.012732952351727963
0.2352386976526264,1.2492856373887935,0.4815882202288377,0.035891236646216934
0.36370799093719364,0.3859917081759039,0.31584251304183564,0.022863461880521324
1.7261190842660319,0.19764695943636035,0.1283369313522198,0.008730434281798162
0.7088586794465805,1.5349502706586786,0.24962256827089419,0.017778878645115574
1.5422351200275823,1.9729014516164223,0.17325239359967537,0.012032504814363793
0.5939458244717597,1.0515058899461074,0.30278466615823385,0.021854458389037164
1.1216904707909694,0.296294853711645,0.3312410332007833,0.024057029932052554
1.1927596392971367,1.8988307812781478,0.46169346514131027,0.03430852661932671
1.4369572184090447,1.8057442203811795,0.20900202168767296,0.014704450631986008
0.3552831769542144,0.27421394389732634,0.4239464012951682,0.03131867223726621
0.9783336377973959,0.5365293005468788,0.1992498598215201,0.013972188018526044
0.9417728854579062,0.8843205414979183,0.3841340801134223,0.028185132967636948
1.7904768344672986,1.2656194833386631,0.2048307647491205,0.014390947448065535
1.9006559420603664,0.3894367469886051,0.07506431404221461,0.004920920695279334
0.2091745806358376,1.2447763309566224,0.4139639111338787,0.030530985688342095
1.0253860508352757,1.1281812168529517,0.18711827857652447,0.013064721764222876
0.37400390493584657,0.5230217057760631,0.4586203533902445,0.034064462211761376
0.7955746485221233,0.7495565105804072,0.49323492700945953,0.036819888497617456
1.643231461852749,0.7938741703832364,0.29704599981741897,0.021411962647703283
0.879959969757734,0.07350070745377146,0.23531009075734288,0.016691358392902766
1.4160310939992908,0.3694632046025379,0.28899778891222183,0.02079237861827173
1.2107507475976333,1.447059233476322,0.1833984518213263,0.01278727187653794
0.4758065573003605,0.04025757601183533,0.35730503796128,0.026085956955603597
0.41097475096085656,1.9694682209223286,0.13138455279951067,0.008952241662244467
1.9986285795285212,0.6555316515298304,0.10115412539204369,0.006769169682590644
1.00504180044978,1.469307150970173,0.3157530158489346,0.022856536330404985
0.19148899054285828,1.3394927532182732,0.24647705288497695,0.017539491707446276
1.1063886235576992,1.4986817173547737,0.4893380921925675,0.03650900357091156
0.044394514751061154,1.317572360671521,0.3463269714806498,0.02523009023727444
1.1667239149256112,1.0196448754513285,0.4669425385226814,0.034725663322864406
0.7556405718859198,1.776985945621722,0.07917318304921706,0.005209402662999823
1.8341835422145978,0.09101039111725084,0.49806294562872966,0.037205297169652166
0.3075793130187223,0.9557292968281443,0.22621058130268418,0.016002293805348705
0.4628648036804015,0.7637098813475967,0.3984094754468632,0.029306255943447167
0.1304222768275176,1.9498418707112635,0.4166647063175796,0.030743968837956187
1.955403583613203,1.9288604578655264,0.4206159047917148,0.031055729569383263
0.8567570434954219,0.018438878744203357,0.4044361132128708,0.029780398574103462
1.7177973809436322,0.014101538747123499,0.2635094575403012,0.018838185893762262
1.9332841887368413,1.8156443903206503,0.20962042710225282,0.014750965693028258
0.6844072033779445,0.5087919294624195,0.38994572827390733,0.02864121171626233
1.9239083301480322,1.5987968901077763,0.23439267209907888,0.016621801861930376
1.819415104041375,1.226276408688849,0.29412908124905546,0.021187270873989212
0.9980367051016767,0.4462648045674693,0.057196262271733266,0.0036798824824034793
1.9272216697194382,1.781289956315401,0.23482693729112852,0.016654724493316744
1.8090870296818649,0.21176557802936524,0.11952734722013345,0.008091340102666643
1.7603774315520988,0.968188810244313,0.350735361142504,0.025573553348141286
0.47361550743300307,0.27480609138557477,0.4801010152927781,0.0357727649044196
1.1206246978004442,1.6029719910438711,0.4530743002366273,0.033624284515566136
1.2654332973518705,0.3880391282235798,0.426596490007961,0.031527998622938376
1.7757074933683936,1.932456083455813,0.4782122728173342,0.035622342919309914
0.6482207882883602,0.15877310476963435,0.39537107466139204,0.02906739843861296
0.06275889635685039,0.41971732332973843,0.1325186717773256,0.00903487452225723
0.4101987286796116,0.8090634741791947,0.22067791116358265,0.015584259063290105
1.4695609494495148,1.0983208767228234,0.18918987668312337,0.01321940115162838
0.5618207215402158,1.0906460165584553,0.08149248434020498,0.005372700135128984
1.2111915107286109,0.027239989629291417,0.3036537000000294,0.02192151838578915
0.3100839479429838,1.3851156930540887,0.4983473982070698,0.03722801237568853
1.165873008847811,0.5957416671400795,0.49827680741912306,0.03722237520393998
1.8526252807667707,1.796410796726885,0.42076747054896474,0.031067692573243738
1.5814010097452489,1.5073017062976746,0.16251347779752853,0.011236956115212134
1.7417695146853087,0.49144369210205596,0.08590625015901057,0.00568434467483501
0.735575000037995,1.0999710187861018,0.31695303479599,0.022949408500162066
1.9584486005420285,1.9527905653602124,0.46295815938409346,0.03440900036491119
1.8960829795106082,1.1971360504389734,0.06173095584724242,0.003992598522425088
0.5990849296467344,0.17959792557769005,0.17744908986691116,0.012344337859523963
1.263082354619704,1.2990007961984222,0.4471758292041984,0.03315654411846415
1.7577221176190831,1.2521011601645715,0.4359342894519986,0.032266288668709064
0.48588957652973686,1.3314490366545018,0.1201180789505161,0.008134095909883256
1.7369715965647023,0.14916280840746898,0.4304139538630726,0.031829691774492325
0.5273995154804778,0.26985907032078793,0.31582851287043434,0.02286237849806864
0.8168190780935289,0.12232675789710346,0.43675263357790517,0.032331043140931756
1.0700522588989738,0.492824624795307,0.23942199779773882,0.017003342492068415
0.30649221440042695,1.7983625991193968,0.26490114914703644,0.018944561630154916
1.1252711269299742,0.8078366260284913,0.4012384226885429,0.029528760739016096
0.02087807381785245,1.0051567421060872,0.36817989897857945,0.02693556887866686
1.8606538522338727,0.4232037812041336,0.12665081051187593,0.00860787311318224
1.3087888359737,1.4699170586866503,0.19335075033195337,0.013530431880652402
0.83999670992009,0.5470178969411659,0.3071948134711202,0.022194909042752824
0.09784489295490628,1.6028035818084514,0.25611532312323115,0.018273660388541803
1.357045524253111,1.185468797242468,0.06486136362731709,0.004209408241423705
1.2471411133234669,1.1083367189452233,0.08972146509544243,0.005954621185929346
1.7536102601254104,1.9344765510026845,0.11813906475989545,0.00799091690976891
0.3020584123718051,0.017890284299452164,0.40118710695209747,0.02952472364316077
1.1268342954686434,1.8957684750872148,0.44683877683047796,0.033129829145673376
0.48360462853014363,1.753620061164269,0.22193543138424404,0.01567921129981439
0.8541832458890848,0.1601054649730922,0.11785523293245218,0.007970395562994125
1.2330830285950456,0.8439711845241689,0.32790049066118265,0.023797766668268414
0.6875899007114454,1.061650894002664,0.2328358153732179,0.01650380765469743
1.1784916545507393,0.7512700587655281,0.21474722806190305,0.015136954369024387
1.0481890465331791,1.8651959041747768,0.4739906468145141,0.035286275377495284
1.8814421748389014,1.844869551270929,0.42926029803131516,0.031738499118178706
0.6618965364400216,1.8767927692278015,0.48046144335771773,0.03580147452381194
1.8414822072273818,0.08215866886502976,0.20556774831414248,0.014446305851355635
0.5813506474960115,0.6062880257901551,0.44810553700351874,0.03323024051385297
1.1176000929420589,1.29202044797814,0.21999673558870803,0.015532840756551652
0.9274983304862519,1.6911310649328122,0.1097798170867531,0.0073879932240213456
0.014914734941586794,1.5013709652947547,0.4937455891453565,0.036860641115894044
0.6827174418092841,0.3095557228144894,0.3584921288310655,0.026178614124986635
0.763631328953468,1.569130605386954,0.16142045485824655,0.011156183287563003
0.7910073099017347,0.5798129629859139,0.33607952212897263,0.02443287006776803
0.23196466898451606,0.39786840672638624,0.4419024696124784,0.03273873428950826
1.9643534107606755,0.15800822114350566,0.44061233938337235,0.03263656910399345
1.9606960997579714,1.0578142877023096,0.4695427638781643,0.03493241978304055
1.2471603712312735,0.48974427109162,0.061140595933982904,0.0039517944542951005
1.8105034437986853,0.10515005685632484,0.17515125152682698,0.012173534522750735
1.0092032179555968,1.024293088211671,0.2292918303610506,0.01623541245379952
1.6135471017059835,0.31229422362686177,0.4818453377657361,0.035911721363252616
1.6735756745030204,0.1172782659289251,0.3868714792245914,0.028399896035848252
1.865009945338921,0.5634233966869293,0.3528696539900918,0.02573994603342541
1.4667667203258001,0.31553730705369243,0.393778001539298,0.028942212879173146
1.7664703798879555,1.5399328382498552,0.4412870268408804,0.03268999491401309
1.112019005560625,0.9080586692335544,0.392511013747004,0.028842676426493068
0.23643139728758156,1.8198556366994847,0.07781647068638164,0.005114031494259617
1.2459152086967795,0.9483780822753265,0.10194604142910253,0.006825836085472432
0.3609061259481543,0.7573342404142889,0.1737283299909314,0.012067843023937453
0.058895194746316326,1.3517663263654307,0.08524849779903625,0.005637830989303714
0.49339342386729834,1.2653736751341167,0.06890520515233838,0.004490548104541695
1.5049829123497445,0.2536882061388752,0.37178050530340195,0.02721725502187068
1.5142481385909763,1.9338728489798578,0.4377500303049482,0.03240997712425094
1.126209349751552,1.2926161005472938,0.38968161844056476,0.0286204750305022
0.9993551483271406,0.5595108719106205,0.21760202869762418,0.015352164516920282
0.21273108796411067,1.987986666869024,0.41572984868809115,0.030670235693366354
1.6488382045536927,0.17766720718513396,0.3499975143546772,0.02551604592915951
0.13034125762343374,1.8341944310648073,0.1443302641879562,0.009898308847182484
1.0325915874583371,0.42827522127465856,0.29421725502567553,0.021194060700720368
1.7204381968973226,0.7022481583752027,0.20363318280863235,0.014301020599500508
1.585479667057315,1.2980382613750725,0.4997286876371426,0.03733832914629066
1.3461472860763033,0.5829418357892773,0.34416659610761,0.025061882582464792
0.4228321897806657,1.8302366305393691,0.17737877446987826,0.012339108888634214
1.8216016754346163,1.5827300420056503,0.25784405832152696,0.018405545896845538
1.242347109203014,0.6542042779397435,0.39463520182192935,0.02900956835163434
0.5970301599847201,1.6241668301146828,0.49072369214034717,0.03661952561431546
0.037335547788852175,1.0497659305016642,0.06265868722884242,0.004056775117027777
1.3223181502474686,0.8888983887346611,0.42785613616501494,0.031627527612630234
0.07790000422532883,0.994579194017482,0.23921935865745192,0.01698795886981978
0.5713231119562481,1.5474269869076307,0.20564780203756483,0.014452319899524531
0.33843868468941163,1.235030665625079,0.45077047504815815,0.03344154413027238
0.8771101281963645,1.0898149421444228,0.12331963672437085,0.008366068071845242
1.6949240349317622,0.7280451842521054,0.1975492257589606,0.013844741865085105
1.3110391473932383,1.139794146528569,0.2129958903947149,0.015005026663867865
0.08941831248045462,0.5646738960247042,0.2202789630532464,0.015554143269896164
0.03589484343611393,1.3946162546295118,0.3934371055729834,0.028915429407106036
1.775978199866042,1.6109366277843795,0.2748955499974936,0.01970961833166024
0.9347638254746535,0.6479990661041699,0.08042420619735222,0.005297444360494348
0.4851322510770202,1.3734270003539324,0.1215511417026431,0.008237877873978935
1.5889873661233538,1.280554102540006,0.19139604222362838,0.013384256767588136
0.1469896288560837,1.0719530103440125,0.2004354530281302,0.01406108126855781
0.032816938705952925,0.04615253752685233,0.28211010887775867,0.020263080427599833
0.24748299141260133,0.7501027967258922,0.25407043997660733,0.01811773521198766
1.8160995624824918,0.48839387982929683,0.3825952695195016,0.02806445165610926
0.7861487550149988,1.589428374591472,0.0693055158678636,0.004518441997143908
1.5562441904063498,1.386079573573189,0.3803655683338638,0.027889646657000656
0.5918850320240796,0.7689994705595555,0.19426984852078127,0.013599198318016929
1.8650209729567997,1.7005110798026664,0.4107133356180022,0.03027477434538704
1.239506099270472,1.1612673195347745,0.36446351723264575,0.026645024578496615
1.4436458944837551,1.4602032554386057,0.3898794971294696,0.02863601146126337
0.7861695262352124,0.8779581676972161,0.2830198953610357,0.02033294423885114
0.42793354470910727,0.5757376277793969,0.08404386669443872,0.00555270848650319
0.523052613809432,1.8179386065378782,0.40512401072236826,0.0298345496999816
1.7344726247912519,1.776699605521178,0.41843135923690056,0.030883337649681368
1.8991712989651945,0.27619365760721437,0.4509176255751282,0.0334532142490793
1.9973193367715358,0.06813734258644621,0.17292213412666763,0.012007987030610992
1.5538189619362586,1.3232706832092527,0.4804825037614639,0.035803152119985956
1.6390617686187443,1.9714391105416151,0.2539000287297894,0.018104745016822615
0.16846073611405088,0.6050846980750222,0.2539975378794251,0.018112177920252926
1.5464895615370755,1.044266142810941,0.2680696655709184,0.01918689482236693
1.197629238260667,0.9407102404915131,0.39528391216655473,0.029060548205908417
0.5866766802632026,1.3393943509865325,0.35912284004043427,0.026227852263666043
1.986196291945306,0.5354204317010507,0.3520396922217106,0.02567523268901723
0.2523687042014007,0.933319855025631,0.4280135146780508,0.03163996405415378
0.43997925742260646,0.932530625848565,0.23580405542646538,0.016728817390752323
1.3787938513123137,1.2150459034930008,0.4050769278648209,0.02983084314641615
0.6846202769591678,1.4135025968959924,0.28347310953921717,0.02036775299280987
0.036570067630695036,0.856930506182813,0.05291216393696385,0.003386014294124418
0.8263777212688395,1.8979073526638517,0.11078934093521886,0.007460643228292061
0.568448866243449,1.617207453597992,0.47103923172970247,0.035051447010531644
1.95176210256107,1.5899939560366525,0.2478804647557617,0.01764627136297941
0.8901615719998988,1.214707415602855,0.2693093848867877,0.019281764468815438
0.09910925693659789,0.8797131257333444,0.47415123011235705,0.03529905503458003
0.16831880868798876,1.642921673155677,0.39201182487828873,0.028803465487290406
1.9924205348970263,1.0982503752311736,0.3616379763060572,0.02642426227548306
0.8338697643349939,0.35794866691137583,0.11387805611877319,0.007683203588867778
1.551502950594269,0.4762786456217336,0.05097737883862768,0.0032538271724813716
0.17225076064947542,0.65476534384086,0.1263399794006641,0.008585291588199687
0.6641067089593695,0.20084622819477316,0.4237371646679591,0.03130214879951622
1.5610273556051038,0.15853058025995792,0.42250969029837426,0.031205226370673494
0.5600390583510195,1.2027418473930696,0.3971235168417792,0.02920514760799139
1.6850680477912228,1.602401450759737,0.20259331386159196,0.01422296606170525
1.5475235948366883,0.8891784313864024,0.3979997624621793,0.02927403986315197
1.2670019397191834,0.7468324362126548,0.06129663798714328,0.003962577023371446
0.5553443530322666,0.27022590440087013,0.10693445229487775,0.007183476909374515
0.7480090917500979,0.32755206836570094,0.18239883934954254,0.012712779849334464
1.2720104851072505,0.7370735079756903,0.07136874226309015,0.004662383907768233
0.1520624284279828,1.593834707382681,0.29049777476007804,0.02090776436283382
0.33414490099323535,0.29719695100205823,0.20737528915523268,0.01458213688901927
1.9667773335200593,0.5708257003168462,0.1324862961479516,0.009032514928083322
0.1411014744621868,1.3236262710012419,0.18965856367035283,0.013254412720894447
1.8718358937871595,1.8569083588430226,0.2848075453713695,0.020470265552095208
1.1740250921882314,0.9412853921423119,0.4855235869688575,0.03620485220011921
1.7223617684708818,1.7329954149066629,0.3556787134347782,0.025959050343454314
1.530801006844217,0.7797438850069689,0.09115830414590242,0.006056616990337206
1.8494484999059995,0.9452068153725548,0.2774695102168505,0.019906965048575476
1.0449916469648843,0.8141110261354128,0.43927704569010917,0.03253084916765954
1.4600556802032294,1.436361106884688,0.3745656477199113,0.027435274246985424
0.4992214188644757,0.38925735279918805,0.4553855072729652,0.03380767486747801
0.11288151366592247,1.7260418340777175,0.18716868396189945,0.01306848397074622
0.24567571533049248,0.46418942229130566,0.2981001985576972,0.0214932056715846
0.07765813275443767,1.8799241390040717,0.4118761494932219,0.030366411670162175
0.7557579814832742,1.2922672823992805,0.20614438645073013,0.014489629485921193
1.2357951264530425,0.028282010010483027,0.144715225023729,0.009926534095815457
0.5513794216533228,1.1856344043223797,0.4587826578217932,0.03407734950163918
0.3526049874864454,1.0010366427929425,0.23873351750509647,0.016951079250262267
1.8950497690219221,1.298471993465767,0.2763512394124991,0.019821211122514254
0.9752602961205865,0.9988011953265119,0.4505698226337959,0.033425631341998115
0.228629416480578,0.2509618815722361,0.09578055327760493,0.006385477969851408
0.4846282091969647,1.5396681946263497,0.12607761896323438,0.008566234385021586
1.7696219373466429,1.5018940230407143,0.1885845622131499,0.013174192176737124
1.7346677867931632,0.035503854028566595,0.21630841248605653,0.015254620511808958
0.813047304456693,1.4430747880167862,0.11433952009837291,0.007716490879171934
0.4231007112578009,0.4856870776749356,0.1282415972175152,0.008723501633024256
0.8357064632184479,1.0304093799658547,0.16321237253358356,0.011288623100314166
1.6717730740606762,0.1500716087630567,0.34388867193957195,0.025040248579178994
1.545247591406886,0.9600376669982207,0.11327733208357492,0.007639884847020652
0.3600550269192473,1.07413437860085,0.42224340971549235,0.0311842031899974
0.9820503379018319,0.800782002842771,0.20623134394934006,0.0144961634513224
0.06770848237740945,0.5348481312164497,0.33916852343222975,0.024673010635381267
0.08315016615505089,1.3051630688981462,0.4700343058906263,0.03497151355241728
1.596618704405352,1.5902816019561707,0.4202922346615709,0.03103018345569679
1.1366053044201458,0.11050381837556489,0.21611000310851847,0.015239663179223428
0.28048506534688156,0.31531514716668685,0.2466348819301174,0.01755149816078743
1.382268994445231,0.08720679809713006,0.09411980773658274,0.006267191359315592
0.6170237551978055,0.7581388214122284,0.3306462958626676,0.02401085844416272
1.3862033881847304,0.2930343103489652,0.45254404903721107,0.03358221907458122
0.17639979623372692,0.2710235379783539,0.4422558686920435,0.03276672349398956
0.526119181544638,1.2379199005716222,0.3347081255545272,0.024326305708453018
0.4069972894012801,1.2767535911632693,0.2856616931380648,0.0205358993584875
0.7263502482649109,1.4291574129617528,0.21461380817674297,0.015126901271584545
1.6350530852044969,1.3836849219675884,0.08534370194753423,0.005644561927808047
1.7155444508321074,1.5617648270001732,0.2693355083155956,0.019283763891538304
1.8031860207613044,0.6002342192465635,0.22672530989627226,0.01604122156333102
1.3284939233183422,1.017496473705189,0.36778518213208794,0.026904700531429373
0.8950491805904319,1.5870324672185594,0.3066360986425254,0.022151759109661846
1.7893782407799057,0.8227910674581893,0.45182807561090815,0.033525425471275225
1.304480029181982,1.8085980230656895,0.2023930317538593,0.014207935676647156
1.6118554583916647,1.6919513288217034,0.1706448163726137,0.011839011903700798
1.8343399948759358,1.8827448157358393,0.3657367451437569,0.026744541790735866
1.8435609941770048,1.9511139705288187,0.1588612964575572,0.010967213158089028
0.11726305108238644,0.213827779305223,0.11897020258860844,0.00805102860961425
0.23425533009536958,0.859169895263201,0.3734017816080372,0.027344153874660795
0.3383055751324793,0.5336119150496366,0.32213745906542435,0.02335092056535433
0.8244055396319594,0.6698619511143864,0.41011507299633654,0.030227634315896684
1.0770842824735107,0.8543768812023773,0.18514844328630908,0.012917750207998813
1.5554351688508086,1.6200788573318174,0.3819905686873997,0.028017037115952714
1.0368248298128309,0.7039719139085827,0.3525201262466379,0.025712691557668175
0.4027789934629311,0.5734780648561868,0.38826530384411984,0.028509289100833606
1.5756941894023393,1.9771848808546886,0.2291570436037138,0.016225210323495477
0.13257158313362827,1.5501685207951192,0.064331280817713,0.004172643322044432
0.0009046327655004571,1.781414343307093,0.41727375828032826,0.030792011510596896
0.19692289131941476,1.47060214871104,0.42069528995947325,0.031061995360971456
1.6937163539840978,1.7689067100407023,0.49411555147766434,0.036890167216394654
1.823522193829621,0.9762156344431205,0.22440269618215175,0.015865616062241822
0.3434525259546166,0.24986662904536083,0.051161818704741416,0.0032664136333528083
1.0600502215397367,0.5890105553322151,0.3120572708182066,0.022570667654291842
1.0178245161072226,1.9977299670316782,0.3444369090960696,0.02508292527736902
1.6980360169613087,1.332717412241589,0.24312897295752844,0.017284920317243636
1.7894617146308769,0.14832866261525535,0.23629844251682852,0.016766313843955556
1.7679826910600278,1.4997379594779066,0.39941289857213463,0.029385165607672924
0.8855421813962439,0.16146132193271545,0.24667634235608416,0.017554652247849353
1.5415488968172875,0.3777646275575903,0.48664395568700874,0.03629416828416872
1.0929624001546487,1.0760779603649475,0.18335080873824078,0.012783720833758927
0.6697564115731576,1.9365488093953014,0.27215245779154373,0.01949944451393128
0.07614519225731997,0.23582410651228947,0.3248388131759855,0.023560306402047922
0.450431252687143,0.8143549376221022,0.4060506543881755,0.029907504893848726
1.4657544047783422,1.1821129990272603,0.20269978250342585,0.014230956532295268
0.3674075391072822,1.7794738267439514,0.14683325950065873,0.010081920276688897
0.5546501289428674,0.49590815799073384,0.21133004894852386,0.014879608790910564
0.310570757267159,1.5551455046712228,0.08871737253550604,0.00588341119378154
1.2180494959116324,0.8649847503115284,0.18084112774262112,0.01259675396180862
1.8212249600283388,1.5352145384441462,0.4806609386745537,0.03581736580831586
1.7592189648522556,1.9537858098810825,0.40096187283342355,0.02950700451521854
1.8800787366398037,1.2458060599054868,0.32879984695645265,0.023867548871644804
0.45285062339074966,0.3757964909919016,0.37779381973593934,0.027688113502686542
1.2314612282627913,1.8681073028666983,0.14999114954234885,0.010313880500471401
0.2337266501474542,0.9022050698671196,0.050099507306270795,0.003193963113299466
1.4398972906225322,0.3058096201010567,0.2984955417975619,0.021523678362990847
1.0776334519562694,0.4930726633098257,0.3318278583543376,0.024102592776926498
1.1064344745553896,0.22229820577935722,0.15893866255840555,0.010972922866008218
1.5100476896763242,0.7363154513211279,0.0968553346526575,0.006462104899165147
0.71418050239987,1.04900790004859,0.09687602120425354,0.0064635803320654515
1.8246761444301802,0.09216500349532764,0.18335378432299815,0.0127839426149553
0.14821761755035356,1.3656436431326686,0.36432861885365597,0.026634482142986738
0.8008139178688605,0.22742848502962532,0.06653401519885088,0.004325553456920008
1.676952913619633,0.8837408994534575,0.4229440999551647,0.031239525511355715
0.02457987973225828,1.5210810166988715,0.126183777728814,0.008573945161828874
0.6925375714733841,0.4001105729655272,0.2555508392622683,0.0182306090980273
0.9119454303180565,1.560058209427271,0.0782131353766636,0.005141903573306261
1.8833422882769262,0.3998547867195017,0.34415318737723344,0.02506083880058331
0.269795188125584,0.9007352437453462,0.18008685717983686,0.012540596984282183
1.63521821506436,0.9189396374809939,0.13621570976557193,0.009304580706381141
1.0901647548488445,1.7406590665522848,0.3720493787857223,0.027238297370890594
1.4192345409588696,1.240567950483886,0.3251608387055689,0.02358527509886565
1.6520657828010261,0.968246507179952,0.07938928375023915,0.005224604097154059
0.3205434868978916,1.4234873280604567,0.39333683017730303,0.02890755128695156
1.0083529427027096,0.5249804030113017,0.21894917037238681,0.015453787098531166
1.3428078263663275,0.1785138141272924,0.30542942546296004,0.02205858542584822
0.560069828243785,0.43220548757520283,0.29637372130336503,0.021360163123547278
1.2051215231754309,0.3401132914810092,0.41259442744664687,0.030423025585042
1.7408027321824062,0.4174112564124559,0.4011923253381393,0.029525134180797205
1.8026292351478181,1.385078458604261,0.24717479582730345,0.017592574778980897
1.1314523872703284,1.6579560991142104,0.14880732433676278,0.010226883718976829
0.758142320108353,0.40842561241705333,0.4894917726522383,0.036521260791917164
0.18951336128155916,0.8262747476158001,0.11961380877381908,0.008097597082447741
0.18078367840476006,0.7869728976867729,0.33009713239557076,0.02396823009932798
0.6395923791007339,1.038534233982834,0.2999547444835824,0.021636176439941413
1.4130629188851032,0.5936309095753092,0.375322145991398,0.027494511818685667
0.15443633898267461,1.8266225988655747,0.45190532559060825,0.03353155292055991
0.4322111058332667,1.7703298065626727,0.0668478004303023,0.004347364614183731
0.38901494684003834,0.645179248411661,0.27268791945236814,0.019540459779254633
1.0630091713050058,0.46141164768926424,0.44637701240471156,0.03309323167848313
0.8991327057775802,1.795747764541788,0.1002326333775023,0.006703269869915582
0.0015149188729806085,0.16518355074464508,0.33335891297499237,0.024221494551659794
1.9988120389773893,1.18982326799126,0.057441122426000274,0.0036967257434092076
1.4630385612529833,1.444350334239766,0.058254099557186564,0.003752683646556562
0.34689342380103594,1.5210562420083793,0.4412033729465358,0.03268337038935204
0.6421633368959825,1.6649786363493615,0.2584125940469183,0.018448932939949453
0.2858921256913465,0.9322321071821218,0.2911294958850935,0.020956371545727555
1.3336913505372956,1.4210445000842242,0.144487196831712,0.009909814489690836
0.3033443997522913,1.9728070836561373,0.16561855576478546,0.011466620692991022
1.793355005093467,0.26315190562375523,0.2746391970364424,0.019689970593059204
0.460083454733329,1.0994228606347658,0.3405194903771851,0.02477808303149699
0.2474754602181941,0.3825537252535536,0.10802421478877865,0.007261761953014954
1.6984575610820112,0.3224217751581806,0.12635298171251752,0.008586236114539575
0.36739140393212844,0.705560423557763,0.288784848239978,0.02077600159605545
1.2294309413024391,0.8618011103471004,0.40012111964245245,0.029440868681012717
0.5722734315252489,1.9394683567932622,0.4483921113636037,0.0332529589164212
0.1449694770963863,0.7430312747291679,0.3101644784817886,0.0224243489952797
1.7968542089733586,1.300688294100242,0.30528917067660966,0.02204775725004835
1.996862917924149,0.19576646225839345,0.46347013299685014,0.03444967954208579
1.4630349788184287,1.422702191592877,0.3605476419891598,0.026339105146970538
1.8877407900753223,1.979688369554634,0.2720463790089181,0.019491319757125043
0.23780516754972214,0.9527084335465867,0.3783023106821848,0.027727953527940427
0.436698005971929,1.44215519061048,0.2145239246853104,0.015120128854844976
1.2993215969527712,0.8813866065755864,0.09905362355064573,0.006619014853464856
1.2539425112482532,1.6211632659079305,0.29911534717015764,0.021571457992357525
1.9262893792112945,1.1547603375567346,0.13490969920386797,0.009209246249922197
0.8192706674407986,0.7733289922448179,0.40386386865943646,0.02973535646262107
0.7511373702904078,1.7898913175263422,0.4110836062930288,0.030303952151714286
0.5646594184306655,0.15339195672513406,0.18668291649887264,0.013032229695253313
0.16719950682506557,1.53560041140826,0.2666125402604512,0.019075426865376693
0.8103530573918334,1.7279078712266085,0.06144246999231664,0.003972655786386471
0.823860014738637,0.729484101140806,0.10021497339177246,0.0067020073362219264
1.4368039354225437,1.3741369111735646,0.3196681754149969,0.023159628778580445
0.04092401611698837,0.07541504671878552,0.23120275770703363,0.016380096670136863
0.6421537844825331,0.7779862511633144,0.2368997252458589,0.01681192501904771
0.934957918628931,0.14826265265957694,0.3148674126568891,0.022788013116074927
0.3800914324827631,0.8193349587976273,0.313957281322078,0.022717605900864808
0.7317427512544548,0.8844962530778595,0.242083874652903,0.01720550559556056
0.5896808247204741,0.0685856393289277,0.29716252832813217,0.021420942073109194
1.5159881271871454,0.5125729989600423,0.07441450474430553,0.00487539606806993
1.8946570640045421,1.4795376781839984,0.4764266860534384,0.035480174081977
0.7634425038722716,0.21474033836043138,0.2745176556570157,0.019680655701971955
0.1583952853752344,1.9237238440105033,0.1890703626684414,0.01321047424563995
1.9382616458519908,0.4387667507163677,0.4326365905949145,0.03200543133049802
1.9375175769454758,0.1243344412103975,0.49879998607758896,0.037264156014487806
0.6225032876666252,0.7908759909518133,0.06100654105809509,0.0039425327241097465
0.6325728140000282,1.8464308194651968,0.159521913498399,0.011015973627910304
0.5586103918105092,0.6599553845822188,0.44167745818612175,0.03272091419085994
1.221753825057458,1.353010696437691,0.48601224730656933,0.03624380658194956
1.7520388274938596,1.3303631325469467,0.3818514038353116,0.02800612594466815
0.06274707778366562,0.8534848896338334,0.3256027411986776,0.02361954139955827
1.6700395453941705,1.5279111668471232,0.3223058541671303,0.02336396958149929
0.5156101751492634,1.794728056969303,0.11871059817703146,0.008032249706371241
0.49583224722355346,0.49299645351210586,0.4189878740908498,0.0309272487570259
0.1525917802889316,0.15671952872969874,0.46210519482870277,0.034341234438319136
0.59845013987435,0.975340133594391,0.3769874589813091,0.027624943106163057
1.5671759317830403,0.31928252825382586,0.3909229387390498,0.02871794619587027
1.7889806344283674,1.4367610614453856,0.493118848290989,0.03681062541728935
0.3754746374664264,1.183163917072079,0.25488496461559695,0.01817983350810687
0.752279115219989,1.1131802010702938,0.19750774685827283,0.013841634363723281
0.11252268718914427,1.3932648808465862,0.1483339130155966,0.010192107077501624
1.6870042590304695,0.41050833979694823,0.10591780041447638,0.007110493502919987
1.7272601484552805,0.5725607729271562,0.38931468059914176,0.028591666373595934
1.5384405350358317,0.6121624594890984,0.2893934876488469,0.020822813563854688
1.7949797828145755,0.16181637681369931,0.24040947148375424,0.017078320725264363
0.8639025369404876,0.7967832459953303,0.22231524508355133,0.015707897401186506
0.5378618707407008,1.8778667609781967,0.09648910681876434,0.006435987929374708
0.9012560166198802,0.2419957880966317,0.4257037839489193,0.03145747511004037
1.9632477105927506,1.4785395654573672,0.12938999530081213,0.008807036132390289
0.19249142734314972,0.9372811663929421,0.49532615301243443,0.03698679404065557
0.862451484404315,0.7937716600046454,0.2769233527217974,0.019865080303319658
0.8264447122607435,0.9734610447396679,0.47112058702862425,0.03505791866034891
0.6105394482374169,1.604645722473737,0.44386184461246736,0.03289393619984532
1.3944838847014869,0.6291339663035604,0.45523692210578026,0.03379588295162932
1.1509929576893958,0.17847076693637498,0.23910756966815944,0.01697947264347414
0.7470708756571793,0.42825589810774534,0.06117882285654744,0.0039544357747096
1.6895699609488561,0.7016980263958206,0.32029510032242686,0.02320818610732082
0.8256100552642538,1.5494810688666472,0.1457608509711583,0.010003225285602187
1.573666176013368,0.5112748772419291,0.2676381759817189,0.019153882131940195
0.15742365755474963,0.5807943920671215,0.3574805781290254,0.02609965722817546
1.1506718825291706,0.4293632330664967,0.2636850763543769,0.018851607410583816
0.719985075415229,0.9633260579041933,0.29131863360140803,0.020970925984367672
0.3915786923341078,0.562085269792493,0.28069174967772786,0.020154193611253132
0.5476838005169757,1.5976137443906682,0.174471579367112,0.012123042540948153
0.1518989967027442,1.003873707456817,0.29489105378115227,0.02124595124572021
0.41394271582482056,1.096100814697758,0.24132936747716216,0.017148186951111193
1.9304038648762112,0.49985677694423547,0.12500420059713913,0.008488292526262663
1.5029827651060432,0.39914047707171285,0.2509927936185732,0.017883223807370754
0.3623189212290632,1.2748182101785344,0.19192398791374338,0.013423726988118341
0.25522442302912207,1.465134141802548,0.2566830673900305,0.018316966943720404
1.1671956904218983,0.9550094956920507,0.3497117271835795,0.025493774062784937
1.6282682563249493,0.5070726323953763,0.09578915317797901,0.006386090868325517
1.9895595325971454,0.5859992834312913,0.324823819369011,0.023559143877992506
1.2646837144058858,0.5167063150143996,0.36424178335870044,0.02662769600966524
0.8470918171292245,0.008140518582550271,0.1532802823989976,0.010555839517354566
1.191053394143592,0.4891122025537762,0.26751148145864456,0.01914418960087665
1.4489256358477474,1.3356466472769664,0.30165195962937175,0.021767071725284404
0.5814232120220819,0.7366736231223481,0.2454865311144525,0.017464152343583082
0.46247193860367686,1.4077778283552957,0.0785146416378674,0.005163095769147978
0.03999007909435215,1.6573294819517275,0.1322814080143771,0.009017583234895831
1.5219940781660328,0.14152259728894823,0.15186555745549662,0.010451723512839758
1.1528470673403353,1.216751233176508,0.3430597497882517,0.02497573129583326
0.17300762424757532,1.0926579668521654,0.22469923116299934,0.01588802918130616
0.8269772797337629,1.090160038619464,0.4425822565517949,0.03279257478093637
0.4291915363405898,0.951777490875847,0.29657178250278404,0.021375423034258084
1.682872266384816,1.8996635369015178,0.20713368788740938,0.014563976563967261
0.5126095633674499,0.09367982522689222,0.3620011498993227,0.02645263074139873
1.1875064603605219,0.47700745232837605,0.2322964424347161,0.016462941244392064
1.0375595563781181,0.21967613396052,0.35077147638251244,0.025576368366784737
0.27221631901000176,0.712392499511582,0.3063614375805296,0.022130548833910177
1.2472035652650766,1.8332199785082304,0.17284814803733795,0.012002494898321836
0.9180489889022061,0.38233815423339923,0.37723754622771943,0.027644533974082043
0.788488782345073,1.2756636238332295,0.09874185077855452,0.006596746317291991
1.7497051180343046,1.9963285588925723,0.06922618337981169,0.004512913176086712
0.4717271102252212,0.2693410394128304,0.3066703576030153,0.022154404796882583
0.3388452430968323,1.7805185057869604,0.050931279310771516,0.0032506817599719574
0.5396895976239764,1.2915603556728603,0.3565825018426712,0.026029570527831936
1.2581586158640325,0.6407679612805768,0.4266031206846312,0.03152852248254711
1.4488453934802983,1.1579184155654705,0.16313187357272654,0.011282671298196668
1.964883346430937,0.7527791697208426,0.21441615047385,0.015112008691059473
1.8151383645709251,1.3337984204326485,0.1013912333148889,0.00678613299523326
0.5924066889771689,0.02624711410358449,0.2035711970750499,0.014296367060349674
1.4208443262494848,0.3121660457053741,0.4954994461436338,0.037000627147308195
0.3166491980532131,0.7984517475646435,0.4124870022885716,0.030414558013984114
1.7145315648905277,1.4923874997645605,0.2674942017967881,0.01914286767672489
1.530553777559529,0.9805253955196531,0.16571430776140295,0.01147370766403189
0.9256158264430769,0.7703362723989209,0.42403749505630256,0.03132586609669025
1.6620999601038824,1.1827889808082037,0.3978948682653176,0.0292657923111012
0.23954200162571415,0.6601911061031194,0.14160519979217026,0.009698656964801159
0.251121543202774,0.2847750953092194,0.07351669911669952,0.004812542368394174
1.1711952180736194,0.7833428564906826,0.3556560564298366,0.025957282636882975
1.1392288239743085,1.292436289772667,0.3229478896558165,0.023413725529478548
1.7426082172945616,0.8875971182447402,0.23209994228028108,0.016448054737839723
0.9695910820306293,1.2852638163293657,0.16393496667916357,0.011342058157491525
1.458787364917625,1.5981033684824657,0.19145775881637933,0.01338887042969071
1.060260996354328,1.5436477585511381,0.4020264515291137,0.02959076077360219
0.4334199843529378,1.422866753072133,0.17022959663158896,0.01180821964345721
1.0822419336458506,0.7619927328995766,0.12524000869711574,0.00850541081714315
0.5823281565598537,1.547109587017673,0.3266599758160088,0.02370153521337824
1.073787699114253,0.38619104826614215,0.06859694668067608,0.004469076083649649
1.4478155010951002,0.4803464112258513,0.27918673300284097,0.020038695650275776
1.1718516089210944,0.628642255020212,0.4503289910606062,0.033406532781453877
0.779166112722651,1.1136456397514227,0.46128788449450897,0.03427630924798475
1.978424071883574,1.038644184042182,0.14071625577067567,0.009633585547835662
1.525781416286018,0.7618636366085754,0.1468966732047332,0.010086574916889269
0.6925961386362394,0.6760153647779341,0.24339848603877556,0.01730540384825886
1.2088293953036613,0.668667904085108,0.24434363141319182,0.0173772491365975
1.0601447215766495,0.8868596426943642,0.2867686295272432,0.020620977908014544
0.9043522091397695,1.4783587655108394,0.14649500862070236,0.010057094610145602
1.4068721886350146,1.317387218873638,0.27015402440276803,0.019346417863124372
1.3558868721908008,1.4722260561149731,0.453133110737409,0.03362895022996565
0.8056331594206734,1.3815795967526203,0.07756116886651143,0.0050960976136459075
1.5019047971821275,1.2485819032613459,0.4577059376785452,0.03399186169640299
1.3727017223644933,1.291321431732087,0.37149186473884926,0.02719466684684333
0.4463545103489741,1.5070054680261316,0.3565670698715318,0.02602836630894599
1.7100398779970216,0.46104617110913826,0.38628062406585717,0.028353531504064406
0.9661832815833913,1.7102689223620466,0.33622190984981287,0.024443936025962336
0.4448987918955707,1.0168605772686812,0.4722178009719243,0.03514520734277879
1.6898550981306826,0.3232859188112043,0.16687024138155465,0.011559284977857489
0.06295144082433923,0.1304015381860586,0.44829052471746567,0.03324490544234171
1.0269060385693858,1.6170820031527906,0.14434299189369754,0.009899241956973592
0.9930522457879345,1.2479431376008123,0.34204965663498477,0.024897127517752953
0.05668791378501137,1.792871579389265,0.0685515052530907,0.004465911382481246
1.37503842511186,1.4751615354076328,0.4365654280221266,0.03231622907749482
0.006705719009511446,1.0674231314518463,0.28839228586805643,0.02074581225981861
1.672731915674051,1.0201033681909137,0.21971847709819686,0.01551183966712222
1.3065343699499221,0.8818057028304858,0.3361966038890548,0.024441969296900103
1.4328315993112521,1.7146481467202093,0.10156962173877274,0.006798897168204341
0.7638700925890616,1.0499643493509785,0.18976165405965967,0.013262114517763171
1.8309682343234974,1.7978910237459311,0.20678556255317254,0.014537811766778132
0.21018209394335674,1.9694028311742617,0.1408254644404458,0.009641578185685267
1.5299762338412957,0.14122682298774492,0.24132316628651812,0.017147715908236997
1.77695463346783,0.6068299171669331,0.2844985501129085,0.02044652530445845
0.33280922531960755,1.1040990892330336,0.3928096469361592,0.028866135501538246
0.16933086786560714,1.3466754293085257,0.2760086428074583,0.01979494409382018
1.2067360510886653,1.359012891187987,0.1045942609206896,0.0070155517159836474
1.1811877912411826,1.4791785099432957,0.4902015546009599,0.03657787490870379
0.465713802461994,0.5436064274012962,0.11583888991838795,0.007824710396470307
1.5473612627174724,1.851135356219533,0.32787106258334403,0.023795483529060905
0.9151356138810349,1.0428143899549325,0.3942394583777783,0.028978471111393185
1.5641990865126756,1.7131477594111837,0.27853284512722754,0.01998852837161709
1.1204113889375873,1.110444976561568,0.1644480062479938,0.011380006750847115
1.370862224317539,0.9300401432694834,0.27223859548182,0.019506042108866382
0.6922812558667026,1.1654360340569059,0.44989499796633586,0.03337211779709301
0.5216965267712772,0.02934309930966572,0.45716203489897217,0.03394868299505026
0.07861772587003313,1.5982604962938751,0.38825139708663053,0.028508197507549585
0.46769919314086783,0.811647739252245,0.4231434013069729,0.03125526231285937
0.03160452685246029,1.7430933456781346,0.21259319007735145,0.014974701938318645
1.6720529258725558,0.09891227710956008,0.29618650559627663,0.021345739466324967
0.8578839754160046,0.13014287665514224,0.05788190499669885,0.0037270584469375418
1.5609690052752612,0.8116571395827914,0.3547854529468883,0.02588936377241187
0.9197959188754017,1.2846158936766479,0.3495733810133649,0.025482992968235706
1.5171429150548317,1.568858033992628,0.38026304037653036,0.027881610326547065
0.28726321540243727,0.7548752927421587,0.4562848065190087,0.03387905011088982
1.2174543824049042,0.5174863600159407,0.45449488422495565,0.033736997818000936
1.147850489730717,1.3705154883470851,0.3003977563333305,0.02167033817696816
1.5008478477424043,1.9546281680520738,0.17766839326055628,0.01236064716963636
1.0605673704509313,1.6260736283011654,0.39883090347471245,0.02933939557256595
1.5668489672471984,0.03860080583472714,0.41188951831373843,0.030367465324393567
0.0943124616436275,1.5341523677470814,0.06798219959332058,0.00442627522544927
0.11607070426818877,1.6668889708931374,0.3319916172771142,0.024115308497924683
1.9819358646245597,0.07329851024453804,0.1043124906712985,0.006995350085769654
1.1558114187150685,1.926915732829928,0.33436042107198743,0.024299292116895518
0.7580579858949925,1.7160370990078142,0.4943548754988472,0.036909268095396866
1.1627090456943723,0.33842662653371347,0.3071957728311322,0.022194983139450834
1.8726557545979297,1.8903219288375401,0.49436558252280455,0.036910122657079526
0.6856928974144416,0.09256062261510767,0.14269393033134095,0.009778391307246953
0.05435255500214642,0.6997662538202727,0.16476937719646206,0.011403782132047638
0.22805195344624152,1.823559630817493,0.07504867007304843,0.004919824382744976
1.705939418083901,0.8987110779519978,0.42330206947564414,0.03126779109067205
1.1095875185142228,1.5202804593095092,0.46942047315665325,0.0349226940839551
1.707892212044963,1.5034561811890323,0.06713695956515495,0.0043674702719696855
1.259905130252182,1.8131334830204324,0.3377610286038136,0.024563572456922953
1.595545023605499,0.12613283383782758,0.4102899153262913,0.030241410505318374
1.3608319231792791,0.8673910462352499,0.3860368868425505,0.02833440681675681
1.329563994692492,1.7966225070245816,0.4040321460880676,0.029748601340627057
0.05927321159231136,1.580069598667975,0.11702964254653636,0.007910723900666614
0.9745546869258086,1.7795008460290227,0.275095042839708,0.019724908997545983
1.59111883598564,0.3607684719673987,0.17044849932962566,0.0118244525927296
0.3494891156336435,0.05397302470042242,0.4728059949855562,0.03519200678921996
0.28479450859012645,1.4479013096511615,0.2821253878823216,0.020264253596109134
1.6827300527477345,0.7191476844397533,0.06511281752285865,0.004226855574755996
0.5234889593298255,1.6481146207047899,0.30786833344265385,0.022246932654602238
0.004520208064642706,0.5586415066690542,0.4623733959180793,0.03436254142276212
1.7598187594071824,0.11418278987077013,0.21668493923893745,0.015283008041970894
0.19582886571343483,0.7600652034843804,0.33520679377220824,0.024365051238927092
1.3770923929262504,1.4725720039591883,0.0784296699482857,0.005157122731310026
0.9121153622464018,1.8543601057629124,0.49527736800033906,0.036982899842235274
0.23668404297719303,1.3793728633357965,0.3868386680730465,0.028397321209507644
0.05830212331022788,0.04747202142842166,0.05728444772858247,0.0036859479468931253
0.21230689313707773,0.8856217223014493,0.49603887001940833,0.03704368873990183
0.09337921652721715,0.7924996238751003,0.2686137012107099,0.019228523485705792
1.1113369344227224,0.6462215902659636,0.28376801246159283,0.020390404839585118
1.656349046450806,0.3374091294655992,0.4264487938896484,0.031516329969973625
1.2961277845455428,0.682570748316278,0.32680382516542805,0.023712692863945666
1.1506198702226211,1.6240453429717145,0.17282514806692087,0.012000787598526933
0.01025314508627262,0.7088945254548051,0.0630333987422841,0.004082714749116434
0.5257266565969694,0.24831358803971915,0.2089146953018487,0.014697882902646316
0.4612412488414419,0.060470850706916046,0.09013935266310089,0.005984273911418075
1.5041618380985147,1.7257531517216917,0.3775478738082278,0.027668845082758926
1.3847950525266477,0.17848484932675457,0.07445160222811609,0.004877994324043722
0.5074314520217516,0.9051033078644233,0.2815581880551943,0.02022070520699108
0.1652994345453047,1.6807461490895714,0.11787687530238225,0.007971960209654795
1.7010812673347242,0.8047210462654162,0.25976852136834433,0.018552435282069613
0.10979867772514185,0.3625689572733144,0.2141129214363321,0.01508916364733777
1.7673353643297667,0.5281096325344239,0.1435113972908286,0.009838286987411647
1.557058641621511,1.5818154056838538,0.07686408132436592,0.005047150920199317
0.19266518194044613,1.4873043899877927,0.46671979599500213,0.034707955677699284
0.5512175728645898,1.7712325523428667,0.20694122649214214,0.014549510957605842
0.6321359078751105,1.3787760211927385,0.06971619789981726,0.004547070123935923
0.12557389843955247,1.157142948050546,0.23207685599747702,0.016446305818676583
1.4022863113139088,0.9415690025145163,0.12767653770808954,0.008682418107287246
1.922881874888942,1.4290827078532784,0.2734451030311181,0.019598467972432483
0.8097051557046455,1.4779628056467262,0.21184078829922287,0.014918054109759674
1.4837470559692916,0.9313076721033156,0.3290267740795026,0.023885158519234215
0.2374136100979627,0.3222707061755634,0.30197289545324285,0.021791829162999137
1.2893722727335,0.707033905160773,0.374242747471535,0.027409992066621387
1.8968615415100174,1.183795092522864,0.16959686738829446,0.011761307075569624
1.592830102630609,0.42256849107735817,0.058580368886383745,0.0037751562392432103
1.8140301417812446,0.3866740041327663,0.10489278589337463,0.007036958679618409
0.6018044201698385,1.6068339130558387,0.09164943841174608,0.00609150630163122
1.6619095372488142,0.9248489712974484,0.47411279511336357,0.03529599624527925
1.4848906697743818,0.9748721208485536,0.3136955557732695,0.02269736157441036
1.004762517636942,0.7367653100022771,0.43580075472810853,0.0322557230408019
1.2077270993346734,1.434462813930729,0.36709816906569853,0.026850978969437316
1.7289989019597973,1.8096303687343887,0.21201822501134465,0.014931411952529837
0.01412404706242576,1.1280110850936338,0.3180392286223888,0.023033492411738864
1.2961261775102526,0.9584865359791765,0.16754414564387873,0.011609195074928514
1.7130197148559008,1.4423583071435797,0.35710637951947066,0.02607045294590134
1.2418081663151042,1.521956453031856,0.2388982805870825,0.016963585638544495
1.3393397807574066,0.40031134113175626,0.4090122065615167,0.03014074653105134
1.0172374375611895,0.33760049445485274,0.2313352229419151,0.016390129227522327
1.2193026413763266,1.9103436981421937,0.18148447350437136,0.01264466513776185
1.5967567632051498,0.8384503717522387,0.112536812538314,0.007586507144990554
0.2755020802992727,0.9094098999290929,0.0609793583418886,0.003940654865957516
0.40206237138007705,0.818035458677131,0.31357555512427787,0.022688079980186602
0.7601477319305108,1.726610310639926,0.4624213587070924,0.03436635187153388
0.2981530375852106,1.4647263646941946,0.43165207424565843,0.031927579836117735
1.562308418001312,0.49379213547135303,0.11450669725204964,0.007728552342775108
0.9047129872003568,1.0500126865122814,0.39623702247255793,0.02913546024752772
1.7333824728741825,0.13319375965042557,0.2981064856861245,0.02149369025582084
1.1114149417400263,0.8910663394081255,0.08391820490489879,0.005543833710909511
1.4771644474376615,0.3299235223162209,0.13314604947950764,0.009080606781836462
1.7141748302684578,0.4996527889188107,0.36603107272735275,0.02676755023692042
1.0477182508332503,0.4381183561808839,0.1433441562303752,0.00982603134037857
1.7155464222523085,1.0058830032137402,0.09207898399480252,0.006122031041283631
1.3904661220144963,0.2926494027726474,0.21099976024525396,0.014854750099947913
0.9166322104222804,0.3353583348953293,0.31127376679269325,0.022510092938224875
1.966951651588022,0.4635024829487826,0.11268326405767166,0.007597061661367629
0.7317825998334153,1.7498149023926477,0.4601778981425315,0.03418814728199882
0.09087033554474311,0.22179935151264463,0.28905578195665693,0.020796838940911746
1.1865006564524743,0.9098748936067889,0.4685888678757638,0.034856561712326706
0.7088054519081732,0.348353340674008,0.42325577294262945,0.03126413538396249
0.9422687305523509,0.8225523076782133,0.11293246865494902,0.007615023595516548
1.3642381554616116,1.0290436899373108,0.3110564978644497,0.022493297179258187
0.42473029291416053,1.987708825948238,0.3625031685881056,0.026491848004225244
0.5565256852269724,0.2569818155185233,0.23592488873178874,0.016737981410319246
1.554024432653544,1.6885237029924727,0.2738705014911871,0.019631062815121145
0.8474119767459172,1.2088387386603472,0.37638473894122665,0.027577732034491226
0.22125203681480543,1.7607987200519621,0.4839243268377896,0.03607738341239907
1.5888415039367714,0.8298798222317467,0.06802710105886528,0.004429400522614815
1.1360382703722174,1.3026891082426526,0.12076652579539275,0.0081810457092028
0.09148237565042128,0.1577638446315075,0.2127602405863454,0.014987280938309783
0.2908420882968148,1.037992034548735,0.36796162455756537,0.026918498712696613
0.06656364300157147,1.8651648092078839,0.27777105582871986,0.019930092979522612
1.7565148997188096,1.0872379733000248,0.23218796935870534,0.016454723407202106
0.8385352251811542,0.27082123124817903,0.2521832004441686,0.017973907380681022
1.5872075621480213,1.477656124646266,0.22138178393684577,0.015637402165982854
1.7152276318883244,1.7842831230982457,0.07789168358655528,0.0051193156594541555
1.3446806006033725,0.4087684890345207,0.4094144646521455,0.030172435999867773
0.35752748537826573,0.16003023891212065,0.46731973117211584,0.034755650814261255
0.006408833872812325,0.7877297321913459,0.3303755155798687,0.023989838745068416
0.5793069439185949,0.09916841481260441,0.058176372154192024,0.0037473312618253266
0.5216499646819626,1.0016711279296853,0.2955022879957174,0.021293030652289185
1.678645305623168,1.852188817312485,0.1666875831089891,0.01154575949677463
1.4673315991318068,1.296574778984218,0.45956172956850555,0.03413921370212943
1.3901516283562805,0.2212774158066544,0.3534136626177122,0.02578236888919291
0.8537833181349919,0.0726744742266825,0.344048884644034,0.025052719611422806
1.2712414039004203,1.1414100513601837,0.11471182071780639,0.007743353209218037
0.021477852083218174,0.570183292794163,0.2539139843296507,0.018105808808774056
0.6013129638433474,0.5639822208816974,0.47594029375262015,0.035441453778033524
1.0219304619110352,0.25253514978790537,0.3449830337147596,0.025125442188476364
1.1153368020778276,1.6277657780926822,0.3154931889491008,0.02283643094535419
1.086051464620871,0.5118172334501274,0.34948641886834725,0.025476216298812474
1.6922320303005756,1.6997396544649173,0.20153835416428278,0.014143807027974737
1.1510633173436873,1.6181251464423554,0.27209641995794026,0.01949515245243266
1.413639967436688,1.503668154193866,0.3564725115048273,0.026020987617132712
0.252359916809231,0.3385657611710087,0.062025126444620715,0.004012940861859245
1.3460260777545616,1.1566356081660027,0.26180162980040134,0.0187076988699087
0.07453990489978946,0.3599888944484244,0.058640241562887496,0.00377928105462035
0.6596459174753404,0.7860227959276085,0.08869912627295573,0.005882117685914416
1.3579312763509177,1.487032117948237,0.18349537419369855,0.01279449611198576
1.7825177462903259,1.915562976771502,0.1319319357508284,0.00899211832459069
0.14722024699691216,0.9161164982842702,0.07968945264009572,0.005245723978213527
0.5324901776665636,1.4145261537235894,0.05272394814118602,0.003373140288986497
1.4926182471748326,1.2134112363970881,0.3297655895279125,0.023942496735823344
1.0291265874825684,0.15062918111777424,0.25770158851096314,0.018394674537620573
0.7209550100926345,0.762791063705968,0.27294483726079755,0.01956014113022998
1.069839510609635,0.6735237536202352,0.3295319645953869,0.02392436454095308
1.1689610619032536,1.7647994806388734,0.3128850632055091,0.02263467781898843
1.0781021879999673,0.4620275041570421,0.3200197495353624,0.0231868585044017
0.4629335477358041,1.069390251842429,0.1982945869397123,0.013900590230786497
0.25629964294256835,0.3208767858896815,0.38083003291696993,0.027926054119645872
0.8715130624140077,1.0474195449030612,0.4366791718080662,0.03232522986742103
0.026886643729489235,0.6767824696020266,0.10601177694847255,0.007117237870149301
0.712913063256303,0.357708339869085,0.280488466810179,0.02013859078011155
0.14917114600081183,0.3978801234583773,0.4406803098065985,0.032641951155289846
1.3682452019097524,1.2942884843363562,0.35149262549041316,0.02563258284274784
1.106827565161705,0.31286267087194286,0.32387060395858125,0.023485245248419682
1.217641507161698,1.3966132603691057,0.0514307495701862,0.003284771498832999
1.3088086965650567,0.9849621946094014,0.24220365793228038,0.017214606465206863
0.8603252750762989,1.522615910865212,0.3948164578949091,0.029023812044389107
1.6319467421076426,1.1105381081323995,0.1211852258802823,0.008211370295772439
1.917466668637054,0.4213870160365041,0.24008384009944056,0.017053593393902132
1.1262817457697927,1.4145142124342045,0.12791564159300603,0.00869980099715301
1.2789605735750362,1.4844213215178732,0.10369521029960353,0.00695110709525703
1.5534052397840197,1.096432283379784,0.33836545726931144,0.024610565281103926
1.2394061017343043,0.4052190022116553,0.23590406345319626,0.016736401994349875
1.2535381364253868,1.7572174995438306,0.15501455355918398,0.010683562806692672
1.4543111217376108,1.7458545380069344,0.39956227996247673,0.029396914200762393
1.3190640225485586,0.21675532650483986,0.33606268820687546,0.024431561805842713
1.9994468035421875,1.0366049356617668,0.2455475922688236,0.017468796066350933
0.05547757204188186,0.6763557001204981,0.4862218246785751,0.03626051422338234
1.013750774390646,1.334064240884165,0.3328833829650997,0.02418456082611645
1.7046263261271528,0.766552073612599,0.13732783319371752,0.009385811801381929
0.006991502018887541,1.874116043240102,0.2963187929831735,0.021355931216523048
0.564993338710184,0.4150058411560338,0.3546113292850753,0.025875781147249265
0.20142135941549721,0.7333865190606694,0.4021214113595622,0.02959823252953018
1.6980091606617902,0.12597777637343244,0.3988341709193937,0.02933965252245342
1.0772077237595938,1.6945459377653647,0.4561433656543399,0.033867823641919835
0.05392869614310558,0.0069277533630229815,0.05922913293226786,0.003819867060072885
0.7991433318659034,1.2065502577343634,0.4186473257599757,0.030900377739442576
1.646575806392406,0.6676129907394859,0.36426755994653454,0.026629710420364116
1.9428235207164124,0.4727739764614147,0.2620592853922535,0.01872738136008864
0.2771078226561936,1.115894835561446,0.2608817404664672,0.01863743879533625
0.16408819752059434,1.7753178254563364,0.16749560193054117,0.011605599410035425
1.9210792179295926,1.6284440252285168,0.2673542194995752,0.01913215900503555
1.1484553388262742,0.9799107604093995,0.18374257142685674,0.012812922472021867
1.947973186858576,0.2643709549032178,0.19162256368672576,0.013401191022618855
1.0426355933651477,1.426476669625243,0.2439185632716726,0.017344935176457483
1.3493433598622924,1.7909878486204573,0.47098009622943277,0.03504674294925118
1.9276824070124523,1.7281013116894708,0.11335466262576284,0.007645460333761057
1.5506824161582353,0.19115373776929645,0.24294048198989282,0.01727059555915588
1.1890600778466227,1.1833648868247626,0.06978517209497634,0.004551879371386405
0.07738449285754623,0.09316651807582454,0.3320971291401176,0.024123501620683507
0.7721620772677502,0.982718722164277,0.27805499096127795,0.019951871806466563
0.9278342848144621,1.9848228551565859,0.07818901968560107,0.0051402087788742275
1.2446241541703178,1.5242178585372201,0.11977425647952569,0.008109209058990322
1.429944912717864,0.5178434267925003,0.2791828340592825,0.020038396493311992
1.6965431691870139,0.2927483706387213,0.48423122980293815,0.036101842816217075
0.7269609199504248,1.3933187914862142,0.23845753390325392,0.016930131971452274
0.5834903480149858,0.2025412005023377,0.49582927177787256,0.03702695636738196
1.7960830972438608,1.3383181268647006,0.4180281413017635,0.030851524760839407
0.5152296279519095,1.7401185008132265,0.27620447401007375,0.019809958280879537
0.2272583405122366,1.1973898215908123,0.10606076843214887,0.007120753981232747
0.1891389476799188,1.601154204875691,0.4327589161403708,0.03201510518473338
1.6361065984913157,0.6626682020104293,0.4623049946010746,0.03435710726314171
1.0611205814887814,1.0107258274286142,0.2754029249077999,0.019748508948846177
0.8602025549435972,0.23828861197410545,0.41249090079213074,0.030414865302990597
1.0427715048939983,1.7347993285719623,0.32700423181984156,0.02372823793725513
1.462543117871954,0.5088054492421545,0.15940927078556477,0.011007658426730071
0.1955178023890225,0.2348421562796963,0.2895604223451743,0.02083565411351741
1.6257020911578124,1.524909805650373,0.06081746985421366,0.00392947235303418
1.7363404124325508,1.158059028501937,0.06899846963309422,0.004497045833265697
0.883622050296488,0.42918545284288134,0.3776473929107714,0.027676641716053413
1.2487466032831938,1.376196733087725,0.10800934367295317,0.0072606932916992155
0.8595670446984907,0.8726898014973337,0.3420646125338201,0.02489829124436014
0.05479064909625131,0.4666528616328667,0.05593774100835261,0.0035933911717467328
1.5794017606802682,1.5358446431448212,0.1624715834855569,0.011233859493138557
0.11221285795708202,1.0166736298652912,0.24440524959710802,0.017381933713589204
1.400196546238894,1.4018698809659111,0.30844509049389673,0.022291488407775176
1.2331473392605274,1.9123061595669437,0.15173850090398106,0.010442376112274677
1.3884901132183047,1.8386444123111836,0.17314011277445054,0.012024168954796917
1.7092625479480308,1.138192089834491,0.3850500710973529,0.028256985462672718
1.3605871812955397,1.5392349910521466,0.2597118181327729,0.018548106191434245
0.9430216301401595,1.3746202834849113,0.2597108247201071,0.018548030348486903
1.4555758633120046,1.406381249250895,0.45292382741532083,0.03361234698721806
1.9859148060897105,0.6917625184524638,0.48716126348529276,0.03633541298589407
1.2389875160380408,1.3803921220588933,0.0937648505699039,0.00624192812198518
1.8714026440548603,1.966347327137294,0.06488303034828322,0.004210911421019989
1.0038395001938907,0.9533345231284318,0.29788351838169325,0.021476505346668888
1.9913796350266717,1.0514255872634346,0.2969214008596643,0.021402361600655617
0.8624516799878403,0.5759578400692842,0.2149738426290671,0.015154030609791643
1.2413959818860407,0.33794700538670064,0.22703697360250646,0.016064794948722927
1.9961922822602918,0.04638276620789594,0.23377269588074695,0.01657480735020842
0.2509741998621522,1.7527574004097586,0.3438325671088196,0.025035881447539612
1.816846283349025,0.8336033633359896,0.08469780776808816,0.00559890736756378
0.7466676720902099,1.1876122038265151,0.41929297732195564,0.030951324253594006
1.4326913369128207,1.1640801140464625,0.4656825994690622,0.03462550803379469
0.32643283579510163,0.04091020636028131,0.390613088366392,0.028693614069030517
0.1961514271538185,0.472408627571286,0.3581092979187423,0.026148730331634045
0.04285041750259411,1.6868934384110565,0.09873784144033056,0.006596459979737574
1.9413634523523378,0.5472298378005578,0.3482076456344921,0.025376579222085867
1.2009241635527665,1.7028604899611492,0.31024754660768433,0.02243076912665384
1.0067022369677479,0.6449524715167718,0.1824347052860405,0.0127154521251559
0.8381035815106874,0.28653042885947566,0.2988762003466513,0.021553021803747133
0.44253975040787696,0.17108899885525175,0.31057235930986865,0.022455874240802642
1.8749551630699055,0.9306904120492008,0.14525701669954236,0.009966266923497327
1.6575993430430944,1.964688948972874,0.4959418475052029,0.03703594330486295
0.8789633470318385,0.8922622727728593,0.08740682590440121,0.005790551274378996
0.12752453185828583,1.2621012100554603,0.13811898807599682,0.009443626550891043
1.5578477866207414,1.741287866202875,0.27151878471406693,0.019450913649509485
1.1757768695211344,1.2792662127496321,0.37354348092639356,0.02735524662541855
0.8049288233685528,0.9008372146161829,0.3989649373869475,0.029349936038146344
0.45180865988827246,0.4302327305503415,0.1339804246292457,0.009141451005249119
1.2828712051851143,0.12526620705000857,0.4805797437960736,0.035810897977928406
1.2961815861147148,1.3828127239347578,0.11131272448082942,0.007498326338179467
0.8562491635576075,0.6291551326452709,0.07935552720041594,0.005222229330793503
1.6853800397974443,0.2617381499492706,0.15438208389281757,0.010636972043349404
0.25508378626252215,0.10969804769909741,0.37389983431290463,0.027383144579673804
0.04235692632082855,1.9665381226827363,0.24289430544564555,0.0172670863947909
1.676858186652118,0.5983476452453489,0.45344454069535767,0.033653658133701005
0.0663770395998502,1.40302370995554,0.4943581680799027,0.03690953088664141
0.2926624144543417,1.457434284630467,0.10396164329168217,0.006970201206803452
0.8370849411017145,0.465868265677005,0.27370491085113247,0.01961837452838144
0.2253066533764514,1.6894925922890256,0.3684050742421018,0.026953179457250124
0.32907962522239664,0.007899736224709297,0.08530409551902907,0.005641761688179176
1.8460171657218205,1.767046542489611,0.23879353947981397,0.016955635166269394
0.7330090918387024,0.25791396491967133,0.2970437591848784,0.021411789991971752
0.320126529310671,1.7981206220058166,0.12013595628518843,0.008135390056902817
1.6653900635341297,0.7628195865176768,0.21448537322488187,0.015117224192826422
0.7512286587623995,1.6049603480866297,0.36024629853355,0.026315572796945443
0.6217830376302735,0.5618683466630499,0.053225569924597364,0.0034074583452641327
1.6827109686856352,0.3538605371202974,0.1185429343282738,0.008020122977358976
0.6818611971497399,1.9912166220855423,0.06467117293105497,0.004196214803780703
0.3303803670616223,0.30277480226710174,0.15948708594033126,0.011013402640228282
1.4674069995373247,0.552937886909673,0.1368870975133108,0.009353614382844794
1.9763661156992842,1.4175057193291443,0.26396459281805645,0.018872970487864012
0.6315772810339293,0.17378939249965986,0.36199073114131836,0.026451816876825834
0.7801139635419287,0.6650070450337262,0.4908372045537577,0.03662858085954027
1.2166723346859316,1.1184924891038677,0.16784153924476922,0.01163122478371642
1.2086822158571717,0.008938614397658196,0.07253330937841693,0.004743757859764544
0.8462832554944795,0.939439525465843,0.43893064299653606,0.03250342685758352
1.0208368445944864,1.8112206917892717,0.07122010057687392,0.004652004153087599
1.8786136395520718,1.919014327782325,0.21609713406590092,0.01523869306348347
0.417150745500372,0.9995776138496397,0.37796120710012493,0.027701227815268757
1.5182153127466396,0.09594146770291867,0.0704645213863774,0.004599264691472227
0.2424430264006021,0.11196543065354447,0.21083613987500893,0.014842436448878595
1.931133951305304,0.4413454331521456,0.26489876899193754,0.018944379666962885
1.1100254344607794,0.6101906213735957,0.2636620106879809,0.018849844601674024
1.6294475784160156,1.8253445296666209,0.30971712729080164,0.02238977636135597
0.778206715424328,0.3980436959384883,0.059233376466530936,0.003820159623049218
0.630483063715362,1.5730390985825775,0.22900212369969147,0.01621348480874281
0.26135375225479907,0.6339577581903302,0.333893498377411,0.02426301936429218
1.5252504196500747,1.4286698369050033,0.4575497969406292,0.03397946582033906
0.48661622858307463,1.3964973272995147,0.3430365193023025,0.02497392335825334
0.46458897804951116,0.7958511826462831,0.3526166269572845,0.025720216028121554
0.44708223838431516,0.7634183395700851,0.066051543453293,0.004292030784625752
0.16824429523252427,0.8793137503995125,0.43923279385446484,0.03252734597214108
0.04238042609609405,0.37927898301848595,0.3279202790073459,0.02379930192936093
1.7376344482162775,1.4720629562334493,0.1748489535259508,0.01215107551563517
0.26735879900156445,0.9195417363973448,0.42100297980329315,0.03108628178219469
0.06650262516575745,0.49700753507674134,0.42949139391852,0.03175676512642317
0.8353822125097927,0.9599321553596942,0.4199818426347896,0.031005686609742813
0.26791285207256554,1.626879088867169,0.20361579981393862,0.014299715572471691
0.9466932223037874,1.5609962636023473,0.19773957539654352,0.013859002987994402
0.46074923923985067,1.0560857341472514,0.45023243307363675,0.03339887568369359
1.3222871610323454,0.6993321210144932,0.2868381700321536,0.020626323512147344
0.49312891080431664,0.6961613744866417,0.4134829445678171,0.03049306698112357
0.7398910044494904,0.7676524427246645,0.3745973037440885,0.027437752905519926
0.4982739976367918,0.5084856590394782,0.11031449948616258,0.007426465726687897
0.4910557420521908,1.9544643552997032,0.23130083860390377,0.016387525012977695
1.2421663520203683,0.3874193076801422,0.31665222645849816,0.022926125982973233
0.3522059045609027,1.2621865520175761,0.38977719432899677,0.028627979096429976
0.3146378101893377,0.16668848460331454,0.3340611962991295,0.02427604652563667
1.0683757293729839,0.10858056898250479,0.15997037508166023,0.011049082742837306
1.496964760268235,1.259053885304582,0.4469378175627895,0.033137679029160066
0.8244891987195573,0.5154503044026919,0.2732195036799117,0.01958118353853622
0.41383538625845984,0.504525954517149,0.17415855467926195,0.01209979289544024
1.1184666010531883,1.7789326085535198,0.48060523365500996,0.03581292844374164
1.4538381575252723,1.1524858671840406,0.4069941771301894,0.029981800791586567
1.2440218771260168,0.3392091069498939,0.3666019830337974,0.026812183600646786
1.6285847290265991,1.6870620559572762,0.27285242236226576,0.019553061481294244
0.5549597348815025,1.713521230176876,0.20560622527661132,0.014449196418857474
0.20712634302410993,0.9313603725994639,0.3795110186420974,0.02782267004797119
1.238172091137905,0.5613818005778628,0.2568802547617745,0.01833200960415814
1.690551964238425,1.048338844108753,0.4359436745209215,0.03226703124910244
0.1624020411742968,0.9798091401596942,0.30863409010309684,0.022306090295199855
0.7367854041036179,0.28838896326660324,0.08919120808545178,0.005917008600912049
0.6908867383875277,0.8349055458851782,0.05271688585491578,0.003372657288580751
0.8798641184780773,0.12346409767658062,0.36128577174754983,0.026396752507859833
1.4812771878472448,1.40124675998882,0.4767532175931977,0.035506169857053786
0.3332219293790719,1.6968482131173679,0.375681670272426,0.027522667244622184
0.11268464610293227,0.285431737049632,0.24757342029285323,0.017622906079201785
1.0895980868159632,1.672008766778364,0.48231897189111306,0.0359494580681485
0.030945062448641814,1.5315900917596588,0.29988473457096854,0.021630778121219975
0.12642990673086807,1.0677384942909214,0.355811298638852,0.025969394838058855
0.8426148837335949,0.10361969172731933,0.18422657764745543,0.012849005792114305
0.3702317580918757,1.604212623905912,0.21657380259009695,0.015274628747917362
1.3030463318863372,0.2772039797645207,0.44782807425222126,0.03320824539623874
1.995560953652648,1.990565840987065,0.0938537649105798,0.006248255771542908
1.9766248400220774,1.4583941537922647,0.38568504880688564,0.02830680153697599
1.5528389810465832,1.8314941225936237,0.20523320905409187,0.014421175287836567
0.4833388351119168,1.3763238891650917,0.48642916464757174,0.03627704398660869
0.6517208541357264,1.0130310768311281,0.3636878545638589,0.026584409489285202
0.21014244614104283,0.8783662394985099,0.3747693810506806,0.027451226767062287
1.8927691044211066,1.8911178601123932,0.4328862631887277,0.03202517635424532
1.9666148844242939,0.29385621425385855,0.06550184856208718,0.004253857965944471
1.1874363314781444,0.39430236014233944,0.14658239226663097,0.010063507687963803
0.6730357835569196,1.3167964540033206,0.16839875686196068,0.011672508447059565
1.4770930129922664,1.8314596489479955,0.2394900873338851,0.01700851180226592
0.7682750140406609,0.21896452662952703,0.165872382437253,0.011485407992835147
1.839870282995928,1.0887086461722983,0.2287711384696396,0.01619600310898994
1.7518481970564728,1.7019148940390338,0.42020978792266245,0.031023676449425507
0.8136144433540633,0.7088220940664807,0.34025344193134477,0.02475738864998384
0.6836835991193992,0.34058632602142724,0.45817002699651344,0.03402870706191987
1.827187269604554,1.9891866872614514,0.08701959203228021,0.005763131799669653
0.995494796784155,1.8857519793013016,0.4383799547759032,0.03245983574673754
1.8186657715686378,1.3813990107376746,0.483054255851064,0.03600804673689449
0.3399071204384805,0.4568426378282451,0.07763127816537116,0.005101022092324889
0.9892638260380937,0.6706932816015403,0.45734679294818176,0.03396334994809208
1.5738643558701952,0.4615298724422805,0.1754473019047667,0.012195531959784147
1.3556616128424634,0.9187934602593195,0.1666676450550807,0.011544283185501639
1.6982750961883446,1.0615257398482911,0.44774407341482697,0.0332015866398907
1.6717935279116987,1.3301835312560646,0.39738758325472173,0.029225907956118197
1.8843011489307389,0.6416416691063085,0.20020521667217805,0.014043815792122527
1.0640353450373015,1.0345622163832446,0.372948741575912,0.02730869016177956
0.7894372414320001,1.985873993014617,0.49886203746759955,0.03726911161102032
1.8818139356330053,0.6537137060038776,0.42529970631397446,0.03142555645056265
1.3698040476667832,1.0326111953609494,0.14381925668604806,0.0098608499088018
0.4641838041103852,1.7844685604208252,0.3559999960881521,0.025984117752020405
1.3785005868784368,0.6427767069336803,0.3860790416963986,0.028337714411169796
1.719669934263646,1.5344062941208871,0.4270089435020259,0.031560585766897145
0.8749193291804718,1.7396539137603106,0.46320288965918216,0.034428445171862616
1.339456781695755,0.6602709677317142,0.4891402332320927,0.036493223159382984
1.7414354370234537,1.2645900345595635,0.08212898633569196,0.005417571496683302
1.4567924777992705,1.4789710692064972,0.12064698898634256,0.008172389519317301
1.7616247615581417,1.3384189758292544,0.316415438631501,0.022907799716425734
1.9518276391690816,0.8624156587177898,0.24776703611800377,0.01763763950639451
1.0080693473426017,0.17040374835745564,0.14260640103351832,0.009771979449633367
0.9237224755492637,0.18732895402218408,0.404451510108409,0.029781610544513695
0.13452817553564977,1.0279448200847503,0.17330144960583388,0.012036146906562618
0.7237467714952577,1.2973280487106322,0.4006588275524085,0.029483165080723895
0.8403451142282623,0.48752868467567856,0.1268625788247485,0.00862326002993211
1.7278069712816766,0.1419590063507572,0.25328617182294527,0.018057956609624747
0.877022585210943,0.5564296078912483,0.4655786824551109,0.03461724827882452
1.7831802251118722,0.9429432631018348,0.3337578164504355,0.02425247960964827
1.1927431938826079,0.14336224534199427,0.3476805631313139,0.025335518329155492
1.6737980211948742,1.78693469515052,0.4923414884874733,0.036748595993513926
0.4101998112263068,0.7717617665729315,0.08857023688197183,0.005872981025959083
1.7200893350823305,1.4171331825149538,0.42553059916881053,0.03144379474510793
1.1681417584755776,1.9646814775554375,0.32471022141524747,0.023550336338300625
1.329712254440934,0.4568732216582001,0.36683903788102096,0.026830717790465003
1.675851915869122,1.1178205262120173,0.1997349113213177,0.014008551746424397
0.27336748127947375,0.9399355041131345,0.3572863063593926,0.026084495049524013
1.2086841572165417,1.9680660731335875,0.21550202893335574,0.015193836208962369
0.41769322563209244,1.5895093772916844,0.07883344972756844,0.005185510179804764
1.7497863175980723,0.05302826161996199,0.24690772852437226,0.01757225553932408
1.335690345018473,1.2165337660921731,0.48188459070169737,0.03591484873589753
0.21251071802944943,0.7441158107715329,0.3279581293463173,0.023802238531776376
0.9314192260512302,1.5781380607531346,0.42618347508758503,0.0314953693001218
0.9895221864864279,0.717875272007021,0.1306895396953054,0.008901626714699247
0.5878195023610497,1.3956250190814234,0.29129723407208724,0.020969279224900255
0.2372078201345682,1.1390117144959016,0.23129078777123852,0.016386763784096942
1.0330408255349055,0.49382018640236636,0.4525166569474886,0.03358004612076508
0.2550378211187967,1.986684769278034,0.35034438878060503,0.025543080112000006
0.3272818737534908,0.5028299326650632,0.42641727269021956,0.03151383969054665
0.9889097799648716,1.7915065764895999,0.34826257016839646,0.025380858211621473
0.7207791973318058,1.3550425103006025,0.3143153746825761,0.022745306110676183
0.4491234782653619,0.9837593090120011,0.31225883380827746,0.022586252706925387
0.802437983681692,1.0298982762881388,0.431086216524878,0.03188283968275516
0.7962891469099427,0.7044827347900393,0.10419964905903917,0.006987260916701337
0.500726368415138,1.69202276666083,0.38727720643114527,0.028431736367319493
0.42666912638364796,0.2882601390448625,0.41302120134078985,0.030456666677325092
0.6572859664729074,1.278691151236458,0.11817330254757452,0.00799339256878921
1.4876202304475994,1.8865534129907446,0.10853789375747763,0.007298681938173693
0.18035576922562035,0.03349673039612289,0.3944792249295488,0.028997311540601728
1.2693354437955395,1.1262297564739392,0.21935585940957908,0.01548447446398896
0.2857864785398996,0.6719988756585344,0.4716456096695267,0.035099685005713754
0.20298169034836278,1.508543394319438,0.26333241380651495,0.018824656103395503
0.18408184018244755,0.9689175639799963,0.4612104152069248,0.03427015568351194
0.5983599314637043,0.7416599421298755,0.13064351277982306,0.00889827541822809
1.3040715618927525,1.3577661111139359,0.3461408369119134,0.025215594871555915
1.2167866129509206,0.579111987622845,0.22562370128617593,0.01595791685578653
0.6651886264391473,0.1341166740432611,0.27594892918826686,0.0197903660551629
0.2116613725845884,1.7801761208176174,0.1204545645547928,0.008158456457038896
0.9865646934233843,1.505902782364635,0.45425583804262615,0.03371802948919107
1.5603296498183932,1.7139539721818011,0.20927961520403965,0.014725329417448927
0.6824332961236814,1.8921888608219015,0.16402793513546562,0.011348934256058093
0.9545649610115043,1.609949452029299,0.43288167756871804,0.032024813699524084
0.698334159845271,1.2013116787277793,0.16049970753870013,0.011088170649908623
1.600348257058557,0.4325091709722211,0.3821845446962377,0.028032246194288974
1.4519742765680694,0.9234403737202042,0.06932317684125713,0.004519672880985232
0.013248042609173671,1.3383388182116476,0.24829926787436363,0.01767814440861272
0.9589407754242354,0.8209289357781056,0.16691008709323948,0.011562235609173679
0.26409570695066287,1.8447864952227762,0.11625380618107774,0.007854674801073514
0.7534096377035608,1.614739004524943,0.08579505009089772,0.005676479307738742
0.891468864778983,0.31297357981870344,0.0744793857576059,0.0048799403021677745
0.6290189285630086,1.658789112521421,0.432014921683882,0.03195627089159179
0.5286095363418295,1.206680598205537,0.22160720570694054,0.015654424203181038
1.932388671103208,1.1268062888108918,0.20196930987896883,0.014176140398607158
0.29588260264929533,0.6438989495596601,0.4854210145343279,0.03619667580916602
0.3783047107323212,0.4889925939887385,0.1616498731463939,0.011173133849447426
0.9544052488170878,1.6105762382979538,0.4732124404361574,0.035224347823651886
1.4887383255737696,1.6120817645628585,0.17337415233515036,0.01204154474633972
0.5188915664277005,1.0843514822862248,0.2050298375209868,0.014405899414963522
0.9439896764065943,0.7287082148840329,0.062189469335526215,0.004024308320795483
0.8473042470647882,1.9269880709200538,0.35364148273842344,0.025800136086382222
1.6754004308263037,0.4366681438352018,0.3882207151113817,0.02850578917437452
0.9370654434065908,1.981426916686884,0.055891732369680425,0.003590231773780354
1.5344641170620668,0.7919691541113392,0.45252835953879134,0.03358097446030656
0.7723142797257223,1.7512567121846259,0.1883619367838555,0.013157567521907259
1.1577553323774534,1.9940982222336079,0.13643802094923624,0.009320814987646836
1.106875025917508,1.0532090140761325,0.20781544026527599,0.014615225265031203
0.3370281971036886,0.08093584769007478,0.47535016892433013,0.03539447928945305
1.079385801466777,1.7090836220645844,0.4877598850501558,0.03638314456687916
1.9062728251145247,1.4114465720827074,0.16447830730826735,0.011382248320293296
0.23827143674450868,1.6061808120321963,0.4675366532954362,0.034772897268205864
0.5862218015329037,1.9645454623262437,0.4417256339179311,0.03272472948349369
0.4245203606571899,0.712200368219273,0.0877501728495314,0.00581487019165456
1.9385111003952156,1.3537310240034677,0.09592925898413543,0.006396076476094369
0.08851451738389171,0.03121274214449099,0.3267616812173827,0.023709423940607186
0.7792882284769818,0.6648541533647263,0.1702709811265971,0.011811288441866288
1.849950538241342,0.8430725377320056,0.33481106760133506,0.024334303775060916
1.5877695843624284,0.7264649202134053,0.30098733369478214,0.02171580733333842
1.7467564844914487,0.8930707072517294,0.3635072404006409,0.02657029645857916
0.8902699440894044,1.1366094410610537,0.3785978681184972,0.02775111201174039
1.6466689924891948,0.6098700957679051,0.3863909384981114,0.028362187530071463
1.2366128773178324,1.993074318689314,0.4198535848810666,0.030995564580282176
0.6850249867391349,1.6176437224659816,0.11895415128262612,0.008049867430472268
1.0769041469049125,0.40276296868987305,0.1493620330788395,0.010267642154936692
0.7048852799631122,0.2887502654330687,0.318017603129727,0.023031818155996475
0.14940913030825387,1.9487081921506504,0.2603090541346536,0.018593706310356086
0.8534391159268608,0.3695167782642481,0.13868595321872962,0.00948507238676753
0.6868968939964686,1.3971304863093075,0.28087686027670683,0.02016840232120387
1.3439014742087543,1.1290065797343685,0.25913133230289687,0.018503791913686233
0.42797915316413615,1.8027941547598696,0.32048333101883314,0.023222766454359847
0.737066831354807,0.19874606357296387,0.17153335738307177,0.011904922527726139
1.463274590222977,0.23382353088435193,0.4620963370156635,0.03434053075220839
0.88390595335221,0.12776452197884636,0.2994981637897707,0.021600972018664125
1.0003981232267625,1.9237232961490311,0.07146165617017336,0.004668872909856868
0.027780280446173977,1.018464078738569,0.18566783967211936,0.012956492511548344
1.5247610574735793,0.45198462401318196,0.2959328441280647,0.021326197632859693
1.051179443621201,0.5767701031861434,0.4251690137921216,0.031415233312578957
0.23237813656269934,1.0381939684460828,0.1378259297875846,0.00942220823509539
0.9734536866411883,1.1475077252993249,0.2131039052946811,0.015013161232307157
0.20254218981233874,0.1093644656702022,0.3778513097835988,0.02769261763532612
1.2324272588941911,0.25572504430512866,0.48620575512998687,0.036259233131152716
0.5541142188042469,1.0498093334518201,0.4516287977106956,0.033509619131293994
1.3041677584677234,1.485709800476198,0.3581289345105898,0.026150263111013466
1.5676134230591592,0.3041456713423971,0.25248160469175923,0.0179966440463537
0.3365995916442639,1.982318845265866,0.4227033409873844,0.031220515905814865
0.37878702341696724,1.614711215069501,0.3481145727443579,0.025369328326090287
0.21034847650435373,1.2448943753146597,0.2970289911348535,0.021410652017137797
1.9350510949735573,0.5590637402448717,0.283836785946916,0.020395687647022456
1.989503974188244,1.1606341929916608,0.46332683707755423,0.03443829356438145
0.7582133972525118,0.6566626557891186,0.18792211312205614,0.013124727476953901
0.20838334999108898,1.9489981704305377,0.05576151808225687,0.0035812909749070774
0.6595460418470394,0.7243590759121576,0.2514105822979573,0.01791504700816205
1.7206257377047711,0.5390820655464834,0.14718313329661836,0.010107603150348258
1.5728016766836619,1.7490892042819728,0.4400254176383479,0.03259009770142144
0.32129923720458065,0.6493173607098295,0.264050317895867,0.018879522656147944
0.8692393978115796,1.5662374595899176,0.07838452939965326,0.0051539497830321085
1.8745914460649675,1.4456652774695393,0.40069514103325254,0.029486021660333542
0.20295026489312762,0.6022548666039773,0.33012006798206034,0.023970010356770453
1.507689717941888,0.054105982430584065,0.2900267977368686,0.020871530227030675
0.1238847419608069,1.6281149947836469,0.3485301023009603,0.025401701424581865
0.061926652099483004,0.589824199825562,0.1336783256448154,0.009119418344490874
0.7646989333013972,1.2716319536071516,0.07257967453490992,0.004746999494151951
0.5837248407715132,0.13304013593239228,0.14627817382419753,0.010041182264573924
1.312560783575592,1.2066772759966378,0.1765199663197019,0.012275255588105856
1.0698904790856847,1.3636395152691163,0.05922181704855128,0.003819362682784909
1.4541469458484573,1.9877703639315785,0.309591537156136,0.022380071000487625
1.1146804413168836,0.4574668344379422,0.24603298023081815,0.017505712828227517
1.5967877513246127,0.9266297874231704,0.45468921697237097,0.03375241864039508
0.4715046057625021,0.4762370198675252,0.3742128157313864,0.02740764857184342
1.3083424498062308,0.4622233903173929,0.35659858461768873,0.026030825535393334
0.7072630163762501,1.6709032964666575,0.2540953445422302,0.018119633700238284
0.46537393485492884,0.7056143766421765,0.20766299105886338,0.014603764342391209
1.0521447352079871,0.41960992899142924,0.1393830516539009,0.009536047145071799
1.5645245973982669,0.3650197687487413,0.24494294134692196,0.01742281566114494
0.10707746995516243,0.6758099344480779,0.14219162163233875,0.009741598958547036
1.7334969789584367,1.3344439034836377,0.06621220915974002,0.0043031921459459575
0.12540696120817896,0.6059100858204121,0.46281280226153965,0.03439745149124011
0.9580941382185018,0.7770113595526851,0.22603480173570412,0.015989001393961654
1.4860424878708365,1.3772537061294983,0.43453812734488684,0.03215583160372007
1.2227813714561238,1.5733680137516168,0.30545032030490965,0.022060198612441177
0.4779775113277467,1.4118456044836392,0.18133440552997476,0.01263348824228185
0.18661076325286508,1.9153915139666604,0.240748272148537,0.01710405053981622
0.313504426300498,1.5255284995270608,0.26850760899332193,0.01922040503628685
1.6080503304032128,0.5267071884819758,0.4712911261307383,0.03507148495192459
1.2704584133150112,0.4467750018415442,0.36533624564742007,0.026713235628443743
0.8255950432573875,1.922708138939233,0.18776105775756852,0.013112703380186042
1.2728048118559985,0.49194653568996616,0.18501870502741324,0.012908074069266555
0.15846667537670522,1.2539180621194836,0.39599642581355593,0.029116548788796714
0.12908709545585362,1.5125632384186334,0.40991962154800493,0.03021223477105249
0.4900550517978959,0.705293391299223,0.11505797214003527,0.00776833421331294
0.9852007245250591,1.1250349232023125,0.40121804506493375,0.029527157592605883
1.49821883352632,0.7987567220668839,0.4472841928667784,0.03316513338239926
0.7734397717017023,1.5015060305465144,0.43920139010144793,0.03252485990955207
0.6437228348847892,1.6130309267616574,0.1002185319120649,0.006702261737897482
1.1859824990877434,0.7164343588969855,0.24650514816655167,0.017541628947540903
1.2219969425791979,0.472637812403073,0.34276173472714727,0.024952538593956766
1.530747397534762,0.4849273595210213,0.27108989514626275,0.01941807089054039
1.710516018791981,1.792835284038383,0.30985225484828305,0.02240021905894173
0.8103272201416076,1.0675541416316177,0.34797010637663933,0.025358073857201353
1.4470806349967305,1.2064313666669038,0.10471862978441707,0.007024469586362598
1.1497101552270754,1.169815684323688,0.10955076556439411,0.007371516017304602
0.038378583146096545,0.4330628082149748,0.4160597788160049,0.030696256303434866
0.2521491037448722,0.9054759975410187,0.20193522233664218,0.014173582734606817
1.142749853925898,0.7492067063103858,0.08955635252775788,0.0059429076496193885
1.4565158941806249,0.9715842778251742,0.37729834829829895,0.027649297108646026
1.2476721993511037,1.0396313224421907,0.23822550645655993,0.016912522278740662
1.902205548619161,0.197570424940678,0.11680672317483054,0.00789461680247701
0.36103506926047824,0.751538848557832,0.15217877566776805,0.010474768911055112
1.0631247183756847,1.4040738809444908,0.3564391662864686,0.026018385615292267
1.454630347247168,1.757342158965823,0.20947525164789188,0.014740045071116852
0.6899501881407417,0.29882312538812283,0.4434019661824882,0.032857505019006555
0.9061265410701962,0.4307607966272391,0.2996226973258342,0.02161057374634434
0.5606920798708479,1.9665595662656226,0.343666448166202,0.02502295123987826
1.835815415269136,1.2861403680492152,0.19997733566037623,0.014026728292486142
1.3986159044493598,1.8195307604616444,0.37864684599386533,0.027754949807082735
0.43934239711130263,1.6487662466763529,0.31651352015234935,0.02291539065107186
1.2106081347167756,0.05686785355399593,0.45575313986833965,0.03383685181849043
0.07756666523098033,0.3302388345138709,0.4147906966959528,0.03059617536678532
1.1635505443570209,1.7671244560514883,0.3698090735396779,0.027063000616887076
1.6529670650330066,1.1614966515545089,0.3857680487518637,0.028313313572038267
1.7299004017086341,1.5868091402835347,0.3832389972001784,0.028114931970430905
1.262582516381216,0.09284142839918652,0.09129655443706561,0.006066436738392064
1.6599034526964227,1.5328760231063134,0.2155414684108904,0.015196808748755761
0.9399251178958374,1.075043263451082,0.16289608796141863,0.011265239329011474
0.2598745073366635,1.7882201269243485,0.06623548587943023,0.004304809322397878
1.244490870226384,1.0903799916502273,0.4829084984870696,0.03599643205445403
0.03613854471967959,1.097370826621286,0.37737316770675366,0.027655158411172564
1.550126809666102,0.6992110152607993,0.4673512173681749,0.03475815409880098
1.7822195587306175,0.5614187046363268,0.4994232918023374,0.03731393687426336
1.5183065873351766,0.8588359353612962,0.18291735084561528,0.01275141628942118
0.7433694790773555,1.2067248909383745,0.34277076003425805,0.024953240958359393
0.6973666985898528,0.8568297638823805,0.46488648967838003,0.034562233174956984
0.7112844140249681,1.5056967208601308,0.4693990923732866,0.03492099370254319
1.4357778194715731,1.396815472157903,0.47742616708946034,0.03555974847545195
0.4676896675631701,0.3076971215537665,0.38624189341526854,0.0283504924723673
0.08175261739883366,0.0029140089286581183,0.4469243996327357,0.03313661552850415
0.4797925748832963,0.28843695671368796,0.3758787553223659,0.027538102355700034
1.0658012287173213,0.5214565348693134,0.07533441676434693,0.004939851686860241
0.31239926672571117,1.04032298355211,0.37799673572906983,0.027704011431457235
1.3538854120720902,0.8041955204512683,0.38457639913398695,0.028219828041424554
1.1512633751054613,1.843608368090446,0.12532635528192776,0.008511679631429571
0.5938174443268638,0.7456166134618325,0.2520402161318137,0.017963013466570595
0.13261260538567887,1.3457072693841114,0.17859895815303145,0.012429867512524232
1.6749983426415571,1.820677301070018,0.2172773822775148,0.015327681065812952
0.14831768111332866,1.6255973051621837,0.32144397710530215,0.023297187282696464
0.2673057146674265,0.6967925474882417,0.44800184749623434,0.03322202069544859
1.7982860801379092,0.8590259468326353,0.1864914351630797,0.013017940659299078
1.0524956321362868,0.701609001872951,0.13104071122810285,0.008927198778768687
0.25740722144368733,0.4969249178548325,0.1796916707493622,0.01251118102483065
0.7201833139984954,0.9615616353684975,0.31292051407199356,0.022637419366291368
0.8194789921771808,1.816819828896099,0.49737549680223864,0.03715040404718102
1.8059521135992809,0.08980445234311829,0.4244932189348002,0.031361857138166215
0.1488058428413621,1.8899253860918956,0.14830742011847112,0.010190161143949533
0.21729031692753864,1.2662530225402153,0.08034710095914682,0.005292015273009089
1.7030377953734344,1.8614445184451753,0.050044791319416436,0.003190234288198771
0.3425924885516356,1.857416119189154,0.1511018701057133,0.010395548076374874
1.6990657391331312,1.7252626988692628,0.2073632850117792,0.014581234544923783
1.5858492194675262,0.5772545698077731,0.31343811457379434,0.022677449776950073
0.9763887831586919,1.9073171612474757,0.08878529000975575,0.005888226137673224
0.6438506704023268,0.5759652486095701,0.42462715778509763,0.031372435538878835
0.34910569804814506,0.7340821484608826,0.12070506815979234,0.008176595215677413
1.1334028275321872,1.1044746203381524,0.28176314224124427,0.020236440453039548
0.7766127229828643,1.380042632493277,0.258328256256626,0.018442496397923686
0.6106550738298833,1.5193391617498413,0.0579504475299795,0.003731776675549484
1.8732054725400844,0.3153882039025846,0.4129354680122642,0.030449908426520317
1.8140766667732813,0.11464527884095621,0.3827719911209302,0.02807830935844311
1.3480072479216232,0.1589756876668622,0.11770515388813024,0.007959546064148823
1.8006494432380755,0.5925032894992996,0.20799165860610597,0.014628473841492632
0.8106453780471663,1.2486693675505283,0.10159999054859666,0.006801070292634438
0.24624462986878126,1.6574204361619256,0.35046688224210537,0.02555262726648507
1.1523066219057971,0.554389021338022,0.3547532394737438,0.025886850905605174
1.6859094339523448,1.2582396085017136,0.3860440706801344,0.028334970480122436
0.8029204395529439,1.825566740368455,0.46699836322336663,0.03473010138123515
1.944630297635673,1.646637415375007,0.2772896275933765,0.01989316924542608
0.4228528467467123,1.1019194333579463,0.09088067275122651,0.006036900279144246
1.691262303200066,0.7441089382125334,0.27174085656290214,0.019467920488081943
0.4842921460280054,0.9334681967725453,0.42759391368473015,0.03160680684119437
1.1525285333260455,0.3960237224308807,0.25602367774572765,0.01826667045744975
0.661613289690816,0.2081953210644527,0.37873726237109856,0.027762034719522006
0.6975948531344589,1.0182145030565712,0.15534484713920876,0.010707899040765361
1.6612560558203928,0.572494531419709,0.23193517678947373,0.0164355730639111
0.4230222650149069,1.3974240863471654,0.13450791103091586,0.009179929818823557
0.816730084792467,0.585376306436217,0.2697867502624103,0.019318302946507018
0.758892512365438,1.701676450040939,0.06301836963928663,0.004081674145079948
0.8062773406561932,0.4775962578296957,0.3435883855821996,0.025016875227921228
1.4068209691092264,0.022760273246315244,0.3877403549008249,0.028468085771511477
1.9920741958215546,1.123753899382298,0.46078154457931564,0.03423609078941962
0.2648750037383083,1.276503768236161,0.18902156803000875,0.013206829720974577
0.22650815267969127,0.5066228847296228,0.23475324084701898,0.016649137102174968
1.2363492581747966,1.928292128751629,0.2484003762897326,0.01768583982896761
1.7246422899351166,0.13485164022102025,0.2769939099466071,0.019870491007084604
0.618945400744493,1.426136085562298,0.26853532083031206,0.019222525595995188
0.954193111927488,0.049812799357525916,0.3628926993641934,0.026522280391609664
1.7970709982389812,0.238345357933742,0.3682576574368182,0.026941650152902858
1.4946750595674598,0.9768415285392624,0.3941026161059557,0.028967718643396187
0.20256411847038835,0.8884104227942449,0.1959236839173774,0.0137229938847254
0.44846676861587254,1.579431436890977,0.3411867375678301,0.024829989266536054
1.9313115116294126,1.1766682367453332,0.10286597371713303,0.00689170095888004
1.1449049855260514,0.6824705807444811,0.09226903466380582,0.006135539724608609
0.04417996985825812,1.5467145333639198,0.29249723209914236,0.021061635629787127
1.5199596297413611,1.5340660236975445,0.13595878381067916,0.009285820957706527
1.07380187132682,0.6997415352330212,0.12825809193768342,0.0087247010950769
1.039288740369741,1.310119893930457,0.4365317176336936,0.03231356153318303
1.4302933348560047,1.2290707029823265,0.21802609027224185,0.015384149231758423
0.29667768788254123,0.7571732443955765,0.4804511478030269,0.035800654418723786
0.5380677911882821,1.1625417933271058,0.40319367963703273,0.029682610613777204
1.588421553264772,1.075088010367987,0.17571415509668314,0.012215362152725449
0.5113243460301529,1.4019534185240774,0.35642050352227334,0.026016929325463335
0.77094195533292,0.4877301247504564,0.25572645321179654,0.018244001882408815
1.927578836898302,1.0402463629085668,0.3251184586930184,0.023581989008179944
1.0202552755281944,1.2103838443034782,0.442173823200207,0.03276022535404848
0.6171795035998,1.25857866530345,0.36095732878249553,0.026371100362848857
1.0574487059358613,1.6018773545863771,0.3446120102717214,0.025096556753391716
0.14562039440662766,1.1605341561384594,0.2965884855735981,0.021376709978592826
1.5981804208091295,1.9860999691743841,0.35007894953337904,0.02552239253694326
1.142817921223565,1.043921984662814,0.15789730772113664,0.01089608578885676
0.20771653464856077,1.4885126590846967,0.10284830346625923,0.006890435428632271
1.9256647102606836,0.9089492796941621,0.4293784352939045,0.031747836699445156
0.3963873952826349,1.2836350381354273,0.4518944073729459,0.033530686885849315
1.3936524739938592,0.11827090949218699,0.4072016283028366,0.029998137733074807
0.42827497825343985,0.3379503905339156,0.3802455315515444,0.02788023796748667
1.5165951232648125,0.12466231597801758,0.3338963653226206,0.024263242071416096
0.2372199532872621,0.5053900408732941,0.3403469131392665,0.024764659111554586
0.7326732758136352,1.0579805893579837,0.35867655179372443,0.026193010973446836
1.1598855629346985,0.9431472979034135,0.3548673445132107,0.025895751934317448
1.4432335583245686,0.47702932365232575,0.18720095087732974,0.013070892377085745
0.6739021405105188,1.8346156204252428,0.4481357126264806,0.033232632662335566
1.670937894185909,1.4660850617345824,0.49031590280856857,0.036586996158460096
0.858311210324495,1.7355462317819907,0.43450290831521377,0.03215304557406724
1.6417244870985397,1.2469656927349786,0.36268296144608875,0.026505894177412573
0.49061609020595087,1.4707399166054589,0.293013063035419,0.021101343979000445
0.03296993333053022,1.6991377748713679,0.18898141219960274,0.013203830486978096
0.060544720105261574,0.49925479901190273,0.23040774883206672,0.016319893195980054
0.11399633169509271,1.7000012404973297,0.07074548604386892,0.004618871502421597
1.5429450148119057,1.9151174578828856,0.1918158544458854,0.013415642114326653
0.34000048288143914,0.6421971007121188,0.13601611616869347,0.009290006934934123
0.8803077455295811,1.6520900748256295,0.4111587484523188,0.030309873672096085
1.1123528380161134,0.2867581183483856,0.3132918774887162,0.022666139567620536
1.7855702947053302,1.4644568723791946,0.2308710875977638,0.01635497861637897
1.467189411163255,0.7954301737859695,0.3609405997039304,0.026369793826733344
1.893583284125646,1.1545847062107193,0.13644579010599212,0.0093213823635915
1.6381213906657475,0.15882498702933612,0.42633564883491304,0.0315073911939633
1.092116913008001,1.3028247915694753,0.47573159110387725,0.03542484039230359
0.42762120041912155,1.3496233559678326,0.13173407971910545,0.008977703259856161
0.7776938392727408,1.3475741691383247,0.15921862084383318,0.010993585713910927
0.1809556303769595,1.630266193260905,0.38860290432960376,0.028535789450056737
1.5536551363874722,1.3109392402908904,0.4760746651568461,0.03545215042947819
0.5323018366916303,1.0809503896105817,0.2612971035203079,0.01866916162791045
0.1731999766270762,1.694354062888702,0.4466024728763171,0.03311110038193977
0.614887968763588,0.8846843235608348,0.48234876083141615,0.03595183158154575
1.2843257966815202,1.1822492651045258,0.39960131975423785,0.029399984664154298
0.736584102112066,0.14854242867147116,0.2595760636156895,0.018537742081231177
0.8018062618563186,0.7155076880882798,0.30923179296195985,0.02235227217409125
0.15507518049632396,0.9598012560167808,0.16382876368438243,0.011334203540132554
1.677479782558046,1.2211105174115897,0.2907403630231435,0.020926429224935664
1.4302618579217246,1.421721201591204,0.13401033323989295,0.009143632484441151
0.6045524840412373,0.7168172246827151,0.1491591025450307,0.010252730177257743
0.2509390039315622,1.5397477842243135,0.12032674493950282,0.008149202147015276
1.6079965878881697,0.6255597289619992,0.26904832109577936,0.019261784026320616
1.9428775459523961,0.27616384002516137,0.1272105231305926,0.008648545232829407
0.17732869842446197,1.970768574948634,0.20025625735156194,0.014047643226083047
0.07419014238996513,0.654551097261173,0.4420935034423908,0.03275386397571161
0.8494712107859659,1.0922381041403577,0.11301172143269742,0.007620736476046422
0.45584377366340845,1.7787241506877582,0.34500661365999064,0.025127278039762543
0.15749229547044385,1.8203014839762583,0.17320176320875658,0.012028745908864252
0.7509721593208643,0.6697840524616316,0.10120381228519562,0.006772724184131546
0.7236145744750175,1.1200231813418426,0.15873067207716246,0.010957573362888173
1.4114422995689275,0.8624266567811927,0.27761097849222344,0.01991781515976155
1.855083926859256,0.02990739881742921,0.12500019012130348,0.008488001408396537
0.38417469063497367,0.8531356251883122,0.16276718172597232,0.011255709841637387
0.7373885775976816,1.7516991189051856,0.4915976746160035,0.03668924969344974
0.26638478050389947,0.07866672119704221,0.11986648514017656,0.008115884349250377
1.928006417671152,0.6070644755932564,0.2631096843447822,0.018807635873288063
0.47714676014830304,1.3699690707735954,0.320672968659894,0.02323745638084796
0.30303704148603816,1.0327119011184152,0.0902124002616156,0.0059894582435406065
0.44201317124778816,0.34408611416271717,0.28882592523177997,0.020779160715410926
1.8019740731285312,1.221068905994652,0.21860242739179442,0.015427626163427641
0.429234899168083,1.00233251691289,0.22671434523719403,0.01604039226737688
0.6463613736220981,0.26871741037173225,0.44473759605510377,0.03296331968994794
1.9469463132762388,0.5403910391153619,0.27540585297746506,0.01974873340164881
0.34116147540307584,0.06675753186276134,0.15112524585852605,0.010397267263622412
0.7703980508955139,1.2124141303617184,0.13965157418886354,0.009555687336272243
0.6476203108981122,0.5183837220916692,0.24095332189811808,0.017119624013688543
0.2871173283263204,1.2019881062688824,0.11374947480316695,0.007673930147246503
0.8274990901310944,0.912088963044273,0.28385630774268233,0.020397187221956846
1.7315607527762007,1.3365442920416477,0.11506071028288342,0.0077685318398903885
1.4569911703200833,0.2726226391424009,0.35984749595327586,0.026284431810013335
1.0203402512317992,1.6129626515750235,0.37975953027134834,0.027842146446242128
1.8929371154146868,1.187930553423322,0.2461832484834679,0.017517142679082547
0.49837313003946515,1.39282710436426,0.4143122164844981,0.030558447475615237
0.3475431103849955,1.672385584384363,0.17350254018340316,0.01205107732881165
1.5833804530937816,0.7666496044872504,0.4790855652561756,0.035691888015621946
0.24479047880252947,0.05621566293415259,0.34572022189373947,0.025182841150569374
1.0323216790586032,0.22077900237648995,0.3824146688545502,0.028050290231602822
0.21815492490297017,0.40863365813468433,0.3653420611271713,0.026713690194732877
1.3048288077950752,0.673965346753093,0.39994486644787364,0.02942700536106861
0.5223349653701994,0.23705517888662286,0.27447564460417767,0.01967743605496121
0.7845670523258252,0.8110640427836795,0.4578543339329559,0.034003643015158104
1.6470010435575737,1.0293324679237594,0.3939509062147866,0.028955798243929607
0.5418004899945408,1.8695055140043109,0.18794090511795242,0.01312613049907836
0.7070197094063577,1.5902694178997336,0.4157133808265235,0.030668936959320738
1.8145379536381137,1.1444936225547149,0.13883431217839753,0.009495919537641302
1.341544886884678,1.635931579838422,0.4451085545910402,0.03299271260546526
0.01202567962377632,0.30542401556768595,0.38020226275183505,0.027876846534771595
1.6002254103997267,1.3863358990727204,0.14805978855953644,0.010171973483517284
1.5697012159894586,1.6788784249193267,0.24154235410290337,0.017164365936883315
0.38136923148393853,1.0583356214467476,0.15165357907909655,0.010436128814905129
1.77543012678625,1.9908213725291695,0.3188232361997955,0.023094195945224213
0.8073041073040819,1.0675288387462574,0.050535751407317725,0.003223702623394463
1.390429607080986,1.7545974697716342,0.44773940025269326,0.03320121620030475
0.7210634936393847,0.8959550646564678,0.45980825154642174,0.034158790923139525
0.8730579829387357,1.589622610789973,0.14513263192213643,0.00995714413725529
1.0316420124676655,0.49229862535054725,0.09598840039674547,0.006400291899400372
0.25445789073202674,1.4445632148554413,0.24270506349363502,0.01725270552425118
0.14598951826684758,0.05057055326748561,0.25093278118356255,0.017878652926206537
0.1748577126130857,1.6316492269494374,0.2165481066936042,0.01527269141417251
1.9944542114234578,0.3960970662426462,0.2505970004599661,0.017853079389028213
1.2244334740355287,1.9612661801141322,0.31357554921879766,0.022688079523426174
0.7938061164475996,1.7182071434780768,0.2903576347133338,0.02089698240768706
1.5719649381018537,1.6836286078356482,0.3257424249044562,0.02363037351522666
0.05714165786238001,1.9869577865645236,0.17682444190993907,0.012297891225247142
1.6540633227231074,0.8628131686415175,0.4423995236699435,0.03277810140841004
1.258577826569829,0.45919201647897,0.4323947950420038,0.031986310001416635
0.26191094327224995,1.5186564695642952,0.2030223072281948,0.014255163776750006
0.6548665384509764,1.5895281255450489,0.49180253697958887,0.03670559432510848
1.757834336331638,1.71922475131357,0.32456214388581384,0.023538855828187395
0.28853916576222294,1.4364874918272208,0.44760592350133105,0.03319063566731547
0.2242914322369738,1.0818225217256026,0.1865894891594344,0.013025257679885363
1.1178362472656425,0.9880648078751821,0.2459122484329665,0.017496529957047022
0.18212491634619776,1.971548565525635,0.05696730977337898,0.0036641379655707558
0.9946059896765593,0.556712489503169,0.46165987675763437,0.034305858445862224
1.1007213663237547,1.7714146401580007,0.4825214073440463,0.03596558785280897
0.3130471430155859,1.407841835015671,0.23506525318210808,0.016672793548619853
0.6444000953344107,0.9400221270880245,0.46696751387399965,0.03472764885638257
0.5386630390049107,1.6992581334749326,0.4778717401363801,0.03559522679643277
0.29154702066838034,1.771781356082287,0.3837123187217991,0.028152052981501478
0.8813907516495147,1.6386955433217498,0.16670322437303148,0.011546917661186389
0.5503338827633708,0.10101712611869185,0.3739982279696366,0.027390847879392145
0.9670531433972815,0.5598530606431076,0.2306221688585865,0.016336129127891105
0.44554692700367493,0.02735286064723419,0.41566972122833257,0.030665493772516678
0.9743256859384919,1.9518929762324557,0.24261241941384148,0.017245665599292834
0.5651123583291104,1.256233146527368,0.07918927532151322,0.005210534562700889
1.9128606180806946,1.3235478970552288,0.3485933415026829,0.025406628501202365
1.7573427283957916,0.986860810379308,0.25976294173488895,0.01855200929398066
0.7587943974388223,0.3347182426865447,0.24108747324766872,0.017129813267859728
1.8049840413478822,1.7627002653334287,0.08474811312121092,0.005602462304633088
0.10186926460665502,0.6430843596237998,0.482446214844828,0.03595959656107033
1.869518224072783,1.5098916648722702,0.2927452783843046,0.021080729478162936
0.48264461895900546,1.747122143706378,0.49330910593555366,0.03682580805379952
0.7601723460569443,0.4525278277254847,0.289475284370156,0.020829105270899338
1.9650874072329192,1.5489277586108403,0.45458080077028246,0.033743815469181725
0.9692432444345289,0.9081050252446656,0.2885116107031619,0.020754988431929293
1.6026487245627845,1.514399079414889,0.27969698791310016,0.02007784882098791
0.3583609169245625,1.7685404154914188,0.4464502592657509,0.03309903673617503
0.26237936252315985,1.090525107452561,0.11790163541193206,0.007973750279272317
1.5228160130324015,1.4400881022920242,0.17941447494993368,0.01249055043777613
1.0692964540279788,0.2850216832790162,0.12919805884783586,0.008793071097850704
1.5754433353978876,0.1280004666868333,0.10770093990735785,0.007238533211914406
1.5749187686842845,0.9858683769429246,0.1607542680844905,0.01110697153115325
0.32420060616978175,0.7115724650083184,0.16686871128825465,0.011559171673253323
0.2522367499927298,0.3520349449239888,0.11721518218141215,0.007924131730623746
0.7711011101692316,1.7875120810110836,0.3642789776156726,0.026630602701221397
0.9688943457665913,1.6968220364279962,0.386992101573877,0.028409361898425408
1.2830961617194685,0.3578119481527109,0.10614915885301304,0.007127098031309845
1.513339406272077,0.4478603104787606,0.1433199985995709,0.009824261118629813
1.9751854116223315,0.3063764359326244,0.12608426143532103,0.00856671684377179
0.0777877280039998,0.6467579022164436,0.061847840582294644,0.0040006804786599515
1.1572552825836604,0.23858398422088523,0.37571813541277177,0.027525523043129302
1.336170914130936,1.9983038740320946,0.3839398010123823,0.02816989477497633
1.6864329535330413,1.0459454380330382,0.3963175805867276,0.029141792480337724
1.7074720249386957,1.450228652069365,0.3358665583532013,0.02441631974829743
1.7660979790904052,1.0665820411391955,0.3429947322642882,0.024970671258296002
0.5860345585576883,1.4258287657886701,0.06570933820880187,0.004268264216957972
1.2219153896994908,1.113968485261146,0.25793094404875777,0.018412176037912037
1.5923990831041268,0.8537928337451026,0.3409865366352637,0.024814414576989133
1.0732943715383585,1.7716806750475103,0.20631895185115112,0.014502746480101766
1.0697450582712111,1.8988552818880242,0.1829728442316837,0.012755551779628404
1.6489887119460354,0.4361984435078705,0.19160264437472846,0.013399701842487602
1.7784634026290251,0.04377876898700883,0.14215080797855673,0.009738609895196301
0.42804830666691274,1.105570050980958,0.34307563909203576,0.02497696790287232
1.525664019526491,0.593973529961451,0.06928593354997123,0.004517077230250086
0.6585242738368495,1.2009366942492155,0.20208946455113136,0.0141851561079956
1.2896725826638296,1.9606990257809627,0.10825629422174243,0.007278440853489675
1.5264448224876501,0.7646640419994626,0.19328359061383593,0.013525407909207539
1.9578305938985856,1.755330889796197,0.19733179990162747,0.013828453333639792
1.7157842463363786,0.22207776531815382,0.4184685614005906,0.030886272914174437
0.04421714128802279,0.8307080218038538,0.2856901603385402,0.020538087047972664
0.46951596508062377,0.3660389699619939,0.14788257574666386,0.010158959118645462
1.8380270053582382,1.7066852569281277,0.15566383264323758,0.010731405478221911
1.293071171923446,1.6090351294548315,0.2752114891349855,0.01973383469098186
1.660815048439544,1.8892864984523023,0.4263266913553865,0.03150668353500096
1.2051334902590973,1.5551088513063884,0.3031201910321393,0.021880347980347378
0.7866121899674248,0.8495845228538956,0.41233119331747975,0.030402276957014338
1.342025167667514,0.12249066162921873,0.4527729457139718,0.033600377295768674
0.1484259346845631,1.293800412843041,0.3665965812404781,0.026811761269781076
0.6878772279846719,0.17516537895934925,0.0793964833169564,0.0052251105942124725
1.4733645301053313,1.794936651214928,0.17062474392139182,0.011837523232760513
0.9796355305746689,1.2780941094078009,0.28441633526690796,0.020440208999654364
0.7928991435973323,1.5524329650589266,0.4890034413585932,0.03648231346338703
1.9544032191515852,0.18029880911596474,0.1405515495301241,0.009621532027553984
0.9597651097571649,1.6326575931519982,0.16460653905228873,0.011391734784243952
1.338227776574112,1.0035473453609116,0.22265821322807416,0.015733803582630143
0.8706250361112529,1.27614457538008,0.1591243488561516,0.0109866275123452
1.0754230498082478,0.093281267673057,0.24565779336405996,0.01747717710096369
0.04139840001536044,0.22863049930706447,0.4520575744790803,0.03354362947631671
1.988158564938536,0.7887105764516009,0.23594126444888958,0.01673922337256653
0.2920400372990075,1.2843538981756986,0.2881291505799682,0.020725577878604726
0.5804187517390302,0.6250110081847016,0.4565664295404219,0.03390140385741646
1.9236831534081897,1.6271383918144295,0.1383298359738221,0.009459038418109434
0.14781653954766538,0.5668915221861786,0.29656780550887446,0.021375116614107827
0.463454492336439,1.9027328388826654,0.3372697132344397,0.02452537818453373
1.5353766369402173,1.3080226634260161,0.08521542769015164,0.005635493052139714
0.8556658266221822,0.46018497617998166,0.3209926907918618,0.023262224417094305
0.3685120289287598,0.11702574366980456,0.19434984111206,0.013605184384625185
0.3611618103683276,0.3611538684061897,0.2897306307491607,0.020848747001375387
0.6286321894731406,0.725833803790475,0.05828704462070677,0.003754952424479299
1.2375448806160059,0.7574595299829423,0.4513514120104984,0.03348761823192721
1.1428002942281958,0.3731757238173661,0.20653370241849067,0.014518884072712273
0.4010425506561923,1.3049099883533697,0.4838990842564143,0.0360753716890068
1.9903046904132184,1.6758210057965288,0.22193551202606498,0.015679217390071224
0.7748883072101727,1.273319874585279,0.06866055425039527,0.004473506181920475
0.24598129107594935,1.7675835101473725,0.35438633868272257,0.02585823129607036
1.9517554753487207,1.441721590118927,0.4888516790612905,0.03647021006295417
1.7707271424749351,0.44339867059792915,0.2518724200251784,0.01795022969623556
0.01578980978640332,1.1758766482604959,0.4186337211522605,0.030899304297132998
0.8288794923850689,1.4948848956664293,0.1000802655210975,0.006692377413304558
1.5243989294382563,1.1986468783459137,0.1801102749208281,0.012542340238978803
0.9545718811741741,0.2203036723509293,0.3908024860153004,0.02870848704972021
0.6110405636374769,0.5593465331643324,0.39616074400916085,0.029129464496536958
1.0493832332485031,0.03489416510386789,0.38831931954725374,0.028513529020503702
1.8356702409078396,0.850955914891725,0.2960040111913023,0.021331680157779486
0.8100364979895947,1.6294475657485235,0.40070590819073615,0.029486868656173348
0.21469999978866938,1.085673302626212,0.08164693654781084,0.005383586308577109
1.6255415655105905,1.9138074097774582,0.050682248010010256,0.003233693529942989
0.9313597031839567,1.2399024390934548,0.11725305292044917,0.00792686860047579
1.5824819893075028,0.9843400939725775,0.46141035922890317,0.03428603784453878
1.9276124919354287,0.2133627756698575,0.25564660766985703,0.018237912571447683
0.9823420021928482,0.9147631823231848,0.486112158956097,0.03625177154022305
0.9406218771731352,0.16248908252517968,0.4080183345837193,0.030062459567374772
0.9717718195468996,1.661278043700102,0.22436532831647432,0.01586279181721283
0.36374741613464434,0.8800297437380862,0.11159556791473968,0.007518695885221674
1.0726267422906863,0.2837632455100676,0.1323176539585928,0.009020224625196614
0.8497167142783109,0.3101009629513083,0.41353045478130307,0.030496812482111953
1.8272143921982165,1.1883760225267714,0.2769937687421173,0.019870480178677336
1.3022627741541077,0.2079249810586541,0.35573903174724536,0.02596375643482568
0.7073479406085645,1.4172749174273258,0.3449744367273279,0.025124772859540567
1.05610019189652,1.935151885663133,0.10521946902677601,0.007060389657559031
0.8161394968108087,1.3711587924593402,0.38800957971438255,0.02848921679113523
1.6199493875969155,1.2981595445974592,0.42637847637583354,0.03151077467031718
1.2031050036945934,1.1692162432014477,0.4176483115301353,0.030821559076297814
0.389661591060277,1.3075256453973683,0.4503874325665016,0.0334111672778008
1.417913181914419,1.0806694090292863,0.4972771855327219,0.03714255427227776
1.4244500604988444,1.92590972482873,0.2884025477483723,0.02074660139605743
1.199648721665152,1.5923226288193162,0.2896421829099371,0.020841943289626675
0.15061908185159179,0.9195113373624675,0.15847710705804052,0.010938862378802506
0.56557647516511,1.8965348104543205,0.08277367706012549,0.005463044603633598
0.9050194804311487,1.9526143653181456,0.10180660507449338,0.00681585635732078
1.7433407215575103,1.7545182129650994,0.33569305656871407,0.024402836722996687
1.0452199514055005,0.569175514903614,0.13428218077525336,0.009163462084446584
1.8247600697008348,0.709292937166196,0.3329671310989019,0.024191065158128515
0.7501062563427678,0.8166785384399733,0.13119418806097718,0.008938376339524254
1.9624417536017986,0.1608373822283955,0.4752652242890437,0.035387717948158065
0.03850231941085869,1.366251307436323,0.37721244271087995,0.027642567421163312
0.5447141799871222,0.14326689956555594,0.12211949771656726,0.008279061485051243
1.9868348552960828,0.6277809366368137,0.1774672908432144,0.01234569138972238
1.2255723125922378,0.2048850123109358,0.08185222353882435,0.005398057642387096
0.3935347958319848,0.003978789846041941,0.18550713081596404,0.012944504274918594
1.1443818881519712,0.8990711494640773,0.2918532532457619,0.021012069314566326
0.5457285402618663,1.7880612833635672,0.3443511300848469,0.0250762476295524
1.443364688530241,0.6251320279279162,0.34424615018907373,0.025068075404623077
0.522199555005975,0.3387738757759464,0.4876125463511117,0.03637139601978675
0.36439592554770095,0.30489908221701567,0.4765820999391487,0.0354925467133447
0.15130383748716536,0.15000753899602737,0.10137350228044406,0.006784864376502751
0.17735827367420876,1.1538394649983401,0.265645920771621,0.019001505061235838
1.1813652371873504,1.6832007009736327,0.48264592074940876,0.03597550914544246
0.8100275208865273,1.0160414448258253,0.23255237499006642,0.016482331548005626
0.6424498870726676,1.2871572322094627,0.22757683595879186,0.01610563393457752
1.6911788626341802,0.845027534159021,0.05330854771241272,0.0034131373618778416
1.3086707282792638,0.5181397978708098,0.3426982517362552,0.024947598278131564
1.644757048674446,1.727076078892058,0.2026842027672905,0.014229787255150079
1.3864588838073983,1.159474903002735,0.1304718986326835,0.008885780624363421
0.7361971621407828,0.059450331099236475,0.4250223505842484,0.03140364894312799
0.9154788766498894,0.12771375806670515,0.1837885349297832,0.012816348831937637
1.105618182414407,0.8551356789147941,0.45748077748927557,0.03397398651972691
1.0325086676242865,0.41271328403058627,0.0665183387892501,0.004324463978260996
0.6528746922602999,0.04323003333489983,0.39042442024231694,0.02867879887103492
0.6714341206126551,1.9856034962787708,0.39140938121700436,0.028756148543880887
1.75511689682469,1.5510526946430818,0.39809187647051025,0.029281282666616944
1.9101035592195044,1.218472119686183,0.31933041249136457,0.02313347068824222
1.3326363355260926,1.539377754234194,0.3427220273942312,0.024949448518459108
1.0333248198766807,1.242880175799647,0.1741954294488862,0.012102531588227763
1.7081771869618967,1.7679371608106758,0.4095864538988054,0.030185985787399297
1.5712664452518272,1.1570573228780159,0.25502556030237195,0.01819055372692001
1.5423932136858898,0.41052524862704654,0.07431237222389567,0.004868243310784674
1.4562233560362052,0.21482501125151865,0.23684176715561928,0.01680752817569361
1.0649865115520991,1.7353577581170458,0.4435309907237855,0.0328677259711961
1.5613600295719214,0.6924342268549468,0.25166564984518436,0.017934477442349564
0.6914089774678143,0.02332852350218073,0.10666178797405805,0.007163898165183936
1.6786172869626317,1.8074697043958585,0.14428567784257307,0.009895040120967579
0.4299467706756559,1.67977063728498,0.11988262792395311,0.008117052761850438
0.7690303841769868,0.08172697405053819,0.0619079335365888,0.004004835996395481
1.844602672240818,1.8816486782004989,0.17207012597009955,0.011944750630629733
1.8770757838863275,0.9448314062484144,0.14212421588715662,0.009736662406104319
0.6012083899147851,0.41909992511568506,0.2984014108066564,0.02151642258050838
1.8731220547570144,0.18244173208275294,0.37599591925935877,0.02754727854916627
0.9101715155955907,1.2969284655439879,0.27053826997975317,0.019375834769995853
0.42165474335151587,1.067999229154,0.3339801834501497,0.024269753204322994
0.5254187310659904,1.7468683322283367,0.4732198875968505,0.03522494041522802
0.5547670385685843,0.18921750269725135,0.30130600809003594,0.02174038657580291
1.978647459723981,1.238509084221183,0.09137338310168025,0.006071894227539749
1.3638547045196467,0.9611666652050064,0.2021982058198536,0.0141933157406654
0.5873956248671608,0.9960176824254374,0.24273232187926203,0.01725477689525203
1.2716997061380015,0.9115624245795542,0.22955153820274554,0.01625507113942648
0.6540060095788973,0.5145425403449684,0.06512281367826027,0.004227549262345923
1.5401804562371781,1.4577855076734731,0.0764807640763153,0.005020248950791208
1.6049228995965565,1.417766721649312,0.2981865100307481,0.02149985824231782
1.2498181103938606,1.8426651619968586,0.23203323283954796,0.01644300114546883
1.4616929304157955,1.7424229091245165,0.15306711325332584,0.01054014717804558
0.38516303354408277,0.9191815903642335,0.26312670130850635,0.01880893621687975
1.860283005381008,0.7358099074744493,0.16744595446568336,0.011601922063913762
0.4697477491241777,0.8768686075147658,0.2471785202014078,0.0175928581506648
0.1577580792947133,1.221015169759937,0.26265625984858615,0.018772989783762163
0.681235156379181,0.061883764526900586,0.33874317522941516,0.024639934853856092
1.6443286923560725,0.43405320860123386,0.19762833811711777,0.01385066890109154
0.9962357845643206,1.9911818854082084,0.45438651015017545,0.03372839824338923
0.025127668973631057,1.7657796149612845,0.1435827986797676,0.009843519676279028
0.28496216690004816,1.778451244695408,0.09449299456323337,0.00629375913927721
0.10237229007460447,0.3374227266997931,0.2917227622930295,0.021002026494234077
1.423648093972058,1.9235579788587598,0.21860058531944593,0.015427487191081658
1.942690699002454,0.6722285430009853,0.15724289934814414,0.010847817693829276
1.7705872100661557,0.6350045635664696,0.14433725782935247,0.009898821573234674
1.0023029537816397,1.0807339239214406,0.3155547485352019,0.022841194318038015
1.5165322224519384,0.23769951434532377,0.2882075501615786,0.020731606457882714
1.5057569092192447,1.2952599750043323,0.0818043804003325,0.005394684803135074
1.3262229686455012,1.8123075828983,0.13253987671620934,0.009036419997949557
0.3798238532264071,1.506366722208378,0.055099742759400966,0.003535874358203202
1.088833395852078,0.818799132666427,0.1944485190969958,0.013612568965068064
1.0335335975452946,0.10918081341608854,0.13023566032888909,0.00886858256354924
1.7328884518350065,1.5540849581098282,0.08109576158156244,0.005344744664563578
0.3774378892268204,1.4969657889181034,0.27521052071251456,0.019733760459618648
0.28943349738359214,1.9015487059811826,0.3923954295539422,0.0288335970620605
0.40913736894011143,0.43822597887649817,0.3162595132638518,0.02289573234141976
0.05114724021305661,1.8081146866706073,0.34360688867824446,0.02501831541033336
0.7487928233692573,1.1879465516883454,0.2273394425530375,0.016087675003232084
0.9149230911959245,1.8795379206486167,0.1886818927091255,0.01318146080117269
0.07870751256174091,1.9504872031533191,0.14169780294790618,0.009705437214467988
0.592292737173931,1.4294254323015823,0.39434656052847594,0.02898688691023609
0.29617799863629,1.777608742592923,0.05880165882573932,0.003790403040265386
0.4277381645741365,0.6705185439146477,0.05722433971532878,0.003681813600898991
0.6771989285039048,0.8991399624716083,0.08984939601427384,0.005963697977436824
0.8870663913221633,1.511688667862447,0.057222265769268296,0.0036816709562033736
0.8786561058677029,1.074741157646544,0.10050126740913659,0.006722476732094247
1.200442863868061,0.39317505754689264,0.47000681555543333,0.03496932709141089
1.3012283789406447,1.3089619126680296,0.22755595216616847,0.01610405401321641
1.6835838310709297,1.3022512539265445,0.322254180660084,0.0233599653269373
0.6291630238852615,0.5311628235724546,0.05070244879813406,0.003235071357853222
0.9300218736862989,0.00391113706701085,0.2972371832233755,0.021426694939416836
1.4501266402604682,0.3510098494260878,0.16995769384785286,0.011788058425384197
0.8479067068701691,1.368222654379852,0.32434013117466715,0.02352164377102693
1.4759447384647653,1.6132234108532437,0.293383624688599,0.02112987256560532
0.07921310815581073,1.6275813871381344,0.26016686322226584,0.018582849104978344
0.34120672196957513,0.20547486429931228,0.4005349655359512,0.029473421679044282
1.5368966913268867,0.6847007707747417,0.06239720902249904,0.004038680465105173
1.9639368726816055,0.8130103585298392,0.25740886495238663,0.018372339156465734
0.820754620661085,0.9582803136565334,0.15517511560837843,0.010695392670783042
1.6338506871853222,0.4408973341434621,0.4239969435270607,0.031322663646852926
0.2052439158055417,1.005608181497372,0.3751496958040304,0.027481007386993085
0.8346891165614694,1.6196292463677215,0.27131205004118947,0.019435082234269103
1.7628899201498154,0.6708753876226794,0.2934756490828461,0.02113695767205646
0.7443013026405392,0.4264793661351023,0.2607388089017745,0.018626523381899757
0.3018311769770077,1.1282563503040652,0.27822469622183027,0.019964889531795274
0.39366702383585905,0.7840030056228986,0.13086697049238466,0.008914546508776704
0.15853521598159026,1.0080712207064706,0.38124130188583044,0.02795829435530083
1.8524782128179467,0.6778138792562913,0.4270238379960272,0.031561762592384454
1.2944744294922532,0.06066358308799047,0.4525455192453641,0.03358233570319476
0.09141479621838955,0.5439223294901305,0.4729432142844417,0.03520292517178759
0.5744631589499882,1.1737818234619046,0.18418494872682162,0.012845902042273101
1.606658059887456,1.115722156317674,0.46416959860615326,0.03450526102207339
0.0329858714162512,1.2975760521522766,0.09900564276159585,0.006615587484811831
0.5110893923157369,0.4836477459043842,0.30548705758183886,0.02206303493293199
1.6102836637582278,1.7579944723372933,0.36162447390235897,0.026423207604311157
1.8279637353575573,0.044674517925528345,0.15751286013645788,0.010867727885320344
1.5348106470466742,0.6995635175645338,0.328135820744384,0.023816024955703695
0.21591997302822485,0.5580608507599887,0.11576054610013442,0.007819053396333766
1.9081887681199965,0.1900266977913485,0.16327180784383438,0.011293017662254896
0.6536061528055621,0.22026809598586894,0.05106814478598461,0.0032600207887223567
1.4980858453577537,0.17819056765176233,0.1288242014531615,0.008765873855017621
1.5422117668789044,0.8927744181580661,0.2038933687185645,0.014320554955512665
1.5551202560661364,1.784608622987227,0.41044568324606173,0.030253684123649476
0.0035427160647814038,1.5101906223494188,0.0645186909849435,0.004185639137194962
0.15796154306151844,1.9838014124024268,0.06242024003814829,0.0040402740333045995
1.1543306263395958,0.5551051612554152,0.29595679129990843,0.021328042450360248
0.9965184877463367,1.8219397569542777,0.25988401200209404,0.0185612527833844
1.0851733649472868,0.9652225092528863,0.10962575128305535,0.007376909979687888
1.0114503778408914,0.14079945636486935,0.2325275376285627,0.016480449722155455
0.7971225227510081,0.637843104426997,0.49600220043878773,0.03704076134671639
0.8478808271458425,1.301539266465247,0.29248243097291554,0.021060496319434276
1.0241873024456194,0.22812331609444003,0.25404075447157515,0.018115472286963957
0.26728335282992055,1.0606501796871448,0.16146200234458488,0.011159252898892223
0.5490471977591864,1.984424585540855,0.1516272770638843,0.010434193948884238
1.7607369289923875,0.41047344962468313,0.17870472908661328,0.012437736892086054
1.299194314412016,0.9618732953801872,0.4135214532364555,0.03049610283673316
1.8506787044354958,0.904449455613294,0.2742568698838896,0.019660670127112326
0.09827451757059547,0.7054996551374271,0.24911440868084794,0.01774019139797058
1.708767487672442,0.18417899798367743,0.368658336572973,0.02697298756556889
1.3846741751100182,0.8005810687165211,0.13177644624401325,0.008980789803844608
1.686889205113187,1.7828095470561214,0.062195684537085176,0.004024738261749291
0.6254293977240051,1.0701861791887815,0.4255421794108449,0.03144470948981922
1.143476644336282,1.5847958931835773,0.4737218599315009,0.035264885252357846
1.2157446361932975,0.8581867322837882,0.07476320330257553,0.004899821950702715
0.08279838181609156,0.32051699975073844,0.26189199719676176,0.018714601946164606
1.7761432133167598,1.4353070369948888,0.468488304222159,0.03484856506189509
1.212078589396618,0.8756613667502915,0.0873353263310135,0.005785487860145023
1.7701114793993944,0.3232358927241288,0.3629024408944769,0.026523041484952492
1.0773535705192707,1.5527124295737957,0.4675941295608701,0.034777467027265876
0.5896040069412556,0.1748099736724693,0.49921738033776175,0.037297491099648625
0.6689996685445008,0.9808723262770376,0.3771849528149598,0.02764041393504575
1.2323402272491453,0.06963235683052504,0.41394495640095164,0.030529491267097367
1.0846458928318143,1.4165482260645013,0.1764146327509442,0.01226742539867452
0.11225352271109967,0.49560751362261524,0.27767349574045574,0.019922610130859778
0.4616334102315578,1.7680892502709076,0.3591872985995927,0.026232884727814636
0.980495299416988,0.8364682036229083,0.448799762245552,0.03328527747937283
1.808927130313678,0.8879066787358949,0.30158431591873464,0.021761853826800584
0.1456075817351392,1.9449394999905267,0.39918206717317134,0.029367011705747632
0.4715306720515853,1.672916920774614,0.2455231888142091,0.01746694016528402
0.12298881648319382,1.9990123872065597,0.28979614213811933,0.020853786454936584
1.3657242164850598,1.7894328244481468,0.09116139605555193,0.006056836593646987
1.0087921158060893,0.18160810524707793,0.11206939877690669,0.0075528277606144575
1.444326223890104,1.0349753489916529,0.27385750019773714,0.0196300665793987
1.6126343377378942,1.8885902525873195,0.4253372073703235,0.03142851862357786
1.6742063773343403,1.1309037928677206,0.25319671093920093,0.018051138519751174
1.066112218116115,1.3402578490949368,0.25789201054531447,0.01840920505194924
1.3270143440340758,1.7595152895386035,0.14613132663921358,0.010030406859509696
1.2124651224885339,0.0047098393394573446,0.46691375324251766,0.03472337491014721
0.9051915151556302,1.9566654028296202,0.49923841634702903,0.03729917118603216
1.2137887415956512,1.3329523452905585,0.35810787713821574,0.02614861942956443
1.6068556538347263,1.066182191558125,0.4818828660426491,0.03591471132793328
0.3733096027389069,1.4802633869885704,0.20411043029226666,0.014336852919158134
0.19241492715794717,0.47166564313999815,0.383507191328519,0.02813596514350604
0.31406480804108927,1.8594343921825365,0.2431906878778773,0.01728961063587779
0.5684482242367734,1.4261473311530886,0.3908400714418848,0.02871143860973152
1.5109795845946277,0.9497956302725035,0.2694690970455435,0.019293988652147837
0.3733193502639378,1.531205356003657,0.4447235762826767,0.03296220886584362
0.21331372750233624,1.44492931572695,0.3522332182572307,0.025690321259500194
0.540762106739979,1.1416440855219485,0.4430530351560225,0.03282986473713024
1.842360630582443,0.10081631556460247,0.14371976090170596,0.009853557528219316
1.8142448418514838,1.2298796225400956,0.17316173000353452,0.012025773814139187
0.7509016044109065,0.7529980113993617,0.3733884224837011,0.0273431080875988
0.8796748847565243,1.5623075707491438,0.15700424257987342,0.010830218205433718
0.6037540680093227,1.4239820830945897,0.439974981801151,0.03258610448249745
1.3767926184448065,0.7864138148101869,0.4317374491513599,0.03193433044696359
1.7326275914814244,0.49635921381385484,0.09323082636125765,0.006203932649128049
1.9884169407001455,0.038697323363105385,0.25609167617492773,0.018271856783625473
1.2197087275561518,1.68359356357194,0.13673682493550787,0.009342638033171185
1.5179180648299253,1.684399787656478,0.18889039640067734,0.013197032691034947
1.8030660411299928,1.7622112596744028,0.44126062643364494,0.032687904264999616
1.9224597586687766,1.1061651804115058,0.18049759883618827,0.012571175527788959
1.4407036477358777,1.888378678917044,0.3620523302299535,0.026456628732564026
1.5491067940248662,0.5726827378654831,0.25399913755888165,0.01811229986186609
0.6922236250083715,1.600837103658212,0.09723576308220028,0.006489241778437256
0.08222990280005393,1.5830449150472605,0.34549049650972197,0.02516495336104586
0.9781846921072597,0.8274952523079344,0.16074994073630888,0.011106651912374012
1.307363470697726,0.02414993081898742,0.21968535587092752,0.015509340020627737
1.5004931079554087,0.03530159151118273,0.17017992213868416,0.011804536182018403
1.4759926596781805,1.4963643987304776,0.3999495555661367,0.029427374181531574
1.1481836198896929,1.5663241617378194,0.06480538703551351,0.004205524894457047
1.716873493677072,0.7628946148745812,0.33774178804157895,0.024562076646340875
0.5003039885838434,0.31829570183070466,0.24158765325813775,0.017167807098644995
0.5950786040415286,0.7626250496910465,0.24176826859737977,0.017181528031054483
0.988393853375813,0.7257724166733313,0.30207319486209816,0.02179956677194662
1.1105682161271517,1.0809003738702512,0.3638756978940698,0.026599087913730377
0.00022703623877307066,0.6618866786694166,0.4883256905509107,0.03642826324808414
0.7003448375757853,1.1602311777438776,0.45555845101439074,0.033821400246397786
1.2185787618859645,1.2265947690828518,0.1128490351277257,0.007609009647513241
0.26402647541382374,0.9197814945311813,0.2375925403017612,0.016864489415960946
1.18165549686714,0.7648332989081879,0.08267021192484263,0.005455745063563381
0.15191554543540287,1.7525088939302529,0.3920518929927429,0.028806612682762512
1.1406739202684315,1.0385318436831974,0.21043799529667345,0.014812475860266384
1.0379622476834596,0.3853745442990064,0.37210600154922335,0.027242728867487194
1.3259279077921098,0.581163979428567,0.16047747430067782,0.011086528684502694
0.18865025985915862,1.0620054691184566,0.27355188563817684,0.019606649531093676
1.1204934536745956,0.6252435908249141,0.1534430553649061,0.0105678229813316
1.3302338081772,1.0218654739014954,0.38601695513976214,0.028332842925129317
0.7046086745398059,0.6754287711476967,0.3199263125365893,0.02317962152492125
0.15676420223088372,0.9009522572192716,0.265050956467661,0.018956014647844497
1.0369670434463756,0.9851940935609707,0.09312826043431682,0.006196636866838262
1.298509392290292,1.2418649240350903,0.25469135672433785,0.01816507185280282
1.0288326847118436,0.012113386213534083,0.21457177992246762,0.015123734560563887
1.5473692975342144,1.7572888633192063,0.132637825364623,0.009043558992798007
1.989775988450888,0.23897431136893266,0.4125359921865108,0.03041841952484584
0.12656513126922087,1.149515871680323,0.22144413906740967,0.0156421106038171
0.583172103120714,1.8955657317188943,0.43581208253235065,0.03225661931858928
1.0766948478103986,1.7642512676913427,0.3108532664520663,0.022477587309223595
0.5115165249466309,1.2472202790205233,0.3363762011794543,0.02445592746293869
0.2705250198137037,0.9526513167029611,0.23882186386615661,0.01695778513172664
1.0161069025508562,0.9872169129197863,0.44612855957320857,0.0330735414537378
1.8787420784710898,1.148023809828849,0.26487346640422693,0.01894244528754849
1.9763424674352534,0.8160596640698854,0.3836675265894329,0.02814853995017015
1.6262581302377561,0.30190963782477453,0.3880477926885334,0.028492216147597945
1.5967622975528395,1.156276867781321,0.45868424430566973,0.034069535238080664
1.9985789345483873,0.21297361335813036,0.48848300964942726,0.036440808889616365
1.2782413059075088,0.018451024751089617,0.48664095459408385,0.036293929017297395
0.563248897695295,1.9962934970601187,0.4096400246728548,0.03019020632102458
1.7142880491215653,1.8017641676472227,0.14195318061793571,0.009724137128123629
1.220998564505394,0.6450474983286563,0.3390953016350437,0.024667316582977678
1.4912901853934593,0.04838498438894723,0.08564463506206937,0.005665841320132786
1.568609376137911,1.3277702255918127,0.41729044559193,0.03079332789178393
1.058368979125125,0.08113589869969817,0.38684705413718135,0.028397979297102176
1.0554582677669804,1.8311008177921242,0.19145827685737776,0.013388909156600636
1.0277814303030308,0.31456756262771846,0.4238456638403893,0.03131071691994999
0.9553961340483059,0.9837982249855317,0.43381064052205215,0.03209828633854555
0.6610138135010402,1.1204807517831086,0.1627889884554478,0.01125732188341801
0.49019043765369363,1.601467336597376,0.32703073209289735,0.02373029355038946
1.156911573040092,1.2463167959603803,0.12395629242049622,0.008412247517340616
1.2163601538572433,0.22766178817466654,0.29535235962999257,0.02128148202034831
0.5928219685899907,1.1475189643614103,0.21593136714819178,0.015226197300314688
1.1932737159431048,1.6585463736583395,0.44655222049924176,0.033107117612926604
0.19208504551649552,0.569825836936247,0.3278749659305506,0.0237957863643722
0.4947668491150361,1.5010162087813528,0.36332526958771477,0.026556077909771197
1.9760396215189366,1.2030064767172357,0.4955580464074675,0.03700530498296898
1.3227383636567465,0.655078492475093,0.05967658872475878,0.0038507240548579787
1.8410895747870988,1.8411498884512099,0.27013137728191094,0.01934468414468106
0.5711738686545256,0.6717921315590052,0.32973355225775686,0.02394001019350957
1.6945818190022481,1.4215990951350193,0.07823997871113474,0.005143790102549817
0.9339245907568643,1.4070922876108152,0.12988055203637733,0.008842734862268588
1.2088832287576665,1.6717494447486916,0.40990615416560605,0.0302111736997997
1.6452148133279871,0.45950596395957377,0.22583911003143714,0.015974204070253076
1.52732928151636,0.14180460012528062,0.1233161969330794,0.00836581861321279
1.1662191822583208,1.1535530496927524,0.09384312507591089,0.0062474985586739315
0.6356358127532187,1.1300372902591163,0.23849074511225532,0.01693265262856855
1.6590451272733107,0.059979847823457444,0.3994339183235072,0.029386818757154754
1.497875624669552,1.7254433537683669,0.3382986618304191,0.02460537181712917
1.1145719767443947,1.1825461736580984,0.402669367379906,0.029641349912726125
1.8424496729301278,0.1906491987480281,0.2798137436109213,0.02008680847900114
1.07607344855024,1.2408311165915313,0.2537100543222359,0.018090264260242215
1.6367587352745026,1.3403554932985997,0.4462385603700393,0.033082259073153375
0.6350049893967376,0.4074658053597924,0.2741995340182426,0.01965627631230726
0.5675942696514398,0.12920955862081573,0.12199785339156531,0.008270245908380852
1.6581511394522215,0.533916345944019,0.275773704290894,0.019776932557085777
1.128186234553991,1.570551310926855,0.17993228518404109,0.01252909078615469
0.7779572213810437,0.2900125890728795,0.22177242846366457,0.015666901254401382
1.3242599174424377,0.479671197813486,0.47212184964880355,0.03513757339150262
1.847977887781438,1.5284805379240058,0.41416784667917994,0.0305470645892223
1.3394586938800066,0.34762164737044254,0.08620143884943979,0.005705227270899564
0.1671035692441054,1.6120092630150213,0.36520049714154273,0.02670262500435052
0.3597381413002607,0.2871840497701261,0.24094746117311683,0.01711917888048679
1.5180250908504742,1.620631047258681,0.36149773611516245,0.026413308263053537
0.8829447848426619,0.9814024566761725,0.10965350335523341,0.007378906339484952
1.337914401879408,0.25452215311488047,0.3713879005552205,0.027186531207375738
0.31058556096543444,1.2419824675170044,0.3810910185697111,0.027946513053083932
0.6102881957615907,0.3390303176878384,0.19424568632142042,0.013597390227324405
0.9172562149556633,0.38994032077095664,0.07347726966100102,0.004809783194853907
1.4298967781892187,1.1471154284699334,0.21720480199641584,0.015322207715059396
1.147435605027941,1.5059155922089393,0.1751910950261515,0.012176494865755923
1.4509448362079118,1.1557642929460032,0.173468518191623,0.012048551205550206
0.35715951418405956,0.8078862088253669,0.08894976915762341,0.005899887781042225
0.056930924209397826,0.0054353083698674975,0.09099576279063473,0.006045073192207982
1.887317020278357,0.4519718885659474,0.16737510091962032,0.011596674131426832
0.2600359856770178,1.9913154812646177,0.4357136622000942,0.032248832165181554
0.516155343165495,0.11082064551340554,0.12474824702535686,0.008469714313555348
0.26872603775826653,1.7934726021819742,0.43935299024380914,0.03253686137320426
0.2515106742012081,0.152597396292673,0.4013101033681173,0.02953440003906013
0.42843100601439477,1.8824018510223703,0.2258937449958463,0.015978335230758457
0.638744597958194,0.793015027928591,0.109381009515518,0.007359305863598188
0.549941112426324,0.31132475877271903,0.06868518877104465,0.004475221986937127
1.843808226161289,0.2951613013881247,0.33638560006975465,0.024456657951770547
1.0725140000727076,0.13773732555662122,0.2207898274734812,0.015592708076310198
0.4949756781626615,1.9134962646088236,0.4149579560686866,0.03060936438124326
0.15979470220858838,0.7239338448534129,0.12887077767053107,0.008769261868221767
1.1965241152646557,1.0847279300963955,0.12091003512779794,0.008191438636605949
1.4917614731886268,0.7265827210808522,0.3103490272987468,0.022438612480912324
0.19940567115086538,1.29627148856073,0.4370713000945409,0.032356261060339654
0.03051739529642261,0.36246297758307944,0.21052316453518688,0.014818884561598578
1.699570729943965,0.31439615167524737,0.3213395705253222,0.02328909820687651
0.6071119655350137,1.785890071154375,0.4889733607831451,0.0364799144460928
1.9499034520166338,0.7483947287523107,0.2335681248103238,0.016559302645062904
0.8273674571908316,0.3917687407403896,0.39275930330070125,0.028862180680281638
1.8764428338611634,1.54434672874457,0.10990310166761894,0.0073968628901815645
1.2191505524538424,1.3443120877923527,0.39260862664871765,0.028850344254529686
0.22409854114171224,0.5658621035890168,0.12122040862204765,0.00821391875503684
0.676559110684501,0.6430452582454589,0.08736682202578883,0.005787718268279283
0.07932585064739262,1.6904160539002933,0.08833767255457983,0.0058564974201369135
0.3909454592580872,0.4937144831920155,0.4283324820575357,0.03166517061748799
0.3478910793074741,0.4441262273802242,0.163057460750612,0.011277169663415985
1.0762277178703625,0.6559007051707302,0.2578994496540204,0.018409772722271036
0.04864796774763658,1.9447118905466645,0.15239659819370888,0.010490797389453375
1.8984542240002584,1.122696736564406,0.3862207366919124,0.02834883240190687
0.29813471302243033,0.7011549151348222,0.4000367609791055,0.029434233337969358
1.9603445592334066,1.8155505106799812,0.36027468990468214,0.02631778986259475
1.306555590759715,1.5544559578912132,0.1231533174814006,0.008354006909989688
1.7596884508132822,1.4643741344987726,0.23946274357884323,0.017006435871226352
1.2487215161634937,0.5588943521269776,0.10327503840831292,0.006921002056447319
0.6903141697229778,0.9196995420934833,0.2993627126165094,0.021590528837083664
1.037324334351668,1.4301032620763938,0.054331163385780507,0.0034831751944361423
1.7669580758150212,0.8525031523535467,0.3707767986140057,0.027138713059709763
0.40111236273801043,0.3203108284551208,0.22857639467907875,0.016181265223286438
1.4056600673755058,1.020828384457467,0.28224298814827253,0.020273283449442445
1.3175274590889108,1.6054325604065074,0.2475375721175745,0.017620178256747294
1.0590053210836865,1.3322461693136647,0.28662328770804013,0.020609805717882335
1.329477347009739,1.959131216829425,0.2885578492424011,0.020758544281763363
0.3494916647357216,0.295525635213548,0.1658263591035061,0.01148200137068259
1.7203496864809036,0.06203352991795086,0.41238707560485977,0.030406681631617125
1.1801398756183794,1.4760614555944485,0.1732957433205201,0.012035723248009365
1.7929883629373384,1.9137030310106018,0.09011797319186352,0.005982756623009409
1.6795000710149153,1.9550369557252985,0.4759613430227913,0.03544312939389939
1.3610847516422397,1.5600713209042176,0.40136697215922407,0.029538874099884885
1.3413250796732958,0.9903591824810742,0.17591042087159897,0.012229948233243368
1.8127891137550467,1.528126591313604,0.47372691849021503,0.03526528780595305
0.39862408225145307,0.42649500432027243,0.2836989191917407,0.020385097556987898
1.0199269373661588,1.536777904594957,0.05056297110728822,0.003225558825893584
1.7968641970643326,1.0960827604582255,0.08723820250439965,0.005778610260981014
0.851075138433528,1.2576266699383547,0.49794711982982337,0.0371960480569811
0.8398373165279962,0.19584070976942303,0.36866742917263073,0.02697369873181805
0.8471368165625794,1.0765360364484626,0.12674668689445065,0.008614839194945921
0.33781674099034387,0.05070580879789777,0.09854599657448476,0.006582759806487754
1.4574403125080102,1.8508355051753567,0.4792852297049526,0.03570778962673137
0.06681084443067542,0.6251089406003838,0.19022515054196848,0.01329674551769618
1.0943893344528286,0.9741987111944415,0.10707530121490873,0.007193591958675588
0.8177375067215698,0.999815842153353,0.13417697749854096,0.009155787825804156
0.15877143091607682,0.5952563530173689,0.17049568878323895,0.011827952162563875
0.019096686742918312,0.9493209184719498,0.16734079863142873,0.011594133507830286
1.7072040811203177,0.8668694852167076,0.39595331823595353,0.02911316051635823
1.6771117746689552,1.2411678350486426,0.42947282247994795,0.031755297199639855
0.18696975104014513,0.889179964541214,0.09170357720568417,0.006095353016716865
0.11013599470480373,1.9114821377488613,0.185922026481675,0.012975455290511449
0.2797706049675732,0.20069825491764415,0.44711419051894263,0.03315165849555304
1.749005020140852,1.8958052904402163,0.07239465070467938,0.0047340643487876685
1.0181492050096568,0.39855157955274123,0.3410802536650869,0.024821705241948055
1.7550985627021098,0.9756963964344625,0.13386500323545011,0.009133032695637125
0.3544971138293038,0.5364171993535607,0.46907508402573417,0.03489522646224
1.9647430110913628,1.4981525749199411,0.2120854969684156,0.014936476541495335
0.5494352170980494,0.5101386867622408,0.4624970833063495,0.03437236793888136
1.4353026978523822,0.4540467736685927,0.24432536741540317,0.017375860615654076
0.7403293377042548,1.2796073539235706,0.4498711648315246,0.03337022793251824
0.7825472570022747,0.4902653193206197,0.38580254371941053,0.028316020017189518
0.6223564663492853,0.7871700736878084,0.3107750171397316,0.02247153879479717
0.7506451122714151,1.068757981385071,0.05408676629397362,0.003466428366619789
1.0762990754678887,0.9493652552674883,0.2868408046089642,0.02062652603479185
1.2091150428371293,1.344709530367799,0.29251149293250717,0.021062733355091137
1.4620777861616712,0.1211159412096725,0.1860114212450712,0.012982124720971992
1.5728725374630907,1.8306998660158937,0.14790779677401883,0.010160811264738896
1.453985257875922,0.05437763996405165,0.2572159399463867,0.018357619558458483
0.01634950009849412,0.5918737406111951,0.23107081385696843,0.016370103995291242
1.812590149859457,1.3672718924697034,0.4951752776848722,0.036974750704830237
1.0338460547196373,1.6916425640074086,0.333763750276084,0.024252940542280638
0.384666007153885,0.40932088333536654,0.05597835241540261,0.0035961800926014647
0.22752699734629878,1.980979236475865,0.17577739409816345,0.012220061826357815
1.3923205062898076,0.049513090929823145,0.1954751692272803,0.013689413784877211
0.35321323105915203,0.751073637627359,0.49896617805678506,0.03727742866361084
1.4562888953105946,1.8980359217167304,0.19148446073957853,0.01339086658029753
1.4758300088318137,0.5261963240776917,0.3892733425825024,0.028588421001955695
0.6839191960566158,0.1799664782603141,0.07043644786574893,0.004597305907630895
0.1721842802263469,1.8351807520957417,0.34537326286171344,0.025155825165731935
0.1450025199521905,0.9460119505103015,0.14783905159845584,0.010155762905143056
0.7776762816841267,0.2763710507894426,0.3912718467210773,0.02874534705637372
1.563247936846288,1.8179695802547948,0.34142498628902784,0.02484852471654288
0.6044588615154227,1.414802335223562,0.46318454233131967,0.03442698737811458
0.17043860369285913,1.0205276013821403,0.13094474648169202,0.008920210223347548
0.9023308154951168,0.4236357206553847,0.28415074120719824,0.02041980511486576
1.192494538321048,1.454540454337731,0.2209964962533273,0.015608311111548128
0.4137142231476785,1.3816586502666248,0.4031224502288039,0.02967700500514014
1.3284430558403355,1.5179063646006932,0.22058488433802448,0.015577236318534124
0.8258193377178651,0.0006897510175858379,0.08110266493420018,0.005345231035757186
1.0542605570913797,1.1219049984640233,0.08502669396055312,0.0056221514584769115
0.5594843186955429,1.1970851692806914,0.23720119795246025,0.016834796677229782
1.1846509311749556,0.29671692945340444,0.26277839884196713,0.018782321997908746
0.1941253395999163,0.4819534332473183,0.16626862693556532,0.011514740491505974
1.588621089081209,1.4427974081855104,0.3463503905383325,0.025231914051602848
0.08717940661971446,0.8863864532243237,0.18214245264394735,0.012693678212126306
1.7818376244852971,0.04144454325920388,0.41239461653987924,0.030407276015683434
1.9712350580729405,0.8583193287054403,0.49782516565299717,0.03718630973140735
1.4233370165538963,1.6156611252441728,0.42675814367163567,0.0315407703038356
0.6164962235182434,0.9622615359899163,0.4145814070915838,0.030579672631423
0.7646986270041098,1.8996524906596852,0.43114567430489426,0.03188754058607994
0.8328815952469046,0.7931957612060629,0.3111841580917839,0.022503165728447558
1.3772708434925869,0.6547574053332366,0.1374876833683923,0.009397491228160169
0.14864905689094288,0.4768749976255722,0.1838867108706343,0.012823667578072375
0.026958746093837638,0.8712511217651089,0.3944119213882623,0.02899202286823875
0.6212934959172873,0.6422554082961145,0.18599728862910508,0.012981070321230758
0.9099120665323697,0.8998942544814013,0.15284600490686778,0.010523871991628355
1.927061410034231,0.940338778553667,0.06238642897663488,0.004037934583229374
0.2691894182272354,1.062021196709799,0.3419991741918762,0.024893199477377403
0.04128435058091129,0.5903097469873415,0.41347518746028233,0.03049245544693268
0.5815890115831848,1.2196459816727936,0.21314847975844942,0.01501651820421078
1.708582696804368,0.07136601070147819,0.32179162287426377,0.02332412303131134
1.1175787820384497,0.3129311308106706,0.4987422648142753,0.03725954627210075
0.5608824092691551,1.4749684336216264,0.28306933436295706,0.02033674117523308
0.6636420513942611,1.0331517067816105,0.4225402906866701,0.031207642367676168
1.1251477247571164,0.18261385782974404,0.16015103437014605,0.01106242230508959
0.7218926595679165,0.6655241573833688,0.09954549906627169,0.006654157153340114
1.491635296849384,0.4235630284247258,0.3585328416045042,0.02618179229497435
1.538899593927173,1.3943184616475108,0.3903465951482523,0.02867268778558002
0.790697703531499,1.2450536349703705,0.06863442184248078,0.004471686094837478
1.2722320736129022,0.9227595573569747,0.12601611708678592,0.00856176743887757
0.012044630644684418,1.2361863957415535,0.45184781083957015,0.03352699085785774
0.6438500326341228,1.0720485872822996,0.2429995747561952,0.01727508635276262
0.7728628562302713,1.7404428952073925,0.34748943440872887,0.025320630039631656
1.9203886181502066,0.7744896881904006,0.058856986120026454,0.003794215691192547
0.4007103866944983,1.4293878828162574,0.39372600815352155,0.028938127765844854
1.272711256062521,0.792584372203263,0.20640022848016693,0.014508853937158664
0.029883936413507506,1.072938753833948,0.22098351732716642,0.01560733120172422
0.5294501594622625,0.45628008884278115,0.27556894523684156,0.0197612355891206
0.8148905852118138,0.01810867763095514,0.3389217932633278,0.024653824139520584
0.19448500507544542,0.7718162216398459,0.13199263447930168,0.008996540910414286
0.10864269464696852,0.8884946544518262,0.3067124652875148,0.022157656638685835
1.8499009421610422,1.1301744322843499,0.3154396460306918,0.022832287940487295
1.4229289138607446,0.5413981843168696,0.18017108503108736,0.012546867115441878
0.41433232107636586,0.5274810690462479,0.44557609264059145,0.03302976041042098
1.8211951491078293,0.49587582138824393,0.4505715232971051,0.033425766211459096
0.8660181666699871,0.021501586900963376,0.16217718012750498,0.0112121001954916
0.9616377802187492,1.9225953366506026,0.3100508118331321,0.02241556417150103
1.5045563962510218,1.7388052825266567,0.18082529469750874,0.01259557499308852
0.5457093382074578,0.03442475791166699,0.38842702386984984,0.02852198330713529
1.3845653123347763,1.958111436912732,0.0583133116982708,0.0037567613830317976
0.043808583883315544,1.3563604987185582,0.4493832040145759,0.03333153626802782
1.9227029215750182,0.26090679779963244,0.12489827489696222,0.00848060366402766
1.148437010493816,1.0454449828727694,0.3909039621380095,0.02871645595102714
1.4308108000742157,1.390667666644699,0.28363116913468145,0.020379893537610046
1.7864369603305483,1.3811474492836797,0.45441144167264824,0.033730376568278486
1.3795527584134868,0.4313096726171166,0.4532216313081966,0.0336359730631176
1.1066550854887043,1.3792565241629775,0.2997119865735593,0.021617458254546657
1.3819138093749683,0.643541295004614,0.26215452469737854,0.018734657095044294
0.49955958702991987,0.10837533388147524,0.24500274234373726,0.017427362852171325
0.6669162286048007,0.3018937744746901,0.4213462943942796,0.031113381563825218
0.9531233829227541,0.38131047821264064,0.3492806290596809,0.02546018025005113
0.4709529447727443,1.6154733430248096,0.2156013829758877,0.01520132456062729
1.7850883041202823,1.6124453320587488,0.4779633135567414,0.035602518523895815
0.1739931884589434,0.6043943104136473,0.2520995723509422,0.017967535739975286
1.8647315158672617,0.19076522067134172,0.29852744192089276,0.021526137316473407
0.2730944200333907,0.7023762312793231,0.2545893859599799,0.01815729739172691
1.3609878964204014,0.86965836682666,0.4745807276269957,0.03533323708623194
0.7996955569669437,1.0041703336323973,0.10120180851855926,0.006772580836320091
1.4441944170605572,0.348454315165724,0.22178006683712392,0.015667478093465532
0.2370342737755602,0.1974854363322025,0.23094517558073824,0.01636058923457781
0.7349830506991097,0.9822249909151934,0.12893261185351287,0.008773759895759741
1.8555158080591367,0.963241399956517,0.09865855486463516,0.006590797682867313
1.7297231552254542,0.8882605383510782,0.3351990616935907,0.02436445044139822
1.8610840559651038,0.04069554845763346,0.4325224957599375,0.03199640855451104
1.3042038116689958,0.5997434349174733,0.08433543883065933,0.005573304088682715
0.6253488841840076,1.3703734747512137,0.2064464093047068,0.014512324226409848
1.2126378961305637,0.7234089881668166,0.4928565753145834,0.03678969659100756
0.5112404353170859,1.6763347360715473,0.44816221752667446,0.033234733826362196
0.36123994072666754,0.5152677942846358,0.27815640639731215,0.019959651100422936
0.884792117547188,0.01820535017502456,0.22133908014291764,0.015634177653976393
0.8368267471748481,0.5472385154739376,0.25653667742440645,0.018305799936204292
0.7855120283513763,0.40049553067032795,0.2315994777003017,0.016410144349676924
0.6662257718061066,1.4521623642559287,0.05926006112057507,0.0038219993825380394
0.9416787654266019,1.0350877128331069,0.47767116089000666,0.035579255586194576
1.1948862996743268,0.4860452260340735,0.47442120652805186,0.03532054116758519
0.4052433812621903,0.9982853966123328,0.1708487830114149,0.011854139749991043
1.8522584976454184,1.2063231697293395,0.32274073688440763,0.023397671024753795
1.3798234572897068,0.27655339353913333,0.05974748932349328,0.003855614898855129
0.9590187645682511,1.6910410646952372,0.22691080524541096,0.016055251652098198
1.3395267737825418,0.4766552599851326,0.44135215129892236,0.0326951521586325
1.6627695951155632,1.8207003301794924,0.19085666512921878,0.01334393967110796
1.7376926736855212,1.1922918638450077,0.4873368364209757,0.03634941201859118
1.5822744969017257,0.6783920191161137,0.26443779988691246,0.018909140641859664
1.0288943791099714,0.5342232462372936,0.383216136139433,0.028113139134568258
0.24193045245886924,1.258565365688201,0.4671427647364738,0.034741581457531034
0.30148327196415026,0.24660352718177236,0.22951228332566548,0.016252099627813633
1.1066992583140731,0.8619261470649566,0.06413058931216876,0.004158729419068959
1.3943533519614415,0.6146995751838442,0.3236194419263682,0.02346577624866019
1.1028837571600065,1.8273693440662213,0.41092567783634704,0.030291506963945645
0.8355663809692246,0.7725056719654242,0.11444921116658748,0.007724404711101257
1.1046376471725547,1.2074750796603866,0.14193337287795163,0.00972268663228377
0.9140511026623992,1.0454502860345292,0.4849220027251611,0.03615689961424226
0.24198167621591193,0.13050905714408856,0.29018631592131,0.020883802141123595
1.2603240527782336,0.9879302529912657,0.14736594934107117,0.01012102464102874
1.944733285899753,1.4164833741669238,0.34357308709422935,0.025015684479169006
0.07150264046835009,1.751353090630225,0.31881938798229065,0.02309389796323452
0.18975242007401438,1.637903659549887,0.3850043145281469,0.028253395929271743
0.20912045911416044,0.6455122061535914,0.4860954592921319,0.036250440234885974
0.7540174224916185,0.4298468369591584,0.07753348644154567,0.005094153284075965
0.6065687092009777,0.5615091535899477,0.22690340241671808,0.016054691718076494
1.8123972290396313,1.761547701951224,0.30921327457756537,0.022350841247214162
1.4131499405713017,1.9527888366108754,0.30897198538191645,0.022332197224217656
0.5150299693848179,1.8074860064810374,0.29692828443988206,0.021402892011783504
0.49030756672362386,0.05876715969291557,0.49120213668063417,0.03665769363154237
1.4243228970220234,1.5487832978698048,0.1921488602678203,0.013440541147972312
1.0736375053249834,0.9088450941615955,0.4272140533222713,0.03157679190140127
1.569827399172628,0.3086744469270124,0.40405946366501866,0.029750751504322805
0.558560233661965,0.5551495535774231,0.4204838761411061,0.031045308861259346
1.4711444932225621,1.9250174665852833,0.2850402550746844,0.020488145918848844
1.333779873274739,1.6346566199810248,0.22841342547995258,0.016168932651576023
1.490353114714158,1.2543896985570535,0.16640282809572143,0.011524675995678113
0.195931233733047,1.7828993791859014,0.36313300018703665,0.02654105520000008
1.2039741879422556,0.6753765942736487,0.1930365336235259,0.013506927521470688
1.3783186779475738,1.0021351676031074,0.4823615008896447,0.035952846682806947
1.519728269813445,0.0966277872736987,0.47017528454344437,0.034982726516401
1.887619825637142,1.6530613112262005,0.30133656753775806,0.021742743709392283
0.3154680329683752,1.5635006304872947,0.24695343245777757,0.01757573271700128
1.5622410462926264,0.6787270695407774,0.4003582346381815,0.02945951979378585
0.3412610581103199,0.09510641358155536,0.32875980045092995,0.02386444133170341
0.56880970175277,1.4690701859764037,0.09642540570472749,0.006431445880809141
1.9989432481776341,1.831889693526627,0.2953778852390846,0.021283448169850755
0.8866236254671802,0.46940540531575015,0.2521950815910812,0.017974812619406647
0.12591420801067077,0.21360353185158898,0.06768111430147042,0.004405322332546789
1.5224058697352552,1.4561058384183803,0.17943626656066497,0.012492172221570097
1.6957215916873367,1.2845613778806821,0.322546360316109,0.023382607332516115
1.6547359485428796,0.7646904825875789,0.19463152874191392,0.013626265201173424
1.399928437138745,0.0407740085293955,0.274004161588944,0.019641304828681996
1.1857136020865653,0.27089128435812304,0.46541110577695527,0.034603928857870746
0.25892257262100826,0.26301401474130404,0.42018257142408877,0.031021528440482875
0.4130840954521271,1.992028745941716,0.25259199369199226,0.018005055515191305
0.9847340484824536,1.865487422820993,0.26964202608396104,0.019307225003802577
1.9932834002754747,1.253450460680877,0.20060190472591138,0.014073564371448879
1.8784334846816497,0.1447167810190082,0.33114367055786464,0.0240494709461911
1.2712644818023762,1.6008639506024616,0.15792990567586968,0.01089849052227948
1.6775181666984567,0.8655884972198991,0.24394416835808685,0.017346881582085406
0.6927418693824356,0.02336357226370711,0.3319587908299449,0.02411275952155715
1.940629881735805,0.7955395876851226,0.4672036270581075,0.03474642015120881
1.2438976114399543,0.3145094584556245,0.39222704649643025,0.028820370573799874
1.0209055880782207,1.743057968043064,0.384053814176018,0.028178837280972382
0.57364102873805,1.2981116778358412,0.11750217431411432,0.007944873804285749
1.2087337518308077,0.6962717372066138,0.0973301537695121,0.006495976029795729
1.0601384662202449,0.6970990656487017,0.1265618208627416,0.008601407725781144
1.8428121549929022,0.12872176244623224,0.3933813970077641,0.02891105265563254
0.13724037423823865,1.5731856646889761,0.06116310906830318,0.003953350003897215
1.8226587855272935,1.2697905997104213,0.48735637538388826,0.03635096994867953
0.5826915806861797,1.3984446410080513,0.10168979996908262,0.006807497117062682
0.17032255902287763,0.6730901093717447,0.43321442786370223,0.032051130014563584
0.4084626203663482,1.1833570369708457,0.28462120302118604,0.02045594857090485
1.3313303305375652,0.03836100670559328,0.4536878092920225,0.03367295913736323
1.1119847515189167,1.9365134338194312,0.06490494615050611,0.004212431916448252
0.2734612275924193,0.5008580123782718,0.14976190128192507,0.010297029825418053
1.5597336050740858,0.4223006700955876,0.45067947603550107,0.03343432737097548
1.4761860148110666,0.7479496478934125,0.47174900655063273,0.0351079107622512
1.520780633714778,0.7282639814062581,0.10521917223853967,0.007060368368478236
0.26655290390217856,0.382033171429071,0.362922701164114,0.02652462439850673
1.3897639270531095,1.582047032131851,0.35420002902701647,0.025843699241030027
1.5613332799539659,1.3648899428710113,0.25804997228821713,0.018421259184002982
1.9179582271719284,0.016404949392520685,0.3398180341755131,0.02472352318898149
0.8859562840270514,1.1110970857302807,0.48470802808002805,0.036139844575865526
1.5558735236727894,0.09600830858003406,0.23610556392012194,0.0167516844531464
1.7449293990876205,0.024349355527473193,0.3822472066651003,0.02803715944557352
0.9770142311916477,1.726320307889611,0.2683892807173814,0.019211350513285527
0.033934793556049225,1.4910352105078724,0.07865243888554317,0.00517278309832684
0.8054041190463057,0.8199240923448392,0.4581743521830685,0.03402905046284785
0.41343124053749225,1.2728974354564333,0.4793566428383165,0.035713477199267936
0.6108454375816892,0.4892920156074576,0.06191360822984345,0.0040052284243145535
1.2448204528637477,1.2181277212538482,0.0696132940484931,0.004539895730887936
1.803048114366915,1.6184334264535731,0.12024512581029784,0.008143293168387236
0.1978008444146102,1.5904009892794972,0.16015487131009115,0.011062705629211519
0.09001196631784936,0.9809942080225713,0.37864987232719605,0.027755186944829296
0.07391021924377861,0.2342855733288305,0.2047468848990064,0.014384647696615044
1.5629039138381242,1.190801929492503,0.4232891096145274,0.031266767740177205
0.4779630782459148,1.2865175438267784,0.07277571072802791,0.00476070700404325
1.4271894552638063,1.5519360148279684,0.4931779290006827,0.03681534003840883
0.39218565801824745,1.8581796625171674,0.14104317424799775,0.009657512955191567
0.20248162180920826,1.838005597218585,0.051300881181719465,0.0032759055422341607
0.7452382864909495,1.6951596703607084,0.2846194856162599,0.020455816622941162
1.2994089153652248,1.2549613896418013,0.3610057138179028,0.026374879243400276
0.6616868508791198,1.2993651324295572,0.05732048794869599,0.0036884270068583665
1.733631752441187,1.7894301513968462,0.1548467655003044,0.010671201449240776
0.8897512073235105,1.5695265886457919,0.14013389714722713,0.009590971792202864
0.2626443183592313,0.5278914827115477,0.15993837030106936,0.01104671967480874
0.4874014970767997,1.2778004699381575,0.07040370140297952,0.004595021144983799
1.8275350667692791,1.7280338938622533,0.16998213182486968,0.011789870376854352
0.8169130308269936,1.4632551615300107,0.14989172353646138,0.01030657206820921
1.1834071954199494,0.46131336965469805,0.1487111444251466,0.010219817755264283
1.6765919272082412,0.4036729151302405,0.3126468697110493,0.022616257986427354
1.9829239648076795,1.1878124708235995,0.4345677473567332,0.032158174730629124
1.7952219217094727,1.4857560392755114,0.19130250003615512,0.013377264159156672
1.8991085928739668,1.648920555776984,0.10760262214929575,0.0072314695961346554
1.926373960300539,1.450064925251708,0.2879081478773413,0.020708584362627982
1.239469839836577,0.37151123876659686,0.4046235521354806,0.029795153091386785
1.1848117110504846,0.6030679055213444,0.41891332808755166,0.030921366564476575
0.3506416076717336,1.7697404874772766,0.09936473714327593,0.0066412411288561575
1.9016591888463228,0.9995880103893908,0.07905763848499199,0.005201275945377505
1.4246615873890767,0.3522256085848712,0.15504253902085624,0.010685624654092684
0.2252234567717315,1.560822605127671,0.4333085060656944,0.03205857065642521
1.0848987549070834,0.789330893159496,0.20784190903901428,0.014617215210323461
0.499527179057049,0.4570080910301946,0.3772421502417631,0.02764489464314338
0.9348599781242768,1.6377467591886512,0.46384448334489253,0.034479425741096505
0.30649938488747974,1.2517627036295913,0.24655727561051766,0.017545594386143466
1.8973208107568793,0.4954648131487678,0.3041583155021415,0.02196046370194948
0.8143007511484346,0.5666460697364462,0.353298177668241,0.025773362770208825
1.965771347811482,0.9976639498006465,0.443917425929608,0.03289833948131571
1.5882111158864507,0.5719841294540884,0.2570772785898193,0.018347040584261287
1.501112457786004,0.9034990853546065,0.05453250424180453,0.0034969755853209625
1.08745130365822,1.0020700538647394,0.11470539513864005,0.0077428895381034014
1.2115767243759956,0.907713629199687,0.12487743283961009,0.008479090847994163
1.3333399556009897,0.5207983583065818,0.34880643356217245,0.025423231329600067
0.7701914316613212,0.6901515170047803,0.09534214551802801,0.00635423852389684
1.7825601566622638,0.7310124527196793,0.3884932789257928,0.028527184100152043
1.35993604978635,1.9877949519367721,0.3501481951578263,0.025527789238371384
1.155864596571747,0.5312990271459315,0.07897504120690996,0.0051954670461912865
1.3510763335506444,0.4840022951390166,0.0700809613929584,0.004572507088720784
1.0026399274251088,1.4110155539646023,0.15211552185288976,0.010470114673302538
1.2017767985131274,1.1587475252333743,0.41093850812203486,0.0302925180127014
1.9479866013862615,0.3186584827979895,0.20760749255329175,0.01459959218483526
1.319189142612131,1.4042102713926896,0.08469346246465964,0.005598600304090979
0.1873872990831058,1.6401732835882223,0.44542377807013334,0.03301769067984966
0.9205271053859614,0.9459689870994641,0.17148781032656632,0.011901543342267326
0.6395760007503921,1.9303430643065496,0.3875931326414232,0.028456530962906554
0.5965501930813135,0.9129434571380148,0.24910735025985203,0.017739654064006984
1.3640318818672144,1.1762390278181476,0.2072569632439436,0.01457324256025251
1.8126156134497413,0.950477157868036,0.42913436126669435,0.03172854525873962
1.9028531321298667,1.9688723176419114,0.3057719388612314,0.02208503013832025
1.8182139132237032,1.094274270760089,0.1768680273524348,0.012301131719152075
0.904119459982434,0.17742280400248722,0.2348312844699046,0.016655054084072543
0.740375419258642,0.647603259021484,0.32089043939989687,0.023254303084316644
0.8967291180703776,0.11615966832550995,0.38934755011047384,0.028594246915433188
0.7699253476752987,0.9618885289040335,0.13930486939573172,0.009530329253306229
1.444175172270361,1.7228600743208347,0.1989242954859894,0.013947784276223174
0.20564756140416063,1.6530502690267397,0.14294892590388747,0.009797072259781088
1.5659005618465551,1.12972827300582,0.359922034579081,0.02629025206884916
0.05786182957799868,0.01714108606955378,0.18267201896572988,0.012733134651273244
0.15765620979973272,0.2877127589943125,0.28409645548395,0.02041563485353984
1.1289198023337834,1.0845579620119903,0.08556297057722376,0.0056600662018334936
0.5743926751795458,0.21548974005746202,0.3144755888097729,0.022757700134039147
1.7712778367189554,0.9264677094879818,0.26124761149174497,0.018665381553560675
0.533768790013095,0.01592505932410182,0.23150273773455377,0.016402816910861193
1.1406590084909094,0.0032281336092696566,0.48646645808233013,0.03628001718249842
0.1712133920729899,1.191105689211614,0.25762651437189615,0.018388946066699045
0.11367247967214555,1.3441627156085227,0.41089539474538866,0.030289120612514996
1.6586895835057507,1.6293734206875805,0.49566986847244193,0.037014231418021744
1.8312192202817734,1.2855187306375957,0.28788662803203546,0.020706929689605743
0.6372087175928935,1.3344010368293937,0.25643318234747997,0.018297905327711715
0.5160116361010647,0.6621409292492164,0.28273602326284386,0.020311143626961112
0.530504430672984,0.4534072016732249,0.33171613721744353,0.024093917987813757
1.6319575145913234,1.6695341566684858,0.2742193576915591,0.019657795451109152
0.7939281278109729,1.3647331202647701,0.3342883737723891,0.024293694915385487
0.3795056417264979,1.4385084045063157,0.42761021137894745,0.03160809465640079
1.727084050814088,1.2221786903390872,0.48099329988911593,0.03584384185954817
0.06898410754651207,1.2237273942470241,0.16626290146531375,0.011514316621978115
1.5339647592594892,0.7271706379461431,0.25879303045315105,0.01847796911459402
1.0803395736807944,1.138408816897668,0.22110864074126335,0.015616778193515937
0.23520317271812918,0.8540799414593752,0.07325132955002826,0.004793974449120249
1.7549710438953612,1.1196458735429828,0.18977336001018058,0.01326298907780348
1.786632636836199,0.5173244988205727,0.0667776884437592,0.004342490528025348
0.8602875032507609,0.48544946250712795,0.14317506805131933,0.009813641337026544
1.0309236167285438,1.9815614922635125,0.3368492419308709,0.02449269429386102
1.172191232885555,1.2970434434125735,0.1725122073097648,0.011977559401606604
0.4087821411897019,0.9875532572029249,0.07600862856442053,0.004987126327451018
1.61926288487277,0.23421899199716045,0.3527332786074272,0.025729311921757498
0.9850290103563848,0.22751212967430146,0.41104403247940446,0.030300833597627287
0.7080246690103147,1.3339379927873014,0.2237718714319542,0.015817942989946886
1.6536446353510137,1.3391292408248907,0.13173664357597706,0.008977890043514994
1.2284293168936804,0.9948836737108391,0.31263093032753264,0.022615025406399387
0.5251848057743507,0.5567564330296206,0.2514670404021825,0.017919347734008273
1.9818131969855444,0.05566320745962372,0.11201870511988246,0.007549175623385762
1.2119458374349612,1.9794123369112213,0.4817834409072554,0.035906789932384144
1.1295556218256286,1.4462430678276637,0.21233724199492826,0.0149554302227407
1.1145615112937832,1.833190063292826,0.4971249332790653,0.03713039772960304
0.9566821859247951,1.1649550232324617,0.10646473448839161,0.007149750829015375
1.6680473765536192,1.038997480347408,0.3156591913304565,0.022849276064819957
0.26943420893269243,0.30914935955644074,0.11490657375752016,0.007757407478505892
0.7963200187268125,0.9411652231977536,0.2478358433372802,0.017642875665191605
0.4832420088117211,0.3394283457549503,0.371937124121171,0.027229512063662562
1.3980886761679905,0.5985220565967997,0.3457142425108317,0.025182375549729887
0.5891369330373595,0.49678240954572317,0.17014999327691807,0.011802316933812595
0.7896946990110236,1.5130904604256825,0.09017508181334391,0.005986809643467137
0.9042347780763293,0.23407160259687054,0.2281560139638008,0.016149454465452618
1.5996825768912977,0.26685219092785184,0.4343502946304281,0.03214097312592219
1.4277504214064178,1.3552469528038102,0.2715989166818453,0.019457050252948683
0.42750578327828115,1.0979837344552295,0.2236938499647223,0.015812047347924938
1.9341248240124056,0.022511550087986887,0.2592511707777006,0.018512939820128693
0.15762071910750097,0.8367845549876209,0.4011559914436393,0.02952227575078893
1.611780991414315,1.7868489812812607,0.472524963210064,0.03516964609498818
1.3464469972760258,0.9536580576216296,0.22243550510939808,0.015716980957490814
1.2354392649785335,0.7702175346694053,0.28728371700575456,0.020660574992526885
0.2821556604831368,0.7443311212929471,0.19533937259873407,0.013679247798229413
0.6913303050247339,0.3280007346939269,0.4027344179442549,0.0296464688591016
1.0123843903358158,0.9516095725623324,0.06836322651159463,0.004452800530668006
0.5705613342827525,1.3084481517332212,0.4812115228798249,0.03586122629257057
1.697902586052228,0.754248676945946,0.2809283738535446,0.020172356512659993
0.5872718671329324,0.7096191160551668,0.4164464599376152,0.03072675450808717
1.5363948446796776,1.456480828770329,0.21193549986347843,0.014925184117588459
1.9939798317449604,0.8418507697036719,0.33313850988285476,0.024204375711149185
0.46868477263574815,0.8707997355110519,0.09925414840625396,0.006633340004767418
0.5768769384215846,1.1677010745629763,0.3950574260758881,0.029042748807758673
0.10342673537501179,0.5899988678128727,0.36825666111554656,0.026941572232807826
1.7507423198222545,1.3093183103044321,0.3935439626605561,0.028923824769297984
0.13233447071866955,1.011796883358664,0.24474024903530733,0.017407403767909817
1.5281661146739154,1.0287855389094438,0.3961557955108447,0.029129075530208895
0.7559011088045651,1.5886772475770772,0.13590198244609294,0.009281673869730927
0.45246109489289865,0.5052590356843609,0.09743157613286374,0.00650321245443144
0.8076449096315474,1.3606471704052483,0.06554862063288643,0.004257105131475642
1.745935180491824,1.7162810206300336,0.06582361690529755,0.004276200062908723
0.9536704388654069,1.8033740312076818,0.27094680730401055,0.0194071145560472
1.3285316250292487,0.0318442957113485,0.3784196835688528,0.027737150163201746
1.4309828283111738,1.8920470062825585,0.3681207421051456,0.02693094244235198
0.4330000790778912,1.678093366958307,0.39089459677056654,0.02871572048445989
0.7225550958434999,0.11980749782876954,0.2314758702327241,0.01640078190549229
1.0107716075878934,1.133986917595061,0.47768577299707554,0.03558041906598703
0.029635211753099133,1.4214516812371363,0.4490001187838993,0.033301162488777174
0.7619446907235476,1.7703905396459703,0.4517851413865273,0.03352201997046675
0.7358154873825289,0.11972561389893621,0.3540890380609399,0.025835042254794247
1.8329591680774373,1.4341173757082453,0.39950386477509764,0.029392319909220484
1.3136826762969975,1.0988528372833026,0.3170739027958109,0.02295876409349045
0.800587048829863,0.3078538325861613,0.4130028473452045,0.03045521984671952
1.4323242205099271,1.2567870586132996,0.4239449660547094,0.0313185588942641
1.4040127012194632,0.7715066545943785,0.3694640389997332,0.027036009262404077
1.044841557364446,0.4218242497340541,0.17603243643666722,0.01223901675255414
1.2194765066946085,0.18750111539196723,0.16936367749888354,0.011744020674940242
0.40909964280273936,1.7016184682101914,0.2141692514362673,0.01509340733770489
1.2171388673029608,0.3312283437419046,0.11555727829007251,0.007804377197028274
0.37657388255346236,0.19996032539220732,0.41414481092922634,0.030545248353008765
1.8548853643182401,1.767419902363291,0.27260861930307595,0.019534385199583896
0.15659927475756596,0.6693989596045733,0.4069784074276791,0.029980558938721272
0.04218278673322651,0.5759992242826537,0.3538506427674566,0.02581644871889412
0.8922243428018564,1.1526695603650423,0.08173753228834824,0.0053899723817354365
1.0916430692776171,0.8812917348098945,0.1718302827546791,0.011926953259383056
1.6827107110211015,0.42120416747293343,0.17555545490145535,0.01220356869299623
0.2062079277097557,1.7123018377250065,0.47538996921000704,0.03539764730295588
0.7649698079358191,1.8686094811383616,0.17138473343851693,0.011893896184970196
0.6857656982352254,1.704656168543574,0.11266881498005762,0.0075960202983733375
1.9650671276401828,0.6885963923224956,0.057350431410667334,0.0036904867774638513
1.4195386872872144,0.47612039781344784,0.20949664851074362,0.014741654587602104
0.06626732087461717,1.4737569183463328,0.4698543912528166,0.03495720408926701
0.6366823351851987,1.1737518669848273,0.3103294493571026,0.022437099305069336
1.6620404200196837,0.9287129055815575,0.4402309926261515,0.03260637427088176
1.7507371018272904,1.2644991328720616,0.42592015856027254,0.03147456770382419
1.4323983556993616,0.22354712732670579,0.24432894142860212,0.017376132329544026
1.9676205236941924,1.1095343208156139,0.48259759602935703,0.03597165858574527
1.7414886025619796,1.3171517970137399,0.17665695098511403,0.012285439109743711
1.5585929727741197,0.7626382663945519,0.1780838769462918,0.01239154996226492
1.0656244891185582,0.17767483236292358,0.06270563939687969,0.0040600248241533035
0.690441675637226,1.9714652475115495,0.4431916439634491,0.03284084433910014
0.17955604773527645,1.4894794313942217,0.4490588139200171,0.033305816149485044
0.581953817544588,1.7301881242637327,0.17051720157660372,0.011829547573479288
1.2723957818355467,1.12160518777931,0.4485091094330993,0.03326223431631536
1.8703070974396039,1.8665164373160563,0.32532529481574246,0.023598027090141305
0.8022452945922023,1.686949170138018,0.1456023780970198,0.009991599682320091
1.3296238402473355,0.9528393259424535,0.46220458335578274,0.03434913016731411
0.4991256558923576,1.946659956495016,0.32058649427011754,0.023230757729014447
1.309430584690253,0.29055481746365874,0.3437733604659874,0.025031272927951168
0.6465742801192054,1.154883548046225,0.266144415287378,0.019039624898636764
1.111928557361017,1.7868710889287356,0.2072185819042287,0.014570357584793737
1.7649254177633011,0.7001409908478373,0.3710768808039143,0.027162193527654904
0.31120297106337946,1.620733898879185,0.12053143254528857,0.00816402212803752
0.4698258806860629,0.11196014156884981,0.2529811611221902,0.018034711486212423
0.8767582805535454,1.4924720499869157,0.34499609881108106,0.025126459389679764
0.7226315784861805,1.7181314606434464,0.49214778722998326,0.03673314065340113
0.2547284560871321,0.8673288170487319,0.4042141608406546,0.029762927892452676
0.6914955635646052,1.868926531981338,0.47849187995181325,0.0356446086255635
1.4388475242251055,0.8230302555584703,0.4071529352178901,0.029994303063105132
1.302024500676865,0.9028721635158103,0.06692228705698099,0.004352543205578329
0.289332545780314,1.6179367034502865,0.298459515737983,0.02152090139224801
1.2289198832207993,0.5824029846561103,0.444175263750939,0.03291876649186763
0.8014563915376605,0.7535752467164212,0.3296029687937291,0.023929875254361486
1.6200077337765544,0.4911891888861861,0.4896379862998057,0.036532922722638285
0.7689153626802836,1.9180140338515503,0.3163136584595689,0.02289992269952757
1.167189279300463,1.9959339419690652,0.28933991183335306,0.020818692642006018
1.3210430054529336,1.498785973617298,0.17965244155164772,0.01250826121731881
0.3373666734762406,0.41025898899031965,0.3138930573342608,0.02271263810307442
0.282535325365322,0.7785806266641218,0.40745158189831343,0.03001782253629106
1.1715408516641028,1.674079666290207,0.22118538821809702,0.015622572917294946
1.7445467101733438,0.17502892484461752,0.42413851609626907,0.03133384405819481
1.1791078978887068,0.5166733251608924,0.10251906610754677,0.006866858439961537
1.023329375445325,1.9373808248214015,0.11381657402475294,0.007678769334921217
1.7854344502377946,1.1435365292489068,0.24988516202337374,0.017798872584412026
0.9411103293854459,0.2294004447664988,0.49763196745475036,0.037170882741443215
1.5215181127539104,0.1371408873922848,0.3142882771488546,0.022743209912494535
0.7821916066552412,0.14762055028227516,0.15926614169641326,0.010997093328837934
1.4072289726012375,0.483847879028245,0.46624025545863723,0.0346698350149739
1.0885467279735141,1.358179046891214,0.39988197508905055,0.02942205869870091
1.8189354351937659,0.20642732676580233,0.07287280001254078,0.004767496757178764
0.3655037374680248,0.957250986919139,0.30892415557299924,0.022328501612099122
0.1444775494095334,1.166874228872287,0.32413870652362675,0.023506028554933545
1.2997340555152428,0.6531338863196956,0.14887950750507323,0.010232186942381672
0.9078755995164176,1.1148060029134381,0.16147107302532104,0.011159923066162829
1.6600423896918444,1.638703587472962,0.15982519456443994,0.011038363623516931
1.2103770298524121,1.6127959374000054,0.40956562226157284,0.030184344592624975
0.5340757701861119,0.48669856135731226,0.06041665776502854,0.0039017949430317452
0.13515979243653709,1.7003587646761642,0.18299694904129077,0.012757348150463829
0.3614048845489548,0.1602560660167418,0.31834527822455094,0.02305718775687924
1.4402726091360618,0.3963286946129818,0.32352811243823154,0.023458697038251597
1.6709465741343865,0.16303434888992507,0.17697145043247764,0.012308821246911324
0.07906669748541328,1.544534565012923,0.17454742484323674,0.012128676333306443
1.8873158595126946,1.6821852868199527,0.11706260929256275,0.007913106101413072
0.1340310161571292,0.9303209733282802,0.07442566462763853,0.004876177681321015
1.2231739012917229,1.0906592834905202,0.2270802773090651,0.01606807049871085
0.9381566508099806,1.601791819115278,0.46725565071723935,0.034750556185493574
1.1961202911068138,0.05940771562734959,0.4759808852481576,0.035444685046848765
1.870426700841885,0.5395322423691302,0.17583950525947561,0.012224677796912648
0.06555682565382392,0.9648479155505185,0.13651011989736433,0.009326080407741506
1.8345534629463103,0.2381993583721429,0.30195148152339457,0.021790177205991156
1.5171504345602238,1.6942060837807964,0.13008078010577306,0.00885730850872045
1.0126034714386025,0.524079860269947,0.29096421731823013,0.020943653639538713
0.31946187468608667,0.8080466537763051,0.32057702768727975,0.023230024417244595
1.7748160745706851,0.42572965609437063,0.4638248331676857,0.03447786427999432
1.0378182987237103,1.0225523934794922,0.284728827273271,0.02046421743567906
1.5754534831417124,1.7218770304483142,0.21666826329928268,0.01528175071861794
1.0921012194098936,1.2130215496993262,0.3009105569091311,0.021709885835583646
0.5853135382472989,0.525295616554373,0.3273819439136003,0.023757537963635927
1.96262168977623,0.5899452271768342,0.09688192044484531,0.006464001089291602
0.8060821335150452,1.9561165370950497,0.44918838893487295,0.03331608969030625
1.2147512759717183,0.0020168814149477132,0.18155501747918634,0.01264991939476426
1.6340757632290337,0.2871644031371965,0.46824647397945957,0.03482933561784665
1.6264914642369903,0.6667707611959932,0.22995841799270206,0.016285873147708126
0.2078929891873258,0.4845165038971586,0.19594856853422743,0.013724857140595355
0.2059089983842488,0.8594166981557827,0.3011999428699884,0.02173220560395642
1.600809956499707,1.5398404637220575,0.2160558838273514,0.015235583495731472
0.9217283927416624,0.2178394868934257,0.09292570596681066,0.006182230267584179
0.12077276492884681,0.4678338711388481,0.2694796486224103,0.01929479627520744
0.4968055952245527,1.787473517452885,0.22609217539057358,0.015993339898479057
0.4485205474460343,1.8401214728660527,0.45905128200190837,0.03409867947901472
1.247766639486978,0.18521038620308783,0.3729985634935142,0.027312590047400342
0.6672386273379141,0.5668300518873945,0.26231940825127503,0.01874725368107979
1.7616314647655207,1.739907119544734,0.21663780284565443,0.015279454095277633
0.08167490702859315,0.3034231932906193,0.3205453712281878,0.02322757221757513
1.760187563529656,0.32276041286840473,0.18953152585879207,0.013244922229426104
1.5425705851712328,0.13581213397929726,0.11039174228470724,0.007432024715198474
0.5789045073868284,1.136898693298273,0.10166394483219557,0.006805646865371546
1.1473574789065057,0.8919918745244944,0.30840385689196725,0.022288302830229534
1.0266568870305222,1.1729601693076384,0.39324145592437154,0.028900058352864254
0.6210102170971674,1.1280484007974343,0.4322064502742315,0.03197141610180375
0.6743322502100584,0.4322461878362309,0.2834618530725055,0.02036688840232154
1.9779941810438355,1.1017514431372486,0.1868352839202791,0.013043600630790944
1.9499470293927383,1.1506978743617162,0.2519342698760353,0.01795494174131094
1.6198965216163281,1.337518924331942,0.11405657874630516,0.0076960800567232365
0.11610619677474188,0.1101820976891934,0.33266756738421865,0.024167799943918156
0.6441388887474795,0.3782512669945852,0.2473802677375077,0.017608208697245914
1.3278016854377208,0.2321323981101595,0.2507774232429436,0.017866820350926543
0.006158566597596504,1.7509181113827836,0.47468321048086287,0.035341393617041805
1.193793646048663,1.3688878795899584,0.24596445155332353,0.017500500492815475
1.9092251807372347,0.9618324524307857,0.1978493115812061,0.013867224927295167
1.6982469164695269,1.164938061540479,0.3341478913807204,0.024282781376483566
0.31626375069882284,0.15151255485308002,0.0792430560002683,0.0052143175080744805
0.005078522732318236,0.10912437869850034,0.4010627786351845,0.029514942671748028
0.8718525623782754,1.3042299696738908,0.09478412803984855,0.006314490436335277
0.8518588225451589,1.2020614962720222,0.44654280411565905,0.033106371317725265
1.5053455294133773,0.8982589308482627,0.051422798021148686,0.0032842286118356305
1.9443929531948507,0.3264643289109641,0.181755196356291,0.012664829886648809
0.9492862547760925,0.569877117852559,0.0959273028538169,0.00639593705202891
1.0291092125980181,0.15829002502870648,0.0840908359521488,0.005556025892479301
0.74495886464,1.9317670492893608,0.1761567035924722,0.012248253061846584
0.6537752978275788,1.3416496066764212,0.17232180207785328,0.011963427892555896
0.1802969740397662,0.7037790006753966,0.12684061577567046,0.00862166412987597
0.3980617414195655,1.275074971204708,0.05751496539273777,0.0037018061726799573
0.5180805723711359,1.5576883525231628,0.32112817736340793,0.023272720720587548
1.4667089557851234,0.41242871991304053,0.27943599576270595,0.020057821606186684
1.000541155864281,1.4941033443072205,0.47730485364170555,0.035550089405632396
0.8042890247329004,0.192675565955027,0.33956073649106466,0.024703512309719164
0.6514975869693964,0.3385226770912917,0.16316061607627932,0.011284796391733581
0.6873719065319872,1.5094240669443373,0.26442063958879775,0.01890782889564982
0.20854079752177723,0.860714785996251,0.36315985023454866,0.02654315305921124
0.14150781242252441,1.8559543649214476,0.18514764549489454,0.012917690705690165
0.9021690486314518,1.467416756483231,0.06829231426193835,0.004447863178442196
1.3387820462598032,1.322112275091553,0.3436815081426576,0.025024123446174815
0.7343487673313247,1.209117443777092,0.3497978029018865,0.025500481953598234
0.7274998187631518,1.484196872473348,0.06269535965725721,0.004059313316703626
1.0161541218607801,0.13708320001247998,0.4977288372284303,0.03717861779830084
1.6514888503917842,1.866377624794335,0.3906037447320357,0.028692880346858178
0.5366009518330332,0.9458200240161259,0.4503126420008139,0.03340523628468167
0.41123154707787246,1.8514823418907935,0.49971063003242994,0.03733688683865046
0.5714320813373499,0.8031627206765057,0.2623594277200756,0.018750311125301965
0.8190839975196875,1.5432004535155812,0.2827944190774107,0.020315628144763155
1.9268368033116168,0.7646384526475325,0.3300550407816813,0.023964962975566162
1.875025121974319,1.164847704322346,0.4766146610333052,0.03549513896496771
1.2928200256381257,1.8445756558165758,0.43199617526474554,0.03195478853487904
1.9787405953682171,1.7271832177970656,0.12926080904939097,0.008797636559536763
0.6083520911373328,0.49861577668297397,0.2721225339839387,0.019497152575798232
0.1501039226981895,0.9744559809862756,0.3793636769168898,0.027811122971183898
0.6839000630995005,1.802463146358859,0.1620389838263584,0.011201887072109385
1.7119826160638802,1.5864319987748576,0.4051366981581743,0.029835548511486364
0.36557015623094746,0.06507127318808426,0.2958916938217055,0.021323027562102012
1.5045555669349928,0.08462973023655107,0.3380754328176915,0.02458801587844902
1.5026169896268546,1.1111386851147633,0.24006095096669644,0.017051855358615375
1.783874934639164,0.5104443236145781,0.4171469389664484,0.03078200746788561
0.18916096588247355,0.6698230492278163,0.47150947253335235,0.035088854782359444
0.4987612235107717,0.17030601567346615,0.2392533834093597,0.016990541841725763
0.017549686703450362,1.935891560793586,0.15923359119021918,0.010994690699139132
0.852497640986996,1.2606627023504497,0.14414008485163426,0.009884366853701976
1.6926837712757623,1.5715859963653709,0.46951257253150597,0.03493001866923403
1.851419423959115,0.7525450494333858,0.07916792521985766,0.005209032840764292
0.566991873866544,0.6431935483298943,0.0839035748489747,0.005542800533054755
0.9618395680425447,0.7319075556560519,0.3077440427191272,0.022237331676237957
1.2607034276560591,0.32895184057452376,0.18148270464186234,0.012644533391138503
1.689450932745781,0.8665123636264933,0.41871979009381755,0.030906095422392938
1.4634022811036649,1.3641203130946562,0.3928295921529025,0.028867702338207776
0.9264695448115206,0.22574484134058803,0.4535695524995108,0.03366357651864311
0.9732630460379874,1.6732090698453514,0.10578690642336014,0.007101100386995623
1.9146236368067817,0.3089331948417482,0.46870441675009333,0.034865750108181194
1.4578534774779062,0.9375527113573148,0.15296919142547005,0.010532939217295588
0.5126891444419737,1.6971217947404755,0.19345395511639335,0.013538152485583104
0.6079878912488519,1.4313316290252303,0.37777388522573097,0.02768655171857036
0.4900870859493962,0.6954858790492695,0.19206725081799697,0.013434438887621613
1.6230208207042918,1.0063253619695864,0.17084839425133527,0.011854110915154967
0.9418933844502206,1.9533501033024412,0.20062348039793348,0.014075182498803924
1.7329183472362848,1.535973353657484,0.062161357770222386,0.004022363720463346
1.2261693851941509,0.7048233747954091,0.41261173902514015,0.030424390149476278
0.9839856933413154,1.632058876087103,0.12135318966298135,0.008223537199453257
0.6287862378102917,1.8902637055285174,0.46104538053393823,0.03425704683600614
1.8984704850497078,0.4432317493567708,0.36796944897557,0.026919110609768388
1.8888094955435368,0.2882496592149173,0.3846843813238903,0.02822829847764956
0.6933934689254053,1.6866741605898303,0.14982290638849574,0.010301513773997602
0.39165365741352587,1.983559629060413,0.17513038234059397,0.012171983975942428
1.444450699846766,0.8411012904907658,0.49371598950914924,0.03685827888232912
0.426192326436136,0.02723139390535323,0.3725713172477087,0.02727914787212887
1.9973194091081792,0.9939062833612431,0.25385287475192186,0.018101150645667533
0.1438546968086556,0.221875344047612,0.05927397146583118,0.0038229584466693773
1.65869854622722,1.7695618930064039,0.27345176190572906,0.019598978161185436
0.3279895521241065,0.4786448359132125,0.21671930162502762,0.015285598899366025
0.07677763984493158,0.5366701254398591,0.11106947622707491,0.007480811174679272
0.5840559285599456,1.7015271434143724,0.21767880420665847,0.015357954967660424
1.9483435848053157,0.5864561674352555,0.39675357109696474,0.029176064850677835
1.984481912705875,1.8314574470193155,0.34107051522229476,0.02482094763869374
1.9772887755782849,1.85998371351035,0.21654436972941693,0.015272409668296159
1.2787716586710844,1.1727831747373703,0.4894776299371044,0.03652013278845822
0.4098707533591146,1.6785039457419912,0.15707443314878305,0.010835394142460122
1.4452025201462728,0.2669671945650902,0.3893844441656747,0.028597143436789162
0.6526150842450877,0.3987523387534402,0.20252552724132722,0.014217878827430797
0.6888853607883108,0.6309965209186086,0.3292721365955091,0.023904199704584635
0.2970192824559763,1.323167329714991,0.15209251399075377,0.010468421779902402
1.349451512818684,0.9107676520712722,0.13135491540620128,0.008950082914887759
0.17286054125722505,1.1388875059395396,0.14456408100562707,0.009915451629267848
1.8172627230998317,1.8186438873232362,0.4850910333288647,0.03617037271517426
0.6967937808713527,0.07138677369387136,0.197567276701769,0.013846094213185401
0.627236529698403,0.5271247910418186,0.38021419003282486,0.02787778139906615
0.9787587544313057,0.6780221894274396,0.26672107321081756,0.01908372803150375
0.19363685294796573,0.647338253514185,0.14025956382305427,0.009600166346428868
0.19977043124713956,0.3747001774545944,0.3857509943906443,0.02831197550785887
0.8842947411853515,1.253914711220157,0.37023522064425557,0.027096339641615917
1.1061397288869403,0.3032624356818623,0.4558016153829177,0.033840699171238574
0.42276582881437497,0.08791624481231186,0.1674159074836783,0.011599696545675315
1.7553347868614217,1.7205681484816806,0.09847247613750458,0.006577509995991087
0.39105161760262486,1.993563174382437,0.3371493766304986,0.024516023945160618
1.763537018947602,1.9209756641183042,0.06395957897040135,0.004146875675580028
0.9908765487112918,1.862108424382062,0.4690741344710502,0.0348951509493118
1.434572431405355,0.5937097645897949,0.21223585750248863,0.014947796878992127
0.42720567471386395,1.7671167945378463,0.4177558925655849,0.030830046212222628
0.7625225075902944,0.8633084309140282,0.24711781734684635,0.017588239567025758
1.2376887794108844,1.4026831795651438,0.26260704581239386,0.01876922959566783
0.7299631820254806,1.1868807718116279,0.1507903904755856,0.010372641826161039
1.124893587050771,1.0881565633463368,0.38208835970669264,0.02802470455052267
1.204538630056554,1.2612878136974583,0.20422210727295687,0.014345238597448516
0.280574007408841,1.987126553284596,0.14659802950556178,0.010064655331336452
1.5520623428928817,1.8023629169935942,0.19702185916727372,0.013805236160044736
1.1278004470729261,1.871889600848142,0.05586327283870902,0.003588277557043991
1.1744511816438494,0.8420131472156052,0.48157528792507037,0.03589020634131281
0.47884210759766344,1.131125861386111,0.19286032597428604,0.013493747811885398
0.05954339550799248,0.17458100417656675,0.3226240346250394,0.023388626819810368
1.0035934324768587,1.404798549369498,0.24764973638674115,0.017628713348516362
1.3965481406135718,1.7781372084172649,0.2978977795053089,0.02147760447728835
1.6177224070412217,0.245541047494795,0.47604661936188847,0.035449917823466036
1.8402999078561129,0.39182155710908506,0.17791972628976466,0.01237934019053321
0.23519914019618793,0.6732609311552311,0.2521658919916931,0.01797258863435053
0.8810370342247111,1.0140819691545433,0.2758561628016856,0.019783254109624823
0.03446574188902063,0.8970647687570381,0.4914929288327887,0.036680892892238456
0.38548122269046514,1.5946780771721012,0.2512632839591762,0.01790382679333594
1.526694758655065,0.9495516950115008,0.1926679479218783,0.013479359562020338
1.7225169591820022,0.4639660363000846,0.31694703650187495,0.02294894421825418
1.8949390829863693,0.7450037812795356,0.3950796638668281,0.02904449643047188
0.5448240107120883,0.6395049388450726,0.16965069712125755,0.011765297714625804
1.7849390945485721,0.27744095782830613,0.24719559849348705,0.01759415756858054
1.4881403229413301,0.2094231804592397,0.18239766516756378,0.012712692364761727
0.7539493693456942,0.9819325477297918,0.38016877527396903,0.02787422178581302
1.5543252749459153,0.2074548663844804,0.28450890515567023,0.020447320858349324
0.7259404289833691,0.7479107386670343,0.08281534464464382,0.005465984459708798
0.42097659268955834,1.3830806463314542,0.34073678364908694,0.024794985855631186
1.6230934512017132,0.4139229340658137,0.09193634413598746,0.006111893552377122
1.2009304800628218,0.7763865517921531,0.20492607075150776,0.014398105570623607
0.6150059691204388,1.9376638517102123,0.23473869066066333,0.01664803397529979
0.25414143872274075,1.5227989943271454,0.49174332396375003,0.03670087005654781
1.9638888876844942,1.822429769529087,0.2782976242063565,0.019970483848877046
1.7577014120644512,0.659198648705521,0.1731223471324755,0.012022850046964406
1.4877701072684704,0.16347296092795416,0.43037669721734056,0.03182674649678014
0.15759989026385357,1.8294794161371448,0.2789818326492582,0.020022974508418976
0.05226602963124338,0.1686932433405275,0.32658964763244674,0.023696080343044327
1.683671075584325,1.020882504536127,0.3915848600739337,0.02876993043155969
0.2737765988972305,1.700047771942108,0.4975312543149626,0.037162840901745396
1.7461262620824625,0.49271653025139805,0.08604648543942944,0.0056942647526709465
0.37261320520498153,0.9899260293665688,0.429290794302567,0.03174090952958773
0.8833769982584612,1.5947977927874006,0.23662035831450257,0.016790732239814407
1.0816639401321442,0.05387901386586158,0.21939893702627405,0.015487725183856051
0.24601797354845667,1.456293824713452,0.2411820836994497,0.01713699949076311
1.7298338757906901,0.35170905099365646,0.2508868896439042,0.017875157621941695
1.077712515326491,0.9372896752236008,0.35781934775875546,0.026126098279627332
1.1135501708908384,1.2201378554287285,0.35158375204365694,0.025639686838370975
0.4227938037623815,0.4854131713825929,0.23683615643053396,0.016807102536222356
1.5738263734173994,1.769083457368792,0.2588519337999533,0.018482465077789507
1.024612875419797,1.4328759237113793,0.48512867904038004,0.03617337342579046
1.7596802750582015,0.32749071691183484,0.36479581447969234,0.026670995069972125
0.5733988534912027,1.8227883504057167,0.20189885781758143,0.014170854256827221
1.8186137338731754,0.3272577569211288,0.1825174928076318,0.012721620542255192
1.6677837632419341,0.18246237369464247,0.06965441588892576,0.004542762632517711
0.3100153648990005,0.1298887897772827,0.2284507889381121,0.01617176004957656
1.7191043981548302,1.8754310595123784,0.46005023868614464,0.03417800872028352
0.34452148645390124,1.8730533686480562,0.1428882451738694,0.009792626586365162
1.5157741349135334,0.005464874570407341,0.482959986887038,0.036000534882411575
0.4126173220800933,1.2533944867398825,0.2861150706187044,0.020570742968077625
1.1273742879916269,0.5994605943163256,0.3124432792410405,0.02260051482110483
1.0229346800732997,0.056203835597482765,0.06154396903144217,0.003979671577416532
0.07729314936879361,0.5301087883471787,0.22692202158637026,0.0160561000343777
0.3196483378259678,0.3084327253072512,0.31806766261984165,0.02303569379705629
1.2087649328853487,0.043843956701152154,0.12399832026499269,0.008415296559056243
1.8908553072176868,1.6587708660998433,0.08504984855587906,0.005623788147721305
1.5455431988781163,0.13126585610186337,0.14601900180111704,0.010022165151783674
0.6574427831251588,1.1319966129810597,0.23628075257017683,0.01676497206851353
0.4477266553364483,0.3461810195777164,0.27800004805531103,0.01994765737184454
1.1783748590231997,0.06728323984487083,0.20008553553696307,0.014034841417772313
0.20112819182626307,1.740091200367285,0.11759845323098755,0.007951833051670616
0.24625204303405512,0.9902538216545342,0.1717805817440911,0.011923265450526006
0.01916386531142189,1.4288768131254812,0.47212099447064376,0.035137505353439014
1.1228054336105382,0.9388477534113122,0.2989366368888599,0.02155768085168001
1.7694688007360049,1.6011754469185164,0.05316612749897684,0.0034033904690959544
1.1343705359050897,0.48193812017259363,0.08528238062989388,0.00564022644787936
1.5520453105306593,1.448063138698274,0.4891049832716094,0.03649041181469214
1.1007919336413854,0.7766757010158032,0.4788332772951266,0.03567179603380794
0.8696850275432515,1.3560526078117814,0.15570727116351307,0.010734606773943074
0.3121875207173852,1.93892335186389,0.05769034071044668,0.003713873876140669
1.776681623080117,0.6997587108022771,0.09169827558842802,0.006094976314829449
0.5639161588889887,1.9969449411074054,0.47122705745701193,0.035066388284513327
1.191895201867593,1.633404345637129,0.10085380891949355,0.006747688205835802
0.24801641599577584,1.9900081502607416,0.20068841644982732,0.014080052630537397
0.6863681075257289,0.9504800428915612,0.07412327372921232,0.004855001762490502
0.006919890122220496,0.5323953429514305,0.12611296954089252,0.008568802002809066
0.6429227594169586,1.1437689489450964,0.18045846107452235,0.012568261626055057
0.4598883481150817,0.7001999939414838,0.48004898007203134,0.03576862020188658
0.8003053821712627,1.8153682910980329,0.4619697790713935,0.03433047678440095
0.8430507369047202,0.9727991314037419,0.4045276574851419,0.029787604550760984
1.401966533081171,0.6668119219149531,0.4994707605269209,0.03731772818143083
1.3416869760588397,0.38421067757114646,0.057268820871814174,0.003684873072500895
0.2910206025710651,1.4619406232770524,0.39015986139028214,0.02865802517217736
1.5149421617067593,1.4464146677670107,0.12269062996998242,0.008320459589604196
0.18404432966385653,0.9952941217318556,0.3036863741061129,0.02192403997935055
1.8149063881663077,1.0172140473927276,0.49819641082303995,0.03721595503644543
1.1427597193148145,0.08588996511674885,0.46637799012405606,0.034680783837
0.9517386943556436,1.7260379782338229,0.4910698043818367,0.036647136536894505
0.26858221388379455,0.5499966250843615,0.4198337363321408,0.030993998163076988
1.1331534765465132,0.3334870717330145,0.24641999655758295,0.01753515141931774
1.8087877364971159,0.5978084889518329,0.2995888734781765,0.021607965848284977
0.5120272739874716,1.9286152940636887,0.4338311229953676,0.032099906440914684
1.2124950019435772,1.286431625582369,0.21980235312910984,0.015518169875731722
1.6680393051072184,0.2919883242860013,0.0610962915219884,0.003948733347352534
0.589487485006813,0.704821672319272,0.45619265853617225,0.03387173609786625
0.3827472508132206,1.8006324668834266,0.46707174565657217,0.03473593533334966
0.3595800061046859,0.012523670558658218,0.4770456758249069,0.03552945403651748
0.06882136156542384,0.54740674485132,0.1201589974578517,0.00813705803570754
1.4032314255859901,0.218009540372593,0.19459670704754173,0.013623659116229965
1.4901525702267417,1.9478240542304104,0.46153470090360244,0.03429591492096761
0.13315272799072098,0.7814261096300985,0.34554174908700225,0.02516894412151089
1.1400643887820192,0.6764990843553065,0.335443458449885,0.02438344100658717
0.6379399998522439,0.3858023726268034,0.4648641068153448,0.03456045429151881
1.4027328782387873,1.531701948506534,0.07658411627630239,0.005027501500352374
0.9849898989253525,1.9929435308578134,0.19870816661981094,0.013931585150030198
0.15890391296098438,1.9833726694027487,0.44267209110231015,0.032799690284889424
1.4007708326046717,1.974356290816339,0.09837470604269027,0.006570529030059144
0.5695457935210784,1.394704048619444,0.44414789072854743,0.03291659784560122
0.8037361287841991,1.166123994492742,0.19958899917463807,0.013997612246704969
1.5205565877488192,0.7254111333470126,0.40241338868767684,0.029621207041321786
0.5248647053054449,0.905950587805197,0.190493758884137,0.0133168177543833
0.8073311397934044,0.7472001599282319,0.3875890465141735,0.028456210265596985
0.9229794662468827,0.2876362639161072,0.23570884043720758,0.016721596497119517
1.8612919108831585,1.9595984683164895,0.4120778534558203,0.030382309077535034
0.28444855052957885,0.29589617827953263,0.32430406491179015,0.023518847725984993
1.0480088829711762,0.037218865936027745,0.4002837338151585,0.02945365958775373
0.24958840445615915,1.2073665129141504,0.26801496633911565,0.01918270965435583
1.3424988190189961,1.5773023344182238,0.41365619193828307,0.030506725202298933
1.7660390046209895,0.12428481777236144,0.27517263516448887,0.019730856476840444
0.9036343118995946,0.21131169870174982,0.19366865163293356,0.013554214540774203
0.6120928719363667,0.06343413630068317,0.35767019183118337,0.02611445641051173
1.9454357224534264,1.9088014306789804,0.09991461892016723,0.006680536985419591
0.46875596250859175,0.7924596657381764,0.07712361991285009,0.005065371115593694
1.858430969066688,1.200202792440966,0.3625730875093158,0.02649731030690038
0.9230922639283496,0.9657987260934895,0.1996363092668874,0.014001159175007362
0.36896505531069357,0.9075322703684736,0.3763988813409356,0.027578839749186266
1.5125551423124433,0.3841085988083419,0.20062905320970104,0.014075600449227734
0.3333478079277399,1.6199973060894373,0.38691136196354975,0.028403025819098024
0.49278798250441547,0.028924655451567194,0.3896352274274149,0.028616832722263567
1.7856336955976033,1.6458273808382382,0.44220744552022173,0.03276288828787119
1.0342274592250345,1.0132402049634397,0.3766269874700612,0.027596706739648834
0.32467346060135727,1.0464421586754264,0.2809947766254613,0.02017745367522786
1.6041694328221454,1.2240677365092454,0.3794864599612061,0.027820745378367925
0.04927776689471619,1.9398484412918404,0.45115392317969155,0.033471954936418295
1.8135825960409546,0.7833708769238512,0.4599236514881493,0.03416795550773079
1.731095936312031,0.8493021493357742,0.24090515896794146,0.017115965969769324
0.38304424713997376,1.3949327939836902,0.12218157206454244,0.008283560252923882
0.20153169184635034,1.5435303048342326,0.45492365109326693,0.03377102221905442
1.2860327682501926,0.15285151971593036,0.3885041873416771,0.028528040378984272
0.8437344331862056,0.15036461046708816,0.11936604281253471,0.00807966779071115
1.057003366647159,1.2760420808859414,0.39112231616158755,0.028733603736435846
0.7645073194342047,1.1943990959380877,0.2949447613224565,0.021250087719617776
1.9497806980110262,0.2594946972301444,0.4009471409789038,0.02950584558677613
1.9326596500018733,0.4551099035580619,0.25666629121284,0.018315687190970053
0.9028585339628814,1.7210606192153222,0.1526856964668596,0.010512073137325908
1.717570045307733,0.718859167679426,0.17039668427975224,0.011820610065683863
1.1391615922927505,1.8478067660670796,0.23456527515949616,0.0166348867887716
1.6990702183415538,0.7058811714306574,0.41478478537739755,0.03059570924436829
0.28892907352027963,1.8264036883871808,0.21773249688680496,0.015362004582603665
1.4195504544467497,0.586741485068,0.061884339862374266,0.0040032044253079544
0.09566290196156757,1.9099708357444352,0.4776381343572023,0.03557662587843662
1.2138176532800202,0.5736507538274367,0.43514157126806996,0.032203569939879606
0.17563895451309075,1.1802747375202742,0.45418844169137396,0.03371268170915314
0.5328675004381382,0.8831410687306764,0.07625704267553426,0.005004552032402127
1.8067074247318637,0.7058908654037763,0.3509157792028608,0.025587616314661915
1.5913648490532604,0.7092253863980353,0.3368803153561115,0.024495109583416243
1.6774161089788446,0.48603979890047877,0.49506268292887956,0.036965763207738755
1.921974629887048,1.9240227191645873,0.47291387458441725,0.03520059062706148
1.852913084092758,0.4198687696374115,0.3064485524961905,0.02213727600652543
1.5807304205069275,1.419709581795677,0.3671853554270009,0.02685779619591869
1.9440094818663327,1.041495858924516,0.05488729374821085,0.003521302268745619
1.8189107088225671,0.6620726004382389,0.3434255370610718,0.025004200197531173
0.3649380624639793,1.425447989734194,0.2688905440404812,0.01924970925301558
0.08288258424399642,0.24812463018571296,0.26003882574905307,0.01857307295749504
0.8744816902614023,0.6647474908007367,0.08857966627909754,0.005873649422230544
0.6955107298686596,0.4896256213220189,0.08464267704983133,0.005595011602903332
1.8231695595114528,0.19349576252022138,0.4885228830385342,0.03644398869561937
0.2198303063830731,1.0404530937787897,0.26056154528275155,0.018612986667913625
0.8724737827579789,1.397853629434714,0.4604970807154735,0.03421349723022232
1.6239370223111003,0.0686878147476917,0.2083620173369472,0.014656320946837975
0.1811062192599957,1.1112632758366285,0.4840811820036559,0.036089884245726934
0.45253178082419887,1.5765186044835644,0.40656195235028536,0.029947764599347265
0.9682246501873035,0.0851918688239206,0.40256102645714054,0.029632824496532012
0.34167143462287397,1.9789532521328699,0.07858910900696635,0.005168330778359988
0.8662046687985414,1.0023116876909077,0.2748696398798651,0.019707632437117126
1.6809965318586921,1.1215726700734385,0.1683612324536566,0.011669728007013906
1.8754338809755873,1.2639848935311897,0.34973242621317235,0.02549538713018384
1.5640663340299774,1.5364272958840972,0.3648702468947377,0.026676812514421354
0.7494804329035323,1.786671004941003,0.3042343612819538,0.021966333165102252
1.0757300610098457,0.19978159073238788,0.44164867983091927,0.03271863509342831
0.12959609480166856,1.4702149917092122,0.1981215418327184,0.013887623027118726
0.33732770791441613,1.3338324611148733,0.10416983201859288,0.0069851235518836145
0.9358545064857466,1.8710050276615309,0.30798838273859813,0.022256206252984474
1.5171321874827988,0.6119746813534237,0.2840637976960289,0.020413126089468686
0.8820484575331304,0.786758241381373,0.19795318552126023,0.013875007930188085
1.621743593075159,0.36134893433518855,0.14002388901414609,0.009582923381160334
1.801659924261936,0.03619379640612297,0.17168851373864413,0.011916434210395963
1.7866849250233723,1.1404255446537865,0.27190128797992225,0.019480207339105653
0.7900394826727501,0.7571413109790033,0.376311014663211,0.027571957568342957
0.8373608166844502,0.35385619053384465,0.09300064732631233,0.006187560187217663
0.14472781232682697,0.1574286016780695,0.09272881164095229,0.006168228320084922
1.762880872260536,1.5730416162478855,0.18587444980976725,0.012971905851724027
0.1864757431103039,1.1793930189474053,0.2046395378126964,0.014376585710680003
1.0661349579333697,0.31715360114626856,0.4803602069882047,0.035793410468786216
0.5709372725902819,0.38650104030836685,0.4562686293296074,0.03387776608002952
1.0353932234584213,1.7360669799128199,0.46580953754842425,0.03463559777101734
1.5304593661703827,1.6658538265943674,0.275513232057628,0.01975696471826415
1.0954512096122815,0.7925527415503613,0.4668168480948233,0.03471567107987439
1.6933761211334286,1.9614492361354343,0.4781775764755781,0.035619580039024795
0.7294391775416558,0.7872582743232042,0.4719249747601966,0.03512191022921948
0.8544231935741502,1.4641069223831866,0.47097200083248747,0.03504609898656189
1.3772464803213424,0.5072439261018369,0.19168088313008552,0.013405551081822672
1.4059500141310546,1.7739352265056778,0.3461638672433571,0.025217388346315962
1.9680253371515868,0.9046063526144712,0.2188119216841592,0.015443431668603347
1.9391643845548547,0.5252953753162481,0.0932532955400896,0.00620553101448292
0.7208213160943924,0.5324560523990898,0.45235594186448297,0.033567297132000726
0.9172115926991984,0.0270312955142471,0.3246217524753528,0.023543477262536933
1.2800963888374914,0.4782572885283036,0.43953144202775707,0.03255098891999512
0.44458266469585417,1.4209525849697873,0.1658634692812751,0.01148474824078063
1.981122714235689,0.9419212290220151,0.3985097482392388,0.029314140826648794
1.7005243458650348,0.7892303296024121,0.417176025757917,0.030784301938211654
0.09825429289189125,1.9345279484533542,0.24730708206943947,0.01760264005349138
0.7277091055745388,0.1949770434984881,0.4139217429522428,0.030527661088369587
0.10106895784147896,0.138833259164848,0.25393195752009445,0.018107178855097533
1.5792345876310612,0.7403561456050605,0.1332590096357001,0.00908884251528445
0.6198568694827167,1.2599672305353937,0.29126768407009723,0.020967005275264676
0.4058285382866771,0.8447485145038616,0.11305548648527973,0.0076238913674535735
0.6643000134820365,1.2284660185273204,0.28918768558072466,0.020806984055037534
0.5452202570004525,1.4763500423540694,0.38316197224286885,0.028108891461902877
1.8588100548152933,0.9333114817390211,0.44702421854914043,0.033144527195253216
1.8538430807355968,1.5685980931686574,0.42804938477659227,0.03164279864271228
1.804770743680305,0.039273382621846764,0.41225372907442565,0.030396171248156086
0.9342206995034745,0.28230212086904904,0.07294456146342194,0.004772515658019021
0.7163055716946862,1.5976309338342725,0.112795382958467,0.007605142523039766
0.7829156516598625,1.1404048787345746,0.4489986298250929,0.0333010444367969
1.2970233776584525,0.3938780585669408,0.26476115433878783,0.01893385919922749
0.0577286170031317,1.0336978265171457,0.4624172344968971,0.0343660242187139
0.25827585924043994,0.7271403718712444,0.17748778616040917,0.012347215551886693
1.2932215330768158,0.36842879948036233,0.41499017262340254,0.030611904816775688
0.11821028007103251,1.010243271318271,0.05455860335862435,0.0034987647398192863
0.22439345855452886,0.15514740277285255,0.15513415449147797,0.01069237466410605
0.5412729364048225,1.2625413566442192,0.2940100029759506,0.021178101467647942
1.3554038173616962,0.5159963447210807,0.1220853016899558,0.008276583234256224
1.5569466074621912,0.04091602253178972,0.4992276333683812,0.037298309979507366
0.213649733233658,0.6594244297689769,0.17095470243438465,0.011861996098701649
1.3457240930689613,1.6917558426370183,0.27126299468266446,0.0194313257744329
1.1557137482786122,1.1719903088851642,0.22728967637773834,0.0160839103308887
0.32832712162744593,0.6792332575609688,0.1009016162185135,0.006751107541345335
0.453770019538821,1.1529732334983456,0.10480334089879606,0.007030544215975914
0.6321770760196221,1.5094298011918126,0.3228501123007441,0.023406147618037283
0.0853238943782828,1.949165567576701,0.217729450606499,0.015361774823887547
1.6870296113330652,0.4135086299205142,0.47609069356874767,0.03545342638700152
1.3097432670445284,1.6747714261827655,0.3149251801994843,0.0227924824529681
0.20803908815912764,1.8823784158461716,0.4707853774929769,0.035031253914230114
0.16069565513303763,0.1015575592184137,0.3540262974739499,0.02583014874657672
0.2506572207773752,1.4892812039095056,0.18053225863040595,0.012573756070333612
0.8432185760577793,0.1672971216278547,0.403103522990614,0.02967551548172678
0.36105018778047304,1.6335384443533223,0.10902496269686707,0.007333700501790331
1.356146851524053,1.164764269812006,0.36171321970265763,0.026430139578137363
0.46046956230214464,1.750555158748956,0.3523068527973832,0.025696062445810217
1.4786431633624317,0.1786243919872541,0.12282049203892689,0.008329874404713538
1.200991062753118,0.9205659408716844,0.31133088050496344,0.022514508191388654
1.3131082047312297,1.7732369144243518,0.36300214315574236,0.026530831176568258
0.8433703813748943,0.47773242051739295,0.4998038023889203,0.037344328794580404
0.037241278281067824,1.5086893263651788,0.4217331080666811,0.0311439168017902
1.440852141666098,0.0012888901594938496,0.2974692368956696,0.02144457750780482
1.554187067654077,0.21994146563289219,0.25482572555338223,0.018175316737013742
0.7565992298227091,1.967339293131268,0.44012838247226527,0.032598249961622826
0.473554252463374,0.3109026741840135,0.4302042158343515,0.03181311142520692
0.9751152351979515,0.3667216487591529,0.22538316947827686,0.01593973133592408
1.4603333085945496,0.4778885523830969,0.4613745022752259,0.034283189582836396
1.112182368504919,1.4020922668063305,0.21049045560607604,0.014816423302537256
1.3690307870578053,1.2167633041606698,0.48765917527651964,0.03637511410761154
1.298516298627473,1.6478397495964816,0.32279667758871095,0.023402006403819387
1.784551288240834,1.8131283698964626,0.45935616101040055,0.03412288929751296
1.6558794743931808,0.9561836294012696,0.3948666572826764,0.02902775695562581
0.9600275220553913,1.017169076806119,0.22694744333321437,0.01605802289672189
0.7039005174109396,0.8844382347131017,0.13400089211579402,0.009142943862540677
0.5270742632857779,0.6758234730676407,0.2165210227825325,0.015270649448691196
0.9313742836176906,1.2741402576226049,0.21164155288865483,0.014903056131056391
1.845343977648792,0.2408960792287389,0.1085290159082102,0.007298043752140261
0.7200400602479453,0.283901131760532,0.4272393599865566,0.03157879146844902
0.2694324988298211,0.2961142677367661,0.42134455932999004,0.031113244601458773
1.37521763544661,0.260815836990969,0.0611887591026408,0.003955122346393148
1.497133038239861,0.9066504561566417,0.3176202857123273,0.02300105905450683
0.23751580892083268,0.6211218695376126,0.43765865132556986,0.03240274487441924
1.8680066397041621,0.07270557303887215,0.09227018224354225,0.006135621299697916
1.925485186599469,1.8566088243496426,0.12269011778215558,0.008320422458076788
0.6356439577846644,0.6817754538269081,0.2008781145945402,0.014094280403255777
0.42473916506739284,1.6097969589836556,0.46149485333971785,0.034292749611178515
0.80430448431054,1.549942626896977,0.2383281450460572,0.016920311875165565
1.746216308561693,1.5631391927126896,0.4927282011669529,0.03677945288687174
0.15458976155728466,1.619704754206057,0.3131250031203594,0.02265323368291075
0.4115590833084073,1.652840775145046,0.26141159556621846,0.01867790642638375
0.9559462289853762,1.4852517967745498,0.2290752025071207,0.016219015899653414
0.8820300262493663,0.24826169789241215,0.06597282740262939,0.004286563105790632
0.18649653663361931,1.237340731956618,0.3366483831465777,0.024477082220386057
1.116756809436692,0.6794058779805718,0.16156552214991454,0.011166901386054914
1.1098783265528236,0.053823300056231815,0.39880046442236006,0.029337001870748596
0.4633322715562509,0.2846173660409075,0.28822372991560197,0.020732850623122294
0.2962118957303266,0.9744788500651504,0.4233730188005784,0.031273393505901845
0.175330182376509,0.1998611211043,0.3720331995133701,0.027237031132686714
0.9055646868667195,0.20922083237348899,0.34582473039086326,0.025190979077376156
0.881210171077583,0.5066473443818149,0.1520834623992081,0.010467755778512685
0.5489089514401821,1.504033907703208,0.47938589772619244,0.035715807169885
1.9661812259662421,1.4183584400236895,0.21281177787552835,0.014991161863588637
0.14214762522413227,0.9502754383654177,0.3449618963507718,0.025123796515301576
0.23372805819489129,1.1202160713476461,0.2910392776946373,0.020949429346787587
0.4023750513920985,1.557316736530711,0.27710026757031775,0.019878647255812825
0.5376253100597315,0.9786137704051034,0.20757878390179957,0.014597434012466503
1.0459193503702893,1.714437067892097,0.41510383291817915,0.03062086760486909
1.6843263175026517,1.8370797140307553,0.3823590925646197,0.0280459324255729
0.26053308747847104,1.1403066254673406,0.14247422270572763,0.009762297393593949
1.912864900717691,1.9349717567792641,0.38828587930464725,0.02851090415044969
0.9825403008165183,0.4036918333212871,0.2172124051756968,0.015322781072409015
1.8020164430968233,1.375448821824343,0.25424217272001554,0.01813082675107699
1.471110552735145,0.5714209506189005,0.32053911219440273,0.02322708737693322
0.3689431044831579,1.8091738446272272,0.23315575200434124,0.01652805122733223
0.16984898052551922,1.926881981412864,0.16282659077222766,0.011260101633996593
0.35481324379515256,1.8237517090377116,0.07390435629987399,0.004839675066248868
1.92373242818256,1.89909463192417,0.4680580934748799,0.034814356773532534
0.30338703528058986,0.07580486107803663,0.403336704126444,0.02969386655469649
1.1963481562735252,1.0977728840756042,0.12986638477226747,0.008841703753361135
1.4969320428979254,0.3270903700246195,0.056577875596384324,0.003637367543498484
1.1848985618966612,0.7219047467282957,0.12733227274700493,0.0086573939367721
1.7321702545190472,1.4090373638018137,0.46086041187128696,0.03424235499917721
0.9960639225058541,1.9817942879244983,0.2751235917206235,0.01972709726596565
0.6582897015250617,1.4213567496904542,0.08758802629850826,0.005803384695488584
0.6902190002794286,0.6927579033225115,0.16980516895619618,0.011776749888203309
1.4916108186471815,0.09510152789450155,0.1746031057598141,0.012132812412263203
1.3921862480016136,0.6967715460496313,0.131856724536208,0.008986638535507399
0.1987900649063603,1.7152110534269627,0.2736344770227446,0.019612977737678967
1.3953158833828605,0.8576891979867327,0.4155787672387816,0.030658320823371922
0.4264556336937,0.6277240559391022,0.40372206215971956,0.02972419536957036
0.46200215272437717,0.265022828349617,0.39407713847493986,0.028965716750880114
0.811504118031847,0.25042806401021656,0.08635572154876744,0.005716143689214074
1.816664031562462,0.6240922030886755,0.09425256876163678,0.006276642002166094
0.8360087758765364,1.8376085205743178,0.4397723779547603,0.03257006379587474
0.6473769229913524,1.3809618716420222,0.3468534105741568,0.02527108997613034
1.9420015876302177,0.2335923158523121,0.27439242186105983,0.019671058122964276
0.6683071455096503,0.7015759035207871,0.4946820009910112,0.036935377599202554
0.5364494833392139,1.7372635518924557,0.3373999044049341,0.024535498717628775
0.11087207907801555,1.3463687321568387,0.10531705240914616,0.007067389689605959
1.608592464745746,0.23364038695597866,0.3863968938005737,0.028362654828748047
1.410920042745523,1.4895165122352934,0.0676400675538825,0.004402466336791129
1.6181502614145913,1.7789587483253664,0.08854303479365203,0.005871052852320813
1.1639677495624048,0.976724480183744,0.3076714233927258,0.022231722237561393
0.6765873716317012,0.4739851718473589,0.3605549660857208,0.026339677113252507
1.8772765300594378,1.8807235948932093,0.2916297787344108,0.020994870500080896
0.5520294715741172,0.8783039509034694,0.05755720773753907,0.0037047126673887764
0.9085616744942853,0.9018499219414471,0.08132678644833224,0.005361022920915322
0.029353589670696012,1.11479371053993,0.4067434025111636,0.029962052862045535
0.3229903626289592,0.4237524057464619,0.19009465559592298,0.013286994756123861
0.8318619306865358,1.728266477013695,0.05755336611958887,0.0037044483378546552
0.22774485073381934,1.0753190060876783,0.20515546124303452,0.014415335282837704
1.9799612447333936,1.069670018280971,0.2172613694394444,0.015326473511015496
0.46452354360280323,0.3887763939338955,0.10716847140754127,0.007200283470153782
0.17753630569911305,1.1673116303522588,0.30094156378398973,0.021712277263863922
0.5554301772576278,1.0305971094706805,0.2425843115946444,0.017243529752718752
1.3018043969425166,0.010599098174865151,0.07975166297397668,0.005250101784315964
1.5834939345468246,0.01904242476486595,0.3656359171614482,0.02673666006684572
0.1438193304099198,1.1612479265266233,0.054510057029309444,0.0034954368245246207
0.4582480012851453,1.559853691589673,0.4629403039324338,0.03440758170505137
0.7006178105391356,1.9950625375673259,0.3511312477975867,0.02560441200331281
0.3865695018395048,1.093745507857705,0.1256375406092935,0.008534274345448373
1.7880817604147805,0.4320859409900637,0.21272527020265147,0.014984647591765696
1.4406492983666215,0.11823195937419806,0.11422617649605817,0.007708314079813129
1.6357650468687295,1.409579703479034,0.3416529012471517,0.024866257048077454
1.609805612203715,1.0158093066019793,0.0795375512027453,0.00523503550676584
0.6924948942702156,0.5999937778685722,0.46805733481728345,0.034814296450646966
0.03912570048877062,0.31073751455708143,0.21713325471269274,0.015316812387173981
1.3581014793541335,1.0225201532733261,0.058140547941172155,0.0037448645376716902
0.4720048604181404,0.6465488942182462,0.24637355524369142,0.01753161866893123
1.7217943794910318,0.3053692452328194,0.39770261008368984,0.02925067595051414
0.6502184149183368,1.625916358253695,0.44732425595892206,0.03316830895254951
0.17264116663519302,1.6500050762607166,0.2983150322140605,0.021509764505487583
0.01359962628363287,1.9414025422165344,0.10709274077830712,0.007194844442853975
0.19353688982915318,0.3700672600480912,0.32669842279120453,0.023704517313345004
1.186446618201396,1.8655840831512334,0.15664053090738259,0.010803400227633674
0.4853585867065311,0.03889906251646047,0.4380716221244705,0.032435430550035796
0.7967230472241371,1.056155189851881,0.472504967480355,0.035168055141182264
0.8115397065607901,1.7945953759455955,0.4028606355883513,0.0296564013161692
1.2033157461743103,0.43810886492467827,0.31882601421160855,0.02309441105730661
1.5491860991059552,1.00242550096165,0.2829072881906996,0.020324296131102666
0.05652956705326884,0.5449705497684019,0.29220799872656594,0.021039372735684903
0.5746780278229915,1.8886845809889174,0.3313837517022864,0.024068110507494758
0.8983652114946665,1.3788581852501531,0.30809179258733976,0.02226419468310148
1.3813650325864835,1.8078949806858304,0.20240729091104365,0.014209005736434157
1.8123602121874167,1.124911367793569,0.4060938831709231,0.029910908601686412
1.3869920192847078,0.6267963024155625,0.4218459548932593,0.031152825343107947
0.5109802610628364,1.1925348368242867,0.10502432639317924,0.007046392668400259
0.19831194107853167,0.197449730867852,0.21712437925470246,0.015316143103985842
0.6744839892917069,0.5088723007412419,0.2196972752346258,0.015510239567502818
0.9374938191522526,1.311881060093399,0.1994179058249484,0.013984785534661896
1.4649585842371264,1.8692940525923611,0.140253315185985,0.00959970914391157
1.6732432452098522,1.158728481872933,0.4027328755760145,0.029646347486699243
1.5796037451477998,0.5877086415191399,0.3891850433143158,0.028581488868496308
1.8258395825104996,1.2490500108094966,0.14702114219275095,0.01009571148958435
0.7923960084259478,0.5018793962112305,0.13631634037384754,0.009311929033461602
1.7425273810733408,1.039560832352199,0.280045939818298,0.020104627635982697
1.4300836903854741,1.2176935685170436,0.4760849007194729,0.03545296524118485
1.6795606477845222,0.33172879010018175,0.391192919577185,0.028739148507549342
1.0512220457700325,1.6441324006065139,0.3179917803156287,0.023029818951958842
0.06559932291867532,0.96209861654622,0.06480404757671093,0.00420543197303327
1.834017612467553,0.3800040081679381,0.24482159536536213,0.01741358890392644
1.2605887781317726,1.833050531591029,0.2712633998991366,0.019431356804070238
0.9870242259361073,0.36762686016041646,0.15160642019593584,0.010432659662946063
0.2904630463254134,1.0630351742599586,0.31721796583049094,0.02296991538266477
0.2929064797197074,1.1417590698097106,0.48486207968522715,0.03615212334297748
1.4766976267785135,1.8879641947844779,0.33062254528608354,0.024009014724820588
1.9538246890387037,1.352691815417489,0.1874173734459243,0.013087046923043289
0.4022846617158302,0.299479634912281,0.48062602955455597,0.03581458500463073
1.2561814053296882,1.7912610283287733,0.061341236737938114,0.003965659163363425
0.14082900484826943,1.3035982220021873,0.23793230332365956,0.01689027135803547
0.12191916208745068,0.7249500880495154,0.4689960127203363,0.0348889383867893
1.5371219756988237,1.823217471563271,0.36034185527563684,0.02632303481531785
1.37721967519751,0.9942349359151275,0.3827918637403683,0.02807986770627932
1.8852575651073433,1.5906516359583334,0.4154692007971561,0.03064968017511912
1.0220405258109846,0.368179266351065,0.4718248620342864,0.0351139455373215
1.133431182806577,0.4270631439910464,0.42112173109328727,0.03109565532736973
0.5530944732511056,0.38409254109665625,0.29327368059537223,0.021121407993685705
1.1292321792421731,0.20741067069274588,0.09761876863163085,0.0065165698912788735
0.738303207399984,0.5036987466430354,0.15836132464642136,0.01093031928901117
1.778994144471434,0.3488769308104609,0.3911961224773762,0.028739400045862517
1.8380957532914062,0.6899923195115696,0.2573718324634674,0.018369513629831188
0.5850290856521141,1.8975703759141618,0.05783057252756345,0.0037235251514766304
1.4406915792375157,0.44559196848921534,0.3419472722545063,0.024889161027822324
0.6278920286662997,1.7561738197967007,0.11404056041035225,0.007694924630459575
0.938128536080399,0.06609921038182298,0.07350969249821881,0.004812052055500141
1.8577344553754764,0.46123905502632034,0.07551754916829015,0.004952689757918262
1.4022920515794428,0.5416294976927007,0.05743123764415688,0.003696045700166122
1.817531698890766,0.5469060609862839,0.34421515521464907,0.025065662614542458
1.5502455771238646,1.6328040640356634,0.08902277695401517,0.005905064542648181
0.08709542025822459,1.6588617977691569,0.18287512523479993,0.012748269601247086
0.22863283871506446,0.7959543156582805,0.14676243489279214,0.010076721831432387
0.10490528456727821,0.7911603928928104,0.40291753211506376,0.02966087875017155
1.5009629553484536,0.160056534194704,0.2586727964093966,0.01846879213306828
0.33436946877697316,0.683919406317665,0.11513841834476636,0.007774140586226701
0.87638473002122,0.5734620651186555,0.2603658126359133,0.01859804030713217
0.5917120410317891,0.21099304268647256,0.39967330473350027,0.029405646307114407
0.41675274705640786,0.9758593140634315,0.3079565613525934,0.022253748082210444
0.5296581242496163,1.320454880854258,0.3429147168466899,0.02496444408928917
0.6314182227756451,0.7044541636940795,0.2701843244862723,0.019348737459029503
0.7402889133375612,0.5161393806743144,0.45710352991447367,0.033944038682595185
1.0414065016912677,0.8222917976495503,0.34475347326565714,0.025107569874914408
0.7859476487216526,1.084874657605291,0.13851429108235502,0.009472522441298415
0.3537234757541281,0.1090672087117146,0.39498752157483874,0.029037255199556078
1.1781716410644143,0.7133904907490962,0.2724629381956661,0.019523225998713124
0.05808082483571164,1.7565778201994546,0.3037175742348627,0.021926447837562816
1.9861147119219331,0.9929453728564934,0.455656704942246,0.03382919815847013
1.5474168171056009,1.7441437177266446,0.44499446479049104,0.03298367251517391
1.3354149178954473,1.6663905441101303,0.08205853392458867,0.00541260364183434
1.4969703785946304,0.7672943394450082,0.1567027452633517,0.010807987247110809
0.46437134809509706,1.1922025400579805,0.3308992432867872,0.02403049491565065
1.896142133142448,1.2628288295779677,0.42485798011166903,0.031390666271913614
0.6675766462489565,1.90487259818565,0.08502491292337414,0.005622025566624217
0.14836456821879263,1.5195080595583907,0.4111626657042525,0.030310182370186112
1.381825012250777,1.2145070450000421,0.4795234576272668,0.03572676309548864
1.414713483449676,0.8693637640084442,0.2759870986652889,0.019793292370350084
0.14112059884432937,1.9355828429415083,0.15957799995191846,0.01102011403924708
1.2504153249288852,1.238676628448766,0.2892956189501319,0.020815285780560362
0.8893318621400916,1.3550092821336874,0.45832014201587234,0.0340406256698559
1.2651373188665087,0.08764283930164529,0.2262211842470262,0.01600309562041645
0.5832023168456077,1.587190534027728,0.3837019882151139,0.028151242760951795
1.459920313959107,0.5569932311565717,0.25643473044873105,0.018298023415315896
0.5930756237375137,1.6783211790294787,0.35529594691905464,0.025929187824365197
1.0637062874333618,1.4735230739709688,0.20750747262952407,0.01459207327795392
0.10208160199747662,0.35547492024030847,0.22409823071599333,0.0158426056564693
0.20309164216430076,1.4136666213483082,0.45849018130531083,0.03405412652056399
1.0574237701083606,1.782500245660317,0.32860043997917193,0.023852075492021334
0.6300582377990631,0.5994509277734246,0.17683447092982785,0.01229863685872491
1.8717698264292157,0.733385050274687,0.2816101122499244,0.020224691584044354
0.26660899416807005,0.8323178193065071,0.23077903242043074,0.016348007531335206
1.1896370256832343,0.7536443444932219,0.20993228616522697,0.014774426622091
1.2927775380452138,0.4170232012480224,0.22490774093423305,0.015903790278920735
0.55111848322108,1.4137255763811274,0.08221277241497768,0.005423479939583136
1.4069151914096925,0.005032256305964156,0.31735186841957336,0.0229802805095485
1.8527640996200454,1.5935618858414677,0.15226094371370996,0.010480815063843048
0.08546562867081597,0.1589633339232679,0.4235185621967742,0.031284886341448916
1.5032658203477485,0.692847764082815,0.42206602848932595,0.031170199230876307
1.5297054239800978,1.3243004531619833,0.3935339805549712,0.028923040505890635
0.565774678300174,0.6120570608382914,0.3102791689002022,0.022433213167127136
1.85644374589796,1.9306669118254307,0.08567307095661687,0.0056678523282269
1.420852697363719,0.7710085055034863,0.3250708684208666,0.02357829895601652
1.5452510457475694,0.401984255103933,0.3362308563311484,0.024444631331185414
0.5752758565849574,1.9931549420154842,0.1746124560174723,0.012133506975199673
1.880716576175224,1.6143384767119895,0.34680167797443406,0.02526706078583929
1.4096277904930727,0.5621405164876794,0.2802668506031183,0.020121581675585
1.4784457465008285,1.8384538539537838,0.2607584938176239,0.01862802665720623
1.1206356479821207,1.301477976538383,0.4117031418688234,0.0303527764082384
0.13029453761661292,1.1979539395102745,0.2388262203984965,0.016958115816323
0.38062639926348063,0.14271199967950343,0.31454651622906094,0.02276318715569468
1.7971391832244477,0.06304037511435956,0.43791446066363143,0.03242299133623133
0.22341658561474054,1.3256113087804677,0.4500009195405362,0.0333805170036625
0.89930713616331,0.7353462498868606,0.44300375356761573,0.032825961057997816
0.8795722723636739,0.9305162095642963,0.42313014641322755,0.03125421569278107
0.508183549721021,1.395378612580988,0.2821911241964767,0.02026930108054143
0.2985171892702876,1.10942155976527,0.2440183616780529,0.017352521568270107
1.748312483251645,0.6352113120593135,0.062199661313423305,0.004025013359614107
0.14056725513517065,1.4519257024907803,0.17319085483369157,0.012027936058343588
0.05478329063735621,0.3120544799349523,0.3592942217013886,0.026241232657721412
1.8209481602323425,0.11907736392510793,0.10942880010990741,0.007362743196607103
0.1556482885546684,0.6128913441686314,0.4231226559994201,0.0312536242429833
0.7755422158974175,0.013086594355772752,0.21880210892610985,0.015442691311999579
0.9863105479207168,1.8408429639603094,0.08309386558809093,0.005485638121450701
1.7119592225910862,0.5589267754032221,0.12544277725783454,0.008520132409071618
1.7265866464485118,0.9334472750566916,0.23888157889018186,0.016962317864409195
0.8311619497008327,0.5139886805768654,0.289102965154282,0.02080046790932594
0.8968343376468553,1.6286440982930959,0.2054113701594804,0.014434558384865072
0.4273724385518112,1.7442522715906452,0.47050244567880234,0.03500874869744476
0.4976945770041161,1.5851146967896483,0.26769583161576666,0.019158293074825302
1.5578277707131387,1.1777554898787193,0.08776776654866167,0.005816116512656705
1.2741937303391726,0.41257611570486064,0.4911732891044385,0.03665539223718272
0.6957251195821952,0.7156294033321742,0.43840278198960186,0.03246164261720787
0.06986298552817494,1.2198683131898005,0.26635560734786207,0.019055776225623176
1.4816434124776228,0.6273351701114227,0.4769517709174645,0.03552197765224886
1.7799167150400772,0.4457142915860819,0.41441667748290206,0.030566683909220908
0.002411797826338491,0.18395793307486552,0.11897281294039207,0.00805121744798364
0.31467382571587144,1.5871308912427868,0.1814003231978557,0.01263839763814938
1.399619811131003,0.3651148609959638,0.32844228155451743,0.023839803336292216
1.3146296922714753,1.584067789026735,0.05097694585847824,0.003253797628940568
0.29850321742308306,1.3604412432435762,0.1718228318412814,0.011926400397837319
1.3863626599604852,1.1271717372893824,0.3417530348189928,0.024874047938747496
0.6266568038683396,1.487236203442921,0.12055108095828285,0.008165444821973922
0.5999953228574362,1.245166067911576,0.48040801974579717,0.035797219013391036
0.06674572242991728,1.4914088509650976,0.0942701989486051,0.00627789708268643
0.17623060242851296,0.49649007179503,0.05624429066707515,0.0036144464060416065
1.1627417124873378,1.2055254624089455,0.3355881864625437,0.024394687378307564
1.5070704264863124,1.2974718075982399,0.4304428081204382,0.03183197282394798
0.6811005604519129,1.4780186698315139,0.1688710150237218,0.011707504935842725
1.3276998790590877,1.1580240622096847,0.23936275353467001,0.016998844791372585
0.9133280131731771,1.8764223623913554,0.20419774588031453,0.014343409305376293
0.4078227524602951,1.1640236629109262,0.4991493709961576,0.03729205941989545
1.5753935560047634,0.6772290753271746,0.284941674710854,0.020480571324142816
1.988073600302137,1.5888414024652477,0.12544691137924288,0.00852043257549405
1.2558563345700462,1.4272160208087235,0.13189769413675695,0.008989623499387664
1.2220804946448036,0.7703087604571974,0.33970488520711206,0.024714723096208504
1.8773872555929039,0.6037191693180339,0.1436100986604813,0.009845520417378567
1.2999012532743053,1.9404641603073536,0.3690140621466193,0.027000811096276053
0.9107652791942091,0.9534125417364709,0.32276186552008734,0.023399308478287938
1.705460622240416,0.9650560118509304,0.49361800879465234,0.036850459486598444
0.5194251709523683,0.8923565590444578,0.4579474874150561,0.03401103869267241
1.4610971236399488,1.405698871001298,0.18084273439405707,0.012596873597549938
0.8947431896196274,1.0845771316775523,0.4295883727762763,0.031764430616817954
1.6374671572967638,0.8755013938224556,0.42121072337002546,0.031102679986417067
0.9779498178486796,1.5482574633222506,0.44838317027811936,0.033252250089855336
0.013209783506856976,1.6664318889580363,0.23501138869781524,0.01666870944537005
0.34829913969635573,0.5612692473706229,0.1647295066712784,0.011400832292137947
1.5880985002295913,0.6342064313203437,0.307952728531256,0.022253452001714125
0.7662688854652457,0.15703521821173316,0.09403664873620253,0.006261272123427981
0.5635065559333401,1.1881916693876653,0.22781798647630108,0.01612387841683693
0.6873311886506557,0.2833649632456814,0.4738549640481231,0.035275477605501364
0.8036942096567765,0.9703450517999612,0.300289096206252,0.02166195880445925
1.4672834491092954,1.3981898996832693,0.33415479397057746,0.024283317604855192
1.3909176297418568,0.5497663560836064,0.34076562868996046,0.02479722971160542
1.9888132925691517,1.2139249810292454,0.13448576603102544,0.009178314186796096
1.2961673669001672,1.866093011094752,0.07374228471043245,0.004828330239172913
0.724018686821523,1.1481494388548932,0.21792069961493976,0.01537619977243042
0.6133595739278077,0.26287321196872027,0.26085905492985634,0.01863570631622883
1.8866943745167344,1.6526014543297922,0.12913500971897324,0.008788484041464333
1.4831583893430993,0.23643913113456572,0.31697128659105434,0.022950821235256394
1.575739035573899,0.9508696248652229,0.23444387147962958,0.01662568318465842
0.5037171828596565,1.9996836988447797,0.44388164461575463,0.0328955047978853
1.8538026757808443,0.12406690825159572,0.20648800927342476,0.014515450330014269
0.401878758824769,1.1363651677188,0.1312557047670065,0.00894285679166315
1.3092041488941975,1.9226695988738562,0.3884205169522847,0.028521472539885028
0.6827659338505108,0.6740890052403301,0.4102473728956976,0.03023805846177428
1.288346013912904,1.2122346009251346,0.4966720561490653,0.03709423938854926
0.8247623762858389,1.0405223639096013,0.36276986316151916,0.026512683476656283
1.2452549180525887,1.52346653105236,0.43141769035412497,0.031909047528687916
0.6436105398146212,0.2856533329694968,0.4877697062486005,0.03638392770190032
0.19592784515892658,1.175469112010301,0.2819839628115946,0.020253394715945977
0.9351293638984717,0.9154081525106963,0.4089823353694979,0.030138393395744967
1.7420635103616229,0.5660714600854246,0.21280386459861084,0.014990565963918212
1.1817138838543042,0.8397764117553888,0.4896920890805782,0.03653723799551219
0.8362050182135203,1.1958777623670527,0.4040951728744678,0.029753562187682017
1.3788337406228741,1.9636235859783153,0.32396059478594813,0.023492221203594895
1.3564145474859113,0.23448170914902589,0.20700346273686054,0.014554188599471836
0.31571621996158705,0.30093779933151654,0.2540864401322223,0.018118954910864432
0.1788240525398166,0.8540104207542483,0.16402145590055178,0.011348455032563378
0.24805755355378123,1.2532042699793744,0.32804687244626407,0.023809123719045058
0.688544463789164,1.0802220070992887,0.41130988436912364,0.030321784048530587
1.85104682347738,1.9032313663718847,0.059139450237798465,0.003813684383495155
1.0511561805999126,1.0222067681111269,0.45845541257389066,0.034051365910163625
1.5248208284979863,1.931806430261957,0.06608303558447187,0.00429421837879661
1.9018303006924295,0.5266389685751172,0.0971993404337472,0.006486643345318419
1.6767971647740794,1.3765517554486995,0.38054567833548086,0.027903764373110703
0.463413984555354,0.027980640542467405,0.1057462018428867,0.007098179538992566
1.0671690208897486,1.6630534395275092,0.3686900202662964,0.02697546567104183
0.3676731480704174,1.7020670124851673,0.4472724863443949,0.03316420547762168
1.8031244615573743,0.861050017954899,0.45244830646950324,0.03357462406829229
0.6612875979852795,1.4045623076068767,0.4577802775191484,0.033997763573601486
1.8745015601558495,0.05178615953572474,0.2443643101935407,0.01737882125009693
0.5380592464514566,1.0020861044435634,0.40726637409506444,0.030003236632263373
1.2511694501056927,1.321416022975391,0.2584530583072307,0.01845202116707793
0.2690463941249268,0.6733782662899859,0.287119666891958,0.02064796319248898
0.33317738700888033,0.027363731505906097,0.3577857375417695,0.02612347491685936
0.1794654245909877,0.8041011804008211,0.17816664491708162,0.012397706662464035
1.9450845795851273,1.6269325518223836,0.1269473303432741,0.008629418504437133
1.3753587748147815,0.28374325442459725,0.4663887234561553,0.03468163706180973
1.7055123063763264,0.005170102606169236,0.22952310393370717,0.016252918721577896
0.7920295126983194,1.1924390054076979,0.22685258527884472,0.016050848053220178
0.7421110337654815,0.27048922045412915,0.18167268323093344,0.012658683689822762
1.1591477883012467,0.3186865965802319,0.30025055009645407,0.02165898635486496
0.8714028835633323,1.7526981677780724,0.40316036470908473,0.029679988788629357
1.7732122591695303,0.7136579812090549,0.1489249141662612,0.010235523014157352
1.5795086872377064,0.11164204615324747,0.46432588901918936,0.03451768108262689
0.4531011629114152,1.13962980292198,0.2190189356441748,0.015459051068346297
1.959988337782573,0.7715124995943374,0.14791036000466773,0.010160999500861679
0.6523424700611316,1.3414525545837572,0.08042892616060641,0.005297776711366714
1.6869081966696362,1.4865032038290265,0.4139273790517336,0.030528105445191068
0.46321628463704956,0.02360697997319705,0.3778277833399802,0.027690774419751558
1.3088822946446466,0.8281577657271226,0.1459596977339322,0.010017813959475501
1.3610952206111613,1.0083210342447686,0.1376363059747736,0.009408351155112536
1.4328279891137334,0.13678240231099403,0.4807082381262526,0.035821133627891515
1.4571981156463782,1.2171884147921548,0.15229714164783073,0.010483478679707498
0.6938372211406223,0.04382309024556985,0.1613156568680918,0.011148440844800213
0.31816893105289545,0.9937205153217352,0.13189238590844407,0.008989236748787571
1.0180935012680188,1.73942136461697,0.48769762171459113,0.03637817976036722
0.011355725218021417,0.20761063902785892,0.1722695288430957,0.011959548462339703
1.2280533628557468,0.39855934606037513,0.08774397854062929,0.0058144313967756515
0.0976710835213963,0.47195722556639197,0.06560581159724378,0.004261075849180272
0.3652137870262715,0.8523518561417944,0.1870466849332481,0.013059378207955089
1.7638412871167046,0.7534714653101622,0.21434420235440288,0.01510658797294312
0.08504867755914036,0.2646695816262523,0.21302870071823266,0.015007497569009902
1.0971020234291804,1.2082723865285359,0.2556067359743775,0.01823487186029329
0.18254351163776428,0.2385843046880558,0.12121507381191456,0.00821353232518143
0.8371286585326081,0.6102627720161737,0.12692530961184662,0.008627818339294858
0.5242151542367082,1.1776940797558917,0.16969353486724997,0.011768473530917284
0.9864844881855677,0.69197281607787,0.48659101164131474,0.03628994725148776
0.5773906396541295,0.44281491764788883,0.06870455872390083,0.004476571142351184
0.31155797688073905,0.23542657766758768,0.44915838379000156,0.03331371067118196
1.3153240019384342,1.4132825825944637,0.3188271592275609,0.023094499720309875
1.8667291551169964,1.1776053008808869,0.1824739199594908,0.012718373947972353
1.3818111134591475,1.2352465165191064,0.09636572391848175,0.006427190608207018
1.0781624038626842,0.9431140120435462,0.42998105303998463,0.03179547042492012
1.3014270576903644,0.10342476282311241,0.4983385059038221,0.03722730225959226
1.39503614645106,0.14239508899356657,0.14228703137760415,0.009748586698466354
1.6475752272432773,1.7584211348532306,0.22163496248638453,0.01565652025433224
1.8421719365077387,0.5072393400563453,0.2981310138173733,0.021495580783153424
1.2454243763738422,1.0568114529012733,0.2895651820574937,0.020836020236164557
1.22985022411741,0.6177809740497979,0.40282305396014145,0.029653443879075696
1.75347196185215,1.3567746654116628,0.1728877369492262,0.012005433640601694
0.13323568058979296,0.7153830323817627,0.12972628580944873,0.008831507616304775
1.0946414970471539,1.2934637057730158,0.189962548516593,0.01327712400418389
0.35516941006076586,0.503573718954851,0.0737690166421523,0.004830201325635965
1.252462122634588,1.204060775424223,0.06955015431443701,0.004535494029736041
1.3323806496275457,0.7063991590210248,0.2364401550891183,0.016777062936513522
1.303301734441264,1.9586147935667026,0.3591422043866681,0.026229364087034808
1.1775838372042058,0.3569094966620945,0.33071610364803866,0.024016277563990763
1.5246451610437037,1.007827591125041,0.19782783851075286,0.013865616041399523
0.9684245726278893,0.8127828238946981,0.3511350109354321,0.025604705344685424
1.4561828352833597,0.6463388462329895,0.30523365311574235,0.022043471188757602
0.335385362028199,0.26031256055015883,0.0817386859540511,0.005390053706519044
0.9549731456139312,1.3548129535293238,0.0843421742749334,0.005573779914256078
0.40340145338161015,1.9359285675956353,0.49105080710296656,0.03664562100409683
1.0056932697009437,1.699419445404384,0.11527557199177517,0.007784040582642813
1.0886236494745598,0.08175282159654618,0.33495594200841283,0.02434556005741978
1.4247011402278629,1.7412018617013405,0.35525132896862355,0.025925706984047676
0.9936165073591217,1.4927446122082322,0.41547676309287873,0.030650276549181576
1.2081080877511434,0.7983392741679514,0.4405030174702706,0.03262791286870509
1.0799669934141929,1.5050880822397805,0.24515041089755213,0.017438591707434295
0.35716134870594973,0.2819191381878281,0.06306799437879143,0.004085110190595673
1.7447592801597918,0.16149167298998135,0.47299450289969874,0.03520700620432674
0.9253727516452077,0.4491420775335444,0.1954779694155826,0.013689623417278947
0.1160616603524578,0.0385802938253037,0.0685290078602931,0.004464344638322821
0.5574389893679408,1.0213513481355863,0.18744077329646758,0.013088793647784416
1.675734289149588,1.1992140139464704,0.06779199634219385,0.0044130380024608165
0.6644845199278611,0.6023908873870794,0.35378145020991236,0.02581105223766286
1.7025341642373133,1.6756155771878984,0.15047966020410308,0.010349793936685732
0.7524482428569947,0.8887704403060523,0.1358723868867594,0.009279513134730489
0.1888389239487478,1.3902036666096913,0.41210770167064653,0.030384661626411732
1.5875073285110564,1.465021118317528,0.06406663919247962,0.004154296400455606
1.4083171989623724,1.5864506147581274,0.2112469898608872,0.014873357218997352
1.1788366338026175,1.9669418505530312,0.42780670568767637,0.03162362155850245
0.8571619924843945,1.6449581261587,0.17929309087576634,0.0124815169933916
0.9020383959885707,1.9729298409337204,0.06618977575828845,0.004301633597104169
0.023591842293418708,0.46334890309432075,0.13016841107384058,0.008863687236157058
1.3626607105823567,1.661030446981656,0.3008342766605397,0.02170400273705897
1.44845990503761,0.20209220374018555,0.245116925677744,0.017436045419003676
1.7164301016621195,1.4201677213817636,0.34169917226340835,0.024869857144047
1.4552247986126043,1.0864161536247026,0.36868195138385357,0.026974834570818614
0.9635570408801648,1.613684108494344,0.35247319563638196,0.02570903227856843
0.967627154022523,1.1044324042566556,0.23873281717226963,0.01695102609257202
1.2941185146343175,0.7236588138713536,0.21652107750385735,0.015270653574335198
1.2251993231757512,0.024360136047595793,0.19350069126188024,0.013541648844467374
1.0425663864400343,1.0135722858721186,0.3406576046102654,0.024788826584900656
0.4989887986813073,1.9901779847196592,0.13965435047797836,0.00955589041236038
1.091561073315402,1.7665620880651776,0.4102884831104722,0.030241297656420946
0.5615141854131518,0.46502757227015823,0.07405646449369153,0.004850324028742521
1.857616815197187,1.434810717715256,0.06637095486308733,0.0043142219612281076
0.027454730061568178,0.5659900450036177,0.32253931499029886,0.023382061349352435
1.5859254121312245,1.188796566412311,0.10181738138647409,0.006816627605090145
0.5066150762311821,0.3306255012936168,0.2358481394282485,0.01673216069182758
0.8091083705415227,0.36489179683741724,0.23361914149520802,0.01656316917770976
0.6430113844511636,0.8462100992406483,0.1954007135002253,0.013683839831144464
1.202462509908579,0.3061031685488227,0.4499005622236024,0.03337255901963811
0.2719491982875646,0.8693383452778709,0.1005065378202228,0.006722853592707968
0.4183464928779579,1.5317466551660046,0.09271236371757124,0.006167058734873053
1.882473572739564,1.776379361645341,0.38866537488776337,0.028540693324586672
1.0491145211531614,1.9664902217420877,0.48660318946855413,0.03629091814174594
0.847653983565062,0.9617979657555524,0.19029944877323463,0.013302297389791768
1.3577803916841036,0.6463160454195149,0.453666895425442,0.03367129979683317
0.13922400838606963,0.7324992248080795,0.09900062580338342,0.006615229119554712
1.5916852667175398,0.759559249835932,0.330700738778023,0.024015084795243717
1.753130951698386,1.3441012289284697,0.3672689671920889,0.02686433402451917
0.22213785601737546,0.05230584839637187,0.2678667490213518,0.01917136949194151
1.5579650733882746,1.7607151507408048,0.31370794741307756,0.022698320034621067
0.8155234941517853,1.080058804260619,0.3370935947970327,0.024511687881130985
0.16478851432562025,0.6288690248315105,0.397112277710258,0.029204264032147275
0.1671433170194747,0.8823400552017229,0.21059384736532166,0.014824203344829402
0.01960896695212977,0.21943888521108557,0.24508879466632455,0.01743390629469351
1.7383368177711478,0.8672445395632653,0.1657323393734762,0.011475042284141644
0.7025110450415402,0.6973042271368508,0.09048048614049402,0.00600848730766588
0.7360025483843977,0.6223459958348099,0.26991565197967443,0.01932817010085102
1.4202209798956076,1.64903505625163,0.24828711884320714,0.017677219753328054
1.919946006195966,1.8291296108892108,0.3190888250794053,0.02311476209293256
0.9104265360837958,0.5581487941768246,0.0913715290702776,0.006071762523535409
0.6430733084661349,0.2856633885845832,0.4277103292702191,0.03161600587083595
0.20778733270274308,0.6543705831929716,0.43232484662801574,0.0319807785788459
1.0907511199639786,0.14635429804721722,0.22188313040889762,0.015675261441355347
1.1105831149787249,0.2384738996899991,0.36522670632623094,0.026704673593595813
0.14754175543011883,1.9398454396857006,0.09261004995378694,0.006159783690331612
1.0105844482789985,0.9982480440694803,0.3028149289737258,0.021856793431072885
0.8432008497999397,1.6310204261645758,0.2874767359127366,0.02067541448386054
0.7761395896141039,0.41464009647990707,0.24607316228573684,0.01750876914783439
1.1090283190864394,0.6550018687600576,0.4022787889014929,0.029610615787086347
0.47458135216632025,0.3863760762855055,0.15887561073020529,0.010968269553539823
1.0604166332172995,1.3613369315339343,0.26305345179660716,0.018803338929808514
1.305701311297827,0.3870602963724874,0.3018350616797463,0.021781196250654694
1.7711035232307073,0.4495187608686335,0.1726914113661257,0.011990860564175077
1.7788539364111449,0.39280679990290523,0.47729260094649384,0.03554911384605323
1.2851388665189096,0.19967112571611612,0.3893507552852663,0.02859449855026901
0.24530466370056625,1.851758244339458,0.17164520051299792,0.01191322055332422
1.0045122514183202,1.8653475269162925,0.2200542724109142,0.015537183479749417
1.012823650652171,1.2963269007975415,0.06519911260880853,0.004232844302091546
0.708169408891413,1.9373303465205947,0.15388757322253727,0.010600553174958676
1.7120668758654207,1.2977220420265603,0.16532196702944396,0.011444670822440425
1.6274880641738247,1.2702173218375572,0.08910990986665743,0.005911243256870227
1.0144058267918756,1.4279002244131487,0.4098230638555006,0.030204627214351437
1.7727180684598467,0.015145246440683824,0.21904059970359646,0.015460685701086425
1.8155845244076143,0.008393575294173283,0.1985590487096029,0.01392040928663746
1.3603642363424104,0.3992500595039765,0.3758426293178816,0.02753527303337539
0.2170787836372725,0.7485351517787548,0.13302102141373873,0.009071491759685798
0.08816302236485996,1.965306084548302,0.36912004922532354,0.027009101369126452
1.3055550927774269,1.6494287902672302,0.39413656528486685,0.028970386197561825
0.31869472116328135,0.598163854805966,0.2659448196715126,0.01902436124529271
0.0589525190164879,0.5179220417775741,0.20949351053478277,0.014741418541819993
0.7078403986391215,0.016880381711489978,0.3152960111906439,0.022821174108354807
1.0259292837876792,0.04472984184621809,0.2221602113272449,0.015696187793776177
0.5441003074513027,1.0693076175575238,0.28436336055824485,0.020436139188224005
0.7709307361729973,0.4176954963928845,0.4516132735948966,0.03350838780847214
0.743029765368528,0.47636552049679626,0.18784974728205228,0.013119324688668933
1.215322615677432,1.4370511225894818,0.1349818813846908,0.009214513653949869
1.8866739920941107,0.08036896008350736,0.3444349983187087,0.025082776527630756
1.5492154633241526,1.5528008189926397,0.09735265278164601,0.006497581275892503
1.7487925184360684,1.0715511579867976,0.43757575552749706,0.032396184121719865
1.9630292133239426,1.0246938328820443,0.16450593631539218,0.011384292245165661
1.2869195165263643,0.2161820986777223,0.0682338096444399,0.004443789989094384
0.7384075892637387,1.1026259518009314,0.31836972151386406,0.023059080302804978
1.8791701660111586,1.2960715210504947,0.31183306698499375,0.02255333280496286
0.23619865150198116,0.7074518574611945,0.09977394985172366,0.006670483016261279
1.1816035792771096,0.28367745323653404,0.4456359285676617,0.03303450201445878
1.7437231146446064,0.5151990259637571,0.22311274431014133,0.015768140939532747
0.6788945670170909,0.3280499030038855,0.06719915974052833,0.004371795922996706
0.7527761658534733,1.523010666850739,0.29616300953224056,0.021343929303797908
1.9935994912063009,1.6529616765987898,0.40223908910370426,0.029607491975536148
1.0492309037468954,0.2057699109777016,0.18829541537433409,0.013152600268501876
0.3371926923174653,0.4644473977265906,0.3414696723593702,0.024852001335865792
0.6676911909032837,0.9495519748294561,0.18889778488391762,0.013197584514289543
0.1688760487220804,0.8970484000127472,0.3080695937207478,0.02226247980091667
0.0257573213633564,1.4493469062129023,0.4848919484069854,0.036154504076874594
1.886887137343157,0.7668590658742167,0.38490965915260394,0.02824597045216996
0.883238202138046,0.34736048333625646,0.4573864038516853,0.03396649449902413
1.8730820451992374,1.4285866338223767,0.09296124113640677,0.006184757534630447
0.4101602683973382,1.8370482405534803,0.10479552711993662,0.007029983876111463
1.7460179811419216,1.610884914335301,0.05114006612373966,0.0032649290406087696
0.6604011820802926,1.9267902501537388,0.32320998891857783,0.0234340394492761
0.7075423832602585,0.10575342909151098,0.4649483011062414,0.03456714568378773
1.9755875996190866,0.2240047426528038,0.16083272575293986,0.01111276653276272
0.3936353755250732,1.4278174162776578,0.22496937831021097,0.015908449595175282
0.9039762427141145,1.965840006075744,0.3854069493802227,0.0282849830320064
1.5072448199579334,1.9048746470957882,0.16330989782042946,0.011295834038755791
0.40479443937138515,0.4220831909146716,0.38372017701694533,0.02815266930776885
1.7967184547089443,0.7287735508780602,0.2938264525576982,0.021163968002703905
0.008326590152392344,1.4351574911602312,0.1812350540655296,0.012626089007035256
1.007200475871619,1.1747593359073683,0.49752642112242496,0.03716245497916121
1.1698144654642875,0.3969191091871833,0.3218670960897139,0.02332997099492393
0.8690695192889899,1.5513372188766255,0.30675810195844944,0.022161181047609706
1.2702210013886843,1.5567539539429387,0.12371723021656683,0.008394905357922288
0.12274532578660002,1.2864660612198542,0.13855759679127397,0.009475688351561706
0.3934479596206977,1.1006440569335414,0.25039912994976116,0.01783801039665995
1.8339611991516156,1.11494257942063,0.39093969604006845,0.028719262161786847
0.2393602397476302,0.7084994080753149,0.4817301439679398,0.035902543707128975
0.6210091760648946,0.4032973737936043,0.31491080005965205,0.022791369890582776
1.3437260047444433,1.1375949568919974,0.17415060274457014,0.012099202309708216
1.1803129249712883,1.3418963528622359,0.07673460205717185,0.005038062769184978
0.7384520391432239,1.3811275772811225,0.27237766471040287,0.01951669422433186
0.7011134016482412,1.4642674300491483,0.40729792304569046,0.03000572121427968
0.5461096574115833,0.6986234087922427,0.0741314683382468,0.004855575538518246
0.8415916304630813,0.46752012635055684,0.34213772305806,0.024903980064465585
1.2084139932915816,0.2574036935909729,0.2782609146661252,0.0199676678416679
0.5963673698674636,0.9066206703382311,0.05720684004309518,0.0036806099957285418
1.7606022532838839,0.5092390495081522,0.45390790515941287,0.03369042222503797
0.499408690996999,1.3066168705570569,0.38500590342172586,0.02825352057506795
0.46624194765958893,0.4503466945863175,0.14581359070684644,0.010007094477141647
1.543530249802328,1.7140139832444803,0.4003254340640344,0.02945693970399009
0.2336124995858735,1.4365528085311023,0.25342459969765035,0.018068506952371364
0.6194707768263354,0.3694923868687441,0.3106805174198079,0.022464234296640326
0.9848148070733351,1.0010832833917973,0.26231178390684995,0.01874667119304467
0.9487857987634296,0.8558108639020028,0.12555814685310074,0.008528509312979032
1.1696900216489852,1.380606902898288,0.4298705211061612,0.03178673311868668
1.9763257134643797,0.56885896721627,0.12240022681367438,0.00829940826321635
1.449702829956928,1.3446095082074765,0.37917635175336734,0.027796442864717313
0.20741474589502906,0.6263730081577612,0.24731955103436892,0.017603588799843712
1.6226490442284593,0.2315725341090471,0.4352150513313897,0.032209383246091405
1.0333330355103993,0.6365241234903827,0.44654226819165344,0.03310632884311677
1.2194453923680528,0.5068775165037711,0.12956816915304592,0.008820001098295338
0.6247506659739186,1.5502899507580366,0.4933081644948616,0.03682573292545907
0.9551801542275682,1.2081504748575018,0.24372078196049923,0.017329901034995588
0.2400982837616772,0.5009616989797712,0.3706477333449702,0.027128614519966992
0.9785132041725542,1.541752208905176,0.39784405300213915,0.029261796895886826
0.0010811849460017342,0.4992976040823609,0.0726341484199907,0.004750808235382004
1.2649157795031296,1.0582051866622277,0.4538849402538099,0.03368860009100747
0.20073737762602661,0.9592374740938407,0.3675844845438537,0.02688900609895464
0.20099544696593963,0.13995331710136494,0.49600904116672323,0.0370413074521928
0.11514115950201886,1.4646662527000933,0.499244418461881,0.03729965055881381
0.5515823159094109,1.008464143751873,0.16111630247718797,0.011133713562894571
0.6462516842374575,1.517396967105022,0.2704908188095116,0.019372201867696958
0.2523863690788737,1.5706219509983057,0.10735149800401345,0.007213429664304105
0.36984714739727886,1.0608612331160148,0.23076921325007094,0.016347263963930506
1.6822759785427215,1.1641777310476418,0.4957961751069286,0.037024314281871896
1.307965161189884,1.61385930857196,0.32428178704612365,0.02351712064021946
0.27252861733980005,0.16880966490558968,0.21912673853511344,0.015467185302202152
0.7817610981894052,1.1600377270004671,0.2605316169525871,0.018610701257428478
0.659735616343291,1.1429500219811137,0.2672159832800325,0.019121584288270713
1.5199605310182334,1.5624175378458962,0.3556410684236908,0.02595611327225272
1.2218872507505758,1.2652801933385776,0.07957952253997838,0.005237988658980813
1.680302195788578,0.015282546602140012,0.4810899545712504,0.03585154165412093
0.8392980768899401,1.8700967799232544,0.13998444312768404,0.009580037548896428
1.3359655053587376,1.135654272969313,0.2803540208001983,0.020128271901377313
1.8941918752404263,0.3312859721060779,0.29576448834689745,0.02131322830481305
0.8990600157870654,0.2506322907001517,0.18355622098036856,0.012799031541138619
1.7044107881612802,0.9314992985050652,0.3983734407501716,0.029303422412891408
1.852321790645116,0.8247665698361639,0.3826497401823192,0.028068722950086063
0.03900092899618879,1.501451660155206,0.4658043352041399,0.03463518425633089
0.4685998912825702,0.8632797975348634,0.08246490112055432,0.005441262105068257
0.8459650635049234,0.028691883961297293,0.1325261987953419,0.009035423110584842
0.10208327686753571,0.28282863098558364,0.12622176327848672,0.00857670432768194
0.25495428380466656,0.24572736226566794,0.2650158515703544,0.0189533307802449
1.0000185522213425,1.801130163304002,0.21520750799427185,0.015171639454778913
0.6646175679894348,1.339675724381837,0.18216655048141478,0.0126954734998562
0.9426740159509464,1.9248542574035952,0.2361085909289422,0.016751914038324045
1.4957368835498328,1.5515340488695417,0.07746833501251073,0.005089577434356059
0.5737198326991908,0.15290135583417452,0.1567475891002499,0.010811293628711655
0.9048148675458689,0.030423614163310297,0.28149509589474303,0.020215861499787244
0.7363867851240928,1.1908107556841003,0.2516447791277686,0.017932887510074595
0.40461242777322326,1.4945272725898573,0.378186495636729,0.027718879148748477
1.7120642596594131,0.47852657104519225,0.05726894024520465,0.003684881283378096
1.562916220359044,0.9126832765219968,0.3764714956064505,0.027584527364458645
0.7993293156003727,1.8996451855419247,0.30242299986014304,0.021826553903973596
1.5373948213668949,0.544460401942896,0.1978081849806983,0.013864143496493259
0.052872111916369535,1.678850664036308,0.15694661045989253,0.010825968462909433
0.5523395310719854,1.515853490620177,0.10670538224945458,0.007167028233640051
1.0697351531618668,0.6436212331581226,0.4854364002126289,0.036197902245313184
0.32472633017928887,1.2245946456057168,0.1251616687052074,0.008499723544356035
1.2744483945136007,1.1877780434247036,0.36643245560797016,0.026798929565501034
1.3443813084225136,1.3296826873336456,0.2754857148179533,0.01975485531876764
1.1113827964732899,1.4370646855687472,0.13241681338102804,0.009027451033229415
0.8209833814479579,0.5876346504270724,0.18008597435411483,0.012540531265606647
0.35337092437991013,1.3061801042271945,0.4778676487987083,0.03559490101725891
1.2536938795668489,0.42153870470434596,0.4948572337280618,0.036949364280884626
1.2215306439693743,0.2696503863940165,0.055677273089803095,0.003575507296021593
1.5767916655001593,0.8284176906027478,0.12640491752463426,0.0085900089522311
0.16579711389020924,0.8984121954741597,0.3932942308951744,0.02890420452321764
0.007432798443736122,1.7983325923250404,0.10403157922154263,0.006975213775240886
1.8339780311819596,0.06896448276292477,0.40000520408364426,0.02943175121313091
1.1018233860259032,1.495031460853352,0.19803986571242632,0.013881502866108609
0.20218437045401472,0.9559349669784007,0.08734098567189542,0.0057858886295586885
1.1211646665469257,0.9132264904001288,0.46902114312710586,0.034890936852175695
0.948888743376834,1.933067271201161,0.17698985979713017,0.01231019001956041
1.3666229203874047,0.976350443178742,0.4428846428494242,0.03281652621747806
1.4686552706410034,0.03561337029239753,0.4563564443697724,0.03388473625448378
0.27954025370302427,1.22687697707473,0.4273741753306243,0.03158944383265604
1.8753083865242721,1.9358367033245438,0.21107763708757982,0.014860611143610754
0.6362466104562834,1.7009305990898245,0.10725024212083478,0.007206156598332434
0.750720766794045,0.9576555358810284,0.20433271214507143,0.014353544084382594
1.8923623142181611,0.3655070003862668,0.3062069278620251,0.02211861763641909
0.6414117793907363,0.1298282103329509,0.15718223096535158,0.01084334359393152
1.776588488203468,0.6701959825619359,0.37219173121496213,0.027249438461165263
0.5000676123742747,0.7208426662501806,0.24559649094979996,0.01747251488609424
1.3568371133393777,0.8259097211159356,0.41774817707676015,0.03082943752740924
1.67846167494025,0.5416356874272914,0.2800778869107724,0.02010707939344911
0.3474431689944002,0.2444032379879535,0.12943744185421424,0.008810488499335807
0.8975410635047942,0.4747245767100299,0.1408462357282763,0.00964309841910003
1.448202094964548,1.5318584625264149,0.22714257061613408,0.016072782522943984
0.6157574407214197,0.2571258536916663,0.3854448831062488,0.028287959087769012
0.6749733715879824,1.046920027277796,0.34287365044691676,0.024961248151500217
0.9413629724082737,0.8644580593935027,0.3793624224884135,0.02781102466375468
1.3922301199699205,1.3718977638910226,0.3952941870622125,0.02906135572012778
0.2265786400214267,1.322084974907192,0.3730323437637245,0.027315234269363567
0.6698709604923581,0.7297275230032385,0.39474009348927847,0.02901781102558122
1.615550139711129,1.4224849234827888,0.296789226981853,0.02139217716748254
0.2738528990287421,1.801146735818143,0.2259938860892065,0.015985907464272173
1.4735826051404681,1.8678303528540443,0.06604497341929896,0.004291574407688641
1.8880429115150636,1.8838620860281865,0.0754896954638117,0.004950737000128937
1.7380928887234028,1.9029238228409422,0.20322376181198337,0.01427028539164713
1.1492774344933512,1.9053013528555078,0.14631604311652835,0.01004396117209225
1.4711326714255006,1.436936988386596,0.22589168852922026,0.015978179732131805
1.7636939544843722,0.42920676709764893,0.17635506801692186,0.012262997673331624
0.19144922810001908,0.8081477987410881,0.20291558339732546,0.014247153275624267
1.0925935914959797,1.1593992339663879,0.12289249671443085,0.008335094937233976
0.34268690015246306,0.2092701070058871,0.39367284914627354,0.028933951108277865
0.1664498274876789,1.3472317960295908,0.11982364528604963,0.008112783658797135
1.6364851203926398,0.10613901458385189,0.3023296071631522,0.021819348532926046
0.9000538825876123,0.7187539571147887,0.19115580868493148,0.013366298938395527
1.4907108251516619,1.2004140941530248,0.4695627887283719,0.034934012362605134
0.02529586450807897,1.1859493278143662,0.3443612135353428,0.025077032591043904
1.5129529455579154,1.1508304710545287,0.23814402245555566,0.01690633834186204
0.5046352775235019,0.2593405782794369,0.3365496546326376,0.024469408622729383
1.5076948352279147,0.9497278673727676,0.1679696821007419,0.011640717916071049
0.2756241612092274,0.8913751980136702,0.4927313976107677,0.03677970794708728
0.981107923266515,1.5972927380454853,0.0846034491584658,0.005592239704393625
1.541205081046133,0.3032402369061269,0.259367807815368,0.01852184362408469
1.8260863082514038,1.59636006998122,0.4485194250962632,0.0332630521318446
1.8561056544489805,0.6790830177195468,0.4791283561996363,0.035695295919535484
1.7733542513020613,1.1322769841222455,0.22244081063675264,0.015717381705743237
0.11195512979517885,1.4420023268211575,0.18538685634177365,0.012935532749940906
1.3857921523323946,0.6674687840425024,0.30264073507790945,0.021843353062386356
1.8991515738057494,0.9213062962384941,0.29267899960825716,0.02107562743029965
1.7235504940809043,0.3869101916237687,0.053026426787689034,0.0033938314425349344
0.08501518933945107,0.3740508991678053,0.4453249045933326,0.03300985588764738
0.9417344224773101,1.8127766574175679,0.13311245316408374,0.009078157424443768
1.5002075036888058,1.4746261529906628,0.3855399084675513,0.028295414304251202
0.7266783746725496,0.16743643402764574,0.07452754333594974,0.004883313411776952
0.32680185621258806,1.9100494508285777,0.2977394351251494,0.02146540079287481
1.4166337430353921,1.071403885887546,0.24925045354173808,0.017750548243063765
1.8251653355923416,0.7482645831869126,0.3211770911763588,0.02327651020608447
1.1402417965814737,1.3289445758601948,0.05996014456256438,0.0038702866194515535
0.08812053322704516,1.1688187506828478,0.27640613862875557,0.019825420477928683
0.6992113750377076,1.7236775493945888,0.20428185144810534,0.014349724839278082
1.4325518370570167,1.5155029256536678,0.4492911367260464,0.03332423634160341
1.69786011737892,1.5222843900221004,0.4171954036913522,0.030785830545156836
1.1157018864395574,0.456907644244015,0.20587819595707657,0.014469629179083942
1.4664682595975023,1.579979598520345,0.24734983275502287,0.017605892907963532
1.6185618696656632,0.16475129184435922,0.12290446780370737,0.008335962893849374
0.48626864072958775,0.6456499671945695,0.14799457722986442,0.010167184291441223
0.3228672418231564,0.4053170523484444,0.11164987257867551,0.00752260715432932
1.2562739934710938,1.4614779240580187,0.4774903263717912,0.03556485695522379
1.3990073492385189,1.34922639956487,0.10117622314218727,0.006770750496826213
1.2852532630378497,0.750713954613424,0.3949047517050795,0.029030750623098633
0.452691885001292,1.4875390891794846,0.4763768821814528,0.035476209212367896
1.5832741837827333,0.1527329650529936,0.2700900529024924,0.019341520640858756
1.2410565063768162,0.9149515359060982,0.360277651367262,0.02631802112217852
1.7372461493477718,0.971554336068911,0.1347046056213355,0.00919428086474026
0.8513127477096964,1.2188749002688333,0.23070971642183674,0.016342758548293507
0.6020980886122573,1.8115894517375715,0.19043382592604574,0.01331233898800778
0.7499896238468984,0.835524164857629,0.19944348518835053,0.013986703147896202
1.2784215167071313,1.3058411424094558,0.13286465841315565,0.009060093133427947
1.6820458113562773,0.8904940731842264,0.2232205562175037,0.015776286252740062
0.5358627932430564,0.6878835409550288,0.24427903372399856,0.01737233812759914
0.004795424243395852,1.2213070743343646,0.24459127180602275,0.017396076711035307
0.08973008026545282,0.1529009260968579,0.4764589597190394,0.035482743392983754
1.3837818644032938,0.6080539667853015,0.3676192409540473,0.02689172398731516
0.09108042119179749,1.8355511307400956,0.09645340015610113,0.0064334419296336485
0.5886139750561119,0.41619611382532806,0.4179955497595379,0.030848953461948818
0.5055903208005257,1.651943877669812,0.4177762124605147,0.030831649278518284
0.44810741357722383,1.4457313060470844,0.23345133726770662,0.01655045158674897
0.5946487849332016,1.4365339575416158,0.43844273935566186,0.032464805427284964
1.5008956860748477,0.6099024041401231,0.34680572093111517,0.02526737566977352
0.4121292286937226,1.0840059468570993,0.20141223844382833,0.014134345829190827
1.7006195213380493,0.17280834827665315,0.10911462533743452,0.007340148111966588
0.5398974892921453,0.5121380330234224,0.36036629847611085,0.026324943604825946
1.1253187418114223,0.8788274435160073,0.1451114136708231,0.009955587975182418
0.7772245454837379,1.506303299667822,0.23852675252191252,0.01693538553847872
0.11011509954918042,1.3108967615668297,0.13298866955197727,0.009069133282002316
0.8894491365844133,1.5400282023558776,0.2357200420947086,0.016722445995538543
0.3169050902828159,0.05041509429523483,0.413036151015591,0.030457845151359072
0.17310345740505118,1.062195590745206,0.45674102364856767,0.03391526269245173
0.067729565906818,1.8928905827484972,0.20216134600413438,0.014190549851966936
0.46809845796632077,0.11313120592402837,0.24008226167095525,0.01705347353908556
1.3187525956641528,0.491884280133013,0.4123653557004567,0.030404969651144885
0.9703149865743674,0.7467339782530189,0.20704236702022383,0.014557112673267342
0.2306985037198861,1.9383374789970214,0.185183985158816,0.012920401073561905
1.4997518575928173,0.7734150481230533,0.44903658131501,0.03330405342607985
1.8011630976575075,1.317069839224908,0.3990605403243504,0.029357454430063445
0.9925430480548996,0.7953107900198961,0.3785912003378382,0.027750589542204683
1.41225874179262,0.5555398156849529,0.16105023735390828,0.011128833287074834
0.17110333877398576,0.9737227042802383,0.23392277727955285,0.01658618280831193
0.882425657132277,0.2262651044015993,0.21051013652049377,0.014817904235323382
0.5465094411079019,0.6181847858584912,0.07657116423643427,0.005026592577867221
1.2980345603637127,1.5546584515772766,0.14458734754952351,0.009917157570606776
0.6385219316869915,0.1548620756049821,0.4317690468339505,0.03193682890539161
0.1414720076471454,0.03090905672709332,0.35233050666608273,0.02569790672379076
0.644756822824331,1.4154560744889018,0.08617053373200129,0.005703040712075495
1.3751899737606235,1.611219909665048,0.47763811023819774,0.035576623957987316
1.7620553779418546,1.671482924884167,0.3308940478078249,0.024030091576850626
1.581466704010015,1.2947403944079245,0.47189103307319225,0.03511920990930631
1.235549588707914,1.685397667154699,0.35280968479114033,0.02573526979413198
1.4941732255346014,0.606017007764555,0.19096849041525127,0.013352297687889784
0.4967263558509303,0.8555013426275773,0.17935177650175083,0.012485884345109218
0.695217674180457,0.5862398753084028,0.3497638739265819,0.025497837850976725
1.7063508530427884,1.6737196518855477,0.26645671386413333,0.019063508857558538
0.5442740683716722,1.310451991415705,0.41851841808518697,0.030890206653287428
1.8833353979327914,0.2304358421935584,0.30593355681735046,0.022097509018154975
0.40611672206477767,0.2284484061009724,0.31521561099675904,0.022814953247490163
1.3431462384889599,0.8265476878647373,0.22160105540130648,0.015653959765756537
0.8214709742418498,1.9567895033748894,0.33683883021341426,0.0244918850105141
0.8356870876951852,1.3700767653929016,0.3053483375816269,0.022052325106848163
0.3510847516980231,0.9285512015288617,0.22024150960763328,0.015551316177471932
1.6029802164525597,1.8318797543727345,0.4520040429544952,0.03353938326263916
0.022395441906829294,1.2695978509605723,0.2400282823242031,0.01704937475785579
0.6788616831837013,1.9112368251430611,0.14912094782180033,0.010249926603757805
0.5778123031508631,1.3219665179111344,0.39932021029412845,0.02937787598416597
0.30178286665519694,0.46937219406227904,0.1679815200257012,0.01164159492337204
0.9366791890342263,0.740266763781559,0.29826400077659543,0.021505831057052484
0.4977929332245725,1.0898294111646736,0.22764339372888936,0.016110669295657565
1.380385193157063,1.1211593102255102,0.3990751288683731,0.029358601711092606
1.9560057940787918,0.24611451252382577,0.23053232994802342,0.01632932637884541
0.8714539318147885,0.29589287783603324,0.3487127081301,0.025415928731622663
1.0808418290316448,1.5545053097907504,0.42095506221020024,0.031082499494109045
1.9319426249443399,0.8595288737231497,0.1684478861007779,0.011676148832989959
1.1310642699716467,1.3230129720189456,0.25862601527839657,0.0184652215968082
1.2910919602194197,1.2760782686864884,0.4366783411199249,0.03232516413269893
0.2588549741351256,0.5178621647230184,0.3933521919771088,0.028908758175267203
0.10627219156705325,0.4845777671584379,0.4444387674149841,0.0329396432199694
1.9746997179132255,0.6447022392442403,0.3861997966265069,0.02834718933777469
0.5624843874150067,1.4375935899027517,0.08446054709906403,0.005582142792172378
1.9673932186480805,1.8206996810483196,0.3840023842521723,0.028174803404763128
1.1775699650736793,1.345366632911045,0.20553646173148832,0.014443955485982936
0.21236437742735048,1.2879484063003706,0.39776025826811384,0.029255208504405286
1.169807573493254,0.909999781411106,0.224514271486694,0.015874049062322516
1.6984313819160493,0.6293044583954124,0.12426674493314899,0.008434771949136546
0.9879330429120676,1.031205851580402,0.11332761910164406,0.007643510481680646
1.0025124089796529,0.0741241103321244,0.34895940820948507,0.02543515060895252
0.8226538271456267,0.6471968277390263,0.250364069734715,0.01783534044265444
1.2328794554809133,1.4084424484832414,0.3849995288639979,0.02825302050288362
1.6827810705952166,0.45534954348520307,0.22835793813523686,0.016164733826976245
0.7732553117066878,0.20386211675783938,0.21115816340566956,0.014866671744835021
1.5032793553004522,1.4761276496102622,0.2611151385489707,0.018655263852726308
0.07611300596159531,1.8933319645144657,0.482107942935349,0.03593264406202111
1.7686916834013735,1.4752760152371176,0.35962685807001366,0.02626720405420592
1.1598809343947611,0.9634029066211311,0.06085618172799908,0.003932146204772423
1.0408008050334188,1.0457145264586667,0.1909366744909865,0.013349919675876462
1.0381950680910377,1.4041842142119159,0.172092861900001,0.011946437820725308
0.36445550498767765,1.6219359308605608,0.32370054835284856,0.023472063155828077
1.4136757095427213,1.1973033318309945,0.24441039134137998,0.017382324622934306
0.6487158472576262,0.20131152338659808,0.3886879650293316,0.028542466640843017
0.307637584845865,1.1724621408705136,0.4821751219591911,0.035937996582906695
1.9103765523429737,1.9788643563101154,0.3618723280845593,0.02644256789820889
1.0368646873189782,0.43121365723429594,0.47698661354176475,0.03552475168975647
1.4661462696849146,0.4753540555757587,0.27116035269703875,0.019423466020294555
0.9340132039978473,0.37277372418583,0.4153683605199632,0.030641727830144228
1.853809057318421,0.6152077416385127,0.11875083840914062,0.008035160362960392
0.7660146992974282,1.5924197149306667,0.25021352715350714,0.017823876408971092
0.05785470060998743,1.8257309925396035,0.43704356876766537,0.032354066470089426
1.5666144938574715,1.958547661953697,0.4220632721652418,0.031169981626779447
1.6079824533179228,1.9928410581273766,0.4715940464231729,0.03509558292933846
1.5484782699882782,0.00884228340306814,0.3898103375009641,0.028630581336234688
0.3334767003472807,0.10977273565155432,0.4285763638839121,0.03168444437967041
1.7972879700818638,0.6097050066220855,0.1644088525134783,0.011377110332855708
0.08645445314856182,0.9169467377281844,0.09506677367065935,0.006334621527167349
0.23222311413003327,0.2824081532991938,0.16375946070017047,0.011329078182724385
1.2445259636990673,1.7276639686085253,0.05357796426747492,0.003431580486379161
0.9990966717826408,1.7501043014399988,0.2064010876810191,0.014508918501897937
1.279001081905853,1.0837137289616612,0.29814375254750675,0.02149656263623942
1.2089110378199415,1.5631778810978574,0.17380709542927308,0.012073691991313492
1.7852682926122971,0.010641014841715757,0.4993280487127054,0.03730632992354813
1.7894399998744615,0.7792784372030022,0.406203761985519,0.02991956025049837
0.15609717290193448,1.2901237568617436,0.47627957051628306,0.0354684623457569
0.6170855659638832,0.047277503305841684,0.2967419454419607,0.021388534044898617
0.00915078755156351,0.5840285687354263,0.46126133747053516,0.03427420054851327
1.9534432790492886,0.6253076774807893,0.05837423088003285,0.0037609569757085545
1.836943664761216,0.636296018203218,0.11028080301670146,0.007424040752554618
1.1678956178581177,0.16320149298811515,0.14476814072825575,0.00993041426962879
1.2945790426916846,0.7373798551611783,0.25686249089329066,0.018330654434806706
0.8494377151731705,1.57956334846441,0.20129600720229568,0.0141256265257697
1.133573676424183,0.20238177495532228,0.054190738825960386,0.0034735522421531747
1.9801350006586305,1.891732557210988,0.3519057697497468,0.025664791541848846
1.728157558146811,0.21128197591737763,0.41771516196876024,0.030826832931937765
0.1777302572787658,0.5909687094231486,0.1376431009689525,0.009408847688029114
0.5871500773279321,0.46980280059514823,0.17187773257382832,0.011930474098789693
0.7930396702111029,0.3568686320544092,0.13604760843843272,0.009292306315228295
1.7840493257979049,1.3869943021727544,0.3663221950279435,0.02679030937262277
1.969325522660142,0.7803404558007621,0.07700561633534497,0.005057086472443663
1.7254636311019467,0.06453037280435692,0.2637947988310288,0.01885999316958226
1.8845904091997407,1.0407423429535043,0.43592497295723737,0.03226555151524092
0.8168318384737792,1.580390247165731,0.10817388191016816,0.00727251782812261
0.3292362518905394,1.5485211877670764,0.16306375028840944,0.011277634667164669
0.17348645268530993,1.8095405186092088,0.27281598925423295,0.019550270487453184
0.7568912822835552,1.3211692290984676,0.4860255646650132,0.03624486823544892
0.6065160073537903,0.25323315619546416,0.4051383120106273,0.02983567556130043
1.5239524585291127,1.9793986385204503,0.4066185146437579,0.029952218540533607
0.41652827205226806,0.613002744808895,0.12494148736543387,0.008483740286802176
1.8209920698345872,1.710138499622915,0.4156493816704682,0.030663889714574205
1.6527736967283535,1.0676612689584812,0.15700080146720147,0.01082996445774892
0.678402243042747,0.5980735446604335,0.19189542568982015,0.013421591430237708
1.4352882069135746,1.092826783060845,0.20052847433296417,0.014068057345488827
0.21651315274276883,0.3775781990664655,0.40865171806335104,0.030112349453737593
1.5579018733973926,1.5817353763970974,0.37332740811235476,0.027338331756452738
0.6932681714860405,1.323537733708317,0.4615677375020509,0.03429853921284382
0.37133149571879587,0.6058155536098744,0.21757749173279262,0.015350313955381034
0.734654151595916,1.9872180044295387,0.47280130024125755,0.03519163323765705
1.8674684314789465,0.24485417698419853,0.35363890876954324,0.025799935343718817
0.49199112478839724,1.7057871463495915,0.28999914477053623,0.02086940290045686
1.5962663212529815,0.7926671990838654,0.1220151855924259,0.008271501937711489
0.46667451286726136,0.34946545369968773,0.13659309308898657,0.00933214021643347
1.9712976716682271,1.6131899736380462,0.474402267136882,0.035319033844410354
0.3817171800265833,0.25878457227101337,0.1078435519668802,0.007248779931851925
0.8091148477967849,1.477493047214165,0.10925183792110033,0.007350015730193077
1.5851100343641227,0.2647371278939523,0.24573904162911592,0.017483356375586265
1.639117950511479,0.35608706523952005,0.16915539154662582,0.01172858179523484
0.19164899684210024,0.8366242717591863,0.15728771468829553,0.010851122758844667
1.0896307764824953,1.6908862862852723,0.3003517672799246,0.02166679168577278
0.812438039772172,0.24712280816220877,0.3254932823027599,0.023611053364992328
0.5038780452817595,0.3623235115805421,0.07933733672935495,0.005220949663781676
0.4929477881674744,0.626163602162275,0.2877048208652967,0.020692950774872466
0.30743166646531117,0.1652272569379456,0.24336813525662726,0.017303097050130497
1.5398142972648807,1.7489032877416562,0.3896589537765511,0.028618695550808294
0.290865808363878,0.1606903220906093,0.4396425206116662,0.03255978291197615
1.8136993179746892,0.7236978130984337,0.42654141343978985,0.03152364729548012
0.5822437955368982,1.6501156981485974,0.08705092670923177,0.00576535025061688
0.7547959857019908,0.04690642945116097,0.2286372792661725,0.016185872774370533
1.6308175600768993,1.5354933799673267,0.08749622106158922,0.005796882409441808
0.16853381346250762,0.6562628740052596,0.2727058218932418,0.01954183116558693
0.060325714615415915,0.9847057922610265,0.29290078942528036,0.02109270081436298
0.6117339545376892,0.9700717058480397,0.18302649292235734,0.012759549881319944
0.8175040479765039,1.5532465535560602,0.3500665170421517,0.02552142361069465
0.9672610453372597,0.07472399581288447,0.27322582112474975,0.019581667540083725
0.8036839609919832,1.774854288755406,0.1466086764472752,0.010065436733202426
1.0885061367474087,0.6416231820707394,0.3802300517929704,0.027879024652294786
1.970855020169188,0.025433409652887873,0.27192345142272595,0.01948190479484894
0.8639110535080015,0.585204778590239,0.3550730921250932,0.025911802253859983
0.740182306649207,1.8330628085231007,0.3513928444519385,0.02562480431110175
1.740961424492629,0.5779417690833917,0.13051739474179952,0.008889092971087725
1.0254364799880322,0.5638816361200987,0.261434249187511,0.018679636720723234
0.8389581492694682,0.9727219335316655,0.3809481478846981,0.02793531315350941
0.9164143314361195,0.860669181340832,0.39874901664566154,0.02933295608894345
1.0034647200218036,1.5644820859526103,0.19580370610873904,0.013714010678181565
0.7767333987196781,1.8624553465927738,0.25856933060832366,0.018460895239747532
1.0676173267933822,0.8788605151148126,0.46319224625708616,0.03442759949591171
0.1374271290845026,0.39679943330427525,0.47874231751456403,0.03566455225944276
1.1073537781480165,0.50207202646222,0.09032778134189594,0.005997647656374038
0.15144426251921583,1.8089239130309098,0.3813564143030416,0.027967318688695172
0.24261649130215712,1.7196436425477135,0.4266875547535198,0.031535193283465164
0.35431651748935167,1.945935162522308,0.323989544052773,0.02349446533615579
1.0174689563682695,0.6041160660053222,0.43624560117382905,0.032290921359773975
0.7791999945479113,1.9369800063856615,0.2964186488252856,0.021363624567571383
1.1865823068176191,0.7911209901951222,0.2295349006117104,0.016253811704504878
1.9245526518152212,1.871468467364151,0.3889925931176556,0.028566380507235676
1.6948298209293096,1.2855942523348858,0.09573012353753188,0.0063818840150234755
1.8994333204866423,0.39498484964598934,0.06695088558730083,0.004354531589024451
0.6029647844593162,0.6439368707711162,0.06766914701984025,0.0044044896475153306
0.2432818138511017,1.4668496653280712,0.37550952782695374,0.02750918602076268
0.3848651011534199,1.7891581475591245,0.2268697496947057,0.016052146314538433
1.0362892706310556,0.3678512827252274,0.2583399208742339,0.01844338661656218
0.1188100665049523,0.013125359676503079,0.2222973582522545,0.01570654639069574
0.7486645967027168,0.3263397055394095,0.3127102787235689,0.022621161398572988
1.2668724660083865,0.521365744310412,0.4590523703547061,0.03409876590091166
1.75057688098775,1.7767850978002264,0.28604468544333866,0.020565333376720084
1.2699642740717894,0.6203400577667404,0.38484517175607547,0.028240911649610154
1.466428140454584,1.125310993698872,0.3251204452313526,0.023582143041101223
0.12200468628276795,1.6942029171306483,0.3230853751134735,0.02342438115424674
0.5367602372684821,0.2046435842091332,0.14512666077451813,0.00995670620733361
1.697234905440948,0.2416029702457767,0.21621247348236095,0.015247387914905602
1.448006597693591,0.14720076523337422,0.49304215059091144,0.036804505024297336
1.939885062159525,0.37401571505532316,0.1535359880252779,0.010574665144709262
0.8340769136029274,1.8750107944863952,0.3359766731813153,0.02442487714886961
1.6270459096752459,0.8119763007004146,0.18786130221134084,0.013120187362818335
1.9380959144079235,1.0061421643735389,0.20411907822701747,0.014337502269951978
1.7683033404266355,0.5534670387216627,0.48016279298303777,0.03577768565309234
1.041852599920062,0.2091731939395629,0.3880726548420871,0.028494167602065357
0.8208843406473805,1.4371861655361369,0.30575108761609093,0.02208342020070775
1.8641593515827342,0.01680010268567167,0.25046747690861026,0.017843215322988215
0.671508890265798,0.6639028069406254,0.3365090780387549,0.024466254883276008
0.7577057480084868,1.2508460178610483,0.4414906378918245,0.03270611916894536
1.457923308023773,1.7442666684964967,0.21138640976807754,0.01488385097254909
0.9963245404613532,0.26434252381548706,0.28139355111477493,0.020208065867907996
1.5799662166819797,1.3259263855452574,0.30006638385636886,0.021644784899580778
0.5413532545922406,0.4445786765280053,0.2143372892948241,0.015106067135540068
0.04627805580480682,1.6467508531031334,0.4244740554626309,0.031360343638797056
0.040262968324293436,1.9484097165005314,0.4433605494424579,0.03285422414777109
0.10500110220789005,0.9759023736351047,0.05339945435071039,0.0034193597307788787
1.316734780403654,0.3100557620324804,0.36405952407209047,0.02661345293669194
1.9863520707546727,1.792822710327889,0.14822860316250996,0.010184372090351895
0.6246189045343755,0.47964659315209746,0.15157729213119422,0.010430516950440115
0.8080212758899588,0.685301642470219,0.4618965303690014,0.03432465787582382
1.9564858729771928,0.8115700007155571,0.42118979702083464,0.031101028143210356
1.636791893331365,1.015769032322412,0.4340834352605759,0.032119864019213934
1.8709461075499512,0.306339945897399,0.31059649642942794,0.02245773989640885
0.7383436856798609,0.655528453331288,0.09313281427857946,0.006196960781918599
0.5196015746636067,1.4982307240885355,0.16685880393185393,0.011558438027507155
1.6925306767247887,0.4422697028049982,0.34784240791005655,0.025348125938789105
0.1136102389236493,0.7463954866207656,0.3400425945093628,0.02474098883225681
1.7918205340436162,0.1800668860318082,0.20553878419334753,0.014444129957175804
1.9285237119708862,1.076046146090699,0.1585933575572448,0.010947440440069402
1.0643530227645535,1.345356685170867,0.3285368077787377,0.023847137961652266
1.332182339882377,1.1590617810532413,0.4626764125682975,0.034386615322856966
0.7085629391708805,1.045590248032808,0.32396177394825,0.023492312611391394
1.6011989173350527,0.9336954477016404,0.4202270099458103,0.031025035668893124
0.5225934874932108,1.0787915785698898,0.42725192988707483,0.03157978466278955
0.23974509890905948,0.3140821168648089,0.43896847378949205,0.03250642158770704
1.4213673955490642,0.6539268319069227,0.23024730010111966,0.016307744664400388
0.590957163388901,0.604521740977479,0.29382964695792946,0.021164213967753937
0.22238958234560302,1.3232168721557247,0.2855402980717716,0.020526570379926688
1.1098073653574427,0.07485716953620924,0.3890412728650083,0.028570202076897575
1.3260831890266125,1.8489939346277042,0.2583526238157936,0.018444356081016102
1.850469750156632,0.1845770262078401,0.23545337545371858,0.016702223593920068
1.0147110313696426,1.61569153068235,0.19218694436610662,0.013443388907371845
0.4266302160185085,0.3961993388742624,0.4388417912658027,0.032496393319976245
1.18995083093309,1.9969237779514788,0.2218434338869169,0.01567226353549822
0.2551718984413065,0.2996004194229922,0.46963877162046025,0.03494005533688465
1.8915835717507168,0.06026239475878992,0.09417849198833167,0.0062713687062063185
1.8818344696430056,0.0023655129351787263,0.18094665077372335,0.012604611656387927
1.1951791055400554,0.14178126987174156,0.41331636243494885,0.03047993459650483
1.59631744677502,0.131771256770985,0.10601422937799676,0.007117413877965488
0.6371967509724255,1.4332988769317843,0.36949297994682134,0.027038273187381515
1.5301148456186897,1.0694407111961939,0.17330434433734762,0.012036361823938389
1.1852364520020722,0.021688553571764357,0.3742587340516183,0.027411243735430055
0.4570843622575098,1.2031144023284506,0.1470257736269055,0.010096051467580521
1.426415573411802,0.4361208283975353,0.2685445843086594,0.019223234457420264
0.7199273013844947,1.6339807502738262,0.12049614615352759,0.008161467166158159
1.2935884939748854,0.5589125823243712,0.06549150695988838,0.004253140018595884
0.303162960890234,0.36337687262670326,0.05716976310127163,0.0036780599748289016
0.931924275831761,0.1863324044167851,0.4844748756506812,0.03612126154665694
0.9798088640889704,0.12236994155184422,0.23188274625003408,0.016431601359915782
0.45476676864380394,0.35250464936796133,0.10605928027767861,0.00712064717496968
1.8400508300794387,1.3278231657796173,0.4212696828084435,0.031107334041654777
1.5540813097044697,0.547837336952226,0.06666592854984559,0.004334721868385515
0.13588141696161027,1.0211422331649667,0.13261521274638266,0.009041910838055394
0.1097720770972197,1.0688607891262,0.3402142467981147,0.024754339979883352
1.8794667715813111,1.5492732351143257,0.07552244367339112,0.004953032905307396
1.7982700602999124,0.6868393903842209,0.32507910688774455,0.023578937747185263
0.2792984779369374,0.3425085566858048,0.37391189003981373,0.027384088422407433
0.7537884198771647,0.41207253416578227,0.43827391140391275,0.032451442050661736
1.2247843086917658,0.14399401112781218,0.17214509549417872,0.011950314034611418
1.200958925124407,1.6802489857536371,0.4586660950895755,0.03406809416047056
0.9304096453290762,1.3480053984257443,0.18422984993234182,0.012849249767671416
1.536922515267623,0.4559269292628516,0.4856884559361776,0.03621799470527451
0.8032421822536879,1.4336672410951534,0.35539885544900046,0.025937216281247087
1.5467679775912488,0.7331322276629004,0.3497513703604772,0.025496863446055743
0.8915975861754013,0.9449807196832869,0.4061902241929071,0.029918494301741393
1.313276375350486,1.097477955509214,0.42710988727899396,0.031568561468208495
1.922884083804698,1.8002801081523343,0.4723376884786307,0.03515474582319813
0.010662860452009593,1.5236516431871805,0.2938127745609711,0.021162914815175512
0.5960953046355506,1.1027390755383013,0.14190022768851507,0.009720259483068533
1.0145784696368148,0.556282372759435,0.1304359954653127,0.008883166748550306
1.4183791229802898,0.49393458176199134,0.3250000147072492,0.023572805173343616
0.5385649817956712,1.535543086118857,0.39186095939459814,0.028791615785986446
1.8148670595747103,1.4361489794377977,0.21159814092813167,0.014899788308781336
0.6868285878202027,0.807612835429603,0.05803471764779132,0.0037375780638632494
1.1687572937548818,0.8812741329018301,0.29718928006033574,0.02142300353582449
0.2127873339317603,1.3558340858571551,0.27987449555100047,0.020091470594261907
0.01160729420350326,1.4065342960974434,0.148929682110509,0.01023587332375334
1.7274163089550707,0.8149484901303836,0.30385211528041567,0.0219368311876602
1.6964490944516788,0.4085721052667868,0.33669335418806506,0.024480577611403823
0.9832399312610256,1.060340109554019,0.43190284416863906,0.031947408526066756
1.3337523740441888,1.2428358551659686,0.2377810924577765,0.01687879684140929
0.3424846363370928,1.7436287802810913,0.30042418418133987,0.021672376203473794
1.6166391609243063,1.337144997846609,0.47787720360980657,0.035595661834366535
1.5991864934685658,1.3753067808770008,0.2505859068078056,0.017852234521041673
0.6824815460715661,1.5858385297792756,0.3098350259270268,0.02239888758533292
1.4853823110383018,0.2859929839544475,0.05827393668593596,0.003754049729534512
0.811200529595292,1.6329397580708858,0.08658026925040102,0.00573203417837612
0.5386323559913095,0.20146844711147005,0.20163036308203458,0.014150709792867323
1.0253909977393159,1.4376638057155293,0.06825444742671531,0.00444522679852418
1.1891108637536216,1.5133011532714988,0.2720292541547218,0.019490008155515312
0.49841159857712203,0.2714313872782388,0.08166146814071273,0.0053846106043492475
0.5268141128963808,0.7549952361371288,0.26716808664533703,0.01911792040642194
1.216427283521478,1.9794327470808284,0.371655635105294,0.02720748289307662
1.3705058248362152,0.9996623904765778,0.08813300037414873,0.005841993219998412
0.8132817315568928,1.6288892922419909,0.29135875961886354,0.020974013827076657
1.4475772508442635,0.09846632407441525,0.18901556993298285,0.013206381721057824
0.9117920414446277,1.1334361534059285,0.3976723925167243,0.02924830013056127
0.6569005003125663,0.4628612257418043,0.4500136236729441,0.03338152440563602
0.6939524235427073,1.4892561076846809,0.39362977442436925,0.028930566792895542
0.9701600498596841,0.7100548635675672,0.10525006736951587,0.007062584546403293
0.9845256799943809,1.0568679212312693,0.09384986508365191,0.0062479782290297825
0.9198395403969768,0.7470527440213219,0.28288741562321285,0.020322769964268354
0.5299365105006213,0.346913234811824,0.20354954763697863,0.014294741765722027
1.8688115643553462,0.5024497861098198,0.17743591430189054,0.012343358054042585
0.16448743727329362,0.22486434435063463,0.4062998990394335,0.029927130031671086
1.0448298551382804,0.4494541838771109,0.46530458845014466,0.03459546276160006
0.22343109697506347,1.172083511405445,0.1668599402441796,0.01155852217197098
0.404917497047957,0.5567975265640788,0.4135330772469829,0.0304970192268971
1.8244997019812872,1.9489417117083807,0.33667874686423327,0.024479442248163553
0.7230702368395217,1.1728480681166258,0.39040119411372726,0.02867697506930155
1.8302988856646543,1.8818970040703726,0.06138578012871687,0.003968737631861861
1.8633407607569874,1.5530927970569215,0.38206537002439356,0.028022902001814575
1.7710110239663752,1.0079465784234665,0.47599422348973525,0.035445746836072475
1.8083648010445905,0.7302588430821049,0.2784597894647891,0.019982923933686825
0.7766075392054901,1.637508493808472,0.14349759983892255,0.009837275854497639
0.7597804221758702,1.6565540153564677,0.4249802451929464,0.03140032324923001
0.17381796785385228,1.8685077893791195,0.1955581861504972,0.013695628825250664
0.6855662641866203,0.6339454783640144,0.3326310466755778,0.02416496371088405
0.619767361820446,1.4938432373513935,0.0816901220358087,0.005386630382859532
1.300515960039834,1.190008579330622,0.19162872228470257,0.01340165144538877
1.0194478069453603,0.7811298710565964,0.19153833383370322,0.013394894019438835
1.7307222401897278,0.6538375119017217,0.340267217978852,0.024758460182244563
1.483167529038927,1.402966298717641,0.3841598000321464,0.028187150337594554
0.14589903380375646,0.5710396608321642,0.1644831327954917,0.011382605296066694
0.5611623120995568,0.2627337053087906,0.1814554775608358,0.012642505502482814
1.1387181333804521,1.8893319475582337,0.20042092569066028,0.014059991819767862
0.05320676125938406,0.016880212643379133,0.2207528376145973,0.015589915530170617
0.3487166018045764,1.973451749837245,0.2786924565793163,0.020000773257551164
1.3339979513652513,0.2581004467054193,0.4422514280035606,0.03276637178191794
1.6461149829610644,1.3979586225452487,0.3016029796713825,0.021763293502716014
1.598353889225873,1.976478237767318,0.48199427521693944,0.03592358764934836
0.8816119474309048,0.8864076437566093,0.47269752199010884,0.03518337587184924
0.17779859426707278,0.7103027099727652,0.12319943976446768,0.008357351499532924
0.861299508288218,0.43181318207328223,0.19688405172060486,0.013794914029762314
1.9967355146931836,1.3543012313466631,0.19429696467280372,0.01360122747553816
0.45531046445393497,0.8445195772426204,0.2762243912428303,0.019811485356824757
1.610105903958488,1.7643117098231131,0.1755682365971114,0.012204518509671762
0.4924650338475953,0.23501151017322885,0.20235625574319277,0.014205175893072677
1.823958901079391,1.6658307152693304,0.4189615218853579,0.030925169378452647
0.5262352431134398,1.191953075321859,0.13728866250016608,0.009382949944137922
1.5231338243290282,0.9418957649899635,0.4784996718383314,0.03564522912279254
1.6174179068657608,1.623318657530763,0.06729520280616051,0.004378475687654647
1.5517221161598578,1.9508418237091643,0.45511033728678163,0.03378583722206807
1.3576570173764158,1.2191594050961896,0.34217727218593025,0.02490705746586747
1.8102691478871407,0.9724191252466279,0.30445381117218895,0.02198327159617988
0.550380935344549,0.021458473733681815,0.4530554408638973,0.03362278832142824
1.8576647347211797,1.338713091210467,0.28133404344950935,0.020203497531721085
0.9939606166781376,0.977552712793847,0.1704173517092889,0.011822142721860024
1.1288659046143334,1.1171522324124454,0.13817941571648784,0.009448043326267018
1.5737294640027297,0.8310603676536898,0.22099626555818042,0.015608293694013899
1.5569614480173766,1.5936551072551477,0.411906316496314,0.030368789264740546
1.0813672339056775,0.39264642072966915,0.34802556513211935,0.02536239426298864
1.9831465918584743,0.399919038469158,0.18191516991535317,0.012676746466311574
0.32491151006246133,0.7110572357640397,0.3892117338440075,0.02858358425736352
1.2105375219999532,0.18318068180787606,0.08787800385733066,0.0058239260115821164
1.7445043152469286,0.8822010767770041,0.054016451689000336,0.0034616111633481964
0.9670479400378331,1.8230541064661525,0.17843200483656296,0.012417446805331103
1.0442011639770492,1.6228458814689322,0.337471986819894,0.02454110222785845
0.8127984266690045,0.6383470862423306,0.21680727667083144,0.015292232176696662
1.334675361035485,1.5179060802200037,0.13124298052960462,0.008941930034174747
0.09778330811464708,1.9988950627350748,0.4075656091726674,0.03002680289777876
0.26822084180225403,1.6250404029488594,0.4150921652160802,0.03061994752958504
1.5501671680244324,0.050774816137347134,0.19216711904989742,0.013441906453586852
0.46522096995207773,0.09672134194683046,0.4067279628112905,0.029960837048327985
1.2852756341896727,0.13226408581633908,0.4256069802820545,0.031449828262043615
1.8613629640702007,0.45302175296881786,0.2126804273607188,0.014981270871186551
1.592139543643727,1.9983659446551927,0.32643779230513814,0.02368430225303012
1.9256295997180624,0.4271733240604789,0.3704777188451262,0.02711531233263549
1.9964154694561098,0.637522478980936,0.08532949258952241,0.005643557292512664
1.983113114535532,1.0697217832510797,0.40669342016786186,0.02995811696684915
0.8976571748561695,1.8090589811238769,0.4803587332694488,0.03579329307953631
1.8724536219173982,1.1549815123055498,0.4961031626050258,0.037048821359239675
0.7449349282892683,1.9323177861162288,0.06413733024375794,0.004159196717834347
0.9722656642885097,0.5707720453805136,0.3397004717607377,0.024714379847176466
1.0223958898589913,1.2834459738996693,0.13417058985150832,0.009155321879772705
0.760698136271116,0.058472643808221925,0.3108175312301295,0.02247482503542265
0.842914461939781,1.4213799130888511,0.49672809441430305,0.03709871343843499
0.08291126422244588,1.8292598072174675,0.05139615728537313,0.0032824097746141576
1.2262996278927116,0.38334952171125636,0.49423446036727525,0.03689965746818915
1.9770939693761513,1.8037073676384747,0.42174467750221467,0.03114483012778947
1.000089328960469,0.26953441828863833,0.09690696228631837,0.006465787192380481
1.6671461818620625,1.0074739538125181,0.22753465045543148,0.01610244248540733
1.054603178742303,0.3912075832708468,0.14267783124343572,0.009777211966785253
1.487952842783528,1.0272478286693183,0.10791095784546963,0.007253623390248381
0.5399526055130066,1.587613480034698,0.39255501359371264,0.028846132748993468
0.739115411605247,0.15787548806046092,0.41622223447480666,0.030709069222328748
1.1314602392632755,0.9349016407186488,0.3174188920054128,0.022985468782247245
0.019852929799836883,0.321879528696176,0.42369430435129324,0.031298764185408244
0.3844911561557294,0.6057325348129587,0.05995211336375044,0.00386973245771882
1.013793882236606,0.4657544682746051,0.22465524753104754,0.015884704620328958
1.2079018372039743,1.0565871554662885,0.07828798641710566,0.005147164159165825
1.626059487112447,1.264684536725993,0.3394323234120928,0.024693525597491894
1.4691044305168648,1.3134711545137352,0.4517660920510957,0.033520509002908955
1.1455272471857403,0.30492820751694083,0.26950498224442576,0.01929673533242863
0.5898310570063046,0.5162584528080334,0.4303687660388999,0.03182611950962069
1.2213615078976199,1.1577695015089886,0.3330387337714936,0.024196626297596023
0.07451874437029216,0.3042297349006424,0.17090716761264224,0.011858470262490314
1.2185953414505428,1.212160834811766,0.18472908980556474,0.012886475676446962
1.7716953288909298,0.02128448479708367,0.14193160721028644,0.009722557335343508
0.6027369296766185,0.4143751214078828,0.4953764790037262,0.03699081127341327
1.2725579380240337,1.5781781462875242,0.2642629102768808,0.018895772222521926
1.0496816657895578,0.612803205959078,0.37170568605938686,0.02721139976820476
0.34730931156328904,1.7124497728754657,0.3082502905280049,0.022276439037682127
1.4334254910260193,0.163816640935444,0.4169950525920082,0.030770026305821017
1.8929278132523883,1.535408393550741,0.05900399008852085,0.003804347060642082
1.1964704258795398,1.397865284226328,0.33344184829977414,0.024227936390388883
1.6587150522552028,1.6272125582364538,0.4052948339969829,0.029847997850730335
0.6895081044793441,0.643318598567221,0.35087782771248816,0.02558465808523384
1.4908566202556257,0.22368606840633642,0.2048629938595795,0.014393368045576154
1.6006660895101248,1.5557272898433654,0.3460995277814827,0.025212377965717576
0.9109766004284439,1.0144489074276393,0.3149486223464761,0.022794296132065923
0.34543188605291,0.9436434481186022,0.49242767346512567,0.03675547279073196
0.7320333956353422,0.16646522086731674,0.05495409353855988,0.003525883714205059
0.815797489486932,1.7293345590631104,0.21593586690927258,0.015226536490432804
1.7825732282412852,1.4473167319146718,0.4619218060350559,0.03432666577846544
0.06849224127228792,1.886573857253387,0.23572278159319743,0.016722653750898275
1.7081795855562376,0.05370809614537664,0.16133021448531593,0.011149516336259917
0.15013101791015693,0.02398629291446741,0.12927114477406443,0.008798388561513337
0.6897011989827257,1.6423457556847854,0.18081003911782134,0.01259443903064738
1.5350573943748491,1.0703790745288102,0.26566927765235426,0.01900329104997398
1.5744878122892227,1.5915776407241176,0.06031143700043445,0.00389453119460897
0.15319584570135625,0.7629829568508659,0.3813714059926954,0.027968493988470622
0.28475977255197304,1.973948996414932,0.23430693679885345,0.016615302571147347
0.08964277577250623,1.804219043016767,0.14115188004959098,0.00966547006220933
0.3769551851700894,1.8015989918795976,0.2960743230214999,0.021337096887096334
0.5097030448739948,0.35419690812952,0.3271744911517728,0.02374144507008316
1.2468421731856656,1.1810980316160837,0.27826733561183015,0.019968160393777867
1.4807560371274717,1.2160867930566774,0.14444786644381874,0.009906930869783193
1.0445168735388286,1.776732338629763,0.3077891269669342,0.022240814229341373
1.855756161991089,1.620519969301205,0.212718352073538,0.014984126645018457
1.322040082779313,1.3299282372899723,0.23075662353282572,0.016346310597029505
1.5790073190769842,0.40054971984850796,0.28156750961367427,0.02022142084741755
1.3243160298597574,1.0810251380248412,0.3818225552167162,0.028003864113204435
1.1788182079328318,0.40187160468506344,0.2848735371896975,0.020475335964185826
1.9000408531930284,0.5484185779774455,0.4331584338533407,0.03204670150307479
1.9573574379458112,1.8591002414657012,0.4341576941974483,0.03212573795886482
0.11382474362241579,0.6646163785882462,0.09651734208823982,0.006438001240812939
0.6106668784350195,1.8075420857666114,0.380715599182988,0.027917083846721553
1.1314295882102368,1.0261003568928666,0.3481791937957449,0.025374362651349142
0.4376960640244829,1.5020917390290496,0.3118564705072825,0.02255514226342043
0.2857807717033094,1.0170205054107868,0.1411819002493985,0.009667667571819628
1.2613262432686714,1.0896168061644715,0.1518951363345686,0.010453899673519791
0.7844880068330691,1.1913892706046256,0.13436777680732925,0.009169706360410645
0.8657903663280035,1.0524081211412246,0.4183212464426064,0.030874649814962126
0.28098008179456735,1.8195046831744182,0.4366096027485712,0.032319724699201136
0.7403607824278233,0.2760835236759509,0.47350825786945344,0.035247887345760065
1.4765189888702182,1.025061061955101,0.34464264747532763,0.025098941882492124
0.17813446830523794,1.4164966734702746,0.1377531396520119,0.009416888817491554
0.537843288976497,0.13554012107845148,0.051865041157987846,0.0033144312569224183
1.9681504061506947,0.07160713804236507,0.11796971928285827,0.007978672639540984
1.780390262035477,0.8504230607596768,0.06298226660730076,0.004079174467683336
1.631121258786038,1.8924009153847852,0.4433336522336779,0.03285209346801599
0.7252238353345073,1.3307990203935116,0.47888726017953404,0.03567609511979538
0.036898888493411386,0.6830301496760838,0.21550982046510064,0.015194423451042511
1.8247121718330133,0.38880842778355507,0.45359569330170785,0.03366565054294661
0.540984765372025,1.9230430542872667,0.3931657473227411,0.028894110510233332
1.6416127296067564,0.5089718170101569,0.33971047012309313,0.02471515745493601
0.02473171702985777,0.5762341073467847,0.2779320492585961,0.01994244155543087
0.44314733402387363,0.24124777247560814,0.32745275846195704,0.023763031476481566
0.9215319798479831,1.0448493083192776,0.34175871596231744,0.024874489964718933
1.4715984241624265,1.995370081264446,0.3556115655906371,0.025953811470383333
1.405798902103477,0.17135477493280593,0.14906983753222278,0.010246171144878899
0.5049565770616065,1.5006729475128928,0.3883571983792666,0.028516502313580567
1.526783843901906,0.32135964421068874,0.4549758601180599,0.03377516536943051
1.3600039962920663,0.8321903242058593,0.46201928336145454,0.03433440946265201
0.18051838923264896,0.9097687373647503,0.4615421518148216,0.034296506789661896
1.5754386472982895,1.760596515996911,0.4329541688741562,0.03203054672065969
0.9133381582813969,0.8684115545194553,0.2534726452468293,0.01807216885848611
0.1164377817004274,0.7371664454082416,0.2871853255790669,0.020653010823520914
1.95523752696477,1.209303893920769,0.21420194605551474,0.015095870462695537
1.2796832270638692,0.4272435688345402,0.3817203659214369,0.027995852213926083
0.4593851667019393,0.7316328991513401,0.4550272375499501,0.033779242559133095
0.3701067984742319,0.5039373282649018,0.05833288137400921,0.0037581091421143714
0.972685863560008,0.7198616018864301,0.48174001608624595,0.03590333022711025
0.48975615505016745,0.9650431044896781,0.12410193620459595,0.008422814006749166
0.15453234443106356,1.7069172109477486,0.2754810082179507,0.019754494524598983
1.1658049172033231,1.4125396691652696,0.2618574463538812,0.018711962621953432
1.3583977005900592,0.7906619124672438,0.3796947431231306,0.02783706885139474
0.14542242012875595,1.9752456337650237,0.20289162099402447,0.014245354740164787
0.7061857714820359,0.22816961889342813,0.24491584750528228,0.017420755505422676
1.1794187166142382,1.4321363994815492,0.2200423288020636,0.015536282002121237
1.940880560072314,0.25370255887019555,0.3110282048581247,0.022491110076027516
1.3604938220324332,1.9557327405447908,0.20512832301717976,0.014413296838573886
0.20963811703453006,0.664978121871941,0.21122851086609162,0.014871966391664021
1.6868523756690563,1.9031314796431513,0.22445209739026606,0.015869349831219685
1.5624240568607348,1.9449961604678512,0.4564891048840951,0.03389526614022972
1.7148028161554283,1.3592711398066755,0.3533244246215536,0.025775409626755716
1.591048811097992,1.4073647239872307,0.18889894414187458,0.013197671095862054
1.9684001450538195,0.6012195191739773,0.23757764197343123,0.01686335895725477
1.9319800513111387,0.7877983022303814,0.2524125301511882,0.017991380803665153
1.2361623447843688,0.39118273386996383,0.0805237569273328,0.005304454397555874
1.0634103490232207,1.9329580921179534,0.352564162876213,0.025716125217532287
0.1579244087507241,0.12515149111013368,0.06215526205363249,0.004021942061001878
0.7260794799974264,1.815213392915797,0.2537255625529011,0.018091446343607258
1.2434289220553012,0.1039221652331237,0.07268060982874351,0.0047540569107291635
0.4934291336986538,1.8228454763594164,0.15068272657806675,0.01036472496883766
1.2946718484849729,1.92869751653839,0.3124815280501682,0.02260347245627676
0.8583556141947009,1.9674593056728933,0.20570839358852944,0.014456871956430221
1.144868607128816,1.3359102946526153,0.28299906520926077,0.020331344488035117
1.1701661356618343,0.7929963874506194,0.49705683897745984,0.0371249608404547
0.07810799652559575,1.5850186079883062,0.19966032861233324,0.014002959973575667
0.219123321692535,0.49266486397071807,0.12606175625610405,0.008565082245482915
0.6281083528249007,0.5553195093994983,0.1028700947881172,0.006891996109081315
0.7830937130342897,0.6513140688168493,0.13726732968118444,0.009381391366823939
1.4764452936443981,0.09239065046935435,0.37654266399532244,0.02759010180284361
0.7551439668216424,1.1724314185630431,0.1465196839309603,0.010058905502181938
1.0604069811650145,1.59810988917943,0.21594035350158003,0.01522687468837983
1.8227645973507587,1.432392384825286,0.28052313573597026,0.020141251713549108
1.926760681554467,0.9215173441016418,0.28043389393473755,0.020134402210903762
0.5191456268828845,1.8615520554840126,0.4862289299305962,0.036261080667304005
1.8753224540913989,0.24510509655557855,0.22446666769871076,0.015870451073531494
1.8909673344178177,1.346100389702721,0.05646261604489766,0.0036294468239298073
1.4353737167860003,1.6739141141712848,0.05517489383192615,0.0035410299742664533
1.212805595047932,0.6101536808648109,0.3711625647163963,0.02716889825922912
0.294566578952683,1.8734987858433032,0.44801443671866115,0.0332230186787451
0.46259950438845676,0.846814818527609,0.2301870980650771,0.01630318655942149
0.4758744289934651,1.2108491517143392,0.1447017396533069,0.009925545263607493
1.0748132376659176,1.6856933627762958,0.26276622724743637,0.01878139199542764
0.8032784966594517,1.6206987239520694,0.28769742183094676,0.020692381885725003
1.3603664705288097,1.6956887822169586,0.4063010934100609,0.02992722407656479
0.7374780657953603,0.5997642796378433,0.21648394359333517,0.015267853927389528
0.9915199294035622,1.2378074395556515,0.41882104812512544,0.030914085140581755
0.5183097912151344,0.5538826502011662,0.34327941444209703,0.0249928273515391
1.7842328589261616,0.15052437603357416,0.3738944949397434,0.027382726560875797
1.798945886436277,0.14071824559174706,0.17944501647939176,0.012492823415274681
0.7287965113227639,1.5289285288312802,0.20595304533126757,0.014475252830239085
0.6804323982343383,0.5404248734608186,0.31763406901729135,0.0230021260714647
1.3291697312183064,1.4314963513379966,0.15391675428584212,0.010602702027611717
1.0426127366752433,0.36458078873132393,0.2917982187107475,0.02100783371917343
1.989106836676485,1.301937664037861,0.22834422281406447,0.016163695975441282
0.5173403200543825,0.24074952114653758,0.3013840980686729,0.02174640990171364
1.6290344162616726,0.3655533739772252,0.18505241863115462,0.012910588452228063
0.2257685403710521,0.80617326303359,0.07584364658682602,0.004975555374227169
1.8897808935136928,1.909451409388766,0.2563908658993132,0.018294677490716744
1.031077494124223,0.21110221101481352,0.27103622023633245,0.019413960918992442
0.5976331615081145,0.31460528454558934,0.33341489877955965,0.024225843127123257
1.8067874297409159,0.5209941545543431,0.3249831668367332,0.023571498852577425
1.2782974524735022,0.8299366870707674,0.4337745718277384,0.03209543342555004
0.2588324760841094,0.19594861482230708,0.4472554301708095,0.033162853541553385
1.333583653342654,1.0563298499487705,0.3941416015464265,0.028970781922783476
0.488677874068165,0.19976151831849953,0.24414130010420654,0.01736186729305192
0.5141499822000277,0.09443283810717418,0.21800059318406306,0.01538222600029189
1.2440738057183531,1.235171531067467,0.33425764660263096,0.02429130781222139
1.7579845160909293,0.6536438851819897,0.2228992652133665,0.01575201315041259
0.3005170909335033,0.18696330619077295,0.4213800531160094,0.031116046414851932
0.2247230596087717,0.8545133103258715,0.30943989987227494,0.02236835312870865
1.8987701451773071,1.3926390586483135,0.2979348891027447,0.02148046459817183
0.9254172467305952,1.3303147996114895,0.49793567004238054,0.03719513375773747
1.3128780427000633,0.7826677616950506,0.12648724694763674,0.008595989929893499
1.1944855793778113,0.007527194784412661,0.2617614350229996,0.018704628483341482
0.27657642430609397,1.2920850624554672,0.14658220497326765,0.010063493942238768
0.35249950565196997,0.15516594153783791,0.4225411342250678,0.03120770896785957
0.0496123807101283,1.6491763679188682,0.3447365142720415,0.02510624957354228
1.8469872773697569,1.0179236895017805,0.1132850751686846,0.007640443107087224
1.6184527484156996,0.8262841131394589,0.34515257041839503,0.025138641910299978
0.7944606220777817,0.21419326137835926,0.4186726600734066,0.030902376695366548
0.5253801083764742,1.3261418746393503,0.1271377764501257,0.008643258317702423
0.4419951830773641,1.6031188668618879,0.24795297401320726,0.017651789420165816
1.1730047430986827,1.9031475396381188,0.22821502676614414,0.016153919797450254
1.1663739571522476,0.45935062479886857,0.2713323404456073,0.019436636004615152
0.7881642442271637,1.3320758998583768,0.3401384289435986,0.024748442795432864
0.3561171282297677,0.09504343330556697,0.4043127530503716,0.029770688363589315
1.1838237931615017,0.17451311606392195,0.416912789220469,0.030763537299169343
1.5873237208345339,0.7508391583309522,0.303717899515218,0.021926472941041907
1.9282687994562948,1.53145741638598,0.45838488417761797,0.03404576605438826
0.5439010655790513,1.2336276787795384,0.4522669872787378,0.03356024079727751
1.510381994462509,1.053295776858908,0.2724681890380423,0.019523628207099214
0.030408450777258844,0.41928335372944026,0.18340900985110392,0.012788058820276364
0.10589749372765822,0.6310327023320339,0.1557786434645177,0.010739866843862708
1.3661324063122775,1.3727052474393113,0.09443944747281212,0.006289946588848569
1.6699019938853792,0.3675657992555692,0.31377331806931696,0.022703376323354264
1.9450004842139412,1.8022690464007487,0.06731243677033721,0.0043796743740164585
0.40296898380992197,0.4542886365479748,0.49452206694775525,0.036922612323130106
0.2702298685241822,0.07490383018737079,0.28073257431477155,0.020157327171111718
1.8111980866250739,1.0509465442923307,0.14870831327511347,0.010219609766468556
0.652903677331159,1.0390145654460061,0.11915583439304922,0.008064458319374137
0.8196795108221024,0.3627944370691776,0.4257422525377542,0.03146051390687531
0.2189510768095555,0.24749856967409323,0.1005840297987731,0.00672839481208999
1.013772279726594,1.6195545980260295,0.296896794616946,0.021400465584805458
1.3872804655284559,0.40022880487858536,0.3093317289851792,0.02235999439371152
1.75077301704826,0.6772757656322383,0.11715464358991966,0.00791975681080862
0.14524282059737437,0.6937333324363026,0.377210960657331,0.027642451320711553
1.8009776409705753,1.2401775435424411,0.3105402557503946,0.02245339284233364
1.2615174006089054,1.4995901885477085,0.3960158176301589,0.02911807300145625
1.1787195521723655,0.4268167693747633,0.0868243726946809,0.0057493117879591025
1.315155464046008,0.07368781718685669,0.4253260181334147,0.031427634794438136
1.8157654238429255,1.830373521719381,0.10953568746990114,0.00737043143253816
0.06186966045565767,0.17014811380483463,0.29724477498625607,0.02142727996219009
1.410911677571369,1.9445663234643167,0.41382911620303797,0.03052035834454709
0.0004878448409089131,1.976415687056022,0.07665766332081306,0.005032662939584063
0.6902971130015831,0.8354168268724191,0.08418726302720456,0.005562836870276047
1.9140158878898084,0.10664748056682805,0.3462175949368753,0.02522157239375814
1.442342921448613,0.30456965730516017,0.4408603961356426,0.032656211073585316
1.0273904542773489,0.7474118569813888,0.19496762843858517,0.013651420838690705
0.24323476635502428,0.9513141601092743,0.39861348256539103,0.02932229804928389
1.5021368202771257,1.1752049627352876,0.30885038528575237,0.022322801763587186
1.2188298552383052,1.1969156216349155,0.44895415765153995,0.03329751847651416
0.2701454419687195,0.40056073550823834,0.3957723025290722,0.029098932888962214
1.9298408286798125,1.731662264355098,0.20819570629386858,0.014643815671933812
0.9121083293873946,0.8413568562015776,0.3931556594164546,0.02889331798697867
0.6887196090188605,1.567035745047101,0.2652140865810402,0.01896848672310533
0.6748628659885811,0.6195210441832579,0.36855194564489446,0.026964666422842506
0.17801747652533817,1.927567754073666,0.4701935293521881,0.034984177663575526
0.5495623963458913,0.08221771604846895,0.24402265231694092,0.017352847735270186
0.06417018993123413,0.39832452296000875,0.0834456214475087,0.005510466055124852
0.06799342362234895,0.9580935653969034,0.28845444747465687,0.02075059250276229
0.11117338830813495,1.196247064973629,0.4718492268672753,0.03511588392538755
0.5751623487282895,0.3382983393949317,0.39417489795081057,0.028973398202946553
1.878857893749045,1.9295701763389694,0.4289112154058749,0.03171090862816078
1.177206994088272,0.042919992282446806,0.3847618943278099,0.028234378923692648
0.33133289526576104,0.9667478311721853,0.2830719029993387,0.02033693844885055
1.3354105051524428,0.8156905369972469,0.23853223411682706,0.016935801586039752
0.5255873511502178,1.9581913682668446,0.22222519497010162,0.015701095901059222
0.3625431879002696,1.3429705554158795,0.2779300048521676,0.019942284741539792
0.907553391324796,0.529283676984692,0.1261800652443712,0.008573675500243811
0.6521908524909601,0.8344449855232754,0.0686611945132661,0.004473550775968732
0.06165730531979219,0.4510456472396278,0.40675325236036086,0.029962828499367298
0.035246031357195395,1.0600851692440478,0.19721030512299947,0.01381935205053616
0.9597740313304786,0.1776434681296455,0.293065044161677,0.021105345721897796
0.028086655326802212,0.4366402356283081,0.05547503254758068,0.003561625324509067
0.11813671485295574,1.9790096180380714,0.4977891300429584,0.03718343223536817
0.6066745184015503,0.5737016777701387,0.2288390767814817,0.016201144770986387
0.40209693828230053,1.4144743257382255,0.3971024030144463,0.029203487724238936
0.6313314659029703,0.37412420105838295,0.10277842659442468,0.006885431045945433
1.426822685780059,0.9279908978527454,0.3142656693529804,0.022741461038869433
1.8073494919666044,1.669483575591742,0.4233886347612054,0.031274626607314636
0.10728085032317902,1.576372162050696,0.052911933416625284,0.0033859985245434728
0.08705757381530899,0.05129369802285466,0.44703347838353025,0.03314526113770883
1.6963302203702568,1.4732044364966987,0.16599532932878225,0.011494508774717273
1.9799613379109997,0.4875876301355604,0.49421314868694277,0.03689795654749922
0.565075927561548,1.4893606511872721,0.34064010697150626,0.02478746547164717
0.415283209364649,1.955953584584706,0.24084271760245118,0.01711122353324233
1.5996156738874356,0.26752034183057405,0.08671456081850909,0.005741538902535817
0.8137283965966979,1.3273032061142898,0.06799549424271215,0.004427200564150144
0.3862599324406786,1.2362796252869652,0.2144123598024803,0.01511172309101187
0.7444200532300491,1.959717375534519,0.323475885956125,0.023454648875892357
1.326898914642179,0.8541426232039309,0.3973404664198626,0.029222203659491058
1.2002891651918381,0.08750437266410538,0.1418079993539999,0.009713506011168379
1.7156931840312784,1.169264091875058,0.42196350824376,0.031162105609506965
0.4653673939496623,0.8062195387308968,0.2977709605428282,0.021467830437650798
1.9995300595639733,1.6532461943623527,0.23530131062182374,0.01669069261481681
0.9268038078910523,0.17562624242636438,0.4970785964629715,0.037126698029230513
0.19939365790079577,0.3322402457670628,0.4736201834875345,0.035256794034641936
1.2111623806515899,0.3127393509062306,0.45143715274811397,0.03349441867518356
0.06933507194869404,1.8567566228938435,0.35671046699773656,0.026039556303000925
0.16877252361864548,1.1971120682023804,0.24786970071493353,0.017645452213720485
0.09283372030151327,0.8275745116434958,0.3778481059357689,0.027692366624452038
0.6878982935447737,1.2822988160068418,0.25722042589032845,0.018357961813847613
1.522429689333754,0.2361451890424502,0.2366780999440639,0.016795112379147943
0.47931137968956894,0.770226309625331,0.06239365040466094,0.004038434239886773
1.4249777297385215,0.10922283898150953,0.24111255690072286,0.017131718500585504
1.9542441339799064,0.779822785416018,0.3603013975950165,0.026319875461594613
0.043568960168735016,0.26995358090601385,0.1435922756223375,0.00984421421256838
1.235169482934848,1.6546412619880917,0.3231541449621967,0.023429711185920066
1.5802462659841492,0.5911508402012036,0.42347312193114706,0.03128129812121412
1.9390476132477772,0.31561928189480115,0.2606334219457267,0.018618475443681042
1.3608345374862374,0.3805900831992486,0.4872400795108762,0.036341697215043024
0.7574187338763223,0.2777636892900428,0.2880810200376174,0.020721876909945976
1.4711627972215588,0.8545447018135515,0.19343134035422377,0.013536460682676955
0.2797893834251983,1.2334657762140093,0.07040698790850106,0.0045952504453734755
0.7062407569030338,0.0462230661948404,0.08122626789314916,0.005353939884599655
1.4726726791107327,0.41138152362682834,0.40721945606295384,0.029999541709876187
1.3609304781883618,1.3829382694733288,0.10597134478090944,0.007114336144281992
0.11629160161478813,0.07552458062708234,0.24709264730087355,0.01758632452415414
0.648247866967474,0.5533299184522622,0.1656633993720703,0.011469939704480478
1.827099498308048,1.6035986112705087,0.36264878423452285,0.026503224073110225
1.2482629708586719,1.2810431095923032,0.21609886736368072,0.01523882372560954
0.16485511847475331,1.9579478783053044,0.29002983878253447,0.020871764173754533
0.799259362634763,0.4757219312727725,0.32910103716084427,0.023890921550029753
1.803351754502575,1.017708144551543,0.12786101980351533,0.008695829786768545
0.00642289925374806,0.713968974744772,0.24872932647149215,0.0177108779138405
1.7779417658902157,1.1354190213415658,0.09230111403242774,0.0061378200956708415
1.9865512612489458,0.39459099103603434,0.3262639330383277,0.023670817974012267
1.9972728087502807,0.7862110846901971,0.35031764010082894,0.02554099534745653
0.8406284869104839,1.7864957025328914,0.0936601862201153,0.006234480142847061
0.09581910830761386,1.994654412717864,0.25182671032094206,0.017946747343237257
0.8593228867416929,0.31558700127066897,0.43701428814398846,0.03235174928265972
1.4836230376989052,1.1640487372449706,0.29243624749803565,0.021056941391806402
1.9076991955713944,1.7466453200822725,0.16783745158483587,0.01163092196822174
0.7416939666716187,0.20505141928974302,0.34648817401686705,0.025242644437105898
1.7480594951206092,0.7861527853344858,0.23125533967075157,0.016384079037905584
0.6116194440491489,1.5634998251664187,0.3508096145272017,0.025579341083354468
1.8856254517717441,1.720117871114436,0.3983743774914827,0.029303496071817495
1.1327125916344962,0.24782257481882053,0.4491433899014141,0.033312521854245415
1.6660374817475208,1.0753714224904518,0.164211019824061,0.011362476284171039
1.526483653792556,1.4964496928069582,0.42792031820075255,0.03163259939861692
0.8766655060050859,0.23480064136092005,0.11674080015062324,0.007889853923090235
0.05246488881875466,0.2195233847938569,0.24679227468775888,0.017563471952601405
0.6080756163040568,0.3456749884310195,0.12045816908394441,0.008158717439567016
0.0473030469457536,1.0597107981873577,0.45443880193744196,0.03373254762332615
0.3669464911721183,1.7883833805359126,0.22774330996723396,0.016118228548769802
1.0006469229037576,1.2541502588487579,0.12748453677788776,0.008668461235346642
0.1725206560823207,1.7171548618233714,0.2561948219565731,0.018279724024191923
0.32575299496919685,0.12826567763307706,0.14823360135286837,0.010184739197841453
0.6330934625071445,0.1301626848369899,0.3288565463334947,0.023871948690432916
0.5647720740685782,0.7837648389006873,0.33669932019917825,0.02448104132426913
0.30860071613022244,1.9866328445191679,0.4183590861452977,0.03087763532746
0.5031017304491596,0.8879559800946077,0.12611188640471044,0.008568723330663235
1.9604153797475896,0.5831105327573529,0.4605929914865529,0.034221114841303885
1.7398810956561621,1.2010917651194397,0.41135452323406585,0.03032530190469442
1.3852231429532467,1.7714818024908252,0.34039728907815,0.024768577555283604
1.8966608235582743,0.4457623927364467,0.33921092006519005,0.024676307624779344
0.8217280984386373,1.8355314583608564,0.41572944169132814,0.03067020359561918
1.813444505948679,0.10250498694198829,0.13577446164925924,0.009272363966386848
1.7674205725632823,0.559369174992902,0.30314039330898784,0.02188190688079146
1.3628696096750859,0.8306957896731664,0.08346866520886304,0.005512092802031321
1.2378162435755373,0.023949099334418023,0.3159032572168337,0.022868162516583645
0.6098526220445344,0.17153111283746503,0.2722006812030289,0.019503138100390793
1.1038064938610643,1.1264261986948778,0.05503868419291916,0.003531685892604231
0.6311657877416728,1.2721938483569608,0.47035576021162984,0.03499708127762887
0.9422572040114072,1.6257355978411405,0.46370966632100935,0.03446871287407883
0.07483466830485908,0.5055768272327206,0.22793202656644307,0.016132506697463144
0.6206533911681129,0.7358931766230541,0.48515282126556636,0.03617529779238696
0.9357911233401619,0.5341857217343002,0.36117417299282617,0.02638803620991209
1.6988854411884315,1.150113481960851,0.08358304407552332,0.005520167700473955
0.9297565490960624,0.37085663598903706,0.19189996275091248,0.013421930658539681
0.2973238491873522,0.27402420697319463,0.20057860495008234,0.014071816953633989
0.9462113285320692,0.07824436699514692,0.28059943821961364,0.020147108214618327
1.5302664256303533,0.6583477160665152,0.3163231762665346,0.022900659298518616
0.5414375211846447,0.036130882034503875,0.26602706083696376,0.019030650369083166
0.6812346796535409,0.6778384464892284,0.24583023917927876,0.017490292503394313
0.26198291244863214,0.690212981229557,0.1497075853287541,0.010293037643701012
1.8346313552245779,0.2940887711972522,0.3972482038696414,0.02921495012222702
0.46134920999167917,1.6057875886101027,0.32200708812732654,0.02334081838287909
0.5160829589047251,0.11625110337323563,0.27313476634043543,0.019574691589196943
0.9069494220395422,0.9542749694897434,0.2804365374119649,0.020134605101378104
1.8978011922740576,0.5719243872165187,0.21407607356667124,0.0150863877090796
1.5824164409102468,0.2904012568295087,0.18404528980081236,0.012835489770200154
1.0633467825606477,0.14329177753988964,0.4903442676963844,0.036589258772187674
0.15076223328331295,1.741698646600286,0.3503743003870506,0.025545411404797044
0.170798306372955,0.2568717473587301,0.08885136007159011,0.005892910354919087
0.9197811722296629,1.9538244196242744,0.41424428853296075,0.03055309163908012
0.9836394962584656,1.6229872435543402,0.2363575316448317,0.016770795781133135
1.975448825953678,1.667923080527416,0.49964654761419197,0.03733176843902122
0.5210288443340803,0.8402622587710964,0.1501498994685443,0.010325550304191819
1.1552953228653091,1.9218584761037139,0.11081333008867236,0.007462370156030297
0.4454839136376323,1.3698810269711423,0.1813103935401249,0.012631699915256091
0.3236326598885366,0.7435911911121382,0.49113309205822253,0.036652185423335856
1.171285332559858,0.7871925469369678,0.26468812248676615,0.01892827615892087
1.2066394304082135,0.2211052986591966,0.14316185337823117,0.009812673069137521
1.751391903745115,0.6615296035219369,0.20645267783625293,0.014512795283575788
0.8153047523854084,0.3719518929949468,0.28435784579851625,0.020435715516749664
0.8342090202989174,1.3334932847120975,0.11280361667013512,0.007605735981721759
1.5655175388888385,1.6033829021377077,0.24493708383030127,0.01742237026721958
1.448682970765281,0.22886441552270287,0.4738559421530309,0.03527555544331741
1.6344996940290728,0.17750046532220853,0.36602380599263923,0.026766982159686148
1.6133534706736117,0.21824299105818712,0.12684138875503248,0.008621720296517194
1.1366885059022942,0.13421814341579963,0.17464363968997187,0.012135823402980332
1.4508955830728902,1.7570257623422625,0.14285124873266108,0.009789916167152508
1.632893110610818,0.983906571856074,0.4204639856302443,0.03104373896999853
0.4539284397445629,1.4276810394167343,0.46563388343272494,0.03462163586547779
1.7700093923136895,1.5886787300849803,0.3524476945723617,0.025707043920681585
1.4126464765594744,1.1268163147243144,0.15946019058791688,0.011011417238426578
0.14848698760589651,1.4156397855559286,0.35979798496452314,0.026280565850055792
0.9374872158417669,0.196254685136952,0.32570629450709915,0.023627571664185665
1.8663726195050228,1.3326024361419795,0.33938437544432715,0.024689796740765643
0.4407091758854478,0.2894176179621686,0.35002154740738733,0.025517918921874366
1.9194463959796269,1.7312740685293935,0.3354804816078095,0.024386317931220772
1.270806680179278,0.04092262298088789,0.10048858349132278,0.006721569774456287
1.3583932392300642,0.2188208923830841,0.27277635490905255,0.019547234288919052
0.17534258856578133,0.5186897846301171,0.38596566073470245,0.028328818262470353
0.8480929392774916,0.6002869159743431,0.39253086980832896,0.028844236177515598
1.6161546431128604,1.6738542120129918,0.340298174113938,0.02476086803165385
1.288353888893219,1.5660852798027016,0.2110390421910353,0.014857706456932622
1.110394073443236,0.9982445567375045,0.3790277232375281,0.027784795653502177
1.3630640672876608,1.9682877960555951,0.3948299107398047,0.029024869230760402
1.1233363476679021,0.5587762688055251,0.07777984473614283,0.005111458425324907
0.464152529622732,1.3489875147839026,0.1726300545487956,0.011986306335651065
1.964490117606638,0.9973084383126822,0.46121398730547297,0.03427043942198309
0.4460225312117958,1.119958827054722,0.0688090636179943,0.004483850566918747
1.720658657621161,1.4011543193689426,0.37186511231685976,0.027223876351198707
0.3661248174941625,1.7090086072260933,0.48622234573459944,0.036260555762919436
1.6435484291582279,0.25052083613138376,0.4736973360646893,0.03526293367878877
1.740090403957698,1.9829321124787245,0.32891137547216576,0.02387620343024909
1.7742293754525733,1.1266620055811385,0.28774679726005886,0.020696178230738212
1.8941602629993222,0.33844497736604584,0.49857666707441184,0.03724632149004037
0.7298857371949656,0.5540008802183485,0.2558077276276156,0.01825020029921165
1.6020654050084702,0.10921152441635784,0.07779011660564875,0.005112180042627901
1.8148328336591626,0.9433027791013195,0.19271906869277605,0.013483182866284334
1.9805667568456522,0.14859807964881422,0.22558485088385172,0.015954979462322074
1.8691288469695417,0.015573362789997658,0.19518997878434174,0.013668064464434951
1.6439684954543756,1.0051717362563635,0.14811410057192217,0.01017596232878661
0.5181686751197432,0.13428614947661788,0.4693123527656416,0.03491409548736174
0.307553280767765,0.1339848611283272,0.40834316008396954,0.0300880445176349
0.35883480967733195,0.8537462344511837,0.4435102166006805,0.032866080291196094
1.176297050801407,0.2172432416927399,0.39768009783330766,0.029248905950650977
0.4147374986141994,0.5440224763737915,0.0640844205623367,0.004155528973358147
0.7438153632350963,1.4215437000211626,0.054612892388087766,0.0035024865668352254
0.517877288938952,0.8157379848003043,0.33480294224911006,0.02433367247089189
0.8100267662194183,1.0793499094594998,0.17406445778448593,0.012092804491092634
0.16571106988822049,0.9455805211199488,0.48682267078512115,0.03630841681104087
0.5714296656685749,1.766505364982405,0.27145661601475024,0.019446152781072312
1.9927497705199297,0.8688632936039096,0.43483819561356185,0.03217956937708649
0.5861064629037709,0.5276462466236242,0.48025801973805576,0.0357852707896096
1.8110570758595455,0.49843634827574346,0.3210406488727271,0.023265939750882127
1.1232607702287922,1.2700845681384092,0.050094571118748515,0.0031936267068447713
0.3146699669947395,0.8922748309628714,0.182270863916503,0.01270324503471258
1.4275676057977706,0.7085628601863128,0.3848517699419418,0.028241429250694033
0.7563953393407059,1.3309810367641612,0.34003931071631865,0.024740733422742522
0.6914822448916853,0.4188511248414708,0.33231289616531,0.02414025674822551
1.3680770710435337,1.5176831703279936,0.4974091435912977,0.0371530906378361
1.4205795665430223,1.7315549383236675,0.4950643116031798,0.036965893210172907
0.9737747472577942,1.9521337436755344,0.06047601967569166,0.0039058932835340267
1.095424981730785,1.0126207523818815,0.0826273648066139,0.005452722352931475
0.735362261739485,1.390119265704129,0.2259709480737392,0.015984172970957805
1.1217284195835024,0.9127572970256668,0.4729862761309694,0.03520635159869614
1.5819967975971834,1.9845780064232152,0.3516808513562241,0.025647256595017497
1.3072162609258036,0.010922273552101958,0.12259984314718717,0.008313878082530115
0.84837553052536,0.1739255225508345,0.4268893028479363,0.03155113296907064
1.7258777586754739,0.16054254891527275,0.1923023537194648,0.013452018943013842
0.6818697580968371,0.5135079284378243,0.06642148880639713,0.004317733493941199
0.1405877261283912,1.1198295699583916,0.4418172189270643,0.03273198266703001
0.38144480980955975,1.729483018400247,0.486180509736141,0.036257220530556106
1.516982468721414,0.8130816951162774,0.3849924679714637,0.028252466589678588
1.1830440083182823,0.3247443191009054,0.4521821262771011,0.03355350927592956
0.9280618936157623,1.420471716423228,0.07359755402592555,0.004818200709681759
1.3517356068473052,1.6587220499618909,0.4802771176163035,0.03578679201338149
1.729442739410858,1.554025217598428,0.39433204957010004,0.02898574666893133
1.938353320140026,0.36736476726271894,0.4778936980465989,0.03559697523273344
0.16698367636192835,1.4143610759624883,0.23369844891566904,0.01656917996873793
1.3107619339560674,0.2112661937799325,0.1842277217646679,0.012849091095360435
1.41620458710147,0.8232139088593649,0.25677355150815806,0.018323869527483827
0.8420805797580715,0.7366622900185333,0.28902742846452717,0.020794658228180902
0.19239829316498858,0.10542209965387594,0.12490452220026974,0.008481057126522877
1.3072903449322248,0.9197945340685407,0.35072522869615164,0.025572763573640907
0.667473444231629,0.4539198500688961,0.11173226041511782,0.007528541351987826
0.8450684727018685,0.5247365978276286,0.37732146115336984,0.027651107745727554
1.4167991097393235,0.7015312445343296,0.27758895562369573,0.019916126059366192
0.4240463237185943,0.7271815379131275,0.2324771394823646,0.016476631302248104
0.0898521666774752,1.836460081529333,0.42465108994329104,0.03137432570895474
1.6434075567423936,1.921383477024297,0.3271532411558321,0.023739796667458193
0.0849991162350201,0.4607926924303183,0.4394982509461203,0.032548361241549924
0.4602947082101754,0.946402189664524,0.33924564686284187,0.024679008187861572
1.1671098152407617,0.8858523795886242,0.46957546281315726,0.03493502033703253
1.5016371799614123,1.000398393047479,0.24642035730165235,0.017535178860985406
0.360365632843918,1.6113762763954682,0.07661727238019436,0.005029828311771219
1.6744151342610765,1.2515889912003684,0.1449689600058976,0.009945140725839453
0.9435618772984065,1.3161049889303902,0.46703584382741153,0.034733081106215175
0.696507020909759,0.3428865306350186,0.39448706307635345,0.0289979274615774
0.5496112314008563,1.9437101097211862,0.4317418756662585,0.03193468045489253
1.5709165219821488,1.7026081921564669,0.28064190714597376,0.020150367911196943
1.432244705504076,0.865171750704016,0.46064327275602346,0.03422510842143651
0.08982470703499779,1.433466610797097,0.2815140711469499,0.020217318258729133
1.3978151052202679,0.8927972186516113,0.4095401659390456,0.03018233905555945
1.4229463166992888,0.12681581990794566,0.3903865409049352,0.02867582444886846
1.256066255078543,0.21711627480808526,0.26859947641166576,0.019227434954641062
0.6532030931416295,1.4091502140068561,0.12105000388207325,0.00820157597574525
1.2118232035764096,0.44186511701679354,0.4872386620183863,0.0363415841936571
0.4552382242200146,1.5044933119346144,0.34285033170080936,0.02495943341294292
1.9509520733896755,0.8040047283511422,0.24453123131132143,0.01739151183857913
0.3080654011819397,0.626938867692389,0.10039751774606925,0.006715058392736122
0.8461321105607187,1.884361390868582,0.09314237936281453,0.006197641150208353
0.5775861818224646,0.6440056261024354,0.11069658234338167,0.007453965978894775
1.2836067131529003,0.468430808353995,0.06694388556455758,0.004354044889738519
1.3314642454382324,1.3927618148437249,0.11519580365994495,0.007778282662327122
0.16466722139739698,1.1512136146176792,0.060184993332452315,0.003885803513542732
0.4040322959156377,0.9307470941737823,0.1203981526713214,0.008154372078126493
1.2544743218015952,1.8186837209938973,0.13943145798006967,0.009539587472679049
1.7366628276515845,1.639861948768114,0.2688465693245633,0.019246343928558247
1.1953532507929885,1.3635924187126285,0.06584069977391327,0.0042773864288417895
0.2106070116766956,1.3518378794105592,0.4314552703701698,0.03191201886535947
1.6058463616968126,0.5421615348583304,0.19472388428130405,0.013633177323353656
0.3483195079301531,1.550618376993578,0.12100081206204782,0.008198013130069251
0.34841944032139627,1.7991419946802503,0.4240951421256546,0.03133041865799347
0.024645262478722785,0.05158969911422373,0.24161313262090706,0.01716974266443345
1.6998990221106915,1.9314882182708275,0.2140951730683222,0.015087826567993196
1.5499447236974537,0.5764916290183129,0.3263813061726684,0.02367992121406999
1.501840442146658,1.568290344551591,0.21869535208460572,0.015434636830347799
0.438072285957928,1.6372875824694382,0.17691869766211754,0.012304899028582244
1.6374609029842475,0.12732785696677795,0.3177922116868591,0.02301436871292348
0.943215416929116,0.15137554256983332,0.4152880319737447,0.030635393152013465
1.545442776583678,0.3652416524811115,0.3001526030376973,0.021651433371433958
0.06463422788602635,0.35709133039570307,0.4561169259289395,0.033865725090070055
1.7427414537415296,0.28980506769721326,0.2479412743325194,0.017650899050360994
0.8381639751011403,1.7698879910877625,0.14645383229223283,0.010054072774630206
0.496771324980684,0.8193899359812835,0.2910876579442533,0.020953152139834553
1.4248014336605046,0.1665121553431499,0.37555583812958504,0.027512812740127648
1.8755683411787594,1.963154339171008,0.20379107171532923,0.014312874449297713
1.5660276111469618,0.27377890651120196,0.0722404116786459,0.004723283133590508
0.9964945618490231,0.014003326698172058,0.257494634659373,0.018378883371751267
0.9875697560535817,1.0074903548087013,0.37830894397505105,0.02772847326772691
1.6129142629729016,0.6424973491159849,0.42236207830859834,0.031193572108926114
0.6731483382163619,0.6566317355004265,0.1705498173324318,0.011831966418017193
1.9633765372560594,1.678724049499594,0.19249985920349777,0.013466788760132574
1.652843052148651,0.39008477076144876,0.4412699647280427,0.032688643763816916
1.8077849357741838,1.1196279926618053,0.25953678492945365,0.01853474343947335
1.8855168832632747,0.7679683821586267,0.0761539155029209,0.004997317411234671
1.4899295093181026,1.7446688134566655,0.3895912989820268,0.028613383785753684
0.3135416407267637,0.3199708638555192,0.36355194588031997,0.026573789660106612
1.9684090847018438,1.9427545812057543,0.07421986943812205,0.004861765548459213
0.6035098947512638,0.9422150480273679,0.05954335558492652,0.003841534490989024
1.1433774902042473,1.5460371026506503,0.4361187836903862,0.032280886718396094
0.4444912325936612,1.1245335024813983,0.4072447560918126,0.030001534152176518
1.6006446284690532,0.10633682603048444,0.34520266753376966,0.025142542437395273
1.812790220420507,0.15719202826432732,0.29989981083867384,0.021631940613513815
0.024456904218447484,0.5489160299995277,0.4303353259068681,0.031823475959987475
0.2552214591880064,1.8527509292795301,0.4471362295249956,0.03315340535214932
0.37085380432274695,1.1531853029258679,0.49573242522609695,0.03701922520503998
1.590735306059001,0.3832009879608149,0.35281574208363287,0.025735742123266656
1.4292283660734062,1.9120561924806743,0.4304446957892153,0.03183212205240988
0.6513358628667305,0.40911660521240156,0.31540158662684636,0.02282934303721461
0.932635707007275,1.1119789902438866,0.4168526952531696,0.030758797090342013
0.1681626571929391,1.568020881110747,0.48385519558685747,0.036071873971134136
0.549190515878855,0.4529223907167712,0.40859727667401974,0.03010806104451397
1.4804866626672344,0.27196180725007646,0.12914765944976414,0.008789404343589293
1.954337653480142,0.2732503830618074,0.23565302637742913,0.016717363776164427
0.9764132487312958,1.495625886536435,0.08440459272361381,0.005578189591315746
0.0963144118778958,1.027789563338721,0.41939450297117836,0.030959335844312482
0.338845745424899,1.2753499655344913,0.30763566871592396,0.022228960421393888
1.8176603904249273,1.8314384858351067,0.251503584747967,0.01792213155433026
1.4652394799198145,0.3087923762736384,0.30825905776387863,0.02227711634083361
0.6706392513227588,1.0642916453466824,0.3002395005828934,0.02165813428613198
0.1088840829226585,0.3699036373570701,0.0605853049049444,0.003913439050804023
1.5105114562609645,1.2467157454391051,0.28958912472651066,0.020837861940609805
0.14932608788034907,1.4875559057108896,0.1831702630948433,0.012770264572579279
1.8574630574584703,0.8388621171028501,0.4360062926392094,0.03227198584797059
0.6386581162567058,1.5474963544530567,0.17272749916933208,0.011993539244549371
1.2632406168945987,1.6441094271293137,0.3140476558691589,0.022724596592623308
0.1464730493523878,0.15951997812470964,0.42487152398059497,0.031391736010542515
1.301948451239875,1.1710596040643602,0.23223268124611074,0.01645811071347511
0.2327930272283536,0.6635789048870184,0.293943636390366,0.02117299114035237
0.20458969859082132,0.631534054889745,0.24343291112197585,0.017308020335907403
1.2625028812582821,1.2585140993735369,0.4164733355731309,0.030728874308296555
0.6721593220774218,1.119058436688036,0.481607973775486,0.0358928103970356
0.9588173250429237,0.07662857272983103,0.2788838092230881,0.020015453865135757
0.5943691632624251,1.1935758109171106,0.4926507975908729,0.0367732765038284
1.2828298792363377,1.1086990348773604,0.05103339583029132,0.003257649526657449
0.21526655871629075,0.7611169998638003,0.45225967753131585,0.03355966095481771
0.3219244745278913,1.047755605764606,0.1331555304962035,0.0090812980081589
0.0741099934752878,1.7533107973342967,0.25787591307111074,0.018407976675009246
0.4935389866157882,1.9155611755317494,0.18335244967206304,0.012783843138517336
0.3912463111911897,0.19498349122633418,0.29941309151110923,0.021594412973148503
0.30281594912037546,1.7037308702321199,0.12416352810923814,0.0084272827708319
0.9781494052296724,0.9664538680888612,0.2519408301748449,0.01795544154386315
0.9616222551138398,0.20568259290997215,0.4782428883731287,0.035624780856850426
0.8086764594108038,0.2365810470187233,0.17086738893745945,0.011855519780795166
1.7217203019716707,0.888119870928832,0.06332896768581861,0.004103183199618684
1.1866923741302793,1.0905315251205099,0.13974677738074698,0.009562651284312237
0.075183622302325,1.16852823288987,0.4817249199356053,0.03590212750452237
1.8933830784840862,1.8101954092507633,0.10368706915138692,0.0069505237072816075
0.5288662537317672,1.0011994929809926,0.4359081821358671,0.0322642229698009
0.010691096987931248,1.107425130328514,0.27208317106828983,0.019494137699613452
1.6838750743844504,1.01441061700772,0.34288516678038256,0.024962144392127288
0.591287394817585,1.8126711676971161,0.11498712960940964,0.007763221237586716
0.2523150879392033,0.0413342230578988,0.22753907438128512,0.01610277716563009
1.747987587627504,0.7760807525212261,0.34363903864228773,0.02502081780496693
0.09020745916370854,0.35605686855580365,0.3041791126701337,0.021962068885651026
1.14914947223301,0.21148731259411502,0.2742710117152298,0.019661753866686924
1.640038809346009,1.7982568046214191,0.15749898489996533,0.010866704499211906
0.9045891316919128,0.5545467105887232,0.21951208637798808,0.015496263861454022
1.2898812281812606,1.1420508380381502,0.2810245872876485,0.020179742007206975
0.833228049195295,1.6799189487750947,0.29206312962272796,0.02102822243093887
1.4350647971056425,0.4321441434191864,0.12983091289972004,0.008839122105901091
1.4058366124315211,1.0459377940943075,0.2469141958446629,0.01757274757352747
1.219599967792982,0.2079345408337001,0.08140828430405438,0.005366766107810293
1.1312371621782273,0.1261654992090524,0.24306956319431505,0.017280405267583097
0.4852613771935579,0.3455139659896511,0.06924273929188218,0.004514066950727318
0.2620587653387991,1.5581148618773781,0.19276308659552271,0.013486475005636971
0.9962410570060678,0.7450655836738356,0.14969384154565424,0.01029202750181944
1.7000609380988791,1.039175439260289,0.1114015735041976,0.007504724597601907
0.7291157576937317,1.2733317544132232,0.46258019821443197,0.03437897121990405
0.872694932468657,0.18573396322916302,0.29183777884808526,0.021010878360667617
0.3660035326927005,0.36463192780419185,0.10928756003760995,0.007352584820101176
0.6305625223736964,0.6820603819184827,0.4543250874056917,0.03372352435943067
1.6529263963598617,1.6094481104536371,0.40670376917398754,0.029958931903962253
0.40801458669689805,1.4441067388964577,0.37567626503655893,0.027522243930601688
0.021785818798301326,0.48412863717717225,0.054874773317233706,0.003520443601189422
1.2372371671526194,0.47812624050901453,0.15267746742969174,0.01051146749538727
1.4143279811801612,1.9110478155335349,0.11703787522878897,0.007911318795862156
1.1484547800352496,1.871433433734099,0.39533504763689215,0.02906456700746517
0.8538249796349151,1.805784603228705,0.13270017230336445,0.009048103343756159
1.5491508540141874,0.9439684768511836,0.13879933852057302,0.009493362393552232
0.895914054698604,1.9110392487752175,0.15044492952468952,0.010347240403964621
0.5502811967396977,0.16247045957216488,0.18003013194312673,0.012536374330310945
1.0758120436505416,0.9477523860584391,0.3897687027062073,0.028627312378186453
0.7871712866359926,1.0220423895980126,0.40410735592063807,0.029754521123084948
0.1248795389406605,1.722364124081536,0.2102260243601145,0.0147965265309142
1.1011476418763644,1.4561944790892294,0.20337889796600467,0.014281930950466391
1.6937317034067547,0.08762717354656746,0.19764624310847845,0.013852010351763753
1.5118124094239773,1.132004926965682,0.39974582835956457,0.029411350385980146
0.7749553289295865,0.6043692725494199,0.26869349723205105,0.019234629828342457
0.5578737088150689,0.2079429711897025,0.07178364043278973,0.004691364426209457
0.002436019570604575,0.8586208229883185,0.10498986518516025,0.007043921056816286
1.864725401699153,1.9718129785268554,0.09587415750842777,0.0063921491687879755
0.449653441263393,0.17189718733034254,0.26688134192735513,0.019095986645056254
0.9963311961282024,0.5491565565231684,0.26922248171914476,0.019275113211305844
1.285720146203721,1.4754060474722535,0.3569504090268736,0.026058280872240096
0.888725401925571,0.24158474055663692,0.0737037430283684,0.0048256326182898835
0.8108613192230845,0.8858708856910167,0.42481069157430246,0.0313869312885415
1.935942611030233,1.514818772351839,0.48911642614875644,0.036491324434662596
1.0095057652127946,0.4063999574850119,0.10785860041616403,0.00724986122207559
0.8298212624843981,0.29017576217176777,0.27431370907551045,0.01966502594289687
1.1641137517881794,1.635522226433358,0.3718303464422379,0.027221155567656165
0.4079710882840195,0.9708938375668259,0.2993382569169599,0.021588643356146135
1.7372789155006736,1.7310720435917129,0.41942841971770917,0.030962012311997866
1.462168314097401,0.9518579525819402,0.3236570732113691,0.02346869319752975
0.27948396489011373,1.958687887065869,0.07905586117680712,0.005201150946484474
0.8723095834280541,1.1568833485361396,0.16928951100814602,0.011738523046237011
0.8638143677859416,1.4310648627324039,0.4538850311053394,0.033688607299544655
0.02495876501359673,0.25770206019294406,0.4016356869664472,0.02956001539741007
0.7077038332118051,1.527002781058075,0.2413591839411982,0.01715045182346218
1.974789636633722,0.025129907712689636,0.19551801380165423,0.013692621310061673
1.053907460652881,0.37753148800368574,0.10236042070167858,0.006855499561290058
0.08625890312478535,0.15093471969613526,0.15196367400135805,0.01045894220061439
1.8276679752498841,0.2694375673103695,0.40618146555673607,0.02991780465905544
1.8229203407146755,1.5575928808215647,0.12533527950640622,0.008512327552520536
0.15173360951364234,0.2672597240948902,0.16970539335474727,0.011769352680735526
1.7645314974780497,0.014037651800149265,0.2981418927526702,0.02149641929011471
1.463442000017041,0.9205679627393246,0.39689476605569113,0.02918716447036905
1.502429559239772,1.7436497577976775,0.4951848406087522,0.03697551403951085
1.4456594837530714,1.9000349929235916,0.3125933706664599,0.022612120964409985
1.6568699589688112,0.3152353718848808,0.14314291239749583,0.009811285232965438
0.8085766073034979,1.2998468196240902,0.46672161711944354,0.034708100451574346
0.9233459450353116,0.23759863683502647,0.43507782872328415,0.03219852706316764
1.087530923057255,0.6711732578503617,0.4749821837057766,0.03536518935820578
0.8527884754943442,1.4419949644672592,0.19440510345870488,0.013609319917999138
0.7069162407477256,1.3043565563725794,0.46728504171309143,0.03475289287036531
0.3627801278031617,1.363213052277055,0.34490944685812136,0.025119713031292568
1.5044182334422767,0.8607701424145413,0.46418635484659565,0.034506592590394305
0.691775543302469,0.12310995218263909,0.4447709969150803,0.03296596613924257
1.6722384629567273,1.283071615242678,0.12886444970309519,0.008768801558873433
1.6980708537000877,0.14412721843608645,0.1880178130161133,0.013131872591545643
0.02343149921550225,1.2186208040900108,0.14208091601633632,0.009733491365732812
1.938596652155019,0.2746501949736453,0.4514175397573444,0.03349286308202423
0.7245023478140431,1.4628140260480818,0.4172241148491021,0.030788095402233446
0.6814262632350534,0.7589889359816202,0.07255162370899916,0.004745038294824415
0.002713953280158554,0.004661465015932675,0.4280428713405153,0.03164228392555739
0.42344061376927744,0.6355822151926389,0.276379457550338,0.019823374719443173
1.7722842591483559,0.46225403089455863,0.1277403413838269,0.008687056424956822
1.8045386525160494,0.6163654058524568,0.07832332201195845,0.00514964769122258
0.06184908366066155,0.18892946358807228,0.23959816924585564,0.017016717514038587
1.9859726579707484,1.4963532937297335,0.2644743097187666,0.018911931500653123
0.015606002103519367,0.4553825494857542,0.0825491748152832,0.005447206608065088
1.7930320975755205,1.9430651700863972,0.12613938887829423,0.008570720950431732
1.5849172941825849,0.4972946813123471,0.16467366404461586,0.011396700831468425
0.3152306487253691,0.7668017397952676,0.10884995440198908,0.007321116768698153
0.09186426760541044,1.4671709075867923,0.2856175396686611,0.020532506217190185
0.7946767996918769,1.8249697550202577,0.05049593657338684,0.0032209876407898034
1.0510439977765194,0.5134640351000697,0.44768087958034236,0.03319657731394648
0.2405656916674357,1.932621085985504,0.39678115004415204,0.029178232865769663
1.3495128481147916,0.4277548519209533,0.4617956264252503,0.03431664212719026
0.799656664460145,0.8058235816646513,0.09941968386250259,0.006645167078424337
0.7040692897373599,1.208487622184679,0.4295780874854997,0.03176361763192158
0.3512912232299772,0.023116975864747813,0.17714344710622032,0.01232160992233486
0.6248727144645709,1.1491500381327506,0.18475962656775136,0.012888752880964756
1.5478653105194076,1.0237669005467596,0.10817220539986797,0.007272397339489214
0.4984787846286818,0.6305839943326323,0.051842466669921136,0.0033128891184130422
1.53805911028201,0.6555434171215142,0.22736723816745602,0.01608977768867977
0.5713738724006769,1.787857170870312,0.262277562955506,0.018744056780068477
0.5620859930139774,0.32431084858406045,0.4039210468952665,0.02973985683785406
1.0471699515274016,1.118143043449104,0.28332069918597064,0.020356046808180726
0.22727838110937837,1.4784226738597581,0.29769849365911516,0.021462245485471536
0.6683189029762253,1.9933928826271785,0.34213515042297976,0.02490377988313156
1.1876097392759437,0.9265377856558576,0.33937773443886177,0.02468928028049337
0.33239216171851327,0.9201311832057741,0.19370966050668414,0.013557282670698185
1.2593244013152993,0.9813953382002616,0.2875320404058422,0.020679666476687404
1.0216611880172475,1.1913588447502552,0.2652122929873513,0.01896834959143421
0.14731103434427784,1.608358424530458,0.4688801448263113,0.03487972422739027
0.11643000201111886,0.8856592628208657,0.3396598943563444,0.02471122401611939
1.310820191401501,1.3484346501948856,0.4294561518648318,0.03175397952179546
1.4627989698851573,1.1869428683351113,0.4824491602491015,0.035959831247845055
0.6665861186215276,0.7680045282146322,0.20255095118330446,0.014219786823659276
1.9394609676177137,1.7022273563911425,0.10418447151805571,0.006986172944894167
0.42155781940089176,1.7378980568867994,0.4003842569594007,0.029461566717277784
1.1549205969685756,0.11880312862116149,0.23986775685644957,0.01703718605003948
0.7178589167765628,0.5060073069160937,0.12525461044874575,0.008506470892198149
0.27557475907507456,1.0007817577507236,0.46849598121952263,0.03484917551947283
0.20140032515365625,0.3984439279640828,0.4315598292620857,0.03192028611038804
1.3621633505736361,0.12117323862492269,0.3860084138528838,0.028332172755942707
1.4322049649879383,0.9604649941738315,0.1723428606396982,0.01196499076542956
0.828056494607613,0.07819741058060514,0.3714637441864281,0.027192466278534704
1.4728258581899092,0.819690935620301,0.350774108232621,0.025576573508308255
0.896610568892938,0.7181986382499539,0.45011807494062167,0.03338980717181369
0.08359269804196323,0.7828080660772743,0.2044943471338062,0.014365682057733909
1.0471308382599778,1.4529032829201434,0.2817628763841873,0.02023642004149706
1.2763648429786827,1.9204598223977027,0.19141098274659346,0.013385373646216857
1.8970857401023902,1.8571831869629356,0.22379746051584076,0.015819876643513604
0.46728267938321877,0.16351520920741436,0.40780189798072336,0.030045412672001164
1.3304921212909002,0.15207366004681377,0.23418476822964218,0.016606041686232715
1.8976885954829765,1.7294995854482909,0.2685924863746662,0.019226900054171773
1.7157211971504447,0.8368325609445111,0.08279319212297423,0.005464421476018885
0.6034043397451396,1.8024688688242858,0.1785826397318731,0.012428653447208123
1.502434639211928,1.8581589528452112,0.2613649974442161,0.018674347272252798
1.2090739064116347,1.585371017614163,0.32013107544950353,0.02319548122507402
0.2935783459543615,0.9232377053953931,0.35483952677857167,0.025893581929089877
0.13795464731581975,1.5697599437352494,0.3552287941209557,0.02592394895406159
1.5905922136012225,0.8299692591971721,0.263714794415575,0.0188538786488803
0.24599617700378218,0.3493374460365153,0.44667338595830214,0.03311672067466067
0.4587820428445126,1.206265746907093,0.1779862264521398,0.012384286478608553
0.5083740534797538,0.22036482381632894,0.18092240731844705,0.012602806357412021
0.7057402318136676,1.6400550004963488,0.3915404878761757,0.02876644545495686
0.3820721375603229,0.3020796639903962,0.29513490827256733,0.02126473296884717
0.6033863473331591,1.2692622154365296,0.14691216650797126,0.010087712164582754
0.8217933150700754,0.19559950856628583,0.44972371748722056,0.03335853614902722
0.2498784700383485,0.8343909540088397,0.35775953533957167,0.02612142978024892
1.5291183856147972,1.35561430529514,0.3286646913747,0.023857061135673943
0.7380660627764393,1.2255861936681793,0.3318378498906843,0.02410336859759984
0.581889771988173,1.987568745615323,0.413314929674467,0.0304798216474295
0.3846900064927985,0.05471692078214674,0.2813289112880459,0.02020310354461049
1.5111510003997863,1.798426708001097,0.2636480038578275,0.018848774125547536
0.26863090230759457,1.2372993832683188,0.3192450298981252,0.02312685852522644
0.9393100298856565,1.8223628450024054,0.37452848449496784,0.02743236439449514
1.6956542978635156,1.4010076182980034,0.46429191055542296,0.03451498086317602
0.5795274253352378,0.41901504395832,0.24106855106256087,0.017128376039430113
1.6711475660141375,0.1116059951809214,0.46431565655023554,0.03451686792166
1.379771781418933,0.52661727472632,0.26875072357908136,0.019239009117248292
1.3153018254514084,0.30369933646765945,0.2516100935982961,0.017930245184866613
0.7329250958051989,0.0434976946909873,0.4649533661199957,0.03456754823149023
1.4062539119306963,1.7500921606115902,0.30941102759073635,0.02236612204888093
1.6313106097792445,0.01104624203914173,0.337447735307315,0.024539216965503523
0.019187122343607754,1.3632519447981992,0.3288084354385328,0.023868215326481597
1.9029890570025432,1.3075240897713905,0.12402569890323223,0.008417282866544473
1.7351286382861593,0.039691562568684224,0.166336915236615,0.01151979610670083
0.7995700499616814,0.7338516105244799,0.24345303916174893,0.017309550184777547
0.022669330311879232,0.43018257320183717,0.2675551307579221,0.01914752887434112
0.22033355615296912,1.7973288831326464,0.4348104904849126,0.03217737763491052
0.43518132168955836,1.7702389636811782,0.13906112736811824,0.009512504501101209
1.1577289666249404,1.6973851209908692,0.43502917769774907,0.03219467815914333
1.6329886229646067,0.13343247804309355,0.2844552784339693,0.020443200863462876
1.5282488638412914,1.2812837028874815,0.07151086526875174,0.0046723098534554005
1.0304570258407746,0.8568921316399489,0.14995509507522936,0.01031123023336686
0.5953593531113743,1.2325427963325717,0.25692197082376367,0.018335192062996504
1.2834032164936562,1.3485786198997818,0.1179325508813303,0.00797598539636472
0.09306288837938004,0.9212184274204298,0.06477766540472275,0.004203601806405562
1.664881997261529,0.6698815188012599,0.09139643835365255,0.006073532008624538
1.3350106603976606,1.4820348693207086,0.340921665568382,0.02480936804887606
0.5050878781225552,0.8528170341815975,0.4278633312662213,0.03162809618053832
1.643772531550471,0.5460961363434864,0.35871301971596636,0.026195857876561847
0.6571990275423414,0.4386704564277184,0.4121294362775804,0.030386374691874107
0.26157459307998754,0.0799851711255235,0.448381953550776,0.033252153630874845
0.03511496950588788,0.2913059973322938,0.4400515387893206,0.03259216583603143
0.4366945809616012,0.9455717778912189,0.16425289957277328,0.011365574104923434
0.20300960714023875,1.895159497175527,0.3016075031628983,0.021763642434636903
0.13230480877782025,1.161384415773387,0.09137975514759311,0.006072346877137749
0.07137768552708934,0.8877147053727734,0.2676503656031524,0.019154814693167346
0.2209387575987951,0.9694510644745942,0.4962856220371567,0.037063387749275443
0.9291436493967122,1.29577435831901,0.4515796010291882,0.03350571701914426
0.5444849392793059,1.5185222796416942,0.4968983766787407,0.037112308850734625
1.4076242941634816,1.0698991835277163,0.405203102228995,0.029840776171165206
0.0551094437014652,1.6444516940248077,0.34903989115606643,0.025441421719123235
1.7787982457594678,0.8887270553045237,0.3319334115961236,0.0241107888338499
0.017461206599250323,1.9114277655143617,0.09216368177082335,0.00612805106911001
0.9749156456076766,0.39931716929699057,0.05727887536229177,0.0036855646561141367
0.5157069522742084,0.9421279332454027,0.42136228771147494,0.031114644044854436
1.7319878776058335,1.1764079331671553,0.2423117325111589,0.0172228180001053
0.6939671822716598,0.955679706957516,0.3045487945376195,0.021990603231302672
0.023310432323323305,0.16697554304713647,0.43140100997262765,0.031907728667777316
0.19802776380309406,0.2592516204773674,0.07607401673427402,0.004991712783604994
0.04086092493411142,0.7084392620675966,0.4617627002960848,0.03431402652143307
1.2507981471465046,0.43426784175912503,0.32037828274890795,0.023214629343994906
0.9336799563633085,1.7921063844828924,0.07269565450164128,0.004755108895299379
1.9490746566840114,0.38994535873552394,0.2055148611409522,0.014442332783052984
0.9821412691958353,0.6328603024856192,0.2557971182616528,0.018249391165139198
1.4107223587455802,1.8502255105459329,0.24407045281798312,0.01735648147403261
1.11214584034127,0.906818825160846,0.11028945636608566,0.0074246634879444355
1.8756541056928195,1.1843884705595207,0.2484972943748886,0.017693216523734845
1.2623280038799518,0.1288969215639615,0.24186874937597902,0.017189161631204788
0.30547953711747144,0.7185169009736982,0.18472897193172438,0.0128864668863433
1.1921270376940494,1.1368993661590883,0.3480964843937371,0.025367919158457333
1.1285401732276874,1.2535260253991887,0.4316021333859695,0.03192363104507334
0.6163983335384764,1.7441161743150475,0.14401329738340773,0.009875072805212558
0.20703468289692295,0.11416328987705837,0.4707108074630666,0.03502532230726268
1.893797864661762,1.5313427992633533,0.2340267542117963,0.016594064061872728
1.2932169890360652,1.6136033261265676,0.3329629586136275,0.024190741097733434
0.19886668377568295,1.3437722491756634,0.43992054903534755,0.03258179484523989
1.065133039454679,0.7167429178553453,0.2744462886149882,0.019675186288087367
1.46282298082243,0.39114215809593955,0.41986834039862103,0.030996729066531396
1.9053501949534901,0.043891694020762984,0.30258800135336017,0.021839284364315304
1.746705794890974,1.7394602739043163,0.2745900833528876,0.019686206502355207
1.1432954038721486,1.8660323696545247,0.41088654867817115,0.03028842353189544
0.3909073622066903,1.6375244070605355,0.22393623746877872,0.01583036366796509
1.3973459579268952,0.7030422037904922,0.4272710858743728,0.03158129825208837
1.5183214944164016,1.0706068011861585,0.3979458151696362,0.0292697981121137
1.9967471776409416,1.2806491793387988,0.2868036017253193,0.020623666222536148
1.718923202772768,1.3864912846245139,0.23026771174357097,0.016309290119323316
0.2233197440449115,1.4771203311823455,0.05834118784783403,0.003758681216495015
0.43151657387723397,0.7322321807400316,0.14630880531871188,0.01004343004740479
0.13111151038373103,1.3436939145522684,0.19070941339868647,0.01333293433556126
0.5954799175111469,0.7612236694469476,0.3590006834121982,0.02621831531715869
1.3015671611512634,0.31858834978678785,0.3724601082999071,0.027270443562188176
1.630236966557743,1.0410109287484517,0.47443404001406403,0.03532156254442894
1.931950872653223,1.5597037761889756,0.390830500947214,0.028710687042920034
0.8761873855160263,1.0095518324980643,0.0926832644690033,0.006164989569474435
0.4610702294828819,1.8672736718862262,0.2744525577974936,0.019675666740580536
1.5180374777989647,0.10877202775886397,0.10417729934494814,0.0069856588257495205
1.148185601133979,1.9960812275856947,0.3190484533311305,0.02311163578898437
1.6998852113777607,1.5383715545989454,0.4062583283059991,0.029923856758768755
0.18627699129899788,0.5432370802815973,0.17603316233917188,0.012239070704845152
1.8615427798888595,1.7691288195696464,0.17188685994736602,0.011931151369683137
0.12111579563328467,1.2021491765294556,0.07142976839106907,0.004666645837811863
1.693857985667739,1.0321877342237173,0.4750873906198042,0.035373563184998826
0.761509753951445,0.125582029661218,0.3555396321744289,0.02594819930282929
0.5832355415177304,1.1934266061693533,0.13510107708009728,0.009223212235608921
1.7692981415395608,1.2548828322229946,0.26468408159906437,0.018927967249702887
1.1890991024995636,1.939771917832522,0.43817679056436537,0.032443754726528065
1.9911987522530228,1.3249827156851062,0.267973753038204,0.01917955636584644
0.9882627258489041,0.4998770127032577,0.43945274714331023,0.032544758809291474
1.3951495818053847,0.1711375340767567,0.09459745297688205,0.006301197002622448
0.2229974767281533,1.749407235791772,0.33831889800982806,0.024606945208539146
1.48549258013203,1.8988809931667137,0.08267588384655838,0.0054561452054161
1.4235888787168989,0.9466014014629061,0.40440677246816176,0.02977808901899841
1.9424091236982923,1.9907296532119325,0.20729084207962484,0.014575789130692931
0.7152249750780721,0.8102052375015065,0.23015704924384084,0.016300911489704598
0.37671631479062717,0.9878665452371955,0.15606120604678841,0.010760693066015183
0.8719945804821316,1.74830055406256,0.3066818670060544,0.02215529362820999
1.7822777241265548,0.9686608777387151,0.14232944750114318,0.009751693328142127
0.42087627614387224,1.059746900013617,0.4393148993867525,0.03253384587397989
0.6758857155626528,1.1345001789554523,0.07627074658065504,0.005005513445403398
1.344097205858665,0.5390683770860198,0.45943881081398297,0.03412945254042589
1.576064381565368,0.41629733880846365,0.388146133908098,0.02849993509541167
1.9953658704221036,0.019539871116155627,0.3362519346136974,0.024446269504289582
1.1123018936893918,0.013062289258724435,0.42965682895224916,0.031769841663550714
0.9616204788715965,1.0220074299368733,0.3015361360221009,0.0217581373766478
1.003859891551568,1.15703585084559,0.234693835359783,0.01664463328649395
0.09323710037076993,1.9548916241933318,0.40824659396554075,0.030080438319851563
1.9963696025257496,0.5214988476679767,0.3889658135189654,0.02856427820756122
0.7876837561477654,0.1631056273020095,0.49609407393729005,0.037048095788002805
0.8356544786101634,0.48020731673112316,0.05771184132570671,0.0037153535235003986
1.6410795628313815,1.348168823012008,0.06641933521354068,0.0043175838400380945
1.1196181220989052,1.090880076867549,0.35482316763127064,0.025892305790570776
0.9909813635985474,1.7716688751526553,0.08778095006040221,0.0058170504314550096
0.9684843976765061,1.108109889647363,0.11917443094204175,0.008065803784023277
1.483719076763193,1.0988748763017997,0.4586983917641557,0.0340706585722833
0.5487059007631732,1.730364168623181,0.10885551928050402,0.007321516882231685
0.06994525226847781,1.7149734160642551,0.46478054749957964,0.034553813446961255
1.484355141585807,0.7519397228448323,0.23579707935004762,0.01672828833375614
0.4503686912344118,0.555972611192276,0.3996401158514407,0.029403035981575426
1.6949702063496905,0.5409637951866688,0.2016644922182519,0.014153270310849656
1.932201033339201,0.42599416616517405,0.3951476448593517,0.029049838960351286
1.6073999339372909,1.7043069395512724,0.19965476344611682,0.014002542735922956
1.6303839576270192,0.19152869459960464,0.4808963841088501,0.03583612137232801
1.0817607630607176,1.1191436746340637,0.18341247808221334,0.012788317325889016
0.513143910262754,0.7159200216394397,0.052801637018192814,0.0033784538429522857
1.7635425756519878,1.8647050394744513,0.32639826094428476,0.023681236213015735
1.5616465482669275,1.465695176122537,0.17807959167164655,0.0123912312072425
0.09302784696498678,0.6817264571483794,0.44731385114705324,0.03316748422126186
0.9994742799451735,1.2832864711938166,0.19062687306736015,0.013326765672670967
1.468498441560581,1.762048946166445,0.21741573278532983,0.015338114563787366
0.8117549208501316,0.9658457370022431,0.057191179555181326,0.0036795329088530403
1.344586027423685,0.6602560072052175,0.13663516492491729,0.009335212959870902
1.909480780724143,0.6137825748725827,0.3222849539318717,0.023362349986800562
0.5755513676767445,1.7784001946268504,0.3146104564819688,0.022768133715795034
0.8599470744566986,0.12168536782867356,0.35504130454910915,0.025909322471115544
1.1362303246575307,1.853751394231168,0.2623874249818148,0.01875245010501209
0.9722539459944284,1.1166508942063875,0.06147435664021459,0.00397485976114686
1.38528620023888,0.02006847667446432,0.23734768464026051,0.0168459108236302
0.5340533821890756,0.14953795361938127,0.3615142390311228,0.026414597273079553
0.2256402522960872,0.08484263193246755,0.38523324683596427,0.028271355616050726
1.8280362276981907,1.4383252646466522,0.4080282631465503,0.03006324157194117
1.4443460333150413,1.4379138765603194,0.2834739232852973,0.02036781549538482
0.6561533157209836,1.3088473110700436,0.11781636205112636,0.007967585421708447
1.5355464666357994,0.30539654791329474,0.3539450823188978,0.02582381438675761
1.7668221277289493,0.4664540780288611,0.41120636235537505,0.030313625887953347
0.5619717457787037,0.7033300221407266,0.30721614798079705,0.022196556829108524
1.3286462552083667,1.4194605900514745,0.46864986150544924,0.034861411879553536
0.36737795676719176,0.13883006434480571,0.39902990767729773,0.02935504540847888
1.5848233634653857,1.311034040028286,0.41760424428566784,0.03081808262705949
0.11460020548332395,0.6449568963688843,0.49626080922985116,0.03706140683227712
1.2480531152144618,0.40917361417756526,0.2265762158005286,0.016029945286511537
1.2660578061781496,1.421342943944593,0.15565413732831473,0.01073069096942864
1.034340148008506,1.414659202326745,0.2532264526963016,0.018053405212350316
1.7809202972776867,0.5325582146022876,0.32711050741650705,0.023736481752341883
0.8045059838436233,1.9730504951261574,0.4346431752304246,0.03216414159368579
0.9186730662151465,0.7433895473170327,0.2769391095884843,0.019866288615524953
0.11845353571567263,0.31419086193022494,0.3672321939430574,0.026861458612704656
0.8681884078043978,0.11163607035934708,0.1564932318978414,0.010792540479401333
1.8910345069352315,0.2019287192994268,0.2940503083109801,0.02118120507815082
0.8630496000173242,0.43378690711123036,0.29426155469238574,0.02119747205209255
0.8500274349371086,1.3411832311684866,0.3229031366999651,0.023410257079577883
1.0077181777250497,0.5312277920478745,0.07356103851138932,0.004815645249014008
1.699512113390728,1.954684687922372,0.45028833169586097,0.03340330845922126
0.5864846849111114,1.1984361353476478,0.20280754017123914,0.014239044039152608
0.7822303646991744,1.0267915118672033,0.30206726558371233,0.02179910935218159
1.2620557173664624,0.187945621101838,0.4486630707998226,0.033274440355394716
0.5810564593185708,0.2906243083236304,0.4967642952235244,0.037101603700353335
0.6649440812278096,1.4375235994460949,0.1260190131929478,0.008561977782747851
1.1707743171948712,0.843940459422927,0.33526593602869115,0.024369646738773447
1.9405376640054408,1.138115576595989,0.060113032275219455,0.003880837019275632
0.22952630754900993,1.909508666579071,0.23042368048889816,0.016321099508723763
1.1376036502143931,0.2616813985156654,0.19211186746827885,0.013437775028324035
1.4541846371878335,0.2831032104889608,0.27054544847936196,0.01937638436591283
0.91984750356141,0.4451906103269092,0.14837401369380943,0.01019505256373599
0.05240136134885254,0.7601432409728104,0.14687223188399864,0.010084780878877958
1.2127288896293231,0.5778701915662277,0.2724763153772383,0.019524250676233663
0.45934769231627115,1.125024019659064,0.07248520328837246,0.004740394658593337
1.410571955247128,1.5202787959013928,0.1405423621128859,0.009620859703332511
1.9882788067515176,1.3569875365572015,0.21862502754052088,0.015429331203843604
1.8897008514713145,1.8820341364501139,0.14450652466558686,0.009911231584974657
1.1829213399675154,0.4132247082049709,0.1659315605893526,0.011489788423337784
0.38316257465529535,1.0100739715207896,0.29834513320551587,0.021512084679376316
0.2622612968083782,0.6014872125228423,0.42015439999711013,0.031019305075794056
1.2037138582540046,1.5566136867662668,0.09370431891970998,0.006237620582752661
1.8305201211550184,0.2630497699674521,0.36006692284189173,0.02630156573231697
0.6101947196675395,0.6115903006642238,0.4935682564577429,0.03684648901959323
0.3359720065457734,0.636380571964084,0.38562724541656107,0.02830226643802201
0.17028091947041912,0.8550910225303254,0.2314852240077916,0.016401490379726998
1.828931673374754,1.2121142015516462,0.16223250293769398,0.011216188886334522
0.35430180921064114,1.0649372458249682,0.26916528382678606,0.019270735570116
1.507351420012902,1.4691774175498313,0.42052225757624023,0.031048338193592446
1.5820507517932154,1.0566043349027046,0.28515634859018835,0.020497066398974924
1.2363243938135369,1.2877798828944658,0.3167255598377544,0.022931801834176212
0.49135606422299727,0.45711846299893155,0.48017731822139414,0.03577884263126573
0.45742401217107664,0.18260216195241696,0.09899384401811961,0.006614744693309951
1.3696916165818795,0.8396667192886897,0.3512824669280505,0.025616199897274344
0.046971322693533546,1.499746801231029,0.40217057155611124,0.02960210066545873
0.16337363434668295,0.25697199968229256,0.307116178959495,0.022188835717305608
0.5269999808902013,0.3534797738482458,0.16830124265745428,0.01166528304156038
0.08074331867996243,1.4449871478021203,0.39845887577057865,0.029310140487376627
1.022081149476815,1.606811978065364,0.2745546670210258,0.019683492210530815
1.4849846786958616,1.559535367250208,0.1133596741484147,0.007645821670662501
1.6842335471131025,1.6878125671533108,0.3300114323702891,0.023961578149287895
1.3935079638082066,1.2317082496149045,0.2776140750649915,0.019918052660094825
0.9860326303453184,1.253431754897062,0.2990071005707508,0.021563112973025787
1.6484556975029259,0.6095748118794444,0.33509775714054285,0.024356578969178797
1.903567819004826,1.2008622797278483,0.15322378092694014,0.01055168004318742
1.3018100920564926,0.2810139671533609,0.491027786112085,0.03664378447982625
1.1937641800091354,1.252925694590708,0.3905759453830065,0.02869069737061306
1.1761623520295368,0.6503656752699813,0.36601422693990915,0.026766233318101032
1.0665777016136002,0.025091511923906795,0.38160333274370156,0.027986676698511872
0.3208667127402638,1.8983979449280755,0.4942618593585163,0.036901844234733173
1.459421957960581,1.7735937627012697,0.45013462771938156,0.03339111978458288
1.0620532138219152,1.1928465665650294,0.1619000969891978,0.011191623521542684
0.8204307000472868,0.20783462779232464,0.3397906553514243,0.024721393798906432
1.340838262890601,1.8736165052509357,0.4771109787251334,0.03553465328766237
1.902237056174882,1.8831244539289793,0.23943317475246195,0.017004191031734336
0.6765474875087345,1.1195281045625791,0.3445558079273706,0.02509218139709848
1.6791927541316778,0.2603650643080384,0.14522426779040543,0.00996386495913565
1.6032564854474387,0.7782407403159348,0.29908858301587415,0.021569394652857718
1.4168571202412403,1.7015726864796301,0.4658798807604263,0.034641189118381585
0.26451940106392535,1.6809501567263399,0.35851939621012757,0.026180742701507793
0.15041638596499252,0.9585630937791145,0.2627568616066561,0.01878067639119756
1.5067599832323866,1.9381241945509071,0.3760715364697653,0.027553200938293523
0.33859124620629344,1.7260769134309506,0.24983701616451942,0.0177952066407896
0.9476149744062066,1.9496767579009628,0.24966386646618788,0.017782023001590132
0.7989199526593811,0.6412136371370578,0.2858093704260519,0.020547248444283805
0.6034459079178072,1.8320602755393436,0.19440110601307642,0.01360902076819415
1.1043323102157312,0.8408205428231541,0.2599420912022409,0.018565687127607502
1.7659309573254132,1.1340347870039276,0.2946400545866053,0.021226620355273177
1.4966303039302111,0.13900950419982983,0.13532176070563684,0.009239318531295782
1.4054133864940495,0.8025839380744737,0.08359039893367483,0.005520686963514958
0.2965471435045812,0.026200683419864257,0.3825450877610368,0.028060516711886193
0.6966258929284896,1.247721773705546,0.0683606917775779,0.004452624040615682
1.9274691286796646,0.3655692200117153,0.14516926376019376,0.009959830779999804
1.4513246543254603,1.490574467866633,0.42115092581171626,0.03109795981879175
0.6408356682875467,0.6216128588814274,0.4731338318070855,0.0352180927526193
1.0008734036046472,1.8058895969660975,0.2646395940985687,0.018924566385073376
0.37158873997231057,0.38526416734549285,0.4406549121989614,0.032639940108775245
1.7305616891908326,0.9022860320076864,0.44157851825615674,0.03271307870120911
0.2897176446951022,1.637866724918509,0.3224098017030595,0.023372024760099995
0.12186319931775591,1.9339425447788132,0.2338819728606253,0.016583089977057958
1.2280950562317763,1.159960438031646,0.47730233612053835,0.03554988896045881
0.9813767368986874,0.813152567185933,0.33840912845421733,0.024613960831517803
0.28888838620777846,1.14045103435216,0.3642068718165581,0.026624967728474336
1.5527177123003633,1.9102307539955925,0.49255021490776346,0.036765250654551926
1.6150768255547898,1.499931396902408,0.39201715059178754,0.02880388380021556
0.17707227099058054,1.3458448436639538,0.4496500286061051,0.03335269311514216
1.2355607803873183,1.9019757868117628,0.36970853965953543,0.02705513587523685
0.3196740410834662,1.6355535803051566,0.46738827412553385,0.03476110028121645
1.8166203750417902,0.4343433265604766,0.11450749535578868,0.007728609927118522
0.21297682301550602,0.30690685910585147,0.08980321021653376,0.005960420958655163
1.0284342482346156,1.3889619513769615,0.2629719184186904,0.01879710876600282
1.9617676078724533,0.46105562529845034,0.2501736406579062,0.017820839074808716
0.3901627574118429,0.11023076692261036,0.4921600162033637,0.03673411638552204
1.3202653118492853,1.892232206580807,0.1272045626708133,0.008648112044460332
0.4282217276255049,1.8783498313858074,0.2596023114447701,0.01853974592935753
1.0982991153221695,0.7566308419803229,0.27713273104560354,0.019881136825874716
1.4403771973428323,1.6691203361449043,0.11464053084792293,0.0077382090179171715
0.0818188688499839,0.8640545333668819,0.22725968028862953,0.01608164123789016
1.2951021111678203,1.617277519643509,0.06151518727643681,0.003977682051038206
1.1886153961969155,0.9315399470871821,0.15519129151618283,0.010696584523487514
0.8875187859535856,1.9182878811722084,0.382555774902426,0.02806135472866316
1.985148076137059,0.3222634843071541,0.36230125301258265,0.026476074084482944
0.47247632238067117,0.5130191087189824,0.3178393038626643,0.02301801444289997
0.6324226355059701,1.5893982625617276,0.061703031880882116,0.003990667885212937
0.5865554918695819,1.3058628581436365,0.12404410986814635,0.008418618590511682
0.23869830778404433,1.3502065534225594,0.3265697210583178,0.023694534791371
1.8361909409544692,1.444302553928702,0.4472142705958279,0.03315959109445111
1.0284703164074331,0.817848536802825,0.29909071745481375,0.021569559203533057
1.3837248253000947,1.2762395915607019,0.16010446598047612,0.011058983678208614
0.42779365363469424,0.6115188789154571,0.12220173557231995,0.0082850216141887
1.7449523136849168,0.5699128678753036,0.36243273792115555,0.0264863457957367
1.7083977974767375,0.5258694756006859,0.2065416561150164,0.01451948178145143
0.5194390626555747,0.5534898976365672,0.48878565831122145,0.03646494483365549
0.9081188004060583,1.079161175137713,0.40677381173319793,0.0299644474742059
1.4534373922972328,1.3656213243153215,0.408931779423739,0.030134410823716696
1.8107551514935287,0.03325437964970912,0.2775578362490235,0.01991373929486171
1.6566414030464394,0.6299963940803295,0.2594141794365001,0.018525383604053952
0.6416568558284845,1.169372777961517,0.37473435920924625,0.02744848447985113
0.6155982901751755,1.846340461549315,0.20285233872438635,0.014242406380011619
0.6095978442513879,1.841891399516507,0.46051729702177213,0.03421510287976411
1.7332212641272386,0.9939765847791979,0.3063654725698009,0.02213086042022343
1.5238590298603578,1.65047637087303,0.33607064314933044,0.02443218003009169
0.4264200266333975,0.9571033914645521,0.3932822343012117,0.02890326202908817
1.0158281910723235,1.457930155548511,0.0864495296926824,0.005722781831219343
1.974681283198034,1.9326048381863097,0.42115890305734893,0.0310985895063209
1.2535020296170318,0.760117299373485,0.05643023727772373,0.003627221932300969
0.8972881956815182,0.8437268966866163,0.0868855014733727,0.005753639000008326
1.8046717909878582,1.7197407950903554,0.4587239429034598,0.03407268738575716
0.27737308686808126,0.7499405434954096,0.4131090348003794,0.03046359057921179
0.845613004919137,0.47049698216297187,0.2121919172273482,0.014944488648179212
0.3994165555598974,0.03749231379851059,0.10397452265065099,0.006971124300931761
0.4052913763810293,0.15574969190942944,0.18569425185167232,0.012958462822819221
1.8978759447747935,1.9358181096613847,0.4571425572510187,0.033947136792616364
0.8181497224516117,1.994379229989722,0.3028715003134758,0.021861158450024322
1.7127544066338123,0.10010683007581855,0.05820198497972715,0.0037490949314808145
1.5701209861833165,1.3283921168710167,0.1432550483108582,0.009819501796486696
1.7469529086283302,1.6970758649482485,0.18991833488601367,0.0132738205642087
0.05334317147399381,0.052997536788586874,0.1956391778109502,0.013701692420296441
0.4416707197512548,0.6150319116873812,0.4750105209716255,0.03536744481863289
1.8573108520696266,0.12694259587695877,0.0761429215313258,0.004996546197332085
1.8729971643372305,1.3903495873767844,0.07270665622078329,0.004755878189648856
0.8987055636803243,0.7269946456504026,0.4542710478939256,0.03371923637128445
0.7013871983985474,0.8069844502096264,0.41352350239045227,0.03049626438365043
0.9689233683867435,1.3131877640225609,0.32696075707517525,0.02372486564761159
1.688273483145345,1.3494593080378927,0.1822148371359797,0.012699070902607242
1.6165149392402829,1.5572022111926798,0.29670973706826936,0.021386052358188253
1.4019838046993869,1.7105943521082845,0.11085100983413428,0.0074650826922196345
1.9672029484692195,0.34642743925138353,0.4486362038171769,0.03327231032334533
0.9059751750542309,0.38963439069760497,0.08559403791943662,0.0056622631656435985
1.3634100826167639,0.47902902127862657,0.4657542794450761,0.03463120552949813
0.5400696763949551,1.5821346077037273,0.43652213402029516,0.03231280317271539
1.7104492805314022,1.8123908600742462,0.4756469780818435,0.03541810507349943
1.6798722388960636,1.6749154030194182,0.13595881448109715,0.009285823196997028
1.26807964980234,0.7149655646084707,0.21257080307472637,0.014973016235878269
0.8032088642587785,1.9662892412154425,0.1258489705128716,0.008549628167075878
1.5862953337758714,1.3849316190505019,0.1713747676940035,0.01189315685452039
0.16803885629099313,0.6203099337470077,0.45677238498161,0.033917752113818755
0.43662286146423424,0.5209400681881027,0.3184491600767678,0.023065230981584958
0.012837090534651985,1.3682457813957218,0.18634947439392002,0.013007347682110544
0.4381622180785514,1.8116169476078376,0.3885659203177972,0.028532886268821778
1.7900542685832797,1.398654828516613,0.27522706318647766,0.019735028473143117
1.7663900535185202,0.934865762619504,0.111053555399977,0.007479664882967785
1.2517362751059258,0.6223289880384919,0.27103367744071055,0.01941376621455993
1.981190978322911,1.4885602091634629,0.09317810644052699,0.006200182474248943
0.2113452545506418,1.3321598643227799,0.07008203507106338,0.00457258197570959
1.6264203111289508,1.8038128597058833,0.11215011554211136,0.007558643096202327
0.512550780851994,1.166511709597584,0.20251094349924165,0.01421678436555366
1.700435243787456,1.607271769113187,0.4693009801863946,0.034913191057019496
1.14086827500469,0.005169939218113484,0.05819017529005127,0.0037482817232017103
0.9795768847787398,0.4584372822806746,0.19482257683238458,0.013640563973540147
1.5108199098479957,1.3194237571364476,0.28113471263149914,0.020188195615963564
0.7940736652685063,0.41695359708088775,0.163695943952129,0.011324380882460983
0.660986485084103,1.3277270497155722,0.15120515635104814,0.01040314447920273
1.2579147643068094,0.6655214076285112,0.06670235416619513,0.004337253789110888
1.2883760887823015,0.907496560568714,0.2017010619544778,0.014156013966568255
1.8151666253152723,0.8358294288325852,0.3208832242693548,0.023253744140556722
1.598763365702924,1.276039040917727,0.25872069757271277,0.018472448201160053
0.6711577964075741,1.7377223215070616,0.1365239877705316,0.009327093207049069
1.1013307649395343,1.722334780024005,0.30615272421747114,0.022114432144476174
0.49840382824881546,0.42397523671951265,0.40890868979839107,0.03013259193726631
0.19816244837298513,1.8815379174201965,0.41669364729657726,0.03074625162385007
0.18956212927555183,1.9009010178523418,0.46873802332073106,0.03486842251729394
0.0702847394260242,0.7026039208515398,0.2961564631296776,0.021343424963534013
1.624070963706545,1.8711847467701357,0.46925031292517666,0.03490916164571303
0.23931099484549834,1.9337821130774746,0.3690524547660709,0.02700381413479193
0.6915996705397152,0.6753620142999686,0.46243957312056316,0.03436779893984555
0.09697429356050424,1.0116258595952288,0.38586813848074664,0.028321166571174408
1.9964564863731324,1.7357007439562306,0.454684375313711,0.03375203443632795
1.8465878264105626,0.6185294021135683,0.3383993889097382,0.0246132035534919
1.4919502904128294,0.3400117859388645,0.46943871991806174,0.03492414522556
0.40939112604311356,0.6624171502017486,0.4137859118700926,0.030516952129759523
1.0679610735343383,0.2729669258146994,0.11809603026353875,0.007987805250337737
0.36753226257998484,1.8734831053661947,0.2808466414419498,0.020166082741279682
0.2409255553793106,0.7430559665697798,0.14597398889991886,0.010018862503917309
1.5595115410207858,1.961268271279406,0.17189056640787592,0.011931426397792488
1.9590194443219882,1.3810413425884727,0.1086808739778872,0.007308960596869123
0.14717506670963032,0.28066791121011603,0.4815399786231259,0.03588739329099481
0.41577411009315557,1.402715567608529,0.13562106289646303,0.00926116559205815
0.8535063037125457,1.2051506773605976,0.31672659056412644,0.022931881610902313
0.13420782534819553,1.4975561183228774,0.13947802428837586,0.00954299330563697
1.183056264564377,1.0829621487228938,0.1653665210381237,0.011447967991909579
0.9242255695308255,0.8748473830403705,0.1391186362557993,0.00951670990775736
0.9652624838966659,0.1408793205502641,0.2493998656496979,0.0177619231615196
1.0132123680746379,1.332021240573064,0.49632368012570927,0.037066426109389365
0.715682826009328,1.4356464995692155,0.34668331976271394,0.025257842619917557
0.7334423842328814,0.7555613543220352,0.21480624187104358,0.015141401156820479
0.059112100427939795,1.5168665970242972,0.12441492023464129,0.008445523962766635
0.933754233299547,1.5196874972257044,0.12377510337050186,0.008399103406695007
0.24624837532144395,1.8172211770211038,0.45328168152993176,0.033640737237747444
1.4414248920580928,1.790352954988594,0.14241217773407777,0.009757752816164785
0.8247803827550342,1.90667038863735,0.270920430877665,0.019405094938514764
0.06027251363103869,0.5317821962678977,0.45166138918579724,0.033512204191539045
0.35580197335948505,1.4504802084641217,0.4433838637835081,0.03285607101556238
0.9922701756581338,0.933073439498513,0.18892462413038102,0.013199589068192536
0.2986938279884923,0.21314900500951395,0.179668439017513,0.012509451894553079
0.5093479699713275,0.9841130288174709,0.25663668464123723,0.01831342869937323
1.0303075248372748,1.525607483886247,0.3904047845463915,0.02867725700289754
1.8076913102147096,1.9593314341318915,0.2125128229078574,0.014968650486897791
1.1640334241098345,0.670945934744527,0.3529992475102679,0.025750051580150982
1.991381111625347,1.3269240833453873,0.35422377468901406,0.025845551360840838
1.0007189454578962,1.5909423932845717,0.31945044825960234,0.023142766654215486
0.5971420556274734,1.5183538332302489,0.0991752308829237,0.0066277020339030445
1.7813988824113502,1.073297533495251,0.13997658082253855,0.009579462355096253
0.1379071957207787,0.8884955010061653,0.24062142423970945,0.017094416933078376
1.031426008881532,0.7878185837546925,0.33639365578314423,0.024457284049002253
0.8361084602417352,1.4212626739552712,0.07911294034847266,0.00520516544744969
0.21546830487578505,1.7246601830316621,0.16170453104006935,0.011177172490872876
0.056163283399661035,1.4996865771610066,0.14619950250410885,0.010035409399545905
1.213610310324991,0.8319886075064888,0.23577218675215744,0.01672640051876245
1.3682180075833756,1.758044502998506,0.21997986366647454,0.01553156732450681
0.9781520128051959,1.8228771156437913,0.3711618380392054,0.027168841396583113
1.5750533553846826,1.3883773483683104,0.1498149453103711,0.010300928618048415
1.5814897811399447,0.28681085043967913,0.3068885630916282,0.022171256442641684
1.9697697175861417,0.1825540807390278,0.22312390188106845,0.015768983894211983
0.7200689857959679,0.815646749831723,0.2998609488788664,0.021628944075772503
1.6033520821339715,0.2540747309413265,0.10514246800774699,0.007054866393908406
1.939690400641616,0.6013147849534426,0.44340101271570387,0.032857429488880485
1.7068303783585113,1.382331251361419,0.16293039152979621,0.011267775332972541
0.38391983212547753,0.7853823808439937,0.07402022086655619,0.004847786506818441
0.5151048096218833,1.3664211804111788,0.41356555985726473,0.030499580034461942
0.3400415267934196,0.4321653077454357,0.06715898754495377,0.004369002154905297
1.5625184518253563,1.8979321703039773,0.05634155062868518,0.0036211283224677686
1.3955986645949385,0.8570073009410009,0.2082248725388819,0.014646008693026923
0.07628290225044743,1.0966851441424819,0.19197004969068954,0.013427171009512491
0.7703029755405939,1.7854943940556582,0.12261882361736338,0.008315254026433096
0.5295039666735146,1.3848691622450562,0.11791684769505659,0.007974850087183117
0.45153387091737685,0.26220306421175654,0.15443878373107695,0.010641148290058172
0.6482551757379924,0.2879237590124877,0.4179521111416998,0.030845526408139284
0.24968271826505384,0.936812244312845,0.08153369344682286,0.005375604515710897
1.2520839607895702,1.1698955684112495,0.40799370913115357,0.030060519995614068
1.1162157376862691,1.9326924292818881,0.4112019824494972,0.030313280728013738
0.8395652077958657,1.0880570474318367,0.4683395731811945,0.0348367384399968
1.6648418475300513,0.9023481614457811,0.1462268248424469,0.010037414275789585
1.7562394084110058,1.2667805262766012,0.2500187755662883,0.01780904650212054
1.7238548213479092,0.5377620951489395,0.4980691484264668,0.037205792489871506
1.705000280887608,0.5111643579240444,0.16501032625922085,0.01142160991171288
1.8236533993565307,1.0127075643370518,0.380404511472718,0.0278926991312422
0.6816862817338818,0.5153809625243582,0.060066356012623334,0.0038776158102190998
1.7349570914166692,0.8066926760544719,0.06635681708352238,0.004313239579810842
1.2721552082586622,1.5424387246008366,0.14830927421874862,0.01019029732895202
0.7154335125295863,0.5929835898972489,0.1961574652759448,0.013740499097191348
1.259027465646083,1.7842163465597223,0.4052901555902141,0.029847629535525208
1.637806054576848,1.5165802894684426,0.32621437009761206,0.023666974033181652
1.3052785721204365,0.910246003528008,0.12704269419745673,0.008636348464189241
1.7971477066270465,1.087575420707079,0.23689615032026445,0.016811653814246527
1.4911552290652867,1.5128839538703263,0.10450466985976921,0.007009128041546107
0.7167674254265628,0.7839931962113804,0.2600355466602268,0.01857282259096744
0.8488792337296407,1.3949992352668314,0.10450393570744931,0.007009075404431884
1.840716559935553,1.0080032593763997,0.40170320911030927,0.029565327895760028
1.9709502584779144,0.9898260945405917,0.24758113250043928,0.017623492933639188
0.8743707147130502,1.1220540124743061,0.3296272305941436,0.023931758257976082
1.7465172439658054,1.130765258140979,0.09802327266905425,0.006545439992070194
1.9850924739481255,1.7366421077997511,0.12631354144602203,0.008583371077765627
0.8645215887837674,0.10750817907939236,0.06426208077599856,0.004167845357843378
0.9683019623967732,0.7124352890340175,0.07400985469466247,0.004847060756689244
0.4128443996553324,0.9380340327764798,0.3023510725754318,0.021821004604501495
1.8570198458419922,1.6123468477797327,0.4319265218183814,0.031949280788355496
1.4776938330376828,1.9981402788341465,0.44058154495234114,0.03263413075039887
0.368970831860707,1.5152241666945716,0.3497561582058951,0.025497236563336557
0.07875358007295263,0.6851425473600226,0.06007456331733528,0.003878182197903924
0.04094793799634755,0.4279195916032339,0.4216314325554689,0.031135890305832987
1.780663353601788,0.20730650626691727,0.2165959832953409,0.015276301067717485
0.9268300495722053,0.18530828188585446,0.253123280311493,0.01804554226934094
1.4951581335888744,0.1975105551075802,0.32971019518811434,0.023938197367226403
0.161851889509101,1.4869993836630682,0.37296396523400693,0.02730988181272658
1.9806931653102784,0.480768804216851,0.25652689087932434,0.018305053408755618
0.2972360886223875,0.9857295482644639,0.374829398199753,0.02745592628295089
1.8189484305432095,0.6214494521580136,0.3421460743740286,0.024904629896004407
1.7016362666363105,0.09236164612673758,0.1033850756431105,0.006928885336319259
1.8313238538431285,1.7223145822687194,0.24717561023636214,0.01759263674385503
1.4253864863841703,1.534195850717925,0.17039676921018562,0.011820616363932545
1.350046706242534,1.525002140705964,0.3106089218829552,0.022458700313873883
0.8539512093356894,1.3028538358848503,0.2342529614229376,0.01661121097239868
1.4122758880012949,0.6007283944319257,0.4237011780673828,0.03129930699073707
0.9169607890790483,1.4463304096597474,0.07306748411146541,0.004781113496690711
1.2922843922223017,0.8664936436307495,0.3618298261002866,0.026439247933972555
1.2890845693788668,0.2651079410690438,0.30052527806263857,0.021680172336800307
1.454773423673826,1.144813029484105,0.2367585863020893,0.016801218001184275
1.2660035623431485,1.5436471628933397,0.1256250227223446,0.008533365365274605
0.36909509525847284,1.594183839231986,0.4483243636167145,0.03324758807128572
1.6385139771667507,0.2525625601481669,0.32332229063835405,0.023442743706167897
0.8129560972982506,0.42455346151571316,0.17501772796302123,0.012163614157958145
1.7698238124043346,0.7126794016122873,0.18166332835019733,0.012657986880253455
0.7567320787573149,1.3101221079492618,0.34308785058151076,0.02497791828161264
0.11280762556758006,0.46169807683992947,0.3005881928960106,0.021685024278959047
1.2684809034728486,1.62393129557101,0.0807222176332018,0.0053184311356101735
0.44822249736120234,0.3711140917234519,0.12838650169379745,0.008734039151735385
1.1806937876871506,1.3938763531641942,0.25435936708305806,0.018139761067927532
1.0984361107070613,0.7534193082654292,0.4593280436741323,0.03412065651092629
1.918011144963232,0.8446703812839134,0.390383983621008,0.028675623642430346
0.4806949499937341,1.5476841336469713,0.1050508321368549,0.007048293739748383
1.9432420111465094,0.9920937723619754,0.49784755607281816,0.03718809764633802
1.9214525085573342,1.0346588919330337,0.20122825140168027,0.014120543858247141
1.5924614905580754,0.9168684614700404,0.2129021635818346,0.014997968357455965
1.7741980629657401,0.6583410583408962,0.2331890638507379,0.016530575603475803
1.849491727949752,0.5111752927966042,0.33119962517494267,0.024053815100399507
1.1634745853389405,1.6625372469810045,0.4457599202355215,0.03304432767921211
0.6690622575880136,1.893734333781821,0.46253911871998715,0.034375707541908836
0.8144251439829762,1.64361123774887,0.3262578636708895,0.023670347251406224
1.2919555575353874,1.74388214240513,0.4040585132946151,0.029750676700596855
1.5023620227726096,1.998020841523273,0.10734417042274313,0.007212903318677408
1.6584709683834467,1.6161433729779804,0.36576344486182927,0.02674662893294267
0.5514524034953743,0.6411669228216315,0.18904730911974688,0.013208752342901644
1.6598810819641399,1.458148231702605,0.45194021587353056,0.03353432043286617
0.33096506738107245,0.5855171564904667,0.08077247484451122,0.005321970912374311
0.07060414378601454,0.05125636962628266,0.28331398383139716,0.020355531031818728
0.5253591090591616,1.0935630917285872,0.06976075549163177,0.0045501768785201875
1.4043930533318756,0.312891753297071,0.4712746653691445,0.03507017549264136
0.7634600527885296,0.7082034119052674,0.4826543161013352,0.03597617809778832
0.35713385944281395,0.8884206694779766,0.46370849758179844,0.0344686200043453
0.6731546891099531,1.4591168036291355,0.22258319312958025,0.01572813668599719
0.310235755701358,0.579872372134979,0.124223197131347,0.008431612167184514
1.0037722137814833,1.2823519532859264,0.1324785048239141,0.00903194708829518
1.2533805235588233,0.6373537603995167,0.26937425499291806,0.019286729491168223
0.8662152558651224,0.021478275769116983,0.14904580763761494,0.010244405517789339
1.6436982271872396,0.7734052688349822,0.2647339669321804,0.01893178080069876
1.4216181557114347,0.7933058589728326,0.3649924270341317,0.026686361974647212
1.1580087891835047,0.7011636781977695,0.3914187194783296,0.028756881948386562
1.2832022703577437,0.487731143956583,0.46895976856245486,0.03488605612671972
0.04206959105081842,1.468495239847207,0.31274182689953195,0.022623601041199672
1.6067660426867034,1.330399872054623,0.2148332539873179,0.015143436592432063
1.0584754379074286,1.6411808736921492,0.27008691589097766,0.01934128049468599
0.5132181580506467,1.5621924212743545,0.10502933439169904,0.0070467518545218565
0.8252338192465525,1.6931943996175105,0.10047330622185124,0.006720477390902141
1.7872996590456451,1.3910358283356374,0.15623443233893736,0.010773461964226433
1.3593293171441065,1.6731697754772001,0.4212017310881829,0.03110197017057395
0.4153678168064576,0.5200540388473407,0.41254297828110664,0.03041897018952543
0.506835362233965,1.3200693873030602,0.3192169280768457,0.023124682302443515
0.7963419772228566,1.8517834104093416,0.27883433980570105,0.020011658496331373
1.7442984436140048,1.8806525158622727,0.23867728986907816,0.016946811411945824
1.071750743211931,1.3389113285443615,0.08758004147587348,0.005802819136078345
1.373509934691024,0.4710455669451403,0.3184890870052268,0.023068322438410817
0.8446132013572458,0.2545316525840231,0.10479477930845132,0.007029930249381963
1.137462046491377,1.1674487041230064,0.2606556031460047,0.018620169305714314
0.5445633390506788,0.5587335765745438,0.3240638035699719,0.023500221959732125
1.1572361040381662,1.8860668522359072,0.47791463291887853,0.03559864221304356
1.1600571144439211,1.8210827738272615,0.42923839991072205,0.031736768307975394
0.5663435137220991,0.061706536108574905,0.0533701482242103,0.003417353707935492
1.4051216370757245,1.1827487244014907,0.1221401039558017,0.008280554881345974
0.01968634578393047,1.6048809886274296,0.09594891646095563,0.006397477582458178
0.7708577464343591,1.2429022010576185,0.3813411479872983,0.02796612186240242
1.5329141414627672,0.8342736201064938,0.40774624775973567,0.03004102967186252
1.214433404848557,1.9043032444454373,0.4335772063908076,0.03207982276995228
1.1378730662650531,1.0978323822608385,0.15799405078359485,0.010903222572048883
0.7824567206932251,1.2110839688660882,0.4380027777677095,0.03242998153202729
0.15929145156821733,0.38021666437057244,0.156892440995351,0.010821974151758533
1.0417474281085324,1.2704453182000046,0.33990431188868964,0.024730233521951233
0.9989130931348642,1.9346139278613956,0.214693710189235,0.015132921782004734
0.18529705539892416,0.8837919993943364,0.11454012372572213,0.007730964135084364
1.0709446320827996,1.6693988757423521,0.43998859889965475,0.032587182602768196
0.4954065302074815,0.056341162210371554,0.17884429267394814,0.01244812094392949
1.1742144941142116,0.26196946935846976,0.47457327971017554,0.03533264431704883
0.7515056444612791,1.156976636011285,0.33326178515952076,0.0242139504796335
1.2230812839940266,1.0057679105119224,0.38151020423206977,0.027979375470986445
1.4110769947287112,0.2909051869379018,0.3594592407402335,0.026254116714734918
1.6135006762506445,0.09931460112077262,0.2837713533858817,0.020390661469290673
1.2712953451767246,1.9359770012663253,0.3843239364242936,0.028200024774530555
1.6535545053700054,1.1897648976793962,0.3145523959585926,0.02276364202174507
0.13625120486427078,0.23966488155944754,0.07907637137126573,0.005202593449580955
1.9605067251625545,0.698707262081564,0.3686334618000875,0.02697104202266979
1.472806611623707,0.8868936706169621,0.4220026479864014,0.031165195541786136
1.7449124784066103,0.8886707291065115,0.19300188683771902,0.013504335998718042
1.0384108367080982,1.1662647729943711,0.37181010365060013,0.02721957137126126
0.3362861891313309,0.3736718843642657,0.41636358743910673,0.03072021804712375
1.7381248891606518,0.768084715312271,0.1365813524341331,0.00933128274185317
0.13904145606331486,1.2545290485704248,0.13286227106696497,0.009059919106672367
0.4965425844303293,1.9673541693249856,0.34238131617154055,0.024922934950427723
1.9013282647431538,1.1194816031135784,0.3171562350210052,0.022965137028006722
1.448255913121968,1.0032649049718176,0.4138480129232872,0.030521848163202015
0.5790565573939042,1.182872786859844,0.40774734198105783,0.030041115852114532
0.1962327112575737,1.0441733765203312,0.3917098384984247,0.02877974633893759
0.929224614450028,0.3597315822017495,0.41244838277198087,0.03041151394579213
1.45614876969662,1.6626188586331252,0.4438426753326342,0.03289241757364812
1.2359918387685465,0.042748092482066236,0.1381872012660998,0.009448612397130348
1.5121976659393945,0.8857595344688911,0.24758127551749054,0.017623503816422373
1.2351097095843762,0.49218493042911016,0.4509382298651158,0.03345484834175694
1.1091691114866233,1.3554517193149282,0.27891110781792605,0.02001754827466589
1.8313587463760905,0.4165143314814448,0.15210145388610424,0.010469079565552169
0.325387294546132,0.3115432070715325,0.21511054002443453,0.015164331861779849
0.48310424544223785,0.6887863437569661,0.20784341553459018,0.014617328470489205
0.24061293053242871,1.9960627792347203,0.09990184211950086,0.006679623755261752
0.2590500584260593,0.20655530024840618,0.23839412746651012,0.016925319630782414
1.7905427956716868,0.18501924018651272,0.3375633166243224,0.02454820210156611
1.825730620121735,1.6779745749139177,0.2165798646832479,0.015275085799767864
1.7222180709138541,0.6502013617625038,0.42762734275741837,0.03160944835152546
1.6253728599374497,0.5271396887383959,0.09193057294538975,0.0061114834136928526
1.5801562259779425,1.7300453517813772,0.20888217250761448,0.014695436944523299
1.3555549597161907,1.5037210183791514,0.05715446785022957,0.0036770080548110223
0.5325417017085377,1.8931315529474126,0.4786614788926612,0.03565811458463938
1.7501223443950236,1.7311011440163904,0.07807014184775114,0.0051318548494474845
0.015398835864280258,1.4982771474011318,0.49069850756216743,0.036617516580229666
1.7479903153917613,0.8887278254022652,0.36090677720650466,0.026367152312396173
1.0804672076113078,0.32486310372306226,0.2117847448514243,0.014913835190826268
0.07539125868512553,1.6777214699112568,0.10879884121451017,0.007317441807858526
0.02039548191154905,0.3536539198415065,0.3623612727013661,0.026480762840969802
0.2579887375801797,0.08843851624594223,0.14072053540953683,0.0096338987530408
1.5710449153563213,1.3376531826807754,0.12219800018446156,0.008284750888653002
0.36024738494546127,1.9119196542876276,0.34363053113566666,0.025020155621039784
1.7924207158866459,0.5518351964897386,0.37436540405801577,0.027419595554809124
0.7430946174495867,0.4728615442146491,0.299671289524893,0.021614320354520697
1.6202585351270546,0.6649602820250422,0.49606511607842446,0.03704578401531046
0.45929601564823996,1.3132627226732885,0.2075470959846708,0.014595051897768115
0.3794776590792217,0.19498452106472763,0.3098772450880392,0.022402150346491987
1.016564375788314,0.10633460946937157,0.3636166877062476,0.02657884851633013
1.1793792926964477,0.7236136225474532,0.24739857446140623,0.0176096016602025
1.8838404634279724,1.056642926662503,0.10053782583336439,0.006725090869383204
1.9796770354652449,0.6775493129103065,0.10978923525213694,0.007388670786407261
1.2426955413315564,0.8605534572199878,0.4663358629973388,0.03467743503824946
1.1588004166451868,0.18221789749971018,0.42196458303508244,0.031162190459887707
0.10413477818231298,1.5555930406367366,0.47415187999332986,0.03529910675448823
1.5302845381619548,1.0887101420729108,0.2742470832513989,0.019659920144401315
0.7586090722074037,0.8419082679344287,0.4697749665679625,0.03495088718823872
1.6406083152952786,1.014063471924063,0.3585418602970631,0.02618249632648012
0.19242438983514432,1.4180608345662453,0.154680658884751,0.01065896487817323
0.5527583464441606,0.30196312570090655,0.3784069621617266,0.02773615338054575
0.4695098053776201,0.8475660842541415,0.3268482325956441,0.02371613738725556
0.4019080007611311,0.28014152041574136,0.4246933673124786,0.03137766480805833
1.5481940367272975,0.14275204348150772,0.190249935781873,0.013298597557024821
1.7564452607491758,0.4447926917717986,0.10619614021817382,0.007130470175552988
1.274506796366326,0.5640776037947375,0.18051599686175324,0.012572545320692357
0.4336365045042401,1.8443989499948261,0.4995648090878807,0.03732523987406113
1.744648983683731,0.21842928404505502,0.3761817556269064,0.02756183352157099
0.01996135147379352,1.0345952869278916,0.07517079402133167,0.004928383116378251
1.163920636634284,1.0560940878362763,0.46986844777474973,0.034958322057409154
1.0606706308337452,1.750777189865156,0.2949448434355969,0.0212500940438879
1.6337677258337893,1.2949468111320108,0.39742551071524257,0.029228889811793085
1.8162620053829388,0.8014232876211822,0.0697201753727747,0.004547347445571832
0.1879509498948828,0.31407366975432294,0.11204013916487304,0.007550719788336522
0.540393995915841,1.7855108712426682,0.20132263898604918,0.014127624328039287
1.2145694557657924,1.1528023788043114,0.08101717545176154,0.005339208131624254
1.721568387087952,0.028607069623408865,0.35948914733089166,0.026256451750931276
1.617001338890382,0.8529880714031077,0.2692112904502765,0.019274256682395376
0.5300719243124963,0.611563744221435,0.40242108722875247,0.02962181282386363
0.6290988526685799,1.1316354820463619,0.16272046048875188,0.011252256068686425
0.7441387561524184,1.7526672268939403,0.41826297975527715,0.03087005267143181
1.1022710394129531,0.31716482265890833,0.2522923213053562,0.017982221539567873
1.7936132255558157,1.9491841884273178,0.32759423922592984,0.023774007240581523
1.729958957685304,1.7763356194039213,0.45631044582606783,0.03388108518415094
1.3253608244675488,0.6755290747999056,0.30713095947635843,0.022189977280259298
1.8502432423265713,0.2997106556108893,0.1354937523107356,0.009251872362652994
0.826083487806158,0.17847007149872818,0.08483079875877794,0.005608305781163053
1.758952922936782,1.9615913105773919,0.2980749078652609,0.021491256383252035
1.3383976510153213,1.7825216219941167,0.4492050951056554,0.03331741427789103
0.6413698653474473,0.6914958818643937,0.27588500130563726,0.019785464999123883
0.7284776024501793,1.3517914590124385,0.39980809117819754,0.02941624749577185
0.3689202935443612,1.5366936665057516,0.44971947196407536,0.03335819950573204
0.6153464569411997,1.3907703846647808,0.1970015288330253,0.013803713334668111
1.3806040517670801,0.8449849445346009,0.061571138485471855,0.003981549713093587
1.089266785475857,1.6899446617634473,0.45227859274229243,0.03356116139683533
0.23311654138297966,0.656548634738386,0.32456276462783284,0.023538903953810305
1.318854226593742,0.6061211430887734,0.2922368152610135,0.021041590736088207
0.7616371718207569,0.7609763631867572,0.43570226037280685,0.032247930044612
1.854083482546171,1.8511932359704923,0.4248635224594821,0.031391104024208076
0.15796978675103102,1.9675009782614803,0.12319503740660846,0.00835703225575036
1.9041101662213724,1.4163805480097547,0.20222837218249662,0.014195579391584584
0.41508403962421503,0.5970375231073985,0.3540496149583899,0.025831967407651847
0.7089403064905786,1.572541013895554,0.4657877577781658,0.03463386658151527
0.8816770938446512,1.4714559247419217,0.0792508352598683,0.005214864717661239
0.882276106823747,0.5193542638973154,0.19992408001381606,0.014022735148384256
1.1293073929988051,0.7829981646511555,0.26713059511643444,0.01911505250101483
0.18439643666811079,1.4481298206823456,0.17257954969078726,0.011982557680927505
0.736609351653108,1.5026906627402938,0.21653712012953547,0.01527186309059453
0.995029105139206,0.5733734038668463,0.48535904491226345,0.0361917360616175
0.54303143464313,0.07252470086678553,0.4694875534156039,0.034928028910327674
0.07466339389460774,1.5337710507905846,0.20872759610555264,0.014683811998716635
1.2171523875602583,0.44971270444592704,0.42845641938389184,0.03167496517872446
1.479657235129489,1.1649558182432689,0.4714033111565035,0.03508040939359873
0.24206961215084388,0.4603797913757717,0.30680622388882983,0.022164897426254177
0.562449335788993,0.7246667666945605,0.344899949167189,0.025118973587939002
0.5288763924158151,1.8195728428379456,0.24506122977383382,0.017431810235349236
1.6704686397557262,0.18071517317759644,0.4261200289045262,0.03149035706917938
1.5634087257252238,0.773042891448803,0.05836091013287193,0.0037600395306524124
1.1617307534664265,0.7918498297368384,0.4546516514390006,0.033749437679554774
1.207900809462098,1.548590067958501,0.07729461752527132,0.005077377847458444
0.1425186306813384,1.2243805536677133,0.4077738924412958,0.030043206956226618
0.4078629696943501,0.805803064959618,0.432356123131556,0.03198325187329098
1.8538938566380236,0.7643019880532309,0.19636431158947998,0.013755988652563582
1.5738526781738038,1.922881978202649,0.2484605230513806,0.017690417736545196
1.5557880027131172,0.13163419563707324,0.37257962212508794,0.027279797901000144
0.5235769437934112,1.8561883841602285,0.4756532511977024,0.03541860441974808
0.4614176157517338,0.5105737028335888,0.3351183954142924,0.02435818257182624
0.2231907247167073,1.1065421746341384,0.49602414445976833,0.03704251317236038
0.5876154283248969,0.35149778899298845,0.35133793133172786,0.02562052356835997
0.8276684776359731,1.08693446649252,0.2925655120911973,0.021066891504436327
1.118150374865518,0.5957321080020479,0.3034676496450022,0.021907160480607944
1.9759735417298956,1.0220174944139704,0.2204780062118442,0.01556916816907004
1.6110921708097057,0.5233142405841174,0.44298161126693414,0.03282420713814389
1.952227609410899,0.4568951522011997,0.4267956219512224,0.031543731377052034
1.930646615031106,0.9243635843022893,0.4597253465136188,0.03415220704735796
1.594898914786024,1.9466809541257462,0.08286584249941586,0.005469547472222477
1.0355690724885034,1.787316110456874,0.3822362799167095,0.028036302688081872
0.7295949287692987,0.6667287174607026,0.18916338775528752,0.013217422570442597
0.3218186834430654,1.2766523728550525,0.3477882701917949,0.025343908598467316
1.0492629026667606,1.1588061366253148,0.3649223525440635,0.02668088500551431
0.47433586033663455,0.6395749899768941,0.10359312586406645,0.006943792037411196
0.8703773968886264,1.6373995013795153,0.1706357910216703,0.011838342538134207
0.5849894951665886,0.10726317633705795,0.05148737867055726,0.003288637982402679
1.005496293074498,1.5850886450842043,0.24727862084618368,0.017600474490614578
1.0480481694547303,1.196082767729358,0.08324507599408375,0.005496310097096258
1.9003348601513703,0.912867073226515,0.45943178738733476,0.03412889480507783
1.339174948798344,0.252960674546888,0.181941361215476,0.012678697549593275
0.8991885571751754,0.5000762787926243,0.25631018427926033,0.018288523316184347
1.418603592149128,0.3251955747102626,0.2005784393865569,0.014071804536884216
0.466661802549843,0.8417419960681609,0.32727223214016393,0.023749027119685986
0.40363162116186935,0.67102821346262,0.3101819256485504,0.022425697434094272
0.5971395334258833,1.4631665796544675,0.41605424646955824,0.03069581997194877
0.7794046367969865,0.621439606342217,0.44680421112788277,0.03312708952599555
1.151921701030062,1.1487771946102183,0.38706116134778373,0.028414781469409515
1.5605807665199858,1.614426525151102,0.22650902685746205,0.016024863823227226
0.5142943438918852,1.8294199656101608,0.3006748429325134,0.02169170677590897
0.15211356330347958,1.8171589851019896,0.30306058317161483,0.021875748405911995
1.9057648921603856,0.8651673894740093,0.314407079628584,0.0227524002709641
0.040227268555414364,1.6853462531344134,0.4637639172774616,0.03447302375249841
0.5222772765985246,1.3965764946812087,0.21935901222579107,0.015484712380074674
1.6510076090492374,0.08298876354702767,0.17360802595934705,0.012058909835066982
1.2738317331709892,0.37688577877889506,0.08200184853744757,0.005408606763379171
1.636664290632817,0.7709091949821523,0.3302384735458236,0.02397920111801827
0.9370409302501426,0.3171482573747544,0.058210714683761704,0.0037496960610805775
0.814712932654734,0.37062257382412,0.3285085126805759,0.02384494242925017
1.0358834530578476,1.5068076721018258,0.39589615074012635,0.029108667168114635
1.153360015250591,1.7432107671954322,0.23058745472050346,0.016333500494974795
1.7140287471982973,1.0862190508851022,0.3500474687932269,0.025519939089951822
0.1701082413426509,0.9273627882573812,0.47288980965497807,0.03519867580055738
0.09328732520549399,1.9289367176804408,0.07346644079332555,0.00480902543597406
1.699260550950249,1.5857485103197428,0.14988049005770654,0.010305746358404467
1.3900404213707778,0.17996225255468112,0.3694775289370374,0.027037064520265976
1.4256176872602202,0.5459423065741675,0.38055370035504216,0.02790439318064892
0.20343376858204842,1.7373897458197038,0.3505550095287519,0.025559496059764836
1.702394225368134,1.169061072274298,0.05802256012757572,0.0037367410705990735
1.863151733270841,0.35312824412336097,0.25339641881414443,0.01806635910141423
0.12807159334741125,0.9534252767275397,0.41484095092112877,0.030600138058037976
1.7700706701934577,0.17907366512951017,0.42527219534935357,0.03142338339691583
1.3159804059578286,1.693293925622934,0.1307662436434,0.008907211838007955
0.28647628275066417,0.34176463717981753,0.21617921822898412,0.015244880937810642
1.9838270194793688,1.2400863076523898,0.21782086233086734,0.015368669440388704
0.7747056887110113,1.24149065281391,0.2843030526129968,0.02043150606049609
0.2665843921764304,0.4621326383560691,0.4515682511940102,0.033504816793284875
0.5169318475774523,0.17279559515791787,0.36208872467454006,0.026459471736514736
1.7342970467360388,1.8830471663013146,0.2573710041094273,0.018369450427907864
0.3190896054419219,1.5604305193761518,0.2500411191370287,0.017810747875633297
0.4624400521268872,1.62248382390712,0.4938811939307002,0.0368714633392063
0.6468378469009841,1.7268542943079812,0.19256671245950252,0.01347178840438786
1.170727591902988,0.07095024495952207,0.08679527422046479,0.005747252025646981
1.6377614842018189,1.984089354654335,0.42680784674276595,0.031544697233773705
0.05019314494133553,1.6410303983039878,0.3731878538782989,0.027327407364959144
0.7422901013527805,0.06083557753727242,0.11075178924242503,0.007457940014223742
1.8967159427771925,0.24677471385169913,0.21673758187058456,0.015286977206046368
0.50091936242455,1.734289035500493,0.377990465536659,0.027703520169727495
0.09885746331138479,1.7233040653498033,0.4174806603101332,0.030808333266238257
0.5642482883623752,1.8121288224205296,0.27582778939387115,0.01978107889205298
1.463043767294102,1.2554128270260394,0.43568414282609663,0.03224649657496351
1.605388535964931,0.7880923740531749,0.3263303933356039,0.02367597248221627
1.0764751720416668,0.8057665591543415,0.3821196910015925,0.02802716115089731
0.4257557176377156,1.051341149277797,0.21882406604331828,0.015444347943883325
1.3725807160135497,0.9286477450573136,0.16146861434802368,0.011159741411948615
1.4993394239639346,1.8335560283708443,0.4338718496805808,0.032103127815567616
1.1582809618814534,0.8443305792961784,0.3906487849263446,0.028696417203303907
0.0016694768472911292,0.10505754248926058,0.11673438336177257,0.007889390325759001
0.3413975655256458,0.2405597165916793,0.31803263848135155,0.02303298219910956
0.26996855603378966,1.0103990738296798,0.08637664126839609,0.005717623987425238
0.49618693794893654,0.28635404895194716,0.22684491602141438,0.016050267977397094
1.9444112105451385,1.4784974810444524,0.23081072090891247,0.016350407191640548
1.7562064461791906,1.5321602802190792,0.2006688397196993,0.014078584386081566
1.4181492251189058,1.282722847473259,0.18767535291820586,0.013106305104861599
1.5858295341940334,0.25850438646759666,0.1493792521040881,0.010268907527761115
1.188721276202606,1.7084455637444658,0.4495310829927726,0.03334326166542882
1.969722251083786,0.212178735858215,0.3954279514268647,0.029071868526084742
1.2547909246952982,0.49404055048760465,0.2309697541359796,0.016362450574521716
0.8644132856597861,0.14633288155263235,0.46896859660492196,0.03488675816159829
1.8754717784205415,0.005916294824005908,0.4158587108009964,0.030680398496276275
0.5981000338978122,1.0250415280385285,0.2798523286105415,0.020089769491007305
1.8792910196467902,1.0050847089187571,0.21840576945740636,0.015412790061037315
1.5135902530582415,1.107350795250574,0.11940428476793757,0.008082434957288576
0.3789598712997455,1.5278103793882631,0.4901247088653569,0.03657174521301077
1.6879245029002208,0.6324974525795419,0.06729971046641088,0.004378789210159476
1.7314511554245549,1.8683432026779847,0.3245574860970542,0.023538494713822956
0.44904908426426116,1.415768953601338,0.27556870481532325,0.01976121715871685
0.34274218181963323,1.3467182542478031,0.38737178782514553,0.028439159180347645
0.5249969920242941,0.7589051037837051,0.3782961068154364,0.02772746743563765
0.44248470542457374,1.71386514416233,0.19501576300837997,0.013655023752266657
0.771680386209924,0.5170922917077587,0.18891123101911983,0.013198588768895214
1.4759821257005503,1.2426778479648006,0.15194383065358105,0.010457482248300802
1.8443317956408753,1.4712572895855334,0.09636932817113908,0.006427447583922809
0.8635404409053136,0.09947245729452092,0.23174775952946802,0.01642137616765132
0.1229086322440065,0.8230981001333051,0.4395648185978129,0.03255363129703257
0.17197524157315147,1.7064394516313133,0.07455944396968973,0.00488554791621237
0.07650398451871099,0.6118348245944711,0.4038854637564964,0.029737056160821906
0.5885856135851342,0.5304884033919459,0.3213542636671799,0.023290236571852144
1.3620685978076472,0.4028475939363616,0.299778942360071,0.021622620868903743
1.5606187810472731,1.049901833369573,0.25659927276727895,0.018310574818051067
0.8621920144278774,0.07125548381211266,0.3871120758095019,0.028418777102099984
1.4794934117793317,1.2554489287157953,0.4847879553657166,0.03614621519010596
1.6533570152535142,0.0029182727365502092,0.0983634169945981,0.006569723001927323
1.708556874191784,0.1988272041819128,0.16169925632862997,0.011176782741265502
0.4389651721159713,0.9065288328761907,0.1368697277255579,0.009352345600104794
0.3807999073410788,0.262109746327833,0.30109089480111445,0.021723794767682065
1.460832527478908,1.3929534596677333,0.09366195353183335,0.006234605901064854
1.0172655184357058,1.5568798399259747,0.3099407988922424,0.02240706193925624
0.08076231438408188,0.031340418818177396,0.1254915983772029,0.008523677210825874
0.6006608781664673,1.8273992392008824,0.37272496142174805,0.027291173876658057
0.5494128902825628,1.333915132024622,0.38433806794017933,0.028201133232073475
1.7419460652115306,1.6710447200741385,0.3670581316341081,0.026847848422738296
0.48266896311666585,1.1476789184944165,0.10114403626948544,0.006768447941536293
0.880686048592302,1.859861395715238,0.39599128825706387,0.029116144973513693
0.16777607598889777,1.5855946822937481,0.24730458194557553,0.01760244982291037
1.363527636602807,0.7617372683187895,0.1679891430060317,0.011642159670669323
1.9786946259692106,1.2310723321523953,0.23788440607380884,0.01688663665875601
0.3204680247883369,0.8604468769972795,0.34337398063723107,0.025000187479694062
1.9075471078622555,0.023927386601521272,0.05063220517022276,0.00323028043915284
1.935087621566484,0.1055627177845031,0.457691504722758,0.03399071586447727
1.12640032041352,1.0790809968792379,0.4543130680866635,0.03372257063390103
1.6676143615338086,0.25248965776783394,0.4306641034579719,0.031849467494565846
0.9621936887795943,1.162591743952977,0.27368601084334426,0.019616926359919247
1.4303454648990643,1.433904910586541,0.09036503042405114,0.006000291641846472
1.2805787667208621,0.5846655081789012,0.11132262294361935,0.0074990391359249075
0.9349657450584903,0.7481613223577497,0.4074479673527197,0.03001753787103948
1.9583729353825094,0.744165962418897,0.41942036238545055,0.030961376483461863
0.48070606337304955,0.16621895945634813,0.39559154798787977,0.029084726236918348
1.915168289897258,0.17051357558722402,0.40639966614468515,0.029934985771857783
0.29869750067602463,1.4774808966730528,0.09175406504819425,0.00609894046254079
0.6494931905317509,1.2854539200744182,0.43610011783980623,0.03227940976935058
0.6204736866469722,0.17378359124473874,0.3747259627142946,0.027447827018457233
0.8383068701791898,0.7172790719350306,0.47075847997948717,0.03502911436787307
0.2576308582645257,1.431922445449983,0.21719751777019575,0.015321658411326135
1.482498877806056,0.8404655254148976,0.13861337354296355,0.009479766071369489
0.03994263516396912,1.2566695973121345,0.36737803543425573,0.026872862517829457
1.9677025443620588,1.5212102600790813,0.42348414396851763,0.03128216848114893
1.9809838094682288,1.2136763405745252,0.4451604211925973,0.03299682239258466
0.8168586880119169,1.287035790552059,0.09243327112945615,0.006147215097098153
0.1715609497617936,0.014594825883716078,0.4747760400887852,0.035348781958377914
0.9974777321998602,0.41361098946675057,0.07246147955457732,0.004738736137566753
1.227254286494744,1.0777823868966443,0.14390198272132287,0.009866913443142592
0.11638137813042793,0.1848163780239067,0.26390133747395245,0.018868135828040946
1.6059126514189637,1.023992181278294,0.286835106946397,0.020626088049738294
0.3630197742544141,0.38894193194116866,0.3177697498156693,0.0230126297977555
0.6238432291353202,1.4713901669909102,0.4426932799889582,0.03280136860253532
0.7131458174758605,1.6727217009691577,0.25231203698823695,0.017983723747363192
1.8677118860268287,1.5763256310928437,0.28924630737598783,0.020811492940419223
0.31748789818835554,1.673024595878343,0.4614999708139746,0.03429315611907326
0.34565040524327184,0.4048252398875425,0.19775271859179405,0.01385998771999628
1.7451596719006823,1.4856145255601232,0.27480249716122795,0.01970248630837009
1.9844607294117556,1.0235649651547696,0.4971261158533876,0.0371304921509608
1.3956107260819688,1.3746114801428786,0.14531183722231322,0.00997028781103359
0.030861250692913345,1.544149472400779,0.0801546484767014,0.005278465994080835
1.8220625694213275,0.9892394739438894,0.4388161716609496,0.032494365280328896
0.5435926194884637,0.5026912406046431,0.299169194989493,0.02157560934212387
0.7188046958328675,0.3337807525716785,0.1612338723203497,0.011142398869062032
1.2142071681436142,1.608194313168124,0.22676062571267913,0.01604389264226732
0.23780263182538564,1.5406413747437144,0.39092566373882964,0.028718160192288195
1.7453720557933126,1.337203856580553,0.13683824151793417,0.009350045706440727
0.8021177943432349,0.43355449474436747,0.43126829137156164,0.03189723518574206
1.7091030071945172,1.0732339239259252,0.0993497959459668,0.006640173604447414
1.4348835416770571,0.9632248263780714,0.37229208459490326,0.02725729270872267
1.685448664074917,0.9692588906635353,0.48994271379188575,0.03655722841409682
0.924397005612885,0.939560453828238,0.1209475847365446,0.008194158114976187
1.0368493516183783,1.8510537770365405,0.22848131740456662,0.016174070248210843
0.1579446574944725,0.1110760684724652,0.2551551834965355,0.018200437670269493
0.7861497146569474,1.836816894280255,0.0669838688145015,0.0043568249021210745
0.4869798965084975,1.331158617967921,0.21586410333307937,0.015221127040057923
0.6502674969848674,1.6781889874840774,0.2865883230428627,0.02060711809904898
1.428460534654727,0.7391434128393821,0.40419172948213605,0.029761162275140435
0.17677730485801169,0.408052778471935,0.45652989149883266,0.033898503607124854
0.509566678519872,1.8910812922698903,0.15575932674032156,0.010738443203457605
1.70874142810901,1.0919067527512467,0.1841538393889634,0.012843582638227618
0.5727398212785619,1.5094809410683119,0.25209897870463255,0.01796749051046862
0.6205868833588191,1.8650788008846566,0.4722535442855313,0.035148051132016224
0.3859851245726216,0.49069741736723627,0.3187674743136873,0.023089878116410504
0.4459059656676534,1.6098758322881142,0.06734006054874961,0.004381595754806443
0.33659298880664945,0.8784882312669999,0.47568717999060084,0.035421305193213334
1.5875427064479875,0.15801415707724353,0.21935487684644894,0.015484400318397804
1.6959621377549372,1.9060759410656303,0.20477384561866907,0.014386672547683445
1.7066247241679822,1.4639978105133877,0.38659871264812345,0.02837849137613933
0.1827348239559956,1.3559729737129744,0.33994229457364294,0.024733187699438008
0.30039947756808516,1.0021960896365902,0.29595702253708983,0.0213280602642217
0.11296641743492275,0.9650662869721915,0.054172883863985305,0.00347232880839303
1.9644555406421567,1.787864072504272,0.11912604315647551,0.008062302946670232
1.0837203083022728,1.8304715521794288,0.23240323809661162,0.016471032260648038
1.9311949294203719,1.2621872683791848,0.33248500714211104,0.024153622356324417
1.922059542294211,1.8917476761218612,0.33494970298902493,0.024345075298460275
0.47607503090205494,0.6020250815456001,0.3290714310306825,0.02388862401758682
0.6677980522649871,1.6052103883024833,0.42719675134981344,0.031575424817436505
1.239010454032086,1.266266293969705,0.3964986203596793,0.029156023350886004
0.7407696731222202,0.45819258016037945,0.40719535148946306,0.029997643420704215
1.788233696381423,0.2846426586336235,0.3318685300013666,0.024105750850333306
0.317380403047832,1.6334865536436807,0.39669416392674023,0.029171394814997722
0.8163419234598213,0.23846073066521245,0.09584563141182981,0.006390116058509951
0.17527696863749664,0.21034143196310606,0.1537155960160769,0.01058788958549906
1.4684692045331182,0.8089785534082565,0.41723293162695324,0.030788790908971637
1.6938728898551971,1.4812957805920477,0.14553337056489848,0.009986537548096436
1.2252543999641856,0.8717034623878066,0.09743217482949701,0.006503255172619897
1.8806164685388835,0.7288274034024727,0.35354241632736044,0.02579241001473358
0.12328277861558234,1.140090326407524,0.45668366689414003,0.03391070981923816
1.1294896913148207,0.09735531944718856,0.4713519473039276,0.03507632332467817
0.7688818785723857,1.5382093768028438,0.35205793982331823,0.025676655368367805
1.9503304632967169,0.571641926775524,0.07823046538843344,0.005143121508315867
0.7643003302831792,0.31814842024433365,0.42214760775164223,0.031176639730442265
0.27138592730314604,0.07676567088491626,0.11449685810925138,0.00772784243661356
1.5731360749180572,1.8153350501519285,0.14349928929412334,0.009837399664227094
1.240031675860586,0.8361133351037164,0.3101557090817667,0.022423671236819036
1.5401364076633173,1.7825322824737668,0.11789640627841387,0.007973372228984662
1.7701334338433106,0.3607141955873203,0.27373553505543075,0.019620721050360924
1.6240452945232904,0.9534848677095606,0.36835568547252784,0.02694931678105883
1.2169461727923334,1.6058664668592082,0.40595925521704335,0.029900308472928783
0.8774109709737092,0.7360603954561042,0.11936075138588402,0.008079284910845183
0.26719900809061947,0.058476629202583785,0.2638329377060291,0.018862908065502237
1.8545093107602053,1.746409636759886,0.3473376302187407,0.025308805402528983
1.4990852003316435,0.09613359418696032,0.31298505058948606,0.02264241027013674
0.6698559444181849,0.09769687372640545,0.2624706127370968,0.01875880570948028
0.1353873988555403,1.195483876469858,0.1361499992802265,0.009299782545996721
1.8767085586308614,1.6621268671369367,0.21748910775864727,0.015343648214303054
0.1165493197407439,1.3199306290495156,0.10101775057066306,0.006759414318288883
1.28772152665478,0.8843309898301206,0.16546524734271434,0.011455274339788924
0.30837420819353434,0.43769574695797764,0.30514684883148346,0.02203676984072004
1.1283341418235684,1.2460688160189157,0.12351970040066179,0.008380577804214022
0.5539865986034269,1.9993191095344904,0.40350163096264946,0.029706846538973947
0.20118125156552247,0.936433098898573,0.4258576237850381,0.031469627684169194
1.7948577538615147,1.2079998238234104,0.4585098214488587,0.03405568593916537
1.2997863616613567,1.3690790480848667,0.21096639563533348,0.014852239111146472
1.6058783563992391,0.7778369404375687,0.16246075392942083,0.01123305903442282
1.2491643197974156,0.9595809292543336,0.08149103074698323,0.005372597689042779
1.4135542247775215,0.2474256214902022,0.38337071213011453,0.0281252616107909
0.1253338889963158,1.346002770019063,0.36327130171538335,0.026551861147614864
0.3162879353255139,0.6915418416237713,0.38742285545689203,0.028443167055296075
1.1918484547789872,1.3394841950925982,0.24442089976604664,0.017383123544518476
1.1312070030856838,1.7178651775695457,0.05181508967721406,0.003311018966977055
1.6023833205864955,0.9392203111796511,0.47355260649520475,0.03525141645262621
1.8628350335811923,0.7506689261519013,0.2915467513450297,0.020988480863561552
1.906279930512763,0.9898042531955904,0.09766657873067966,0.006519981745117445
1.2975812755531357,1.0887934244489932,0.4126183135026026,0.030424908375820594
1.3779932898538012,0.5043440415060609,0.18008475692066944,0.012540440638340816
0.3240116409098679,1.7482679930978728,0.0727019285898485,0.004755547609441711
0.10428275712371349,0.6537580503913551,0.33427059250349667,0.02429231353921963
0.10035893132907847,0.8454579699141229,0.441793593997008,0.03273011165271467
1.5052746378253716,0.2650358438165703,0.20378064855350558,0.014312091888428668
1.1814395356576104,1.579491068328919,0.09221478043491363,0.006131683171787501
0.20290196193131838,1.6751464870016546,0.1038476567791573,0.00696203186782533
1.7048492446596177,1.5469099479349604,0.3633279305301022,0.026556285822757455
0.10416652072046251,0.34287230695430004,0.23185158473959644,0.0164292408509905
0.22888571666499935,0.5133432485279079,0.44484330295236907,0.03297169520820908
1.90406004397966,0.8745787862956771,0.4080784523627807,0.030067194651197678
1.7672136242905792,0.1701842112556573,0.25966130198170373,0.018544249517655598
1.1411246036720477,0.49812909417349593,0.29172157877675,0.02100193541009341
0.6667368980622594,0.8103901328545153,0.3437485778688654,0.02502934391937732
0.07319677102331612,0.1836817963973103,0.07001850312272993,0.0045681508804358995
0.08863838891340237,0.05851560627025054,0.30447727636866706,0.021985082827692057
1.0231165100404045,1.4203691044183229,0.4970516264196145,0.03712454465357379
1.6721614283968564,0.5799931560849345,0.15819458698852676,0.010918017186445696
0.8064491269657421,1.1344445943153223,0.2328682564788982,0.01650626581277946
0.36767783348355465,1.5864978355196724,0.2627802190222101,0.018782461073791314
0.1293090237431309,1.3491032772232154,0.37217315396191647,0.02724798451177137
0.8538124720993718,1.6336341528565883,0.3108586950977793,0.02247800693651356
1.3097564345020423,1.308430687367826,0.3436593317888832,0.025022397331726044
1.5448807308659966,0.8323602771450049,0.35920311574185887,0.02623411962689097
1.977411526317547,0.1537249560987075,0.4892620158899646,0.036502935987874456
0.7845514611111615,1.7181834640403757,0.4052356175292506,0.02984333595934745
0.26651673620383476,1.4842281828430057,0.3288576262913808,0.02387203249466587
0.5557144678103063,1.43956969615894,0.18528662599375328,0.01292805666510143
0.5649747878686884,0.715050916167056,0.38357332598116056,0.028141151921635854
0.03546979245888804,1.346353242662875,0.2792012864066021,0.020039812301990277
1.5626480186501575,0.30726053008953347,0.4473629565518486,0.03317137654388302
1.0964061332134885,1.3046915127561485,0.13456672532627326,0.009184220820527379
0.7230124925027335,0.19968356806185317,0.2739193860103514,0.01963480866426314
1.6446675598142686,0.49466932162560817,0.38357954242983044,0.028141639465586777
1.5409333678522226,0.7835342734046333,0.337497902856397,0.024543116897187963
0.11058792286592589,1.454448227162719,0.393711406715569,0.0289369805395228
0.6131156330152108,1.3157992084297294,0.35228822982887403,0.025694610430116768
1.5095268154949595,1.3724989751272507,0.05089694489817953,0.003248339219551631
1.9319641670458825,1.9541930420089078,0.1314461196825455,0.008956726217529968
1.9427662149559988,1.014379406439355,0.18188870112269206,0.0126747747313135
0.035771767003904165,1.9155869708476922,0.09183118257186565,0.006104420360225632
1.054535354221086,0.1991539191652969,0.4423786394373199,0.032776447297356695
0.554339095269009,0.7771642045753875,0.11828064646217147,0.008001154691602414
0.12220338515856266,1.8289015214907796,0.38213983743295865,0.028028740784328543
1.2992466608531137,0.9772706655238614,0.0600029761139444,0.0038732421310496835
1.1346759697454114,0.44183311966949956,0.2104740847338275,0.014815191448280982
0.06567484606291751,0.6986027416995664,0.23733811736682003,0.016845184926990876
1.2553893288071714,0.8208822172915697,0.13470152137215574,0.009194055823484978
0.022376469247761488,1.5909249408844262,0.4824133550461337,0.03595697833290482
1.163715682857889,1.1519772552362075,0.249499352369987,0.017769497462645608
0.1910191415930318,0.23743685989192564,0.30182354947480317,0.021780308179656597
1.5871728279181123,1.8071256478245128,0.4313400466128886,0.03190290853264474
0.4370543596800043,1.4497149093679857,0.13494538031222236,0.009211850009712102
1.9739794953833716,1.8885569732223635,0.47620704396101166,0.0354626886634709
0.6777715799027495,0.7349324978111034,0.26898735040549865,0.019257117844641864
0.013107891398811189,0.02195591522873963,0.43598076477766146,0.032269965974352284
0.2555508476742421,1.6427983673227395,0.40339237864918687,0.029698248180479638
1.3666186629427595,0.3771920893803056,0.4674428595601269,0.034765440103339346
1.2720058814406487,1.092320903490143,0.23675456810969786,0.016800913181361152
1.3834111833759704,1.7137217541058245,0.19760898589096249,0.013849219032313728
0.07410640568021742,0.06248399940313765,0.2483221203460535,0.017679883704627922
0.6910425239877098,0.10525767972439026,0.42294574207982977,0.031239655171155203
1.891564646607965,1.335634846217075,0.1863219310433824,0.01300529248804779
0.5005350536550592,1.655788282996381,0.06451251860638464,0.0041852110767866355
1.6341733299788037,1.9761319429196265,0.4967367936002971,0.03709940797754932
1.9611652598080365,1.0286017398745992,0.3749820091973665,0.02746787639811304
1.332008205675003,0.962494478997169,0.08641735324370756,0.005720504874394086
1.659383536802271,0.8176861077060893,0.07539372115062376,0.0049440088473652975
0.329345385406564,0.20956638352597667,0.19693528103721308,0.013798751178430754
0.5998245954240546,0.11361796135805324,0.08801449388456198,0.005833596258220625
1.8519458025292088,0.5714457827824275,0.3949975554629029,0.0290380437319211
1.7518841647384764,0.5974980008946509,0.46720773272391974,0.034746746562590865
0.21662472827785395,0.8908510729655166,0.18323026505869466,0.012774736482054657
1.2678408494047935,1.644756040390599,0.39694570103052246,0.029191168638063626
1.619197914480398,1.0149731401957063,0.15915721299291644,0.01098905317716639
0.15819982950760547,0.2061191884812874,0.29212123446383254,0.021032694606369653
0.9755303284231931,0.21228301808201766,0.20814242870225808,0.014639809764218628
0.5155013546470648,0.8098205886416725,0.3893204563048514,0.028592119815519325
1.9341811856611952,1.123686228691916,0.22629677158885447,0.016008811755881636
1.7317167006407896,0.8260192993263453,0.2857810124553531,0.020545069086284687
0.9823764087898741,1.0759632831892152,0.2687452501772902,0.019238590258309315
1.4032448529027248,1.1325255502519538,0.4280691646706814,0.031644361730499525
1.9573675927467715,0.6267803212182452,0.47878384516713884,0.03566785939004285
1.6459462231495403,1.9958753483437834,0.11298137462855856,0.007618548915425308
1.5304460134857654,1.5542058026139152,0.17697344739026216,0.012308969724194664
0.7831052812427932,1.5109339244894902,0.20055071826607745,0.014069725548988771
1.6201958816871953,0.2603751721188088,0.24158815382914978,0.017167845124896997
1.1361597392476643,1.9791037873261546,0.2351628476085812,0.01668019350017213
0.9457320101551725,0.9751638940316654,0.20423104334256825,0.014345909608892345
1.2471006367829087,0.48802504462887586,0.14669243181948477,0.010071583855968057
0.34383603053255096,0.9020909429434587,0.3234255957873373,0.023450750843051635
1.2376543440500563,0.719764078310611,0.3133120062917215,0.02266769633972406
0.33603878392607545,0.551196233644826,0.4454711430315715,0.033021443949644985
1.1024046580655906,0.03517217408098361,0.12086367365824105,0.00818808105182272
0.15319605368040268,1.779875699725256,0.12673734720256477,0.008614160585798138
0.8413718886435058,1.7465166856966965,0.12004698368985119,0.008128949428606242
0.5311257876092117,0.9054399146917738,0.49226197041880554,0.036742251230204574
1.2993365450992143,0.9887893942038133,0.4526935157767454,0.03359407609987728
1.704708510634391,1.1525815895992866,0.13537386187075512,0.009243121328874278
1.2339404215377339,1.8449641223698101,0.2626700355879034,0.01877404232493891
1.308978533647696,0.24274884993998835,0.41089498342217623,0.030289088199733607
0.9632411883959635,0.06383895477620216,0.41896571052937714,0.030925499891992832
1.9973969173613735,0.06761202711411496,0.4830704408518626,0.036009336454366374
0.7427117882959096,0.046594852567129585,0.20832959240785398,0.014653882794587833
1.8650011943505358,0.1743066896688681,0.4296360358507521,0.031768198088329674
0.08485140970266336,1.6962094875994387,0.3088476765145831,0.022322592472638163
0.8103484587129179,1.4474325724613015,0.3276172662731149,0.02377579365881926
1.3283234324028548,1.105809131044045,0.3969015573772438,0.02918769835668417
0.23351692318584294,1.2176655995521055,0.49437246943021446,0.036910672323768795
1.0612714244458021,0.21778652284140687,0.2540683430869829,0.018117575365565138
1.1188685241229415,1.1685474214169556,0.17278638360962256,0.011997910128131619
1.6521685252185245,1.4991605575151399,0.3045053766827989,0.02198725184732428
0.6802487965720188,1.2294553268651847,0.18754033224321387,0.013096225576050705
0.4927828821910343,0.7607804102859874,0.09504022102518767,0.006332730171374946
1.156433155910624,0.7618849280396789,0.23103334171703127,0.01636726614085644
1.6059352833567724,1.2194263956126201,0.19656422771377935,0.01377096031503177
0.18792247004454454,1.380946826201321,0.4981378715060903,0.037211280353408774
0.9781575623752239,0.31028547451850796,0.33609010410281526,0.024433692456772526
0.04895366037179416,0.6162807261287582,0.08331332124778523,0.005501127080067535
1.8325132143605969,0.13959220713714093,0.27686773371807966,0.01986081520894874
0.5012507032411151,0.8888251118464707,0.4172169590611959,0.030787530922531614
0.7687501891800961,0.1151975855490246,0.0901878132686546,0.005987713223811247
0.412038168973234,1.1801707767514966,0.3592929279961802,0.02624113165176696
1.558213413782958,1.650556750469383,0.17299845306303097,0.012013652504594387
1.6055340718127753,0.9059407228164769,0.31294124440039023,0.022639022529586827
0.5002298862570553,1.8356219406119707,0.23094177802859106,0.016360331938205738
0.45806903780572594,0.988041413356342,0.07849440875867103,0.005161673469638484
1.0540031464569801,0.9792977558683045,0.12341365625131692,0.008372886689593564
0.3233918506630642,0.49597754846347764,0.21542362075396665,0.015187926723074214
0.6437496970033669,0.02717089984077825,0.41630598238205563,0.030715674575758096
1.1693505170100043,1.1227708110826555,0.2793546777777908,0.020051581939833436
1.9524523107522778,0.20244488333454624,0.41344655811208775,0.03049019844945651
0.4719150735035842,0.9431001980513334,0.4687056444469915,0.034865847734939795
1.183306916340527,1.0791490624954319,0.29244966377171683,0.021057974092306725
1.4208722435839434,1.8835517951143015,0.4068684424024362,0.029971899363441634
1.1281304525194782,0.9685666804249655,0.15001078263273704,0.010315323694735137
0.8727446123873788,1.1626873403213756,0.08794109418841263,0.005828395799647742
0.24030602842676552,0.48335979542175944,0.1400590382767919,0.00958549492282477
1.3582369767377465,1.8341326155182165,0.23932626616814928,0.0169960747849452
1.8805111107650492,1.425777124559508,0.18947010059687508,0.013240333548930035
1.5883167948427794,1.533661081931697,0.4306189670233609,0.031845899149155
1.964846154306051,1.1870101732125005,0.28760423900625887,0.020685217429427288
1.4683484580194452,1.8291083325548287,0.3202022224007883,0.0232009920026583
0.35462298473991205,0.8695604431172324,0.3707136869560456,0.027133774941943373
1.5714144929504108,0.23042444451314448,0.32355830026948884,0.02346103696832712
0.757873817863129,1.6407823518739222,0.3307048034963439,0.02401540033733801
0.6295828506242735,1.970235264599816,0.2413595923787254,0.017150482848699043
0.6098104095232235,1.9404376496566536,0.1733128867817586,0.01203699605336754
0.9477720577955988,0.40246582367552697,0.46369244750323846,0.03446734464317365
1.734660053666311,0.9234751233772789,0.14092713900094983,0.009649019810311072
0.35765169078673953,1.1646558016966553,0.4494335749680327,0.03333553017597405
1.712741751896771,1.7604991155241962,0.09016492645229442,0.00598608890070365
1.307298384293896,1.6282436594772614,0.4092922747851162,0.03016280978352929
0.3507756853867805,0.9232215041836567,0.2654539610938647,0.018986827235128876
0.005620209368660145,1.3014050006439204,0.12098727250475659,0.008197032509909188
0.05127603162779293,1.0595329077380213,0.4139305426181862,0.030528354864734986
0.6142674837841049,1.8144993191569248,0.08370658619986124,0.0055288903614534165
1.1474659048141962,1.67774959440856,0.40301899230327737,0.029668863199880997
0.9286894786676552,1.1227524786635026,0.1676612539766013,0.011617869662291282
1.8699387180877047,0.9492419113066275,0.19242905538673116,0.013461493802436265
0.5180227055655007,0.42625150405111767,0.1712152377507218,0.011881322182360663
0.8331795090918475,0.3288146745793177,0.3847991815348801,0.028237303919153054
1.8278046625980942,1.6144308569219856,0.4429230225631358,0.03281956628143378
0.32899409624201414,0.36002841586591616,0.44860396511581174,0.03326975442952106
0.7952500833399991,1.2614297792048796,0.08506936357339312,0.0056251675962356185
1.5896430821731042,1.9526215005197083,0.35494469702994197,0.025901786109423123
0.5876315873830342,0.9362671077478355,0.2660080668838255,0.01902919785680621
0.6456417873105402,0.16490573389560725,0.3495761540020894,0.02548320905989641
0.6610388135123446,0.6888787121866207,0.09928394908482276,0.006635469084606821
0.5108433201025602,0.37437193871762564,0.42154035307663473,0.03112870039815629
1.6854530612882104,0.4161256754933571,0.11293116400519654,0.00761492955307411
0.7926621195125283,0.8280396396041594,0.11027217518940625,0.007423419857210084
1.5130416263010644,0.4463852836001767,0.47052493501225695,0.03501053753007491
0.773790354296993,0.28985614828339146,0.3050410005417997,0.022028598460883567
0.6580566669371595,0.3758881194522379,0.49832054688193245,0.0372258681017082
1.4544006834275043,0.5478368934522584,0.12199487895698258,0.008270030358396468
1.464321511374178,1.4811937094291145,0.0753468246784752,0.004940721446862148
0.2646929867155532,1.3661243612878122,0.14138228608663558,0.009682336847506497
1.0688533391614734,0.5304969623132305,0.16924984599701395,0.011735582925391425
1.759029145890215,1.4147560243000676,0.16866105687448013,0.011691945242244253
0.5200733899456997,1.72134902001107,0.4672314443496799,0.03474863170395093
0.3611935748722326,1.1248673962707991,0.2746961198422365,0.019694333235863563
0.6258707410495696,0.19616748618040725,0.15405631847622658,0.010612979727867216
0.5497169182807768,1.1968036843821412,0.09108922872021682,0.00605171103271833
0.5186556535168285,0.019931899830698763,0.36343260606827416,0.02656446473923068
1.3784485041724672,1.6549535511217048,0.32218600089543614,0.023354682046468542
1.7123397995482994,0.8974767263351586,0.10605375598542377,0.0071202506921598
0.8282445820921247,0.9943017620108865,0.45769183057314244,0.03399074173370198
0.7283946135322632,1.9566786967488603,0.24798449406075096,0.017654188175148265
0.4747420172061376,1.1940811703014487,0.1734828760406638,0.012049617267609352
0.6588066010681801,0.17926145294154794,0.21346823228095085,0.015040600681407352
0.3528996469504624,1.6111945184657832,0.3432383465320361,0.024989631061780156
0.17298817366948738,0.5399304326249139,0.42903967164903983,0.03172106126127362
0.10711248797207884,1.3511882516663374,0.47135921571386113,0.03507690153535731
1.6157984582369127,1.659887594072293,0.3946028539006304,0.029007026394050336
0.12407754378425673,0.9830356528559612,0.1544488572031733,0.010641890266288992
1.2616128063470087,1.5607171285537549,0.24799547893367574,0.017655024156580244
1.6887267242435433,0.9338930711799522,0.16482807855876508,0.011408125270099602
0.1255574385358349,0.791111885616957,0.39943104271219176,0.029386592597352865
0.9653850701398927,1.6742379022777483,0.19124111728427706,0.013372675710154448
1.8261220795993356,0.7351043351357998,0.33733806790511783,0.024530691765548642
1.6901137007167295,0.062140224231254315,0.432627568597807,0.03200471785261789
0.11629184425374994,0.768948496998513,0.2158175385942993,0.015217617113523981
1.768014921712429,0.8052493947890276,0.2678438937901094,0.019169620868174028
1.8990118989492943,1.2111649268962257,0.45847545680892116,0.03405295740516851
1.0606316849326,1.1012979632808535,0.4866854325233774,0.03629747510085525
0.567823235163802,0.9060640949646892,0.4397874180332484,0.03257125454146438
1.9837459585724055,1.7525528604581273,0.2742446733770203,0.019659735467869484
0.27959673317147904,0.6207030232427093,0.1523627063435587,0.010488303352539538
0.3657058873605683,1.8933211404926933,0.28615230358126303,0.020573604617924252
1.0555185765296007,1.47231577386536,0.3038111350689996,0.021933668462102505
0.6754940359595876,1.8914642871908067,0.08238832508307331,0.0054358609433477496
1.9338398719040908,0.3075221677824893,0.35979480733714087,0.02628031773305251
0.9712248423282208,1.3281281533472762,0.25698366706346587,0.018339898846438153
0.5018509447654416,0.2651131180386834,0.11121796191617123,0.007491502616934945
0.6404166227474308,1.7856528890302172,0.4782053944702094,0.03562179519332948
0.1694848938421638,1.6428445716222364,0.34533186315547443,0.025152601700259028
0.5404231010097198,1.803457200213987,0.42873200768008407,0.031696745165032125
0.7581821526750139,1.5343687370913197,0.4425853042597933,0.03279281617838854
1.2423964643751368,1.8037578171013096,0.24583585927789114,0.017490719951850177
1.7926277224457638,1.9192910173952717,0.15211602626740012,0.010470151787769945
0.9857915272201567,1.9551794501820432,0.062219126714047224,0.0040263599175585805
1.3269918227919928,0.6456161278511441,0.18513639510533214,0.012916851610862824
0.6686315945831764,0.9509899526374734,0.43666827614954346,0.03232436766356868
1.4990238621276855,1.0122730272159233,0.21567817248405224,0.015207112377963962
1.9661568296921625,1.0361912188694562,0.27970194249133024,0.02007822902268501
1.006436904377315,0.08958676483051242,0.49651034063761307,0.037081328347888104
0.5234208314774893,1.6181517663941012,0.3322496740135987,0.02413534723067929
0.6776393614947336,1.4392625234355059,0.33394811626696136,0.024267262158362488
0.4462854210543099,1.4298298025791445,0.30410354253418176,0.02195623620704109
0.43270495414639365,0.17396075500882002,0.1280596617685048,0.008710272368694361
1.583899334180373,1.6417349610241483,0.12111342671133997,0.0082061696867586
0.36150251041708903,0.2749524405220529,0.3334207687964623,0.024226299070822906
1.1031566986357282,1.192074576756163,0.4172536205560707,0.030790422947904253
0.6164384176680966,1.4627055854894262,0.17024143121940866,0.011809097212382186
0.10303261044765533,0.11423027117152929,0.11580371791079674,0.007822170686059187
1.1642367637713573,0.6371979849795122,0.13357830405292087,0.00911212433379725
0.26834404826792757,1.4637011741053876,0.3710305443407311,0.027158567762612166
1.626316273770829,0.0489541866712464,0.060836797638617456,0.003930807319719611
0.19257082905417988,0.9523606579500083,0.3206981510228805,0.02323940713076328
1.1996254811906482,0.8878215598136985,0.40918220402433814,0.030154138489925854
1.8610342958347943,0.7702238387673581,0.41290204631071614,0.030447273861914308
0.0443643255020183,0.35307398937785384,0.25400320818300676,0.018112610160815463
0.6779010589549381,0.09382330805753969,0.403816137590062,0.029731599687087766
0.9526796326318858,0.6603580493375565,0.21101174714906246,0.01485565222961465
0.3658206952328973,1.4600845869881023,0.07953349202979815,0.005234749904326903
1.2012726992475653,1.6327729623513272,0.2721271581748194,0.01949750675283215
1.8029653886052461,0.30469476016785313,0.12334506370209844,0.008367912087884486
1.2010929768382606,0.6478672929843337,0.280301977378034,0.020124277603299906
1.8054586879213148,0.9533150441878564,0.48750624060041714,0.03636291952505992
1.6081518592944466,1.7186338445201517,0.24557131333525684,0.01747060008348175
0.9102877264815288,1.4630411170311053,0.489654302134614,0.03653422408073687
0.727544004350904,0.23962004158524008,0.05199562064882482,0.003323352485293214
0.8934926231056972,0.577588981842925,0.23742390632655352,0.016851694054992906
0.2369426004273183,0.8452790542834461,0.14872095960824247,0.010220538824115208
1.3928942290240938,1.5261084627044916,0.33908603716673175,0.02466659614278904
1.0796939522782167,0.12033547738546857,0.49424422419728353,0.036900436737408684
0.7598938490883516,1.9604449096809473,0.06933777863176045,0.004520690571016827
1.2768169969217045,1.5758283993043516,0.4792734388399591,0.03570685056979418
0.6792006552329088,0.7077831686343852,0.46974941120457747,0.03494885470353935
0.2909895637305939,1.7869993065106011,0.08120561788697374,0.005352484857530428
0.01596814119239065,0.5852808449706213,0.4696946157283105,0.03494449670212136
1.9240326311924887,1.2754305951942053,0.11737776695593821,0.007935881955308362
0.8477268431605773,0.9530700468789204,0.4722635655679728,0.03514884844226971
0.6787444707955264,1.592306478811368,0.34876432231303717,0.02541995022343612
1.9897343014364626,0.6680022165376946,0.39236779246717496,0.0288314261421753
1.9535354919850818,1.7509536223543654,0.40394733521934306,0.029741925949716704
0.5136766569473838,1.5486569194793378,0.3934824935841659,0.028918995354373204
0.24442997340213668,1.8499180015499255,0.0997887374673844,0.006671539878053623
0.25989857758176105,1.7117599224524291,0.19624987827859786,0.013747419247240064
1.0619505895694186,0.0817591295177027,0.14555002040229903,0.009987758902682276
1.274515341914332,1.048596907868475,0.417068268306991,0.030775801699707166
0.5272675573778327,0.41878760472483934,0.09567993285025773,0.006378307226374864
0.44504040482719587,0.9250921553141696,0.40564275837280545,0.0298753895867271
0.20259844413265493,0.2572590032306925,0.17511083716092363,0.012170531812243245
0.6723751560080657,1.093913208910587,0.46361967020245426,0.03446156169763866
0.5866362414844628,1.3148267991897442,0.40306071980236463,0.02967214700220655
1.2925725509455899,0.3940976097680282,0.3283309275049727,0.02383116316707358
0.9450747879408676,1.6419442884755664,0.14291702978241488,0.009794735426909142
0.8234954727506794,1.7982149647944747,0.3727737106103356,0.027294989634400867
1.3622428601710503,0.869612626036596,0.2883840971417115,0.020745182550033794
0.7271033497201984,1.401278740966451,0.3713723930072509,0.027185317689269635
0.5536917401538033,1.5892614202631148,0.44245248240211776,0.03278229596658587
1.3449600225245595,0.5642681138614181,0.41369479029667067,0.03050976821663202
1.6302578663509577,1.0254447201954051,0.11823275925314228,0.007997691869810161
0.5728893575173908,1.864330893768988,0.46805305755378035,0.03481395635416301
1.0225109969982693,0.3892096429799441,0.33645327370493294,0.02446191763923071
0.5023877659911178,0.20780033699647626,0.09019836585084408,0.00598846217124445
1.8203514910095178,0.16516978215290257,0.09211679512331067,0.00612471847960222
1.313795801693928,1.2418457183705671,0.130180590661709,0.008864573821443579
1.8523050760042237,0.6170383890521443,0.15377362771867029,0.010592162656842655
1.2466573231395282,0.363189708037289,0.39906075497434074,0.029357471310675756
1.1328566958904756,1.7275969480916584,0.14311535901007313,0.009809266374504778
1.9951302746722714,1.6256775669351669,0.4036981948358227,0.02972231688267154
1.941758884507254,1.09283958523554,0.36107205688515953,0.026380060706494745
0.9855245503204295,0.16704338669827767,0.10416343421849497,0.006984664946044891
0.2995070696663584,0.5898233350677262,0.4463075936714129,0.03308773007332802
1.75816047329679,1.1406737151033564,0.37746761137417933,0.027662557179538104
0.8488207862873258,0.945632688144473,0.1858709806325225,0.012971647037579987
1.6417362000329474,0.35240098594877245,0.32325251233867197,0.023437335320583667
0.8053174450587868,0.7078104559207599,0.2897878159876235,0.02085314596272429
1.070230510874413,0.10101233296593493,0.19668894306195278,0.013780300744719446
0.39938796099089724,1.7361445473887793,0.1998682592589287,0.014018549749521476
0.44099508789545916,1.190254262003253,0.4965254351906988,0.037082533454322546
0.43966338631017954,0.6714104395224938,0.10726137859326038,0.007206956492115456
0.9902789238168022,0.043822725566796894,0.0773989414252319,0.0050847039326451056
1.887719734734248,1.8493417829755359,0.23630008265993513,0.01676643824851122
0.5329900200916111,0.842206121880622,0.16823589882655687,0.011660441491379342
0.6451225942250576,0.5862351135263533,0.4928048604258258,0.03678556994344879
0.5689985074947388,0.7845371025570034,0.412977786040545,0.03045324429153719
0.34159072434999116,1.0821474314872617,0.49000810319948424,0.03656244414367797
1.0759445460863302,1.1857600171678815,0.17321224904734572,0.01202952439310036
1.9210335104234988,1.9816326752417648,0.4564454403106114,0.033891800255409416
0.08466115657268891,1.7450633354052911,0.16167329030725577,0.011174864118930821
1.2112307567243734,1.2068372056788157,0.28730811228982767,0.020662450488991638
0.6203989443824414,0.8096049317029128,0.22180803381515046,0.01566959013143657
1.3306138529118834,0.5445491953428552,0.28402005374929246,0.020409765720302234
1.1047224048559172,1.9632807344846193,0.4025857404788205,0.029634769244697236
0.784224218230938,1.093421171547269,0.4535159301235851,0.03365932211836533
0.4479573370539547,0.11943380898562239,0.06578199429517237,0.004273309557322404
1.3355729913330665,1.4340597401776018,0.13311729601166628,0.00907851049221292
1.7807567947467777,1.4131037818831054,0.4773497274218984,0.03555366227071411
1.9823808235233007,0.12315128625560012,0.34784119203212266,0.0253480312211298
1.067256090728628,1.8998408804012714,0.17697441360461563,0.012309041563953274
1.838206295194614,0.19258870136165673,0.46277202187781796,0.0343942114644893
0.6778486706109847,1.3829218773975775,0.14674675604863027,0.01007557104559191
0.053729630687417096,0.5028777503203314,0.4661902225540912,0.03466585784804224
0.9632216666235718,1.3017691778785683,0.3867223316230227,0.02838819193006827
0.3887106524215551,1.6612452642340056,0.3551560162536305,0.025918271325770164
0.9971121120545774,0.6978199097567812,0.13070849078567814,0.008903006598863098
0.2106835300378782,0.41314708225735064,0.10130871212772184,0.006780228905690796
1.1203421486801506,0.2337788830713774,0.3213485462244349,0.023289793607174744
0.8560886243409229,1.3424601201895163,0.09874577886247311,0.006597026852632058
1.6110899853684204,0.808696952376178,0.2604954662110261,0.01860794071046813
0.7043258086209936,1.8804481355672131,0.24103318817820535,0.017125690083891587
1.3083166938290391,1.732965120972337,0.11687833271112384,0.00789979073742878
0.9252579023308574,0.6611427913470238,0.07055912916766587,0.004605866190577242
0.6744428391499027,0.01236047133176954,0.1184175176123628,0.008011052656997003
1.5316684389511075,0.2112891176248115,0.3003946011807991,0.021670094863072926
1.9663238137855212,1.3343927729033576,0.45752128776168605,0.03397720253316775
0.6715744615271526,1.0812526234703388,0.09639742724113302,0.006429451011889353
0.3887069349833856,1.3829242736093816,0.40051649580148463,0.02947196880558929
0.9752375385669252,1.791388142632163,0.16645903653851413,0.01152883751907702
1.7913090773566847,0.6577663225641739,0.13592847061452384,0.009283607765517593
0.9341601548923435,0.5255939310552027,0.2594447534350293,0.018527717627478336
0.3213411604657068,1.7497463292212316,0.4747182326838014,0.03534418103485378
1.1746681538135963,1.3336014669065046,0.47903791672415696,0.03568809327430385
1.9800670482715836,1.5093491150411995,0.13869837612411307,0.009485980647207555
1.291638346104,0.8153209971883697,0.49940401728519407,0.03731239743374288
1.3269163053081257,0.7747013330611685,0.40323941627345616,0.029686210029476145
1.7081418029198774,0.036433582466228076,0.13211173892142336,0.009005219417904615
1.4172578476062239,0.9733963395509939,0.43847532713660115,0.03246738491538621
0.5338359584737191,0.8540543635869131,0.16781954042382122,0.011629595108198021
1.1454009300655053,0.2563455777672792,0.39327678524956805,0.02890283393330184
0.7643584657384281,0.22553201330527117,0.11932416500627337,0.00807663760616297
1.020244936672405,0.31286009490583333,0.08840154194620724,0.0058610240326408295
1.7845537393167403,0.96174907160323,0.1560915624680415,0.010762930635215502
0.5207651802072941,1.0819455109176934,0.12046627985715201,0.008159304694409493
0.12014306784701634,0.06796359470271529,0.2779690299559015,0.019945278131881353
0.5667935148808625,1.7160015369455783,0.2124023824624786,0.014960334848914847
0.7708551799912973,0.9158615835204542,0.2961230376998348,0.021340849852784796
0.9869263717972436,1.7898807214451398,0.482462863716388,0.035960923127285105
0.32794212760538843,0.08952321275063646,0.11024220781560405,0.007421263302893704
1.7437885619817082,0.7299049977925152,0.20561936596462105,0.0144501836167099
1.65795145692622,1.941749532386219,0.0588991179919657,0.003797119200214888
0.5962367665226784,1.6953058553666902,0.2562696470026686,0.01828543129343133
0.77832902939723,1.015356775194719,0.05855974950788737,0.0037737357732873706
1.8637640839373528,0.5282327307000996,0.3226505378807014,0.02339068075231766
0.32870724811514096,1.105484053707112,0.1405427360639886,0.009620887068568413
1.8707904248643663,0.997094528774296,0.05967735231962368,0.003850776726796742
0.05154836412006003,1.4581021422417983,0.0905118619085447,0.006010714652652767
0.5864168652045954,0.6134004363849093,0.08955162792621589,0.005942572495403725
0.25180797862020743,0.9669135137651521,0.3983038873894452,0.029297953245983322
1.542655134625812,1.2068594835881734,0.19254482351388852,0.01347015141870509
1.8414272929616053,0.8117281750500738,0.20572850740848975,0.014458383066328672
1.6060836452457774,1.6757500805818306,0.36222942037922157,0.026470462567601494
0.692989328768121,1.3193703488435864,0.08568255648595882,0.005668523162322562
1.1789557334457244,1.461998546865006,0.2994119261414973,0.02159432312441633
0.6660145479762312,1.412735562319728,0.29242611158169485,0.02105616119478291
1.7120605345439301,0.2619142699539949,0.47820774340836636,0.035621982240306216
1.5854846565257892,1.2716582232146316,0.26926384026538547,0.01927827862798135
1.26663311665477,1.6102732133464377,0.4935975531237763,0.03684882702594153
1.2681861423777447,0.46104927955696917,0.11834794791012616,0.008006021560129644
0.7228852026287347,1.369246639878786,0.27123897511330447,0.01942948647059835
1.695009626777341,1.5958991778881402,0.34175115396655603,0.024873901597607464
1.6163418869066304,0.39832801838287657,0.3051559169783437,0.02203746990149069
1.0103782420764322,1.2807483460427715,0.4008890043127192,0.029501272108709856
1.7383223754328097,1.4409164890923554,0.4016741035799699,0.029563037927117734
1.1213064094144276,1.3813181867599618,0.2673840069143139,0.019134437715389318
0.8928822474068261,0.7438784012293302,0.06091133023232573,0.0039359555468579934
0.5004386595107353,0.5832757421129804,0.06897880583496724,0.004495675807618512
1.7449085897701009,0.7509384746350833,0.42774275717503046,0.03161856831845009
1.873166050800292,1.1162881818866355,0.35158180310018794,0.02563953490233753
1.2130938877547213,0.3364494633454127,0.05134798360982907,0.0032791209888175014
1.84774984214192,1.0768607877632141,0.36147592934682804,0.026411604985868187
0.2775051411540723,0.2412249150254855,0.49550292190533723,0.03700090460304951
0.47190039508675197,0.2363015122333858,0.45806829319420606,0.03402062990671396
1.5917887756244204,0.15306815046142308,0.381774001208632,0.028000057337682936
0.8911861382373554,0.6388948910530237,0.4633549685590132,0.034440528810687765
0.7098461655138879,0.9091432053862492,0.35921057473227186,0.026234701977407182
0.3175016440224705,1.425136568094229,0.13324931855966088,0.009088135936466648
0.8225514533183409,0.3460733327307741,0.2387439817118196,0.016951873521122936
1.8795841682132495,1.8361315358666106,0.07661080819583443,0.0050293746662270515
1.2101767911375436,1.1445536775191838,0.4210516181876071,0.031090120995002402
1.4163473033930223,0.990600454140405,0.446600490441435,0.03311094326281185
1.9184700888725836,1.7334949640712405,0.06280219614410605,0.004066708347671425
0.20455292944597536,1.5148548462800902,0.1449494237195182,0.009943708031290872
0.17667280188542467,1.4451862838893408,0.37786928021043414,0.027694025561516053
0.3151992915141275,1.470140293879752,0.2962691597047661,0.021352107308168226
1.6911701514052078,1.6773652126199399,0.16485300778288642,0.011409969741045908
1.5432729424267864,0.7064623892848676,0.1611359063405027,0.011135161740247305
1.5583816112915925,1.1483486132309821,0.2494439321955627,0.017765278088977758
0.0502722619334548,1.7161462393807863,0.4839234508909029,0.036077313603139975
0.29081165225521755,0.31956325047823286,0.3684327973193482,0.02695534768384625
0.3238731515894411,0.3417745632453473,0.45489348611184893,0.03376862843227368
0.7504172430778171,0.5729316723689386,0.42712566148972625,0.03156980782121033
0.168605611888913,0.620650386214441,0.3125442591887756,0.022608323271102643
0.5307948430741147,0.1642874393207876,0.058408061682415004,0.003763287082786554
0.30948412903753497,0.9280686842376791,0.4462728603801666,0.03308497739682883
1.8572427034804697,1.0070849294132966,0.48139992813357596,0.03587623577435055
1.0087196742305347,0.7031285048135887,0.47804141966167646,0.035608737964030863
0.19239220464807794,0.7612039438451446,0.11216931863321772,0.007560026648331134
0.5039006142454356,1.5897067720213698,0.12225658794548355,0.008288997154150223
0.5394186347612959,1.9536792268207408,0.25164358655469804,0.017932796660074468
1.223624121529823,0.9800322875616061,0.22698414392119892,0.01606079889970519
1.5613530588358246,0.5630792216290403,0.3573916192983154,0.026092714256487834
0.13891693580043118,1.3010434416532737,0.34706177146227013,0.02528731857063029
0.5457119027967821,0.05662760027948344,0.2819037683615052,0.020247237403746433
1.1784009066197816,0.22766876359037935,0.45718706588841157,0.033950670047433816
0.7336774587768706,0.915336893399525,0.22211978596916399,0.01569313458318394
1.8247341906152765,0.11063307009669532,0.3792227904993682,0.027800082082137814
1.4423270594236195,0.0006975842001475385,0.08944726417602,0.00593516944140624
0.16316469649276688,1.9260302983408288,0.4609303203862889,0.03424790770002713
1.9752752532165558,0.12715376504198805,0.45920341247010926,0.034110759709709136
0.9461283879606037,0.07518628185590903,0.07529006133804186,0.004936742576635609
1.3712192861231642,1.960679143218239,0.3224555052100608,0.023375566506463743
1.2736644972808793,0.8395924278773403,0.2602019577849445,0.01858552876613401
0.1931543437568699,1.2127925069280576,0.33401277545369007,0.02427228503633849
1.067058176545671,0.23868968556174597,0.10654437827167926,0.007155468589045452
0.6195695179548961,0.9686768878405843,0.30883892504416716,0.022321916298428734
1.1616013981330808,0.3671670241281084,0.06530148624333247,0.004239949561698601
0.6958926805247498,1.8441937620617583,0.3602549035051642,0.02631624475289787
1.5679422561164895,0.22388477171264531,0.44292635076024867,0.03281982990937607
0.4405342433211077,0.15792560141180645,0.42621877644912376,0.03149815812022912
1.9689473006535312,1.8713799761812404,0.25623541695250446,0.01828282038718583
0.35336237580992425,0.5028919718454106,0.18252730105806092,0.012722351358175095
1.7888526481363258,0.29124860305506783,0.3140496912507031,0.022724754035951183
1.552900644527697,0.4393997869540489,0.3105408714783856,0.02245344043397689
0.7302504417024225,0.11281298560191688,0.47055658431704966,0.035013054969463955
0.07943775749966386,0.9835005012653997,0.36597949276016384,0.026763517988067274
0.28480651522054856,0.47190110833290144,0.48835213456731097,0.03643037204534039
1.070570470967937,0.8460174315895597,0.28349183629977837,0.020369191369394208
1.25959797839769,1.8571049851573374,0.3277741258988431,0.023787962922269913
1.6351945473204164,0.0782805440272305,0.1234944121088596,0.008378743666823452
1.377637071260005,0.5218279530111043,0.14369674149977354,0.009851870408460452
1.0172226233134607,1.0108259658876764,0.05772037710061126,0.003715940956159691
1.6390734778408864,0.3810374222842108,0.18893224635020495,0.01320015835566024
1.8023872866776303,1.0755171026966037,0.31605515593056704,0.0228799173416652
1.0536123752563515,0.7278657882040065,0.42010283057692327,0.031015235105281237
1.412553500875462,0.10192437793362275,0.08143106108213313,0.005368371267532922
0.503560865985099,0.13053329970712757,0.3119483303472076,0.022562244556893905
0.9650472422482947,0.18868606064594307,0.2298646240786162,0.01627877233613664
1.28087094442446,1.6536610747354348,0.4235955336438052,0.03129096450261202
0.7005063058222742,0.9360934941739811,0.2337895639751003,0.016576085846615934
1.0984344978257894,0.7774569230825792,0.3282639288613137,0.023825964714274218
1.723036262217413,1.9964355955007334,0.06604635600873755,0.0042916704467995635
1.1786140960862963,0.47621579993135743,0.12133435698502884,0.008222172946429176
0.2527232360447673,0.642147426377971,0.11354816787716737,0.0076594130985985906
0.6988416309628074,0.7154499259935334,0.19739224978002767,0.013832981832444642
1.3688413474212606,0.36457960844407244,0.48288285097670175,0.03599438835640218
0.11363177105044553,1.889918573981516,0.4872605233096256,0.03634332726956623
1.3889267863051953,1.9906349578935736,0.2232552596536962,0.01577890819488972
1.7233624511112013,1.2001612004045674,0.31963201768846533,0.02315682844790457
1.8712266826171393,1.9238937739642776,0.46475002362305257,0.03455138759412871
0.6547870113497136,0.9798439753612749,0.18003096436520172,0.012536436295547924
1.554342041403319,0.523091490192535,0.08704197668848629,0.0057647165961450765
0.6873479814356744,0.04047536320722189,0.166033115626676,0.01149730588769054
1.672843373423362,1.773718547932556,0.3488693701921619,0.025428135100311954
0.20638189935158113,0.45312221225460503,0.4870058978549102,0.036323025441317255
1.4368499829436985,0.4137560398717701,0.21964952086498063,0.015506635595569609
0.3899034379128212,0.938804040245977,0.05682532654852522,0.0036543763101296485
0.46089187439375934,0.20114586096866205,0.3805669665614117,0.027905433056780386
0.8476875858840713,1.1293646076490058,0.11367424915787906,0.007668505117077907
0.24217817902037853,0.7989108816637349,0.3691473119242878,0.027011233874625062
1.8182158362980323,1.4439172036679333,0.3563386986592622,0.026010546003565442
1.1427559723084895,1.3311817087942595,0.22396065589435998,0.01583220895322459
0.9140197717251763,0.7858356347350504,0.2813762995082807,0.02020674147471902
1.5166611892579638,1.6820626670720056,0.21819320949101328,0.015396755327493952
0.20975685221420326,1.6473603299945794,0.06311937703020402,0.004088668151527481
0.4423120223928261,0.9145766628918712,0.4840599832429941,0.036088194758901834
0.4823894236735451,1.8725427370679075,0.4720637535542884,0.035132951279497004
1.8987284578696404,0.028455202450311967,0.3567391534316939,0.026041794885998355
1.2272560283225182,1.3040112832598614,0.39494140846897513,0.029033631330337546
0.1736841837453802,1.9322734928864087,0.3238666889011878,0.023484941762025476
0.20900036197468586,0.5784801474210395,0.08695044542715492,0.005758236512566874
0.5343643445260207,1.9075457240706002,0.47526333233112805,0.03538756735486269
0.7208404685009207,0.7281361855444641,0.42362952782775753,0.03129364892656522
1.221625827523129,1.256261603660136,0.4304595218436297,0.0318332941183396
1.1379625218336304,0.2613417672055658,0.13168466340846352,0.008974103201777803
0.031022593363578155,0.5583228202034272,0.13105685630088934,0.008928374565411023
1.9026077427393433,0.9342435958081841,0.42514622802033225,0.03141343353296062
0.9812766168868001,0.5071190973689346,0.07870169042138585,0.005176245830784998
1.0157339402854275,0.5950831664213858,0.16784264649810876,0.011631306809577488
0.7536140588296554,0.31730160072108893,0.17462187996331968,0.012134207014494879
0.25832745167275073,1.659146861966319,0.12664947220778822,0.008607775878716016
1.7137321898897104,0.16458072173930693,0.10500078050828715,0.007044703914757881
0.6807089315144885,1.113324054648175,0.4820215477452897,0.035925760559543024
1.2488761102565882,0.0988536141972518,0.32646102300787505,0.023686104031038144
0.5916284423086156,1.8815574798062598,0.16390683113172239,0.011339977259569966
1.7676633056161308,1.9610828109925242,0.40584546019248646,0.029891348844470554
1.1322393741145629,0.5388918011076729,0.18643356057499616,0.013013622045537292
0.6022627909615865,0.4662314855600336,0.3482103809055741,0.025376792316945083
1.5698355198692098,0.21540823309146462,0.051246364887568285,0.0032721842425215046
1.1290336204229963,0.7839730504702405,0.20477537401530982,0.014386787336549049
1.1837845368663598,1.0249287513336915,0.4270019470183654,0.03156003297029124
0.2918188507784347,0.5401170077009545,0.40198491143869547,0.029587492299134044
1.6788351714609304,1.5406210648216676,0.35846889866927467,0.026176800715030327
1.4438542657277507,0.7030578448475935,0.3495479525504539,0.025481011401041784
1.0418418945612016,0.7715610167273563,0.1452845415567261,0.009968285759368053
0.7210618829405029,0.9852648790691192,0.11262382774732067,0.007592778071572072
0.4367607183453486,0.9782358087800689,0.14652092772354508,0.010058996783215899
1.7393856800868905,0.6951016885330548,0.05281436174886127,0.003379324206146191
1.916105051212677,1.1743482864253891,0.06327639873252934,0.0040995422632138035
0.8188276614071206,1.4763972607390092,0.05108760563543528,0.003261348841992884
1.6369322458570499,1.150871333341328,0.2501173020878073,0.017816548981375194
0.1750180104556902,1.9450092460847703,0.2622171495021885,0.01873944136921948
1.390319705944994,1.7104095325084439,0.3110547185534464,0.022493159634727106
1.2033173851663546,0.6873578574261441,0.3766874448481708,0.027601442342149434
0.6996517622821901,1.9595473860685764,0.2837271362913317,0.020387264994968363
0.7757174169635233,1.391879265895538,0.3894917865793537,0.028605570907424552
1.9528176953741898,1.4089406123301926,0.07075471530961656,0.0046195156478911845
0.04491307372018816,0.38130027639305175,0.1825470236961656,0.012723820906537984
0.7216326671775903,0.26797160071457227,0.361249839602818,0.026393946046950056
0.5682172143322171,1.0718970652392596,0.43634077880317135,0.0322984525780237
0.48357948217653335,1.2074486294567306,0.4584778623215535,0.034053148401123216
1.2707969552148144,1.4512169550845406,0.37884194822195477,0.027770237915570397
1.4603284327662036,0.7123402008992312,0.4916146951483447,0.03669060763280045
1.699222787962098,1.4366021808947147,0.10767846476797233,0.00723691845166412
1.5025980167528419,1.634914078098305,0.4514324065522207,0.03349404223293976
1.4331610256288727,1.3471247247983278,0.37074103544216674,0.02713591479375712
1.654835449570993,0.5604387186865976,0.4684344969346449,0.03484428644668706
1.4318310658372606,0.4281574780216333,0.3251612720562222,0.023585308700460574
1.0241205649899736,1.804487381623368,0.2417511926272486,0.0171802307785493
0.6147186375369709,0.0773965487864634,0.21424451498097402,0.015099077530328277
0.6799569738683131,0.8520239471505735,0.3279190196169117,0.023799204220492937
0.8232652690864848,0.5289855098292002,0.4465700262258532,0.03310852880822859
1.8559934232596313,0.22302364377297756,0.2963280340350604,0.02135664318193992
1.2197174907086261,1.2813913768245855,0.1830758933702602,0.012763231459535574
1.9891944600453701,1.3293394079275613,0.44081370244972296,0.03265251365190142
0.6075208536207362,1.4568761630047995,0.45474385773898046,0.03375675461304036
1.3878457239979558,0.915217355580495,0.19358056500668486,0.01354762438177779
0.676745001525604,1.4448658482702046,0.2169402213623256,0.015302256496660671
0.6583617801078183,1.0647604273012958,0.3431383489874502,0.024981848425773324
1.2680393318494927,0.16058027476990255,0.30663340327511013,0.02215155095771049
0.629612891662946,1.4954249479861113,0.49371438774561155,0.03685815105199648
0.7308495364246532,0.3595343759588976,0.37881696220801003,0.027768279994256347
1.6797568540981278,0.8692947750790789,0.3818688375267074,0.02800749281207941
1.089967911119498,0.8139381931000873,0.22066420465632147,0.015583224324167666
0.16631534375356827,1.7323915383897692,0.08931278015751828,0.005925630681780143
0.23778201110271113,1.7843560175020554,0.4364418508788701,0.03230645033629596
1.0229855368903447,1.3758303194649126,0.2803049296695769,0.020124504188345552
1.5228360978982551,1.3214561520310832,0.2391561496157602,0.01698316045454345
0.6224616248118386,1.5546272062405626,0.18202155968418632,0.012684671939836653
1.5419302648337865,1.4187079567771197,0.4301315125176227,0.03180736416471995
1.627429405927605,0.768853610993872,0.2685213233226009,0.019221454479591695
0.025332140214999077,1.860445510575074,0.4818226711199427,0.03590991546690366
1.4750815874035992,0.9354504784918591,0.3555945678111787,0.025952485314893217
1.480269157489097,0.6845614041712305,0.45178295825057213,0.03352184680684837
0.9619463643781705,0.15808886742504957,0.3566457153559017,0.026034503370499576
0.670209266570486,1.3738028379289848,0.3732260417012311,0.027330396703276753
1.7413178130508105,0.2744013482654484,0.2190404967232244,0.015460677930813266
0.7676829579251121,1.4725830619364328,0.09382265487418939,0.006246041757570125
1.6676023992132776,1.4271694030186943,0.15758078558897767,0.010872737905141854
0.7226016886472997,1.549742736858029,0.2839558192260125,0.020404831348889547
1.1994433045882693,0.3116990427385853,0.057751745184283804,0.0037180997614767192
1.524403487937329,1.4545984376093162,0.4587079662234456,0.034071418803302354
1.7573661352716918,0.27433351427063024,0.235931261923229,0.016738464763294724
0.6734976977324747,1.8234267478706059,0.06349402349602824,0.004114616353235553
0.5857612401975181,0.15267649168119912,0.16504129145330476,0.011423901151401803
1.2353291631132206,1.3133558234002567,0.4231429355616894,0.03125522553709317
0.6330005696382355,1.767701017164036,0.25620827764354953,0.018280750346229887
0.0064463455767294064,1.5220121649760239,0.266262546414302,0.019048659099291307
0.4345974121501752,0.9478428629285656,0.2543802196495828,0.018141350793921592
1.6521494153539173,0.7941619678694614,0.49402411579715233,0.03688286973939403
1.613988544250504,1.432934065585432,0.355818313521953,0.025969942157069673
1.9929480651009135,1.5665822861082066,0.30307369672334855,0.02187676029322953
1.7487866126351366,1.6322637258710226,0.47161848466581,0.035097527092011443
0.9412154390349543,1.0769903872058435,0.2691836260712349,0.019272139386963864
0.10067974099812593,0.07285996076847723,0.1491416962938356,0.010251451176005117
1.736467862872088,0.692222331651341,0.08221825855184287,0.005423866826538752
0.6526124466049699,1.6361719703788011,0.13088467164019343,0.008915835501206004
0.16884935988620553,0.8363636289962983,0.1877283666484586,0.013110262809079221
1.2259024429996035,0.8053484093477219,0.1873073906020123,0.013078837253642495
1.2847972988517362,1.74752548246438,0.4404698586207676,0.03262528734201734
1.9010415923721349,0.7988201818850706,0.3501790168643417,0.02553019137119879
1.1104638665991236,1.5011580796452435,0.4145030612778743,0.030573495118256397
0.0046568118761582955,1.9148550358130838,0.3813134988380445,0.027963954273255476
0.3436357912278274,1.5229847748387835,0.1660611041725122,0.011499377754981869
1.8603645179454338,1.3738896061286892,0.4095496095216072,0.03018308305262702
1.0667309119739041,1.4322244688227008,0.11078325991314289,0.007460205472645915
0.19223241647979972,1.6729315737569006,0.19305115528990408,0.013508021207764759
0.46414251306338006,0.7077508131715029,0.16494013544104383,0.011416416319630208
0.19181471442322517,1.0893450583323994,0.30998539083361015,0.022410508154567584
1.4562299023210141,0.6314925131333582,0.16182363165157126,0.011185973095154265
0.0799442312134726,0.8170407842617431,0.10701584253881113,0.007189321828512004
1.1681410689126415,1.5546589427781237,0.05846703181739249,0.00376734889185722
1.8342130192389352,0.475343437753436,0.1819415853659726,0.012678714247446193
1.458122242269955,1.0617592541938814,0.17227866654398347,0.011960226606076166
1.9081636927809515,1.0819559599143151,0.2237974279492969,0.015819874182594642
0.6877173273860835,0.6338549600091041,0.44581400487735906,0.033048613651752025
0.09166793975285015,0.008554243780479753,0.214748799538787,0.015137072781305334
0.6646422083792651,1.5631357578074567,0.49185572175930836,0.03670983766857442
1.5492244791674776,0.6027373207279212,0.09718876707322058,0.006485889042347895
0.6111517197057148,0.08790052519054048,0.3222626139641974,0.02336061883280683
0.9448338809277703,0.5101240930675965,0.3592125488419647,0.026234856103472044
1.2222514253821848,0.9277612762423888,0.3817645302893046,0.027999314793941632
0.004191026233310691,1.1483238489559886,0.4519151609765734,0.033532333066129176
0.0729873583770746,0.40610079232472684,0.33043686924183896,0.02399460130497584
1.867293344109201,0.9107163626154349,0.09121645398028624,0.006060747176395859
1.4965391912887538,0.6949022372063103,0.10271971104562169,0.006881226186948818
0.9305999916134284,1.3045808416096487,0.4466502891931639,0.03311489010889196
0.3068399030635025,1.4299825106107868,0.3696081356482169,0.027047281440472845
0.24993373310459743,1.556812540230936,0.19800592838538927,0.013878959923053956
0.019681626378563966,1.7138145325695615,0.35491755178125395,0.025899668531479687
1.1879754064259236,1.9595148550981483,0.3087643044122706,0.0223161508585164
0.951090850042924,0.9174662341585489,0.23031337144345765,0.016312747249569035
0.5593927838549213,0.3295347951746377,0.05996029310957047,0.0038702968694099534
1.4301542750716203,0.4077681350689042,0.15388467413865137,0.01060033969201486
1.9697984942053877,0.08430887021203959,0.2295864335519211,0.016257712673386247
0.6153917805033586,1.4616975449138847,0.2346224409467798,0.016639220636768162
0.9353125681924725,0.19902030120728664,0.17589897229818274,0.012229097367273291
1.8395633099634057,1.9967933605021186,0.36623378922984706,0.026783397920018947
1.3502583417028915,1.8657961287701326,0.407133581167167,0.029992778904813177
1.7574378815888512,1.9365527749780178,0.24825024219516867,0.017674413113460297
0.728654394851763,1.3851799934771174,0.44461102245134226,0.03295329101202048
0.8100131783830467,0.5463425510501598,0.2290594730983303,0.016217825382941566
0.311251853359904,1.8003734713429025,0.48230396317675023,0.03594826221256905
0.6216804330135581,1.673737353513281,0.24782012309416424,0.01764167936197639
0.5695326167768167,0.23660216016609215,0.17335453822615052,0.012040088474513074
0.792516644461505,0.17834422321766863,0.32968425322759637,0.02393618392864068
1.1946258142141966,0.6746483622214088,0.3899446772143175,0.02864112918999083
1.695584591480023,0.8883431015519714,0.06843086731142148,0.004457510433511638
0.9022439580153512,0.7745311574163558,0.425709612223485,0.03145793550892663
0.55580198825452,1.9659869736894537,0.4469079849483986,0.03313531450910046
1.2115205054191491,0.007639189127173651,0.3300663571539747,0.023965841342216267
0.9627936176272218,1.8314867882665082,0.05649165330314664,0.0036314421802368627
0.07177037179596835,0.8499061423373446,0.28733571979082384,0.020664572952238638
0.4003619762684949,1.615390215839281,0.14891542733749297,0.010234826001775141
0.7490398806233804,1.4950254218659524,0.2829583417321826,0.020328216957927747
0.09045170423718552,0.06733455095134588,0.3005417224813946,0.0216814405105958
1.0294627897281539,1.7871655656176852,0.3122416135142651,0.02258492118938894
1.7649735768691122,1.7209939732621025,0.49248668819729835,0.03676018169111864
0.7076493244392086,1.846262479585043,0.3309368000328504,0.024033410558369828
0.7139679845982057,1.228321737813638,0.4894622024869216,0.03651890231886773
0.14521190002701334,1.5319899535935197,0.28097088317805485,0.020175619573759924
1.073502905696593,0.20668807090990127,0.053076722917360895,0.0033972727572020244
0.751320098703729,0.8025170418882395,0.4154072733724258,0.030644796513053962
0.6319575340976846,0.7716566140160595,0.4716825828856821,0.03510262640195013
1.2895738160608308,0.16879675078733625,0.14244027946739815,0.00975981115303952
0.6364230102948885,0.830785945237285,0.257594552557379,0.018386507281478077
0.7807843092197941,1.1972166439599878,0.33632900792140485,0.024452259588675095
1.3856072364333205,0.5515176792963297,0.4040646925737323,0.0297511630723381
1.1592484747746201,0.07729103419762184,0.46895347544437926,0.034885555677895884
0.5519192136072308,1.3513285248316451,0.4789027209069751,0.0356773263865193
0.6607821312195825,1.8373099427792252,0.09364667342362783,0.0062335186058294426
0.13888784062004222,0.889246243097515,0.31244531882623844,0.022600672533852954
1.8754541355460739,0.29641426094747825,0.17441958875382704,0.01211918078239518
0.6107441880884255,0.7107133581090272,0.28217872258271876,0.020268348831219436
1.5624267614568828,0.6769252155032284,0.49535852993011453,0.036989378499468276
0.480801147393068,0.6367832332079626,0.3359526732862703,0.024423012018301337
0.947676138428988,1.294489479100105,0.05296713302212467,0.003389774789324729
0.2886162960574332,0.9423971732557863,0.2556121344928307,0.018235283562346723
1.839386213127813,1.4538128522939613,0.15479076066646927,0.010667075641570245
1.1011955620847567,0.6489236599166834,0.10820103399903523,0.007274469231676932
0.7270131667421353,1.2738818342941054,0.257207495958921,0.018356975324994727
0.3252451462725321,1.9860358537263054,0.19155854479259432,0.013396404968354972
1.2773870481337835,1.1537583541527006,0.17239999994787286,0.011969231457327196
0.2987438768279196,1.0688002897579174,0.4847882196557796,0.03614623625549851
0.7939574999729204,0.22568807859485562,0.12399132334031479,0.008414788940275373
0.8406733141818867,1.0280707481970908,0.21606067802847867,0.015235944895009844
1.1603093227064851,1.1302329295708766,0.45875959784875797,0.034075518475422194
1.701714055979568,0.8772540148384611,0.30333202331069803,0.021896694288057232
1.2556718001818614,0.9953426362870796,0.21282346434536853,0.014992041901748066
1.2135961998377234,0.9207446378335669,0.24520877297524502,0.017443029743226108
1.941331877558337,1.160118439326623,0.4274034660657684,0.031591758255503144
1.8014232868790305,0.7606706754230872,0.07517690459399898,0.0049288113849052136
1.854280069271077,1.0961474562390918,0.4933271528500769,0.03682724822581503
0.11049667415819342,0.9894822566474539,0.15724205625406373,0.010847755517511324
0.9348526223922122,1.7282328335321357,0.07312526749060484,0.004785155506714945
1.5553418444218678,0.7707573352591932,0.1419886663732161,0.009726735740187939
1.303019721737042,0.3818433201649105,0.310889691138091,0.022480402900012002
1.413762769006584,0.38652163700584485,0.19366938765988295,0.013554269607151356
0.6828058367120997,0.8767901992196636,0.21878612749367443,0.015441485543870056
0.7550605204841885,0.6239478475721076,0.35627701586913196,0.02600573289563173
1.2512109657594366,1.3110673764098693,0.12277649446328368,0.008326684566149338
0.09859392833466729,1.191087496473247,0.06265294502696359,0.004056377692715794
0.12785491979281538,0.26510392306552055,0.0859900127401656,0.005690269806467566
0.3064556356123138,1.6429655016067548,0.3387142251351303,0.02463768375064073
0.271373663457642,0.24392467271305263,0.416041295503046,0.03069479854173682
1.7388343528773864,1.8014258844662407,0.38469296878796516,0.02822897211028624
1.434373408241021,0.8095627218436416,0.2938653415516324,0.02116696242191691
0.2694442235888008,0.7939363375224477,0.3229447076803151,0.0234134789184689
0.4158662117305907,0.12822778933785384,0.35861994884312165,0.026188592249706145
0.3906978561132559,0.5104242655937432,0.23188900218273356,0.01643207525437656
0.3672964735577746,0.4824088911902862,0.42902534786489466,0.031719929160128266
0.882525740278266,0.7102540201803769,0.41599121834687414,0.030690849025471287
1.1813496979435252,1.328041062409491,0.07123683869380915,0.0046531729130747665
1.4297774952894924,0.741568059067633,0.2955443222505378,0.021296268525365456
1.393539039673048,0.7674512315049706,0.13119079727166316,0.00893812938205622
1.8842066336307342,1.771943561424216,0.09972480475114964,0.006666970723817623
0.6064392788569937,0.562350704859738,0.16815802108272526,0.011654671429762108
1.9129845869898587,1.6286044126925565,0.3337394314811796,0.024251051490341364
1.6213314812616033,1.2178544212531919,0.12196407904429739,0.008267798385529499
0.0321910947889974,0.2524227400014871,0.33277806583722996,0.02417638148990618
0.45846335891897394,1.8353153115435354,0.05321839732358104,0.0034069674796677885
0.6335522037388099,0.1827850004131344,0.1635800482334003,0.011315810286197919
1.4910622859020672,0.5156633989049066,0.49336371461170003,0.03683016592274024
0.037127364590857415,0.901515594031385,0.08730502479139488,0.005783342070026877
0.9704761247216565,1.3974411244144065,0.1954794023250202,0.013689730690233074
0.9413472409706722,0.14245192608770707,0.26460681747919096,0.018922060788635852
1.572621103527049,0.9598705449269636,0.36862389451728567,0.02697029373446605
1.9958173383533138,0.7625538833412815,0.21840686468281828,0.015412872683559535
0.8743064245384751,0.7174320456953338,0.3378826498809171,0.024573027742498928
1.9814754923290785,1.8893393649533845,0.18938646279798738,0.013234085679781758
1.4469276237912032,1.05264613380402,0.40603170220621243,0.02990601266239112
0.5256223723435602,0.26298897902728724,0.3544735261855371,0.025865032056466387
1.4186247946369859,1.7798159980859325,0.1926965349403404,0.01348149756633267
1.6701822776611204,1.3506807713927438,0.4013242548700495,0.029535513381662905
1.4805043213188538,1.6557703102003707,0.1393779556416977,0.009535674439369427
1.6023542791422523,1.8185799025519893,0.17507712397759495,0.012168027023434495
1.0289045980668263,0.7600665370183468,0.24890709213238088,0.017724409520913406
1.3490768204156869,0.4666599085785579,0.10202495771648681,0.006831484693444448
0.0977427986320738,0.12531053041763474,0.3797062609668981,0.027837971540627508
0.021468073382782782,1.3801177716245903,0.3645038980778863,0.026648180431991648
1.6510831229391356,1.9137299488061574,0.16679184981652465,0.011553480113487823
1.5137801075613193,0.6292840517629863,0.09800165453039525,0.006543896862667913
0.05617107349063555,1.1425860846879974,0.40169801168969405,0.029564918971595782
1.2551224062155706,0.39131269869830887,0.0587122461143211,0.003784242057562693
0.986004943898835,0.3831737212088444,0.24848481926327837,0.01769226699847942
0.36248480659828153,0.2525010174069382,0.16126804284184576,0.011144923250068163
0.5061233725903742,1.7189765392075484,0.2720926889076637,0.019494866685213233
1.003795489844007,0.2333147119141914,0.3490842617649981,0.025444879052916133
0.5085688260813379,0.899346265774587,0.2054960481106154,0.014440919499824028
0.1414008541006988,1.5353008977442637,0.13282830307781027,0.009057443017045983
0.6245589864963557,0.15284771832511912,0.4548845061058445,0.033767915812711644
1.245599576778653,0.99653159196939,0.22019128363373003,0.015547525030416091
0.773111441197252,1.2530213651604813,0.08694750565130097,0.005758028394825031
1.0915044831891407,0.9390071501405546,0.32835534749497364,0.023833057942519
1.8532751016057005,0.49155858163372024,0.1278522498847349,0.008695192191456752
1.292599811660967,1.0006874625168982,0.18872692937538937,0.013184824219102777
0.685285568164175,1.7180040850408858,0.2551980741492889,0.018203708216675295
0.6400466370862945,0.7125557453263156,0.36474297521430477,0.026666865339784858
1.582061770476527,0.820860290642631,0.05642046931677474,0.0036265507487900114
0.6518755839570258,0.18181712001950467,0.4195001521455703,0.030967672972679636
0.47674635356059003,0.11484782987995024,0.4675947837233931,0.0347775190379161
1.425060877974819,1.1624471729880241,0.4312384808426702,0.03189487822763635
1.1433365147750338,1.9992948213791575,0.398943414997309,0.029348243494738104
1.1937196922021716,1.4105955552770189,0.08849864717692961,0.005867906599580369
0.7541049957979122,1.6464476010733502,0.2796154562433016,0.020071592355337505
1.591394779833647,0.6561541790783876,0.32743118632238544,0.023761357986450488
0.5610954596995759,0.6970738827602987,0.2856173907977337,0.020532494776698745
1.2218912853768746,1.8491414856955461,0.29143026701682084,0.020979516653672765
1.6245432991340054,0.490591327002289,0.11167870967190788,0.007524684186423163
0.03149645280979052,0.6524835179405917,0.44816260168195177,0.03323476428016184
1.7753347333247553,1.5883870329298349,0.3967123583008722,0.02917282508126906
1.8066344856708645,0.6091829948617307,0.13635782887137105,0.0093149587480052
0.2657158714373886,0.11387552902082887,0.24187212852770884,0.01718941835170106
0.6189544123856745,1.5122228553220813,0.23469385261926795,0.016644634595007084
1.3753379281491531,0.7252846124379617,0.06799876263812236,0.0044274280540290804
0.9777151712419423,1.4866942819363278,0.2140889060383574,0.015087354440984916
0.1608255357426227,1.3654071479058156,0.27344191582428945,0.01959822377575477
1.5457402121788995,0.41007318313630603,0.4201346235587058,0.03101774427229848
1.4120252508033062,1.2089235350160512,0.15878465811202247,0.010961557348518305
1.6597482128692334,1.1846990134572901,0.13596663557133554,0.009286394226970734
0.07637327630464119,1.0373456862272588,0.17899992899155487,0.01245970152632463
0.47277094216282856,1.6563372785414772,0.42664823130410556,0.03153208648235051
1.8164351589519987,1.8843629760767309,0.4660215379671821,0.03465244915415901
0.3542030796580051,1.4223138737545429,0.3346771653269615,0.024323900291497162
0.1415018519936908,1.2168828436767796,0.333827189096817,0.024257868430971302
0.4882328688392503,1.6307830288339502,0.26363747355075456,0.01884796934630706
0.3755727013665904,1.9634322429563442,0.28905826991744854,0.020797030294686426
0.32465896659537496,1.6541002130864288,0.49320848267780887,0.036817778227040236
0.734435750044375,0.7056874598110192,0.130555146642503,0.008891841560776662
0.7834903587765005,1.1341830139075515,0.46785602328350473,0.034798289873007524
0.7900726326830538,1.13932742195626,0.05881875998854252,0.0037915814695260773
1.1269304904403101,1.8146667610914418,0.117710386620821,0.007959924332269766
1.5028473411182377,1.3073029914671868,0.20370775372962124,0.014306619093036755
0.34435788726342453,0.3668316226616619,0.11779349937158297,0.00796593261127208
1.6139344330630059,1.3865107232883307,0.33604750924505616,0.02443038216437606
1.3511518087986538,0.519578520352864,0.45387427420021614,0.03368775380276754
1.6235793905424263,1.3501771783425576,0.3665810894504384,0.026810550070490876
1.707186234621533,1.0001605226172194,0.3075379498987506,0.022221412391504353
1.4964894646962037,0.3547634239439643,0.24854516327720189,0.017696860027207613
0.9320504571484176,1.1610175834637306,0.27943499892113016,0.02005774511609001
0.09482372555989427,0.21784453534663029,0.3548590132382477,0.025895102027173402
0.9856915101005868,1.4148140960095377,0.1267007222458474,0.008611499500189827
1.6283933363022787,0.6885952019516364,0.08322804348552104,0.005495107926978772
0.32649677799369803,0.9896048534065254,0.20025459419939273,0.014047518508713958
0.07683579081741909,1.9078082901581088,0.20976166594002382,0.014761590689267284
0.4956464581288209,1.8224006408346618,0.232186790255291,0.016454634080685347
1.8404884719773744,0.28202373687903615,0.4010933029723129,0.02951734401737439
0.617779779616366,0.183868595694882,0.4322549677816178,0.03197525271924264
1.9658016126069486,0.566467992637574,0.21778747493311895,0.015366151213968733
0.761329964353038,1.5611768473299439,0.2784201142288819,0.019979880305252124
0.6801632549795775,0.33452105450464686,0.29720033618131547,0.021423855513596907
1.375495567701333,0.39888225053977666,0.4833881293180708,0.036034652371153934
1.1754380276181857,1.5963691115151508,0.22179896903697238,0.015668905566519196
0.22982245482094799,1.091171818934281,0.4370191573640032,0.03235213461849792
1.0488343873538688,1.5324694251660715,0.42465102193238624,0.031374320337419694
1.3571117213960602,0.023576719204856822,0.3227611198226688,0.023399250687167288
1.3666065397685183,0.8795735146836288,0.27911123472081567,0.020032902892152652
1.0443326408508171,1.9076028091996446,0.13958953811690084,0.009551149681670435
1.8035949733005414,0.16554753022992008,0.06514761561935396,0.004229270435657068
0.7594172331567286,1.8272544257266172,0.35956089179802786,0.026262053444678145
1.682369303482426,0.8099424188586473,0.2489370744284779,0.017726691853354678
1.8429475424046793,1.5622252926010483,0.36683001444952296,0.02683001227618598
1.6746836744514224,1.5752710336319642,0.37638507672663696,0.027577758491768425
1.0140048957549779,1.0042182801449706,0.1203202472665445,0.008148731724968425
1.8428724234466416,0.4036637914122838,0.0824543237345009,0.005440516026366173
1.6584577950016464,0.4302692105643835,0.47721245940360285,0.035542733019113655
0.5438860804953776,0.9601714324501989,0.4655120540436647,0.0346119524434558
0.6000702990105404,1.6104206541552797,0.30819413369752213,0.02227210073511816
1.7010335613430556,0.16481200102057825,0.15562467557341578,0.01072851976607911
0.40612823585172464,0.2800111297474759,0.23959072125458236,0.017016152045179818
0.5115500525824437,0.7901157157773848,0.45552849919677874,0.033819023146798056
1.2126196593913838,0.609417967581426,0.309976094313914,0.022409789685413843
1.4262630711347686,1.2081880038924218,0.24874713483341704,0.017712233464793996
0.2695767555856474,1.9607764158746963,0.08079458123406733,0.005323527984503766
1.7199136303732256,1.0524177866283664,0.09936349387953257,0.006641152299247816
1.457206993521325,0.9696946801403501,0.23464405747421657,0.01664085944616634
1.9597499736131683,1.3472555551129042,0.2495400440956292,0.017772595538018604
0.9868282667344823,1.3076416201195824,0.11964513276040205,0.00809986398839498
1.420172286738242,0.010771952437068855,0.46919402948319167,0.03490468563203544
0.8993040296638222,0.5446962173988694,0.4837585350441575,0.03606417066358538
1.1341122707622469,1.9550730292091179,0.10164393210346741,0.006804214731827432
1.398799879412033,1.0664919448499515,0.0548985125600099,0.0035220716810345004
0.9968822050293498,0.2955462034966305,0.07065955952270687,0.004612874642914021
1.2375192991035655,1.6725123479130148,0.44740890554323753,0.03317501870120554
1.721000903561032,1.9583420999294063,0.4012453941228801,0.029529309196305725
1.2092461514156085,0.6116600969015002,0.17243961746129377,0.011972171796065977
0.10842692512304519,1.4286768286131246,0.2770851579050476,0.019877488527513663
0.9942174714660215,1.8044943082140334,0.3265321690830461,0.023691622190067176
1.4798875573434405,0.867963013108447,0.34110979192877183,0.024824003183628825
1.7731398504592033,0.6154680428091472,0.28834054066997816,0.020741833095492122
0.3237178608160214,0.3477296748009673,0.4064664256782453,0.029940242544253
0.8055973402318055,0.9243354191424591,0.26250734469068626,0.018761612101450557
0.24457453352244873,1.877137990601706,0.40195418665062954,0.02958507481372423
0.5317814599540773,0.18427340485760757,0.18538936088514762,0.012935719564984103
0.4998504023383261,1.9677965407458886,0.24052815060720995,0.017087333385976327
0.7761401799500176,1.2224936473811034,0.3507771367424162,0.02557680956789889
0.46813838921989026,1.5948013156789358,0.14294364094379372,0.009796685060735288
1.4041152172929392,0.9808605615062178,0.40312088118062234,0.02967688152502901
1.1363696337742155,0.9574511410373454,0.3078908988951136,0.022248675777342974
1.9905819120162367,1.2129688473044646,0.33802165194882994,0.024583834562278525
1.896552033299147,1.5096205585302458,0.09753424804078822,0.006510538562748008
0.6805207306380505,0.11217741526475966,0.4121782262091906,0.030390220210701882
0.6842341417225215,0.19048314170918657,0.26318356283031946,0.018813281306455865
0.9019237807678211,1.55347819876614,0.1282895874891268,0.008726991416225096
0.15712847118499718,0.07980449548517954,0.39552966537323153,0.029079862590523583
0.1828077763475906,0.6870554626423482,0.44464562794610185,0.03295603285451214
0.08750355978948665,0.3820208786694388,0.2743609121702708,0.019668643353170492
0.3872163507229376,1.5871195982562085,0.15833505637339484,0.010928381125272975
0.5880158697456133,0.836347913031807,0.3824234061174486,0.028050975335230977
0.8368516155849004,1.8232657080932997,0.35150889860518436,0.02563385144429953
0.03755766112307324,1.7807745072451617,0.4685167923902153,0.03485083038046874
0.1861025996940422,1.8419758570620437,0.06832798351874367,0.004450346649936248
0.4259250835670674,1.7388935974423967,0.46139857174369264,0.03428510151560745
0.7837810851095399,1.3460527623215714,0.055768824877202514,0.0035817926373719598
1.483713088423145,1.1869786426013749,0.34413239296128245,0.025059220096979334
0.17827024087728915,0.3900076444640672,0.27757892852782673,0.019915357008590092
1.8873907803357712,1.9358817931285843,0.05036213444202344,0.0032118647258189553
0.46661516354426813,1.4917211557690582,0.12204107416726287,0.008273378052981452
0.42394458348407293,1.4498953790843292,0.4213244648853563,0.03111165839062693
1.6810007419282678,0.5369094589132675,0.2616698855167713,0.018697635348630427
0.6064242495866912,1.9622867035914273,0.392427287652071,0.028836099559559295
1.984720521343743,0.8423010948555829,0.1804707917738606,0.01256917967196591
1.0299497378715223,1.4300346708509726,0.19191454359056387,0.013423020846742073
1.2059090218164712,1.050666970272795,0.1322591503305272,0.009015961251126305
0.28906791373863205,1.2913946340589808,0.07953825029411066,0.005235084694768834
0.9249580086540228,0.13875506880381283,0.29677439979661113,0.021391034703482102
0.25767360924509086,1.3688780204381576,0.18141285733688783,0.012639331165845005
1.0325268361065638,1.7576589512240888,0.43459659725975464,0.032160456947740695
0.3441042501750522,1.3424562820888941,0.4669538999974505,0.03472656655605589
0.6596348399706484,1.5262630238398454,0.2704753762716981,0.019371019583238596
1.874677603436904,0.447923377048667,0.1354146555467709,0.009246098877739996
0.1625448298920078,1.6961771808571806,0.4224602918571931,0.031201326233686315
0.3207722141108451,1.6779941019504574,0.09152714370898599,0.006082817492865709
1.8939256838157617,0.24455154316697025,0.20589091772266938,0.014470584992379897
1.8187899352975887,1.4292234494094338,0.223797907661275,0.015819910432446342
1.06537084158836,1.8255475622151973,0.42357721279015975,0.03128951776310831
0.22665247391917842,1.9585973144964512,0.22525083387183953,0.015929726611444053
1.9704231816534103,1.4870829829047036,0.0655016790899602,0.0042538462005802845
1.408167032887245,1.92365413386371,0.14308178190402956,0.009806806189677662
0.8026023869972885,0.19076146394641746,0.3998347907917555,0.02941834749615134
0.820996062304788,1.2921795641627918,0.24591624102005238,0.017496833628599814
0.42514181057778755,0.9217903822570399,0.25488677907389545,0.01817997185534293
0.9276285161728779,1.1346407846990765,0.3734354970821551,0.027346793221304205
1.7962134392106874,1.6366273133013385,0.4046435349566899,0.029796726094965482
1.055067532882475,0.22731324237019845,0.408956963853222,0.03013639473655277
1.8759901248087387,1.757287723988474,0.35349786883600315,0.025788935857517757
0.9561903889487258,1.3920294069854924,0.46270600009294305,0.03438896603454539
0.17733004578976286,0.5444495870407104,0.48154082011461635,0.03588746033146089
0.08260692955972604,1.98122083452939,0.407929005739981,0.030055423808162583
0.2260864528525397,1.2992183318869408,0.47208518900693863,0.035134656674643217
0.8707802010702026,0.1311448043137986,0.3830978632860383,0.028103863925465458
1.492932765442674,0.8930419071577789,0.3349321870405652,0.0243437143486625
1.7050236769297467,1.9892316760777797,0.22142371234661368,0.015640568171422304
1.8460254023795672,1.5266341313002139,0.15835034269433734,0.010929509000029819
0.6985959208110462,1.0442380377995244,0.3797188545653942,0.027838958542265885
0.4391445613438989,1.36784348582242,0.11283657278984449,0.007608111379661672
0.366761280380304,1.0040625024873189,0.31719609489462286,0.022968222426712325
1.1814025122313345,0.515192280589776,0.05676496620099306,0.0036502269145225166
1.1455367023326752,1.1344471349283078,0.35510336890912053,0.025914164192354025
0.9257476189033542,1.645213703335129,0.45334650642961,0.03364588026751211
0.178086553290564,1.8805844363059283,0.47631686661940764,0.035471431431524474
1.1607739066611793,0.5643908205428383,0.4257331080622341,0.03145979154428952
0.5652367561365061,0.889282406663817,0.05822884592333493,0.003750944602640559
1.1448130132474357,0.02387189187552452,0.08970971103646672,0.005953787271690751
0.9614631829510221,1.7355096398175478,0.100480441964336,0.006720987622521838
1.1325545789725966,1.754111986151874,0.38161546744504937,0.027987628061925302
1.2898010901880856,0.5352548409606996,0.38642040529036525,0.028364499725298583
0.053034844664542335,1.7116817567202185,0.2537112403728132,0.018090354664360993
0.19380296351313842,0.9093861674964989,0.27112647913526283,0.019420872215801566
0.5327257446674252,1.4661459186986996,0.3373508369952739,0.024531684384740775
1.5605242929472503,0.013781617539267765,0.40978543295385095,0.030201662396356663
1.1914600380435734,0.8169037208102103,0.10526711182284709,0.007063807202971924
0.9143246975591544,0.8314217922985361,0.19031368708802476,0.013303361352825503
1.678528959183839,0.028733974935145623,0.09228554360934882,0.006136713260877128
0.8729174059324094,1.6318938477526934,0.29647666049187255,0.021368094133972382
1.3988045339497965,1.2201885248588882,0.13587756257444408,0.009279891002912297
0.4198887725401572,1.0218780455778356,0.37039933317220675,0.027109179462857028
1.6009861235580278,1.745268452323284,0.06190378283344766,0.004004548960109182
0.13454744389777784,1.9583390958865927,0.46814279048782426,0.0348210913009714
1.4995925706734947,0.9348950674554897,0.41675544449847945,0.030751126056072213
0.14908777584997668,0.9990527673161693,0.37760981087811474,0.02767369740709418
0.9005400529060963,0.862001640503069,0.43365588872157795,0.0320860461046422
1.577831354951172,0.6043126074410503,0.22987300823717915,0.016279407063535173
0.5800575158514796,0.619553849135621,0.1544049520349146,0.01063865639173878
0.1260084422362331,1.3128765818203374,0.05560497183796689,0.0035705440732481317
0.525843843945915,1.1097052086737622,0.13989091131122375,0.009573195053750738
0.6567461628095677,0.8856872455639002,0.38313879031047177,0.028107073487549535
0.8710559848748252,1.679921939045175,0.28209569200095896,0.020261973459906234
1.1493080421252968,0.5467515626119304,0.21974411972973545,0.015513774924682385
0.9473990133860613,0.2542753320784261,0.05524958139341103,0.003546154271998507
1.7440911558402188,0.6982929835874887,0.43091371596443734,0.031869201544848735
1.37678742419269,0.9573678032973669,0.263740560104142,0.018855847836674655
0.3344463555895889,0.5150199517827736,0.14982390419861363,0.010301587115286564
1.431230062792764,1.427642821028559,0.2713777568725743,0.019440113869596844
1.5010967206110089,1.8966589913275618,0.19348464723535225,0.013540448574716682
1.6325765074596996,1.0818039199658416,0.15821836878644166,0.01091977178107862
0.8515058693104269,1.4439754657110389,0.4139052349358379,0.030526359579024057
0.03815949157677512,0.5506929376334915,0.255862799061791,0.018254400415285223
0.9665373805314963,1.5884124979785577,0.46850212260618795,0.034849663869235784
1.265711669505133,1.9131025941946813,0.20763272033365443,0.01460148869977702
1.909041329976378,1.2017551296005446,0.050073955532058456,0.003192221757307291
0.7484580111936292,0.25253340445746564,0.09141594150827338,0.006074917480833681
0.2574012230138307,1.8009728899446085,0.31511987576374373,0.022807546000634563
0.24747129274988167,0.3624948718300811,0.36059502234314866,0.026342805271422753
0.6642315680671955,1.7605995532792436,0.3272922792214439,0.023750582248753652
0.6734910554925819,0.5434410341631228,0.37712634062598616,0.027635822446537846
1.7838138000484305,0.3265513545902665,0.39615225095748774,0.029128796918234907
1.0925565672118176,1.1741317479080338,0.47849593369737975,0.03564493144048225
0.8659050654537488,1.5186014149291724,0.15422121879665918,0.010625124043789697
0.4215390782470658,0.8813839580642164,0.054826234852674,0.0035171148975243673
0.8346791369989899,1.0319587691235395,0.47365427718229586,0.03525950713256692
0.9104613701599797,0.41232443927611473,0.3675298946648411,0.026884737305032887
1.7736176330742146,0.8549058121263575,0.48513238140849957,0.03617366853956419
0.9007554015931634,1.387841450204621,0.23839057950469378,0.016925050354721558
0.3776426465102565,0.4483144434899271,0.375651555927593,0.027520308828491553
1.4926994640589486,0.4024014188260472,0.19052691284163853,0.01331929537835322
0.7612518108612072,0.6355186121241516,0.09093176991965005,0.006040528764968499
0.6796069722178051,0.19241064404122388,0.4259860824930721,0.03147977550878069
0.49512620493673354,0.8074935941028725,0.35498700503242364,0.025905086543274763
0.06387699537153702,0.9677093308147733,0.3630640344187272,0.026535666786622062
1.2842542619750061,1.1502824719466656,0.4061652964754946,0.02991653153104907
1.2592008342995564,0.030481454713823464,0.4442842747107483,0.03292740305058492
0.669216666511186,0.8826915262218604,0.3749403704338514,0.027464615865725295
1.4311167589423475,1.515295803746205,0.4949429341091272,0.0369562048163756
1.8186211946666313,1.9088641847521906,0.22689937057837456,0.016054386759036213
0.2575675823340393,1.2279412603399378,0.21620694943305213,0.015246971477652367
1.1396838499270503,1.837357832833597,0.25595523905133916,0.018261450647660295
1.189196962039913,1.802875742844062,0.11638115114434866,0.007863872875361647
1.9742305012771946,1.6868424910405404,0.2894312318996021,0.02082571679172971
1.9298413078461651,1.0368277505036085,0.24844831874086631,0.017689488832377802
1.6276303433471038,1.5468562477185057,0.471670555070933,0.035101669529996146
0.2779861392819072,0.14961063567011745,0.46017683031580175,0.03418806247566904
0.9241675001892748,0.18690484900131032,0.06818617449481124,0.004440473728249463
0.29060618479320444,1.1051570701156268,0.14597343366941587,0.010018821766461145
1.5653301134390103,1.0796049917882118,0.05138790391327783,0.0032818463071135717
1.5764913159017366,1.7017864662940039,0.08081090741717956,0.00532467794442097
0.25354599404267475,1.28981148758648,0.2260653039962831,0.015991307916928103
1.8622859056272172,1.4914004438034028,0.06355553940742036,0.004118877987534595
1.735511625849014,1.7598377159533438,0.24436746998120157,0.01737906147517173
1.6231397134269518,0.813070974049791,0.36950013377847096,0.02703883280254168
1.3783056580261055,0.9957874717734758,0.3066587444475287,0.02215350795544598
1.7416357459510425,1.3916649421127516,0.12941823557159293,0.008809090976656065
0.37321408802906286,0.30374266194481847,0.22178424060227475,0.015667793290833187
0.8366748626464442,1.766165550386707,0.27953982574398106,0.020065788838165646
1.6354524452829775,0.4508257831834286,0.1265271717682782,0.008598890441220648
1.3525460679179067,1.270130092299524,0.4527718727676805,0.03360029217817489
0.31979052640707306,1.8427456749774676,0.140144336621558,0.00959173558729926
1.7598615598587048,1.717705090786666,0.08298723979055195,0.005478113598784256
1.0210157022981188,0.5336975727123618,0.4211667518395256,0.031099209054331646
1.7053621218777084,1.6249433441722039,0.09569479274721346,0.006379366188438948
0.30672451790068567,0.5718654042187012,0.15377347201138453,0.010592151191437514
1.2488300911104102,0.12592552856957884,0.3704724003761595,0.027114896214506596
1.625584210734205,1.8160368752321834,0.4092291445348387,0.030157836409148743
0.9978137305396537,1.2426322819419933,0.14167460935981122,0.009703738989660921
1.596232489763464,0.8197068584012772,0.428868462595182,0.03170752967503467
1.472412539625029,1.4478698343230667,0.37620636341619085,0.027563760876331268
1.2655873701331066,1.8746679771893329,0.34672784412660795,0.025261310313056666
0.045041840371326636,1.0872009321632776,0.31759315816792577,0.022998959019620485
1.7328271497757894,0.14441471304820297,0.19230581244082973,0.013452277583448588
1.3484272303730698,1.3476490233129472,0.43386068215810897,0.03210224449157013
0.21902483937484374,1.8738092908328312,0.3150714896313574,0.02280380231755375
1.8993435414824411,1.8078013246761753,0.1286673268845131,0.008754463221566042
1.9198265345431875,0.6551594167575916,0.2516395666767867,0.017932490426723416
0.15563921082688603,1.553141405339965,0.39660488575228203,0.02916437669130729
1.3799731814884257,0.63084333889176,0.056052410976686166,0.003601266300531316
1.5724373837242431,1.271735448989692,0.25517184181864294,0.018201707914921185
1.6668984521045824,0.5748501270580311,0.2448805029895627,0.017418068010351343
0.6730434459414896,0.7414471927198607,0.2930735912389896,0.021106003719369514
0.04655999172820402,0.3089051784791508,0.2909799341314561,0.020944863000292722
0.8447381275985721,0.22603745697399868,0.41384982767430634,0.03052199123853757
0.7038295011553004,0.6842856465721243,0.4341075927989727,0.03212177489167775
1.633843887146781,0.013538456615050487,0.2625250863061535,0.018762967604732752
1.9709982449129624,0.6665969188030116,0.06535281783681958,0.004243512529115236
0.6081420512930673,1.5708118689775707,0.39154100618378973,0.028766486162494907
1.9304882710404627,0.575641748102852,0.3686741452364422,0.026974224021081367
0.06164294144894544,1.973838964192825,0.06476009108949772,0.004202382681145431
1.411589719389872,0.053649548350998,0.24159438976499797,0.017168318842891984
1.5237496465628215,1.2859981880803635,0.41193049820011135,0.030370695140156452
0.8847055758245572,1.4634473631607388,0.17259689489828733,0.011983845096943111
0.0034233409940895854,1.9619990844573585,0.39826152308044765,0.029294622059274033
1.904080338692274,0.6027167728244889,0.43617505507317,0.032285339259007846
1.6255844581340595,0.11996911078747718,0.4215373112318211,0.031128460273649686
0.06972719460903698,0.16711842760085016,0.4857132064576543,0.03621996771598218
1.7315921385960562,0.3139384345159342,0.20667153942059519,0.014529242547861417
0.620529187854171,0.15366610213222165,0.12313109474563383,0.008352395443648929
1.9113821840553753,0.2794926260780597,0.2642577278069594,0.018895376088053188
1.4847494166656643,1.4031233623822885,0.1245126201714947,0.00845261382643451
1.4732288340347834,0.22098357076463127,0.14945855661932558,0.01027473550081833
1.276491345943451,0.04832786341760853,0.44562108087439334,0.03303332542823349
1.2599072120003536,1.1966462866054446,0.1819764870860418,0.012681314231290226
1.3771504328245638,1.254838188186206,0.4102968535310923,0.030241957189206782
0.09523320039119554,0.15895398095562308,0.2228599614589637,0.015749043970393683
0.6958256547699699,0.25825217553220137,0.4278645707009487,0.03162819412263381
0.3024750712977462,1.3504659037319777,0.19757719439209226,0.013846837234495502
1.00916989409167,0.7762889506043982,0.16300802576797205,0.011273514835043338
1.2850852760374607,0.8932525749301734,0.34888323874746535,0.025429215690929777
1.2773635399225365,1.9343946222867903,0.27719476027276574,0.019885893800353105
0.7392497273025493,1.3840389905402137,0.26935661402636324,0.019285379280287517
0.22021575557341255,0.9459760748467732,0.3284173731833453,0.02383787063157918
0.138883202734845,0.8393260218754259,0.11237110565650213,0.007574566069651611
0.8589431397843579,0.011177361523241558,0.3432293301579672,0.024988929326557136
1.4483635931160166,0.2230849214685635,0.13006354739508125,0.008856054160967122
1.1778380541549172,1.2306440532940162,0.2499343068216356,0.017802614639991696
1.3988064070225936,0.1717764393182366,0.34374866437325485,0.02502935065262221
0.48914571489745584,0.03871586445335207,0.2775705936291998,0.019914717746164275
0.9383399910099457,1.5257034146367667,0.27461491775379776,0.01968810981413531
1.4250196697841653,0.4022701440382328,0.20191546934449023,0.01417210063737219
1.711704713026136,1.480829680056357,0.3360612606743373,0.0244314508642003
1.8403795891593757,0.03714718495771652,0.0674478715330172,0.004389095102617696
0.6476859068259615,0.12687325564274543,0.4434228555045782,0.032859159796958165
0.3677579923211629,0.54965032228777,0.49377998254918776,0.036863385933960637
1.3534988621738728,0.7373904992609124,0.17877749679460875,0.012443151011389045
0.21392661545107994,0.16998614571397352,0.24089956143680014,0.017115540832489607
1.7583385153349005,0.5414851671070049,0.09556273452394795,0.00636995571019181
0.28314098981620184,1.1984503256050076,0.2564242526573327,0.018297224180901486
0.944889034533744,0.4524727853508308,0.23894869874018348,0.016967412761642767
0.26535446938741547,1.6851905263877112,0.09634259154330843,0.006425541333772248
1.739325984462777,0.5314411482731383,0.4670818161126832,0.03473673594622558
1.310078857296708,1.1952352481702464,0.2539472969353581,0.018108348141355788
0.3492579621495904,1.6463589700262775,0.46786830127541373,0.034799266100688
1.9055410399320039,0.4734281493860515,0.1538716296460343,0.010599379124180389
1.0276513858153036,0.6270371671831865,0.4406453443792005,0.032639182506792236
1.3220133662581945,0.9019620275718949,0.45500667520294696,0.03377761077680644
0.6402824180386972,1.272806350769625,0.2225524998571059,0.015725818203935205
0.9753674850405034,0.6693197960965818,0.17824752219743434,0.012403722914188996
1.5976883232261958,0.7090571172798328,0.32513676969781397,0.023583408815891396
0.06960113028202963,0.1620442258642052,0.2905162026345676,0.02090918217496549
0.10956089286897952,0.004080484841780363,0.12591040037326764,0.008554089474037007
0.23253019881820025,0.6321371103636353,0.4388022355214184,0.03249326210345447
1.487152044587704,1.1632292786446425,0.2418210364749025,0.017185536819018035
0.8057216825818878,1.8117549625316556,0.06258204886823665,0.004051471096210433
0.2543609629857351,0.42480199702086274,0.08240937152995403,0.005437345384496132
0.3402143346474762,1.9433945875902057,0.07136463194453233,0.004662096861231074
1.991244230541184,0.5512153584630066,0.23136838107848046,0.01639264059683522
1.3211524847733371,1.0645894322287126,0.2836375564092812,0.02038038415347304
0.6973956169479087,1.8218457608517824,0.19244963590706027,0.01346303287205723
0.7516291506300625,0.5435923364367155,0.06911923595548286,0.004505460513395305
1.243794718357148,0.8979210538617146,0.4054330003783537,0.029858875356754314
0.5323762914113142,0.807668837210618,0.19569749855335694,0.01370605882111983
1.274630172577122,1.7570692766583103,0.10795355508346746,0.0072566843281221954
0.7778497716961563,1.971737082682305,0.13121521695926203,0.008939907922982465
1.2833247760438509,1.4886835767222515,0.4713270705998488,0.03507434435785486
0.30519217828935274,1.0163496431240957,0.3281684507469572,0.023818556653930244
0.5683465347729342,0.19451344614459387,0.40689688770579413,0.02997413937150551
0.5752755796386302,0.6077563388117322,0.4759292702621272,0.03544057626102348
0.11111120440258215,0.7000184196006245,0.1552918871701264,0.010703996677136788
0.6109049874244161,1.0237570328287882,0.15952072083719349,0.011015885584425624
0.12846713175019575,0.6152796174451705,0.33265168645158855,0.024166566612916888
0.517978564241669,0.10285607775900729,0.3473527978396803,0.025309986853315217
1.5143690445776683,1.9746760170727775,0.0823648200117504,0.005434203122228321
1.3568085875170066,1.9847865735077654,0.2521222026913683,0.017969259935627653
0.8360112320677415,0.694609701641669,0.14192702089431544,0.009722221487483676
0.9682040395682123,1.7085488866195426,0.2689199802504466,0.01925196198685021
1.0749171472712011,0.8716447686871127,0.13302246542396526,0.009071597030157492
0.37761980225246283,1.8280396713946139,0.17141956794383206,0.01189648048187841
1.025044040431531,0.35437834314396,0.1895761317005838,0.01324825450511352
0.06791355075008498,1.9968262617498314,0.14332220376364763,0.00982442270768682
0.9323426455934298,1.8100322826046544,0.06643300310721248,0.0043185336323174
0.8180209529112248,1.4261225362596852,0.3042583126370795,0.021968181830353057
0.41702132340517806,1.3077487222955217,0.4478554970935136,0.03321041922678272
1.1568574868211658,0.3401545560182533,0.4042319433225157,0.029764327592143928
0.3593176698377609,1.7049803084647512,0.38873520677474915,0.02854617512023096
1.4573788732506008,1.6545166564147376,0.3756449092472795,0.027519788293004846
1.2108778810949443,1.2120156304022325,0.45007128375244904,0.03338609671245382
0.9646999193031822,1.553526439849175,0.4673835392376904,0.03476072383498691
1.5289406288159295,0.02941709690519012,0.09428809670672894,0.0062791712279742585
0.6411210099177598,0.8314852725213349,0.47175223805331273,0.035108167847003734
1.681555193012717,0.6547819429571433,0.2419774310919663,0.017197418509058295
0.23183008306403718,0.627198173341226,0.4703384186199104,0.034995701937189
1.692983160090052,1.3225820541616244,0.14257684944941612,0.009769814743780194
0.4831769851979051,1.8108524992515673,0.28216435043392546,0.020267245279342132
1.726858389017285,0.6696597251654395,0.12604293197903846,0.008563715014289026
0.6963510792540835,1.5322194334719201,0.41518034323723396,0.030626900992490432
0.5850363292171219,1.7039155753103485,0.4365707427953325,0.032316649643303066
1.809917206250822,1.6043642226132302,0.12953650577340128,0.008817696996678446
0.4834372462336849,1.777752174130349,0.23341989890408188,0.01654806899791371
1.134599100232284,0.43406055704684543,0.08625357496902694,0.005708916060663606
1.8287533624199943,1.2368235214906333,0.10334089636295399,0.00692572017782906
0.7770742924464031,1.0252260233867356,0.3965118548305315,0.0291570636815413
0.6838014102069032,0.8128717392926788,0.0662797667954644,0.004307885897416956
0.6360542272818037,1.3350590826216302,0.2648499527919864,0.018940647686497045
1.0894649839734574,0.10878465876121024,0.20086998381961324,0.014093670558460137
0.6511834833988777,0.08253944909205235,0.19586455686914728,0.013718566764529606
0.5106090421084462,1.4695692569479988,0.18718863608107894,0.013069973195873922
1.034192646985101,0.6445680837573442,0.11119232330688053,0.007489656485070461
0.8393350792152894,0.2609419847529808,0.3288253937747051,0.023869531274440157
0.7553129468248829,1.5434775660463986,0.31231135487209866,0.022590313802299353
0.258062711641204,0.48090999397666323,0.34394102497610196,0.025044323720070042
0.5416606802638781,0.2529053663190042,0.40003895265032985,0.02943440572556763
1.9177272975887387,0.20329267444377663,0.4347502581432712,0.03217261271055035
1.3136556421877312,0.5685750560538052,0.35157786433329435,0.025639227843522204
0.8633284015704681,1.0754852848290086,0.075087559765175,0.0049225497596605975
0.12701113992602764,1.124583461273211,0.2865879634618881,0.020607090459359448
1.8142655413413493,0.1770647401012806,0.2835295564439259,0.020372088621410645
1.005553209592576,1.1323681757286181,0.32251872209634985,0.02338046549126844
0.9378022993484632,1.8727642813399465,0.4437135774531622,0.03288219031608585
0.2439188617784367,1.0873624624805804,0.37458810156542804,0.02743703237581236
0.6029970299578877,1.6180239476211677,0.3010387262947086,0.021719771104854433
0.7005997301698863,1.9872877416323214,0.36712056794359255,0.02685273035912263
0.1706992621654304,1.6028961190848279,0.4582963035768498,0.03403873296311157
0.43908068807870104,1.5298202722663834,0.3070882645455143,0.02218667977727099
0.3320270611590104,1.2378050796934685,0.07981247033761842,0.005254381089664136
0.9555943538857286,0.19606903706111423,0.272825798422747,0.01955102192586229
1.7579572142657363,1.6093035146594106,0.4455661592987427,0.03302897326260366
1.4845188861915841,0.6212078323411501,0.43727628841386673,0.032372483638936383
0.7793441112728594,0.7663286327573511,0.20183074178726668,0.014165743512571568
1.5796076671291113,0.1754994538404515,0.43505301680420233,0.03219656412662744
1.090582309905609,0.9489539618167717,0.15827821459914654,0.010924187219172106
1.3519744332034194,1.900076168231322,0.1530840262534957,0.010541392164990473
0.47994988778984804,0.2135575416687674,0.08266911562287567,0.00545566772204085
0.4871153569133282,1.2323861800964502,0.25628266702649827,0.018286424405553944
0.2672808247785372,1.199291903249283,0.18185661701132322,0.012672384721935763
0.02752355363726422,1.3614403673678575,0.3894835276067722,0.028604922488431068
1.0090599329151215,0.3174828949433133,0.13697711826745995,0.009360190160949657
0.7402926391883011,0.7076784107779062,0.14319382551558565,0.00981501574789017
1.4301692173534561,1.9357446542014096,0.4187324654470646,0.030907095557987048
1.2405807585797206,0.09500273226322009,0.19538967447827865,0.01368301343307791
0.11391040614758552,0.8727399169139274,0.4360104585900872,0.03227231547660121
1.1452696569819734,1.8122391781236458,0.3428618399791362,0.0249603290224878
0.5187770447430484,1.2040881566159005,0.05357602245040054,0.003431447534812596
0.69002078717136,1.187859371896367,0.491915657375297,0.03671461966492368
0.6735305975029917,0.3881289446327896,0.32628859785356046,0.023672730912049706
1.0087562516776085,0.7065743106210307,0.32663070727547466,0.023699265045462506
0.394867864374268,0.09232951300937242,0.13336200731412143,0.009096352321244706
1.6327721369771502,1.8352319774760877,0.3469554356755114,0.025279036316284312
0.6336184511114327,1.5828690398150334,0.2466182652529531,0.01755023406329042
0.6613443688183944,1.4073620714767539,0.3439431629597181,0.025044490140829188
1.4851744941503333,1.7759316007556838,0.29666353886343716,0.021382492773751233
0.778796170419765,0.9456724337171911,0.4998849541008871,0.0373508107035291
0.04736278618917633,1.2160973670483926,0.19325757927086717,0.013523462128688006
1.784969979711265,0.6230149096174433,0.23582661629254148,0.016730528386289478
0.5877386305606624,1.2501113901822731,0.17279996977367135,0.011998918618667647
1.6879335351078089,1.8869331060836325,0.1538371626823315,0.010596841079585239
1.3504394534806137,1.4783072872346237,0.05222953635051402,0.003339337536303505
0.9710216877060673,1.2435003370871527,0.12513134930092334,0.008497522503038623
0.6474099238370645,0.36673063038529286,0.2674965255089031,0.019143045444395747
0.9564269634398452,0.8216191147165597,0.2508150974018388,0.017869689693195866
1.8434127099736755,1.4413502704450178,0.4838647530116431,0.03607263565049235
1.2571634663294597,1.7904275450306992,0.3883350337917683,0.028514762505274426
1.0103000456747677,1.0324276076002512,0.32229061435295137,0.02336278862172042
0.23746858672967575,0.7503473388191158,0.11156640783775432,0.007516595697920298
1.0140883808941572,0.9277004825359008,0.31408589029256495,0.022727554160365416
0.5647839000706152,1.5438320517803918,0.39026716382103577,0.028666450660040334
0.18943739937177595,1.2901036450624537,0.11755910017189443,0.007948988480315396
0.6057096292054773,0.724298532743646,0.18955072101462855,0.013246356195308461
1.7069479407497006,1.4180074559597418,0.2772935377832658,0.019893469124470254
1.7919710977442378,1.6012832328829318,0.23050758836729462,0.016327452938063026
0.9539069787159549,1.743942902395783,0.1652126857672348,0.011436583844783412
0.3307593738476142,0.5828931907178847,0.19185953942271267,0.013418908294892914
1.0515335506228747,1.2529509676388007,0.1064212425891913,0.007146628597609765
1.26549808210454,0.9620053031359037,0.16939634217784133,0.01174644201351451
1.7072679255263572,0.7530433929905089,0.19097931096449794,0.013353106452522624
1.3215046819593368,1.7440940948100259,0.288131139404867,0.020725730808998474
0.07617667475901535,0.7841551786833498,0.2949790235139324,0.02125272656912839
1.009089994866391,0.8584696374783531,0.2545400188417991,0.018153533618152473
0.6365365775781608,1.3139454713029306,0.44218428857789266,0.032761054224805866
1.4428626853258324,0.14459239601256235,0.06253576331927353,0.004048267962946334
0.38657940004395974,0.3940863633034897,0.1580265675556569,0.010905621417997547
1.6904061891531235,1.2845964691834637,0.30587629400052924,0.02209308757737896
0.22542299191131998,1.7085916429761703,0.09891180598752575,0.006608884858017474
0.4740854755029267,1.3739484446939176,0.22033665059172192,0.015558497753987995
1.7361717012961468,0.17472398066482975,0.49185918922356026,0.03671011432103635
1.9579065793177766,1.4397483871179928,0.3733710579968656,0.02734174875418271
0.3553782593226722,1.64495086985692,0.11965508196226607,0.008100584017221859
1.1313111087658945,0.06941647203529433,0.06722497013535039,0.004373590963057593
1.8627557555450185,0.7899214480911323,0.24814967871087923,0.017666759486901197
0.5843003143072059,0.009877360210236441,0.46741002815565547,0.03476282983403777
0.22725252200433,1.3242386301176774,0.17157675982595283,0.011908142659585475
0.23444527887350786,0.9789285664852927,0.36827889492319843,0.026943311093455786
0.9255677645795366,1.2551651169941462,0.1364553744267874,0.009322082302735015
0.6708787230636117,0.5896440641555076,0.21378754759497276,0.015064652713878246
1.957660777238805,0.47936914840803113,0.13802463759206687,0.009436730554643658
0.47604718561331016,0.9601714000477106,0.4622332062831266,0.03435140408205602
1.927524612130339,1.528973542194253,0.11339211859871429,0.007648160981802893
1.626061271614621,1.71331690680499,0.21570066842370067,0.015208807980145088
0.6764419710968497,1.8596486496706184,0.05295761493517637,0.0033891236273081056
0.5479757038190305,0.47226909693378305,0.41507349268665034,0.030618475081167166
1.448123843646054,1.3971000250675065,0.38843084282895496,0.02852228308057032
1.3237617844695297,0.37321887451683167,0.3367972122805668,0.024488650143583007
0.22022669089060654,0.5124989932967259,0.18812133259034308,0.013139601819109939
0.7422992891979032,0.6611845810962103,0.20857885196731218,0.014672626230155372
1.5213542770661252,1.1265788633339888,0.1681159704974729,0.011651555924786242
1.4326122465397408,1.714764835234741,0.16299413786086117,0.011272488087707169
1.8092205299775552,1.979261674843395,0.2136702394994388,0.01505581633792027
1.609750625498917,1.1799921359973964,0.3953552394099759,0.029066153914433755
0.4038591408364478,1.33109307251506,0.21134455320061973,0.014880700493480089
1.390429817961348,1.4591872226339213,0.15731787966857252,0.010853347418088431
1.157663018010846,1.5687483374363478,0.17969020323558682,0.012511071797799186
1.4197239814898863,1.7812868416706225,0.38526114728586497,0.02827354445026763
1.7475127550813083,0.8431538271923926,0.48150147791347814,0.03588432600122055
1.584717144884161,0.6435345928648266,0.2399628887011946,0.017044409348458665
0.5526822969326919,0.6740519189367389,0.18495016471652376,0.012902962384823734
1.306278849131864,0.44105294576507825,0.40843006635000556,0.03009488994650454
1.32560976639348,0.9465661235904215,0.47850274080068705,0.03564547351599879
1.266716387849057,0.2539693327225647,0.25688251288718694,0.018332181872410543
1.4359317162914824,1.325416662922886,0.19741492642853092,0.013834680639298234
0.0626486343277568,1.3563763125214685,0.3802428686481886,0.02788002924686368
1.8848176518507513,1.0027607339004803,0.4078891928023501,0.030052288077622308
0.6045047534298158,1.7117935852757453,0.1332465250841121,0.00908793226411254
1.9222831905533588,1.046309463794555,0.43877773537025017,0.0324913226912916
1.4432823018051646,1.1579036759910308,0.4700666887703439,0.034974089156331774
1.0017386145359064,1.5441186055036078,0.4002515023084073,0.02945112429317404
1.6863153534994169,0.4721528492442779,0.24816746724834632,0.017668113310878437
1.2182675716553195,0.8124868093689479,0.4563863300589424,0.033887108403040905
1.6131819036504866,0.7829325791644042,0.12441866688388849,0.008445795841555609
1.7855304948017199,0.3965526169338969,0.12318329660319358,0.008356180857098237
1.7296814864175696,1.7650324068497056,0.30491961895273006,0.022019228167022106
1.9283655478343555,0.7038366206391806,0.4263935432566076,0.03151196499487336
1.3749557246637876,1.5290116381494838,0.3218501339651581,0.023328656694098514
1.982389672397095,1.7577775260281665,0.38559711507284566,0.028299902510671805
1.7847640030151504,0.7347381138562321,0.051546741085380404,0.003292691404398173
0.9852280865718188,0.5842284474836297,0.4935305938296311,0.036843483385730916
0.9312129434720151,1.9088657721321933,0.2224730620620498,0.0157198178024299
1.409200965404137,0.40237370752049917,0.34665111368601303,0.025255334331675157
0.10846471675875091,0.34184225027330695,0.33297578418265655,0.02419173720974336
1.2003397259494746,0.09328426230078701,0.40077538688075093,0.02949233421828218
1.4430926245459876,0.7153417766137586,0.36057127609516404,0.02634095082619155
1.886665474063963,1.823570712432873,0.42363035398171633,0.03129371416577697
0.5533390156276725,1.0747280498543657,0.07726311271995258,0.005075165574916848
0.6347685190386392,1.9508148455992589,0.3525752705799325,0.02571699132110623
1.2844756926980114,1.0364945402795254,0.19711146105824484,0.013811947838172526
1.8407012923888375,0.5756989669005981,0.16756749134801785,0.011610924332245354
1.363232234930358,0.5837080061303297,0.45074271693711165,0.03343934273742427
0.8885838455797086,1.4009340384148468,0.416871216541519,0.03076025804351948
1.5307246932392387,0.4923199979717858,0.16054211362257736,0.011091302460492674
0.41144564144775186,0.48137010579646256,0.1978847673972013,0.0138698815072503
1.212151630717573,0.5359859301447074,0.42137479161629965,0.031115631080831565
1.4605020771800905,0.3069839709075344,0.3912455149739744,0.02874327908116264
0.5212725141938104,1.8918257219476615,0.11056540388543035,0.007444523725354842
1.4660108307208135,1.3491469484837766,0.3905017418112474,0.028684870501259167
1.8773238470773772,0.35044394086693376,0.4064691858788692,0.029940459888972072
0.8502409496916088,0.12317582997287335,0.18621112510526355,0.012997024725877833
0.17814042285309828,1.8348803113977747,0.20224222609440334,0.01419661898181664
1.6163792096695582,0.6130869457858581,0.45239176214287696,0.03357013860754175
1.730196482165643,1.5026022073074297,0.36556872576378685,0.026731407798214472
0.19289991448348043,1.380804919004087,0.35023962408055226,0.02553491492195123
1.095336684958226,0.752329274383686,0.07981795856401991,0.005254767333506719
0.37158017205106497,0.5889554258608547,0.16525307923121035,0.011439572978843331
1.9199616469350596,1.0493326144100823,0.32204063281902606,0.023343417666789164
1.5639340335588023,1.2572654214729213,0.244962484394602,0.01742430168097621
1.7942372672237146,0.34128665399511293,0.1700187017037003,0.011792581880598615
1.2130468208408145,0.8830660089702242,0.23539725931370553,0.016697968283013058
0.999022884621811,0.7089146318050825,0.15168074805783768,0.010438127482034643
1.0740869332773793,0.8659450657895027,0.2716956962790167,0.019464461918622705
1.9903697408161554,1.6688976703518068,0.21859684472102148,0.01542720498757275
0.9215293412360266,1.6099307981182034,0.1139138309138739,0.007685783839319494
1.4416187233046664,0.9265438215682487,0.4033953210662623,0.029698479752023017
0.5191985429571302,1.8651193982724614,0.1584466662056081,0.010936616236533948
0.5237056990375493,0.4401506713168901,0.23433334208139028,0.016617304245020136
1.1011863830138113,0.65170095092195,0.19386799093265022,0.013569128779031726
1.644173307945303,1.487360911140878,0.4891027896741452,0.03649023686577837
0.6343974661497696,1.4066369006345028,0.3854919688421946,0.028291653184206095
1.1630875229165494,1.0776587758835747,0.13622804001614686,0.009305481075463497
0.35355538696060274,1.9893516265826992,0.3330252980498942,0.024195582783866493
1.7210348068393353,0.7005232087035216,0.20547955551532388,0.014439680540987914
1.6395254584644265,0.18725470507396835,0.3956254497152997,0.02908739075574462
0.3247595502620215,0.6549213612187978,0.45599466366191005,0.03385602110045866
1.6005544927235167,0.7043756411699653,0.4574822355090472,0.03397410226808146
1.1648544813244657,0.1425617843333642,0.286914017517275,0.020632154038119223
1.1281057434676516,0.5009494761853999,0.20905966375191526,0.014708785937207081
0.809905736807474,1.1713834373877767,0.3792051942255544,0.02779870312943661
0.764022327278649,1.652518701022598,0.11993339697895133,0.008120727490232299
1.21676511463098,0.7681587482191314,0.48913707236698784,0.036492971065442394
1.102294593351978,1.2415312486084842,0.2277104693662052,0.016115743938233763
0.7750577504212983,1.5240699141921124,0.2692017598899749,0.019273527258515957
1.8365568741404144,0.6243850221238798,0.1762835353496628,0.012257680451893394
0.749910926510563,0.08297336711778525,0.101144544102724,0.006768484270057143
0.2603459836195663,1.4813094354862821,0.15132937179056688,0.010412280637577282
0.7849473133970402,1.2994490564805052,0.40026552841107016,0.029452227569124797
0.03604772613111651,1.2706693139371978,0.46422806621273055,0.0345099072823332
1.0570057196671176,1.4242579695528672,0.38478471130775704,0.02823616879966944
1.0513559013152534,0.6516921752776745,0.052012399322473285,0.003324498921270125
0.6264390347669229,1.0869515175513,0.16646203641279186,0.011529059624504498
1.7584020938749538,0.5589290096123147,0.1050359287444326,0.007047224819719528
0.4855569779879618,0.7948301987873039,0.09003717503628753,0.005977022650120064
0.7962621890373516,1.1169191187095544,0.29783688490243426,0.02147291124533272
0.6611106140027452,1.1451775790168672,0.40684289542286,0.029969887601515647
1.9767058084214852,0.014608480106653277,0.10154068221371979,0.0067968263619278485
0.8020046448459488,1.7003961201034068,0.4765209694518814,0.03548768003014045
0.8055526364701151,1.9615935260077773,0.3263864007850342,0.02368031634776114
1.0658019082949861,0.38402664899262184,0.3740899006828273,0.02739802511815727
1.3028388207031703,1.4257243894651148,0.47182135689139415,0.03511366667994909
1.9065234662166775,0.6165363351542441,0.14502045565280475,0.009948917225540886
0.535746198203616,0.43537724024171753,0.08498989728470205,0.0056195505381114305
1.704931341483355,0.2798799131427041,0.30834049888925946,0.02228340804879429
1.6532170484190412,1.0311236597378257,0.05665218188141599,0.003642474515475379
1.9119913904052266,0.00030723404696852974,0.3695595992938966,0.02704348457694108
0.6171416014296174,1.4891244958558045,0.24295695990983251,0.017271847801932326
0.20574411679422466,0.8818455007873305,0.06426638431888775,0.004168143732310984
0.36594685525999826,0.5133747753437825,0.4870817217942639,0.03632907096846912
0.5989383032103033,1.1333951016679267,0.49390605783567204,0.03687344767735384
0.022171327119925976,1.5994104966864169,0.31504722498819376,0.02280192495296657
0.039271613072722866,0.8555755479177463,0.4565754132075116,0.033902116949076244
1.2314118196721047,0.8222231113653911,0.13750616425355414,0.009398841591447738
0.6238904816476254,1.930181207106849,0.4162684277948598,0.030712712564178686
0.9485470157020115,1.7670666674183353,0.33970713363321947,0.024714897964223582
0.7132026696651219,1.0027851500820815,0.161229087755427,0.011142045407551482
1.874860714282616,1.3286807845820208,0.08537574473024631,0.005646827470861
0.865834722716845,0.16540114832415065,0.24777421918320897,0.0176381861255975
0.408130273962358,0.8273750199358483,0.4264426275502895,0.03151584280768847
1.0522965862175757,1.3480630823261412,0.3369325082608501,0.024499166492226308
0.9695620007498063,1.922947913925859,0.10753770664182649,0.007226806001106493
1.5677438314118792,0.053174951818281135,0.4587208115142801,0.03407243874654008
0.42731926399399645,1.9790831550794488,0.18535455482607466,0.012933123380622483
1.2784470635686773,1.6660816466562764,0.21862501290079062,0.015429330099363227
1.1819168852722377,1.4554586606068876,0.16559021097939872,0.011464522841372084
1.3066174881683665,1.9402475224314466,0.2576600950151048,0.018391508396041614
1.937017625684182,0.5546385299044612,0.4755041186940782,0.035406733447459635
0.4674221407058494,0.5174551040146771,0.34114891746059833,0.024827046992016013
1.3041928456367602,1.7134077174811135,0.413729739383996,0.030512523546920783
1.6136972001323675,1.8330551628783478,0.365267631574139,0.02670787245519318
1.688585406131118,0.23326539344005326,0.11472142400124041,0.007744046187467035
1.6942549972970735,1.8645904852621225,0.35312122055581985,0.02575956312529251
1.8018728927294116,1.8127809130848034,0.2203842753195165,0.015562092716518207
1.2655637796280115,0.6786997116049467,0.3853879738713945,0.028283494333409317
0.7248228614996957,1.9490996514964076,0.11054618037076784,0.007443140077561174
0.5662583704135797,1.6786792594919497,0.23343473815565108,0.016549193603150755
1.1440379627621162,0.08066939289853248,0.3698699399447133,0.027067762253046922
1.559027282057412,0.12884729567169928,0.3602428990253074,0.026315307332133324
0.21872087086466485,1.820846283943176,0.1851624817937771,0.012918797256009515
1.2341028143403279,1.3607078398389765,0.09666464879472625,0.006448505581125496
1.396451872079415,0.3161411676879242,0.37342407205177613,0.02734589883442486
0.9228501709286561,0.4259586349478717,0.423104590767848,0.03125219779905501
0.9692107284061713,1.1818887742008786,0.11861198095997535,0.008025116813433538
0.5208851055926311,1.3793100538408272,0.13989330185806273,0.009573369934750364
1.7011938421510937,0.2577189870890091,0.1945211865422461,0.013618007208563312
1.4937830221029669,1.0741649501942379,0.3055167025404634,0.022065323704473744
0.11874863504551114,1.2490138157716215,0.4336181627611433,0.03208306218130072
1.1070191293387768,0.8013143133768243,0.27113084504957613,0.019421206526250488
0.9949386322449527,1.408236351106561,0.10056135883610534,0.006726773648931376
0.2848050692089421,0.7079333343683323,0.05425956727243905,0.0034782686728549966
0.18797010580178908,1.6070272035184558,0.3204552491065979,0.02322059119233211
0.8681367866226113,0.7390484491415974,0.42247244154419805,0.03120228548054518
0.9178369241058681,1.9068326403950253,0.212401289102769,0.014960252525642639
1.051883512356969,0.6316989551338652,0.2917972212577574,0.021007756953206357
0.6226193352024294,1.7234696354576564,0.07979389864635013,0.005253074086951874
0.16787389244176554,0.1428715623316934,0.1926423256184424,0.013477443305396295
0.0643646960697648,1.9547862501145261,0.37435444716805677,0.027418737668171277
0.403021244144564,1.5321910651210273,0.48825142556343126,0.036422340974964086
0.5305006325168748,0.9245820722029756,0.4330655947699855,0.0320393590378581
1.166144182933056,1.3104223452437527,0.05915968278084746,0.0038150791476230586
0.155488602155182,0.8759671412238315,0.3245459592084027,0.0235376010455776
0.27292099953445703,0.4590836697580436,0.28719824960252616,0.020654004390718562
0.9945957487867816,1.6892656906923627,0.14669777257714076,0.010071975842537583
0.014857446806007424,1.8675672143647564,0.19313177473672838,0.01351405156588712
0.030849653370358388,1.8611916730736937,0.1520303471260507,0.010463847698188672
1.2022223087988586,1.616094204514415,0.4026780374339984,0.029642032171643327
1.9289238778715727,0.3433462601099455,0.350792553261671,0.02557801122286203
1.8746333611337023,1.029903851773916,0.189796508817415,0.01326471855291371
1.5605226382579296,1.4757417104106398,0.3997626693499455,0.0294126749623072
1.8393432706868431,0.11792621348233578,0.210075497573376,0.01478520111747206
1.3411084286976795,1.1872659434826458,0.16306100311534552,0.011277431560549911
0.6499382796381397,0.2406804054874796,0.11193600884640215,0.007543218157533758
0.7439625638475698,1.2618438503150589,0.1342639830631316,0.009162134587084975
1.5408920087275313,0.9246103906330236,0.10373788042404045,0.00695416485291319
0.14204894347492147,0.9733902571044117,0.19503410279903305,0.01365639651737299
0.23198137195933688,1.6949425077040545,0.08737500287216515,0.005788297614515133
0.3618538745574189,1.4176666157533322,0.2634333695001988,0.018832371122342102
1.196125813901246,1.5984033228462635,0.3603884604951066,0.02632667426272931
0.12398703547951317,0.6729088684876046,0.2610170708974841,0.018647774104880867
1.4049356409923093,0.7375159357476049,0.18497850079773215,0.012905075652439809
1.5059776255404285,0.8349136593362751,0.096864720075732,0.006462774295714198
1.9426321621168428,1.990429173808873,0.06550905880860972,0.004254358529119344
1.2544245666664555,0.6333115878092355,0.09669178350514585,0.006450440659255276
0.24390475302894465,0.12381228741807182,0.22988758282805177,0.016280510444865035
0.828859737253167,1.700746704554767,0.22263315478635193,0.015731910693906444
0.41234197468719547,1.552290557180302,0.2941542208055888,0.021189206732672196
0.27191361544429293,0.18901639353188826,0.464713828781107,0.03454851106155889
1.4468651640512538,1.3863235210116103,0.4373044711116491,0.0323747140315919
1.59821038977429,0.5055639025982657,0.25275843405903065,0.018017738489851574
1.327876515516703,1.434873017502577,0.2780991616326052,0.019955259990847157
0.7912959834337776,1.0594862311459163,0.15021116638636434,0.010330054300354437
0.6804156475092946,0.007693437964178651,0.12876147297954163,0.008761311039752797
0.16662868652862084,0.9868883998227937,0.42205044628430316,0.03116896906055068
1.4820284858370945,0.9816617601111841,0.0816332135743481,0.005382619021922689
1.867033663078653,0.7233962418091415,0.05190064270371536,0.003316863411263247
0.9549520447734776,0.8087398959490029,0.26209825060933956,0.018730358056439928
0.11835649569355544,0.5050189189317003,0.33300143242548363,0.024193729216842548
0.2581462930797713,0.8704040084755813,0.0882538231753326,0.005850555109727899
0.2915357458529342,1.5410808560848068,0.07008005017566862,0.004572443533124385
1.5454949607438513,1.6111939639271577,0.11634810653170596,0.007861486009837467
0.8933128687948868,0.6717999943263202,0.13692376046122512,0.009356292478260876
1.1882546961119664,0.5651965028496879,0.1885025774335991,0.013168069768562246
1.9288536642300886,1.9137922059021821,0.3270220818088594,0.023729622550851752
1.1003974614699177,1.4121194012407734,0.3460646394649279,0.02520966109475981
0.4975544184947145,1.7642926916602195,0.3914804463982355,0.02876172986205665
0.730089586056395,0.6497860157099744,0.3419691825138511,0.02489086584297683
1.7163679876871265,1.8284184274608621,0.10783700688204714,0.007248309645032163
0.33720861322543416,1.742683870863407,0.13639936014260026,0.009317991649821307
0.29569812134096174,1.4724812538858052,0.15118515998929571,0.01040167377701985
0.4727898583378518,0.4884540538918414,0.38324553501896863,0.028115444687978983
1.4453460726620397,1.383669553570852,0.07656569427557576,0.005026208721022861
0.12209971669439179,1.8619662004174409,0.4744182928233076,0.03532030927524163
0.8061848758803496,1.336306153187463,0.14042886994641754,0.009612554732297248
0.05396151832112661,0.19821388371919735,0.1645346281889509,0.011386414823310292
0.011213413003897,0.4503022046162366,0.20845761252907696,0.014663509260873746
1.8590607538012804,0.6409053425086408,0.4328574062093245,0.0320228941983852
0.583039551790586,0.6100638462752772,0.10791151072923436,0.007253663118648381
1.3628820505646055,0.7042672766807365,0.35288246964494524,0.02574094537135771
1.022863969646635,0.032477213147712236,0.05124659319950384,0.0032721998265980326
1.3625231793576682,1.74600240195687,0.4357647306531556,0.0322528727569811
1.2521620115241003,1.7117792253829824,0.05123455282503454,0.003271377983340132
0.7454713718689427,0.5362839041908414,0.07183442513191958,0.004694912518253642
1.43627687941794,0.9666869469373374,0.420314343061426,0.031031928348619724
1.6329167566360223,0.573825201072178,0.10947806638033475,0.0073662867758749135
1.1866551876156084,0.6259630606417392,0.3208083956445959,0.023247947346768088
0.93463248470037,0.9877613669555863,0.05580997058442657,0.003584617661975086
0.6968349041731616,1.027423021615263,0.3373404902140465,0.024530880066183862
1.6083636187049384,0.3874344033929713,0.08068161076997012,0.0053155711749106795
0.09422453401769948,0.44360124588482797,0.4643926955518079,0.03452299014106155
1.2758337578090149,0.90627261213716,0.3042277339030658,0.021965821638196728
0.9837992114050185,0.9538279676311963,0.3554262312110181,0.025939352041081238
1.0544577587554123,0.6304258987268998,0.1701875754253695,0.011805103683458561
0.8114861041597308,1.816980057940997,0.34001883958965734,0.02473914120671502
1.7980616082680756,1.5529139220858685,0.3857998439710859,0.028315808196681835
1.8972707389835624,0.6095226148757271,0.3293776273271161,0.02391238653955303
0.10458041862000633,0.05266308495634564,0.3262139485966094,0.023666941343104625
0.3799225245516815,1.0690241317539957,0.176497282392723,0.01227356930407253
0.7544146969100125,0.8226883999663026,0.46236813254416154,0.03436212327074377
0.9674999810666891,0.929383300775642,0.1847569462155863,0.012888552999203445
1.3650454859431194,0.03671297440846932,0.34496696152039164,0.025124190869128083
0.711916545843269,0.9053065346100653,0.14417935732796294,0.009887245803925327
1.9834489191087483,0.4722929930663291,0.3344245324786797,0.02430427286573522
0.4556032862850925,1.9053984828410675,0.34871232217761383,0.025415898660493166
0.32335916741355897,1.9356276205010596,0.3969633567359628,0.029192556620035743
1.9527657260995932,0.5677393107282898,0.1223587989660343,0.008296405438996731
1.9103126693423746,1.0303126327984,0.2416500253406219,0.01717254528248689
1.8750189778094184,1.3920338265671528,0.4953322639213363,0.03698728183766047
0.6267976232485579,1.869350040812176,0.3943054181580423,0.028983654034803342
0.5273448171899424,1.0752158559435676,0.4161478302347137,0.030703200898258714
0.1746067795906865,1.9672505430123475,0.06044193392116936,0.003903539972427611
0.4437761849498787,1.6271338885399156,0.37605897538761707,0.027552217140474164
1.7899614043048184,0.561249179192326,0.39970195503329436,0.029407899682456502
1.805785517579927,0.7887639977955856,0.35606049263795025,0.025988838043753484
1.3019242355873033,0.47019108670393184,0.23397736605578295,0.01659032050351692
0.11056994460750968,1.850841648226653,0.06803865532898085,0.004430204762772371
0.6240219328272081,0.9890484148819076,0.1391104501872763,0.009516111284316871
1.0321392140973682,1.0989324175570128,0.4229411571133948,0.031239293148893104
0.5966058742801175,1.8278557835763638,0.2772734627363095,0.019891929538425685
1.385303822257168,0.2623803651251939,0.44708816092599707,0.03314959534454815
1.4962148736620848,0.9137693951975796,0.1248561949614829,0.008477549319320063
1.1458047062322085,0.054144128591326224,0.11312073397678105,0.007628595019925913
0.8654202953921384,1.182895555936544,0.3299168571004494,0.023954237450011087
1.6501319768036404,1.45985799529641,0.49488870527760387,0.03695187630516124
0.9211492118299842,1.347584672656868,0.16599933316403664,0.011494805154662694
1.301629730943549,0.5034904526719339,0.276028793826274,0.019796489018836457
0.42800691196427576,1.244109718978891,0.2205168415713858,0.01557209978998375
1.9890582149138176,1.2715731591542287,0.3031564221579845,0.021883143745479554
1.8899985100975796,1.4238104491395063,0.20459501957099635,0.014373242385184946
0.6336311081433474,0.829230110271912,0.11475999636474535,0.00774682963089361
0.8944218188015474,0.13477010965825742,0.23339535529409744,0.016546208950489687
1.9770282839597773,1.5274052996413456,0.28811304367171053,0.020724339342981974
1.3628585647710945,0.9407944861225228,0.47593867063805967,0.03544132457108156
1.1032827311876185,0.31828187614874826,0.41777029600364557,0.03083118252000842
1.7844998340699136,0.24775518143580055,0.3763979058771923,0.02757876334512124
0.8460180368951338,1.2513377860628296,0.14305458383629352,0.009804813424340392
1.5912385427804392,1.1171827413841091,0.31924309581713717,0.023126708748350013
0.5734914510070386,1.6232833939379945,0.21718996384327377,0.015321088770796876
0.7615655609448055,1.364055976367912,0.2509038394920667,0.017876448592810113
0.763686180343278,0.3713245592621901,0.07998857950546423,0.005266776003785073
0.8218497506111904,0.08100909403315715,0.3028449537629508,0.021859110123203792
0.008955332446479947,0.805295422104185,0.39375570684485156,0.028940461183470555
1.3581662958535563,1.5230648667135978,0.37951464153581416,0.027822953975732104
1.7316947523660988,0.03346580233463481,0.19791384591152295,0.013872060282869013
0.8709986481700029,1.1326573694263458,0.1474957047986688,0.010130551371176856
0.2304336623757346,0.4444387817763691,0.262771076991405,0.018781762552430376
0.19727792749843553,0.3869420352976176,0.08355482700768624,0.005518175566159172
0.6133255352641913,1.3770745111622518,0.12108185945692547,0.008203883252013336
1.5680549221138416,0.4666560970361846,0.20902099858168394,0.014705877890078552
0.9145904247196497,0.08662564997753064,0.12048772589621498,0.008160857492961825
0.8843796640191566,0.018462957131149205,0.4252942952485338,0.03142512903710291
0.8506420837836326,1.6456023101962338,0.4369893900266296,0.032349778923064856
1.3589840179271802,1.3926709520510931,0.4300617017210704,0.03180184562355274
0.308713778279996,0.5268996896628844,0.13819678517679498,0.009449312919027456
1.2197568021127136,1.3902491046199634,0.4403302270853872,0.03261423142885633
0.05726752236635546,1.6487173929915215,0.4872397701235408,0.03634167254656088
0.6054987257388182,1.613830796242029,0.45610526116979716,0.03386479924719715
1.5224084941548006,0.5061125824218127,0.42634065133709637,0.031507786402179265
0.5114894050823326,1.1868397396436434,0.33443991047235366,0.024305467575947128
0.7173797780772486,1.6189021780168122,0.20099076423553963,0.014102729809707207
0.7265041441607003,1.4961291723184011,0.18910515644679932,0.013213073070463441
1.7781006663683974,1.5959186251218465,0.43657007078712556,0.03231659646628734
0.942948999506009,1.9222082898015493,0.48409988814661786,0.036091375081557756
0.877065226581337,0.39222713248383645,0.15874506117114048,0.010958635219912704
0.6745513778368355,0.015320952852491354,0.2605317859224672,0.018610714160387374
0.7554400613854877,0.8396955101113752,0.4972159000490984,0.037137660917455954
0.20301355188257708,0.28766207767066176,0.47893795417148644,0.035680132315590855
0.21711002243542188,1.8380305969550503,0.1838310543448422,0.012819518504176793
1.942025323921534,0.16549888817751457,0.0862677094249791,0.0057099161431232075
0.769240326588408,0.5235281870224939,0.2756427877454957,0.019766896313168792
0.9780314342698988,1.4658035279794763,0.06589206472109599,0.004280953734200397
1.197842172229215,0.7768788550144448,0.10031894181745904,0.006709440385217418
1.5887243401037685,1.9457155326361013,0.1778425605707677,0.012373600757288397
0.6159982542459514,0.5734221513978446,0.37974670252249654,0.02784114108606279
1.0535940283216896,1.9612644951641305,0.4955093236713968,0.037001415630018804
1.7469741180172187,1.3505733661129795,0.06617812533579517,0.004300824204468743
0.24884049251443652,1.6890202552325886,0.446494672748732,0.03310255668462908
0.5681168604472469,1.853332666302487,0.37419385697744106,0.027406164209745287
1.3358670095794491,0.736461121316597,0.40724274693271834,0.030001375925421573
0.9850751740344177,0.5086852494871925,0.06605163664913685,0.004292037258348998
0.16195264803080978,1.2811669879174894,0.4957378933482487,0.037019661716928755
1.8609518947493235,1.9517351608422124,0.10181061421677948,0.006816143286184783
0.8123286433133916,0.9136810025768942,0.2137976514976302,0.015065413818371287
0.00856126145462599,0.9584392302876534,0.44519936361215573,0.03299990811973587
1.312228546269123,1.742163606912564,0.3434687584259145,0.025007564216601257
1.0749115622261898,1.4716125179435313,0.49229102427135424,0.03674456943497006
1.592269458565208,1.6762607875254478,0.4432173169778763,0.03284287799836127
1.5115654723640564,0.5885051907983638,0.26825027102852145,0.01920071379286621
0.20392695952653006,1.2901150960528034,0.37592042328828046,0.02754136573756727
1.7478953874053869,1.6374568190190593,0.3611899623842449,0.026389269411671225
1.7615524168943135,1.0529787907244454,0.4634964245364756,0.034451768636212125
1.0789039181122542,0.8361438398543226,0.0877649576422389,0.005815917531226543
0.1624346587618104,0.38443106484111733,0.3880983096128943,0.02849618127887064
1.768006148175153,0.8141660414318943,0.26164848833798504,0.018696000920092267
0.49911069735351954,0.4564153736021175,0.14696473192629006,0.010091570661068843
0.524129907850666,1.8186221486583032,0.4676565594109735,0.03478243067434527
0.004588028223423857,0.8215215723550291,0.37412777422765126,0.027400990348621007
0.4907702437224244,1.2757876070692236,0.302329296584515,0.021819324571626435
1.3595633236481073,0.28290327695879847,0.26711927415979353,0.01911418651264246
0.20489450573795032,0.82163557087697,0.4607827443708335,0.03423618608497044
1.299546328367328,1.1289455207903818,0.12071329039835935,0.008177190625222012
0.7143934549614199,1.985298344405643,0.3023088458695128,0.02181774679231456
0.006025279883471013,0.6521547517698534,0.09340580486705344,0.006216380605374918
0.4652563548273301,0.014489274043142597,0.10047908500515904,0.0067208905947978145
0.08696381160915045,1.0317253195078828,0.21026632310309074,0.014799558643873532
1.1017024839498988,1.964629885449073,0.17362871461550555,0.012060446043063666
1.669075550635258,0.43042709837627435,0.13307702668017576,0.009075574683840284
0.44965354524516266,0.1569249350004922,0.23648846062744328,0.01678072707931218
0.42518681244083445,1.6013675388563489,0.27421067700000124,0.019657130226574313
1.923480072972332,0.4161540911892798,0.35259959609925223,0.025718888067076458
1.421612081026172,0.9630464941772714,0.13255093735949472,0.009037226135567022
0.8190230020891016,1.0313172560558301,0.35614706287596154,0.025995592852136578
0.22020602115952337,1.9716249656620526,0.41039094313038743,0.03024937087998214
0.12915946675437984,0.7478036754433177,0.31287268503036847,0.022633720573734004
0.12501139560213703,1.4339633601268957,0.4517633826536088,0.03352029409751679
0.3597243135681665,1.6160372394105453,0.34121186488878336,0.024831944098296123
0.5104534515314874,1.723003037668232,0.06539628130395303,0.00424652951449878
1.5029450738253125,1.8008702588614773,0.3278351561585783,0.02379269779487051
0.829441029768458,1.9578115841848571,0.16834022292056824,0.011668171285692122
1.4579824254463993,1.3668928167190886,0.05848641746068101,0.003768684219024456
0.6193883137770646,1.9700137200643486,0.1263445418476589,0.008585623017062356
0.6584425480993477,1.7042052481994878,0.3116534492661178,0.0225394458568702
1.3048725276717477,1.0496573793484822,0.3873295276219788,0.02843584255500222
1.9596560584455103,0.9521115629916517,0.383096443949277,0.028103752619252874
0.15157502034861348,1.5933470768782456,0.12390759706662387,0.008408714849462054
1.1907018853364306,1.952380065859134,0.36487256788773836,0.0266769939185292
1.162924783868412,0.25551591378915606,0.4137412986048353,0.03051343486098511
0.7491260950027256,0.3333708189839961,0.36979079829584843,0.027061570937914996
1.4088354879191016,1.2194221311992481,0.45304053242834796,0.03362160557495855
0.012720313199666267,1.5460228067831883,0.30446032028869646,0.02198377402087911
0.9823564369592546,0.23681217781188568,0.28225654026714964,0.020274324055999774
0.13114824815395565,0.4465382592399265,0.19252902186374937,0.013468969685203136
1.9835518927806042,0.9183174972916774,0.11275614410291766,0.0076023143572886654
1.0405753097962323,0.9570312188214238,0.17320795119944643,0.012029205314093544
1.4199710489337787,0.02727995132975547,0.12367519418859925,0.008391856200112298
0.8125147060454627,0.24234273409042562,0.3597597215117899,0.0262775781551047
1.494501638077539,1.1056845630444987,0.19144813757710838,0.013388151181239413
0.025517555350336618,1.4372521314159252,0.1916730999721712,0.013404969194615788
1.8058895191153876,1.8343058378131247,0.48129268841687584,0.035867692371730014
0.7335958711563488,0.9162838655426178,0.49479406628285943,0.036944322358539575
1.4090221835137078,1.9303668998715822,0.3725153986871003,0.027274771111220897
1.0545597473525443,1.3510877615674697,0.4900286319182646,0.036564081609094246
1.532692438530259,0.8559848318446241,0.13784727801595548,0.009423768375315477
1.269004927039645,1.670751578482453,0.10758212524844171,0.007229997057285969
0.18179821605875346,1.2340598835202106,0.3317273768807846,0.02409479070262025
1.893167204639191,0.985340372704141,0.16584601514890532,0.011483456292500728
0.2292899758796394,1.0908050100852769,0.32833529035935216,0.023831501685309175
0.0704933879494245,1.5072444321391636,0.38555105899670533,0.028296289127535013
0.6636110597402194,1.149420494554321,0.48094745216062595,0.03584018953277955
1.658226303120831,0.3840849110295852,0.36271531734802803,0.026508422007384572
1.262838034242368,1.1537356132466605,0.14811144045633842,0.010175766959168114
0.350431613141867,0.49996080722691016,0.17914460889354689,0.012470467487231386
0.8348750779250593,1.2613488379562552,0.41013671844118793,0.030229339783366692
0.5608423758196335,1.0702668552548567,0.2462854862691683,0.01752491946477025
0.4312446056053898,0.27449449747155774,0.3029346998905152,0.02186603496729251
1.888354480441511,1.6903687935611411,0.4446377634605388,0.03295540973886005
0.3465174919329248,1.9567340697840157,0.2744886756947413,0.019678434729265427
1.1119455843293344,0.6018559486734865,0.15272783414932664,0.010515174428229749
1.6331556941018712,0.5879226426391813,0.3982846565361696,0.029296441084148837
1.2788505267800951,1.0375081254118859,0.431010569653357,0.03187685888790027
0.09239328090051169,0.8258232417277964,0.32177027543667863,0.023322468964478767
0.6413175368001918,1.6952426752810699,0.28586366889663567,0.020551421415196388
1.8643785737927363,0.9318830125428466,0.14479611558417438,0.00993246563409543
0.028410954455305948,0.7150581205568496,0.10296416664646788,0.006898733736784793
0.9738128685764336,1.8396475370181367,0.34115738603649415,0.024827705816195686
1.8940563797308871,0.2974314640905804,0.3250508726123056,0.023576748533124203
1.1861052658019573,0.7620127356300836,0.36456861137761226,0.0266532379716076
0.6480580478488014,0.20642810236340448,0.30515320975032834,0.02203726090338745
1.7919173490633258,0.32214333565965236,0.37271737247823256,0.02729057986843315
0.34332182595640304,1.685712394957348,0.15811710412549979,0.01091230071314115
1.210440044902065,1.610116548185376,0.10448711966865262,0.007007869738247563
0.4229563095335056,0.41055533034974667,0.4137165162204433,0.03051148105191311
0.1063771066354362,1.181945764567466,0.10503286897661562,0.0070470053644630356
0.7003860001963405,0.6086199833293413,0.16798394926082105,0.01164177489268136
1.4502488184179472,1.1742604092390672,0.4322447500445797,0.03197444472909522
1.5400558873135928,0.23468755468452018,0.495110823740174,0.03696960586856691
1.281665243135181,1.4285844606642273,0.3342719572284844,0.024292419560639603
0.8903329357095633,0.8530969522308693,0.3938155453582928,0.028945162715123103
0.9704339309986114,0.8598075961154659,0.20454412111521814,0.014369419966320917
1.0346050998111906,1.6890674448149539,0.37370147698269246,0.027367615487914887
1.0804952048238492,0.2861618334987517,0.2055144226527399,0.014442299842589006
0.26645023943754054,1.8435946138917396,0.24805005339167446,0.017659177472684646
0.1841022848840732,1.7954654659859481,0.28039878482579506,0.02013170755153304
1.8503595731969507,0.06415933664935825,0.18781134919342318,0.013116457969738022
1.4047550116511744,1.6064713629346021,0.43875700658605765,0.03248968182332542
1.8974929440514479,1.0632290337954737,0.4205450044171707,0.031050133542985824
1.0426782589050865,0.860628538257092,0.20034252263282587,0.01405411223239376
1.4510335368644298,0.18550107487003054,0.24777026002440528,0.017637884840124036
0.466426490575526,1.9903307952807852,0.09910538282247564,0.00662271225552856
1.7543134596250574,0.6890576914098583,0.30863611758569465,0.02230624693946531
1.2340537058989127,0.11586848738625077,0.13944618190834449,0.00954066436382562
1.0713060350028338,1.9297298108660261,0.4562708280621184,0.03387794059967837
1.5706711605028894,1.8901151192772956,0.12528169102304115,0.008508436941997684
0.35253574932143006,0.4435808209332912,0.054011826496631436,0.003461294309888738
0.31855081603429625,1.6772962578376314,0.2916755530209703,0.020998393259402576
1.6389234934984085,1.2972079016658697,0.39516319449306714,0.029051060992945153
0.6750874976970012,1.0928356739138811,0.4981377935165962,0.037211274125548525
0.3309456104049764,0.7059766131221947,0.1801045939239025,0.012541917334898341
1.0491645734132258,1.353754343119519,0.4805856802697644,0.035811370863635256
1.290877353409579,1.257746256469746,0.32433124655718515,0.02352095498709128
1.4636901134783955,1.680603155629915,0.4528486577736523,0.033606383622549175
1.4074242964582606,0.14032360403876343,0.15126058659045902,0.010407221359686454
1.008533753734546,0.9585879413421683,0.11505720335869762,0.007768278726264519
1.6608248665858212,1.956847995720773,0.3964543008969024,0.029152539519506127
1.9646583847794366,1.9813515897155296,0.14792943400409977,0.01016240024637022
0.35925529120964805,0.00496562376333487,0.4858762866441405,0.03623296797728319
1.4409872471294318,0.26163364327880445,0.37390850075712556,0.027383823075289037
0.5247939233054706,1.6559043524182093,0.11263833915098179,0.007593823897684381
0.7648084284124934,0.16912809734228862,0.12075514695493553,0.008180221691488401
1.914895227840141,1.6604918735618512,0.15619370840773494,0.010770460024118002
1.7426862973899673,1.069064031945941,0.1350546547374698,0.009219824394763475
0.73521679787323,1.3729173574856008,0.06262054892737336,0.00405413556897299
0.8750861862485297,1.7518861838441286,0.2621245458602251,0.018732366864695538
0.14807708487171634,0.04915391677404979,0.32869726844281266,0.023859589007674414
1.3509082466297888,1.3511909840539658,0.1719572024163839,0.011936371016546892
0.12319961991811934,0.44708703894325197,0.47036606346551835,0.03499790079430289
0.29624323877451286,0.07818976996928129,0.37658102182418807,0.027593106303898062
1.876359175010815,1.8737127978879315,0.11513885961832765,0.007774172436840133
0.634447508967835,1.106853815454162,0.11604377640106456,0.007839505955649147
1.723862451938313,1.6469826259418952,0.42497389347585146,0.031399821560894214
0.5375846488965252,0.8651852083900176,0.41760750351747183,0.030818339745830176
0.8362161474216632,1.8399486779804755,0.32487904579478843,0.02356342580071548
0.020348117778510533,0.9087160882054384,0.18762729326210825,0.01310271731036493
1.4494703094838632,1.0058479732665055,0.38783071707350625,0.028475178039271725
1.0715536023667036,0.32139747895323545,0.233196905079314,0.016531169816436583
1.653586256954776,1.3415978132410145,0.19864438292592212,0.013926804715448755
0.8291466970556622,0.818659516089751,0.1787907991240425,0.012444140758035103
0.16367607573183496,0.8371831108408769,0.2625210121146131,0.018762656325867814
0.7698458466171949,0.9450358274404407,0.05639268672518818,0.0036246417742091855
1.4210389512631956,0.7419223730021456,0.4745903961754779,0.03533400659331095
0.4479520315062555,0.16863619945206643,0.4460581343394569,0.03306796029581013
0.40703599919583056,1.1076774844615924,0.26645224212597746,0.019063166854498326
1.3044259407889125,0.6465569280577506,0.26563716512708235,0.019000835561849137
1.853576393384624,0.4471870143832273,0.25248403705713995,0.01799682938605051
1.3885443938333364,1.8166177185227406,0.1829151956671578,0.012751255682488746
1.2890140818352904,1.1304645969089209,0.32445353343352995,0.023530435446104735
1.8016624626899669,1.0618141677888489,0.450258594942018,0.033400950322049004
1.3892871993098888,0.22794539501051347,0.19110647665989777,0.013362611485750355
1.982301571978474,1.0851260227286628,0.05677164556983878,0.003650686064295726
1.8578160125087473,0.21517997647434917,0.39659683383280614,0.029163743738306595
1.652173406356982,1.7848642711875857,0.22480499616582394,0.01589602375268353
1.525772881312439,0.3297830724077855,0.3042944832561214,0.021970973648269818
1.2700123662685499,1.6237284816601107,0.12067899160227,0.008174706912522794
1.5480934502662802,0.9363559138277093,0.44630346940359095,0.033087403216829105
1.5540760250351249,0.864261820555684,0.31883611820421653,0.02309519344919925
0.36400250225809105,0.9837815319225973,0.29401842425526814,0.021178749924561605
0.27508982220604916,1.4334492442090152,0.4757605087554998,0.03542714229810621
1.0505785795817708,0.7827961050515564,0.49766347425269086,0.037173398549625175
1.9684682404119285,0.6626507755159501,0.48126855852625655,0.03586577004821108
1.9829108280029408,1.678614822786678,0.0699621054334649,0.004564217603173158
1.7510015465668296,1.6205497396870079,0.3714931711625115,0.027194769081049917
1.7700928754563476,1.3812563024124758,0.10215274935668274,0.006840632302277179
1.3673592132211805,1.0462630280147132,0.05941985425346447,0.0038330174315594997
1.143401121603691,1.6592569272656985,0.15163006667675605,0.01043439916123164
0.26988797356450656,1.493919439818778,0.30555895932042515,0.022068586212002122
1.35860236428181,1.986112320523505,0.36815883947141737,0.02693392188803173
0.7821417124249872,0.9615842021665706,0.16495217606958135,0.011417307224654366
0.7501952969513048,0.5387752461519191,0.34616277413097934,0.025217303220587284
0.03385524420086372,0.30048859831874597,0.3914426038078777,0.02875875777147492
1.3473735709085477,1.5686444610306443,0.19669319875406144,0.013780619477681437
0.10407675123758353,0.5573338385785911,0.19874489050513888,0.01393433756501824
1.0711886767052097,1.5241746660071291,0.22661814207642772,0.016033116200679164
0.9967719512380953,0.567247016612197,0.45815101318089985,0.034027197450630695
0.4274505889144016,0.1823209017540801,0.14564567502258213,0.00999477586721796
0.9668080655612434,0.7657005982414653,0.43708831967174633,0.03235760795334283
1.081000933258807,0.6062165099705923,0.3935130153238418,0.028921393336478106
1.715422252180162,0.8369214161582641,0.2474994442616562,0.01761727699473378
0.2804578712013639,0.6066356860043911,0.08748027115053023,0.005795752773677366
1.801699432044664,1.8759968880031528,0.40535606663463053,0.029852818517068048
1.3614561469172863,0.5985434465534172,0.1846835888586299,0.012883082602556332
1.9586974771653545,1.254603982312612,0.4132904879305396,0.03047789483101572
0.22374283200372314,1.4764870371559933,0.2570383516218733,0.018344070776474677
0.49152986588229863,0.8392117494550533,0.40247472479987223,0.0296260334774532
0.3073037930110307,1.7380558161799051,0.34916467032351833,0.025451144521465567
1.132860021529039,1.858092692137593,0.2208671391241313,0.0155985448168085
1.8288483832489162,1.4861247980287695,0.3262729833774188,0.023671519893290856
1.644257231891167,0.38109827301905486,0.14658935168464687,0.010064018450361617
0.6375786496914839,1.093373272188867,0.13013917088782848,0.00886155878695406
1.2055412713939355,1.3966530838730458,0.12124052874879548,0.008215376177850578
1.8741716128961972,0.47891899012509276,0.13812764495661498,0.009444259291181359
0.13740848070022316,0.06252371649464927,0.3771333317694781,0.027636370107425194
0.42512606501385286,1.827801140535201,0.24894506127084187,0.017727299836322218
0.14274927261469084,0.1948551211180065,0.16066192291172424,0.01110015102757748
0.3726854197786831,1.553715043231572,0.2484998597305158,0.017693411782512464
0.0586876913764105,0.05292628802827637,0.30698804542402647,0.0221789395715889
1.905248208358026,1.6171477274129484,0.16575677426133406,0.011476850862369017
1.0668968332721367,0.7931498312188343,0.05935677076075446,0.0038286674568152415
1.8048368128021741,0.6594357070166983,0.355576969749876,0.02595111233041982
1.3097342928504547,1.417100871035085,0.17094462040963948,0.011861248271417652
0.6734604698191409,1.2889022510274324,0.44428423784894616,0.032927400130127994
0.2671636912452111,1.8038886711571014,0.06459615533627869,0.004191011604880042
1.9343978686347976,0.6447930546418641,0.26258103336937705,0.018767242140066216
0.20144841411117187,0.43003510111347065,0.4104715461698001,0.030255722004762092
0.20234213334735918,0.9051310834302322,0.40973320235839045,0.030197547346465334
1.8487323059931176,1.949544966701925,0.1453565921355104,0.009973570500035073
0.6851956280713105,1.3161967807570527,0.4948602198893597,0.03694960263250337
0.11348596991611526,0.31206337695471253,0.3452989315627004,0.025150037598393807
1.0192148853888119,1.2029023610011502,0.2992971821927058,0.02158547660867648
1.3663405027984903,0.6701460586734174,0.2156884531590843,0.0152078872689541
1.3349156588010758,0.6435383568594559,0.22372619951123524,0.015814491803398223
1.5392068222164477,0.2822915921079183,0.3820185836183202,0.02801923364992739
0.24944084908034148,1.8696023032710876,0.0915651549312454,0.00608551803301397
0.8338387423545996,0.3076375042593711,0.09660534508906193,0.0064442765415871255
0.5267027450806241,0.2903647836465515,0.10579536846271576,0.007101707609249847
0.3557449664956609,0.23664031617063386,0.39385602030126793,0.028948342872632225
1.17380315188723,1.7155365608512256,0.29631594792056165,0.021355712022500233
1.311537878037411,1.599485904782466,0.1910369837033808,0.013357417162405379
0.9549349360929875,0.40729737850597636,0.45217556283925614,0.033552988640856325
1.3918078966845884,1.9537770500539933,0.19230284764410382,0.013452055878286141
1.0095937460514313,0.4875304724690459,0.31054492619134,0.022453753836250888
1.6877931182009704,0.6932646973215326,0.46033999526455743,0.03420102112168441
0.5627824296250774,1.9639902097535786,0.0903436529961669,0.005998774236636373
0.6818806458576931,1.7062139599734258,0.17947335740994524,0.01249493264254152
1.1719996862000333,0.16931733138229998,0.39784856633643106,0.029262151761156995
1.0490553260730946,1.8958707891097426,0.22450593331179153,0.015873418842708917
0.359576520309129,0.8935204805563057,0.46980218108792804,0.03495305163837615
1.0125309353394385,0.0681320984989966,0.34981668337283267,0.025501953326143353
0.34606883587863946,1.3061838016502139,0.21040132588803623,0.014809716664594687
0.17345204788077395,0.037799277078019555,0.49962278771157864,0.03732987069635697
0.7295868427065326,1.003993952921984,0.4003492619424215,0.02945881400100906
1.4771655664375316,1.618147630453326,0.09582601152117462,0.006388717735050649
0.45139642085103193,1.0460505240413767,0.10363039978364602,0.006946462914650719
1.0324580691750904,1.2709232538441475,0.06923081995269632,0.004513236295007414
0.687641530317729,1.8491680644581687,0.3717167094841981,0.027212262441534744
1.3559204570114554,1.7800935882225373,0.058597381506750756,0.003776328262136839
1.206684782069457,0.5848950982506593,0.3587347351738486,0.026197553123969517
1.6882350375753477,0.2900867266785776,0.06103972831973026,0.003944825471344608
1.9775571759406878,1.5813556909713191,0.18720419011131023,0.013071134155470862
1.1908022811879706,0.4470522579090328,0.3012271069651657,0.021734300793026816
1.398904823314324,0.833592994386886,0.40863178727377547,0.030110779478541554
1.1062494178454465,0.01443601142168438,0.37886844434819383,0.027772314180061246
1.3043468472267197,0.4037676911136563,0.4404828874320442,0.03262631896519776
1.6592392819919677,1.7179649580739327,0.4703037890538287,0.03499294753150403
1.5471684566938553,1.4408325730083864,0.051496443523480054,0.003289256933577925
0.754236717384891,0.8252024072332047,0.2927480002107455,0.021080939002275145
0.9666675659449981,0.3142124028927402,0.2316659938179783,0.016415182646232693
1.8915190541962144,1.12107818458531,0.13484658585422643,0.00920464079180689
1.1220931230902709,0.19563052278047044,0.05635547203699611,0.003622084810847695
1.9441758770378241,1.7204656749075422,0.38575288806282104,0.028312124082844413
1.9509011418466582,0.8601652729085634,0.20753089045892464,0.01459383366958362
0.7986751734673014,1.5996771548429043,0.18507613667454026,0.012912357378599096
1.768234901278559,1.9764092300442464,0.31747323847649334,0.022989675779355595
0.12110266705927186,0.14482181305426978,0.0724402901384479,0.004737254821808534
0.3912351728636212,1.6611967191648804,0.48464469302880414,0.03613479649921019
0.851442269494193,0.34894253442847245,0.2643175554156431,0.01889994918686633
1.046593428019318,0.27736809667944295,0.06964091194720992,0.004541821161955367
0.6527585629786983,1.4144794133791028,0.14961591380201464,0.010286300082107082
0.6804233489766116,1.1918927232742114,0.23891561138586465,0.016964901172322595
1.8079339877142941,0.2823964714276028,0.07070246292302255,0.004615868832126702
1.4738955876415278,0.19166566889060643,0.36823682750747927,0.026940021092976243
1.8882296950931836,1.4877949140017757,0.27516484715732414,0.019730259518096076
0.2524245563673575,0.6930345773553983,0.21663296967049522,0.015279089690970717
1.4608690803440667,1.2533955169927624,0.4756670545153891,0.035419703179136175
1.2464017173048472,0.2496198201269828,0.49877078932987684,0.03726182429575337
0.3986792538648598,0.09031796760270616,0.14026369955300805,0.009600468951773775
0.7025569651270389,0.9828815350819362,0.4445714305954557,0.03295015411111635
1.526290772311271,0.33023446249694066,0.08846240788591686,0.005865337991632708
1.6873197431058495,0.5376932869959208,0.3580727254415815,0.026145875598199735
0.06431403609928577,0.7984530507146999,0.06937765510861041,0.004523469887217144
1.8607823301723259,0.33181755043232863,0.06592221920959818,0.004283048058564426
1.2239186032202374,0.6946802207184224,0.3284817716356954,0.02384286749419167
0.8571667925831785,1.2708887122522812,0.4544998947298633,0.03373739540923081
0.5220674562735967,1.0742296712799317,0.4897525875020629,0.03654206342779604
1.3086631155301804,0.7412244064298574,0.18646292207928516,0.013015812995516157
1.279162510812099,0.9990816173937311,0.3909316264531431,0.02871862844938384
1.8758047215049842,1.4226574398003407,0.11411653998559047,0.0077004052489862
0.5551199096907731,1.2575585796453481,0.3982828692426889,0.029296300545815498
0.35814023459155075,1.0327557816827289,0.34738621408635806,0.025312589756009918
0.7937088495464693,0.10991071905674876,0.4015375781587445,0.029552296515371005
1.629456927397847,1.4788872506940727,0.38463492604643756,0.02822441904185424
1.1262915090157746,0.5651540531797739,0.052137921852105265,0.003333076304747478
0.5539814734828574,0.9015745604758254,0.20837694759489483,0.014657443617834179
0.42022068027188686,1.2591530175798922,0.26263049786622056,0.018771021438848755
1.5686988959753416,1.6523917329859292,0.17771858830053383,0.012364380305340154
1.1445018445693376,0.47743683006857274,0.0780907422207262,0.005133302441325236
0.62223642859071,0.6843767341623725,0.13979371282703423,0.009566084651132713
1.5161801951843137,0.19002149997214168,0.41980925391487617,0.030992066055089324
0.7623856843163137,1.170472350231231,0.49399345357427477,0.03688042260981432
0.21932769508607142,0.8291077510166434,0.16599118845870753,0.011494202251423665
1.6395583223354355,1.959775989126467,0.2219801315540132,0.01568258718343573
1.768391792375374,0.989715313245821,0.18450555533804042,0.012869806930274738
0.21551040750061135,1.983489060157896,0.4533807170997774,0.033648594468720296
0.722268158745554,1.6965656946257048,0.3775576467638565,0.027669610719952952
0.34953460882015075,0.7220622737087994,0.3120871133190479,0.022572975062604264
1.623206298351041,0.9528908715082349,0.49735726110918527,0.03714894798948258
1.1282364122257553,1.687590654005845,0.17847598167233147,0.01242071844095478
1.1755753108181246,1.4832003351032605,0.2972979181134736,0.021431375211120256
0.9483013576547834,1.2438968896809988,0.07300394401734007,0.004776669052824505
1.0952792918112593,1.3275169982490722,0.11784714215650591,0.007969810641128897
0.4994356696180613,0.21905191063685603,0.1634351449662436,0.011305095144158256
0.18136469253554122,1.0158589101634279,0.20985235771271993,0.014768413433777704
0.8390715282967978,0.01563939559957417,0.23586930118592747,0.016733765600629367
0.7728785970468257,1.7929242926524833,0.05772404233432139,0.003716193199653866
1.3431994345815925,1.2915235626196346,0.10174371347286744,0.006811355392940276
1.1485411268391386,1.6442808685913755,0.22315710442285858,0.015771492364031733
1.8582562057898222,1.8951375704920617,0.1991088836063355,0.013961620346041786
1.4408854260672725,1.2755770198877472,0.30841320036464837,0.02228902467477384
0.05998444494665156,1.0638162738771413,0.21872413594303997,0.015436808458931162
1.4755779652598728,1.5725763319807653,0.1917004432280197,0.01340701344798459
1.248140062845534,0.38081511451171157,0.34367259208875534,0.025023429456977584
1.8404928436487813,1.9650891230397154,0.3157652097358173,0.022857479920463733
1.2612530664421582,1.351936953988068,0.2525498881215495,0.018001847106774486
0.2748623926157088,1.5557135855448796,0.05569678123570837,0.0035768465367900975
0.7679601144387573,0.34397935312020667,0.49388121194292733,0.03687146477672336
1.3329065861661182,1.2579264501304577,0.3072294996711572,0.022197588060631192
0.8763093683872403,1.1372109630650415,0.11064549342588027,0.007450288495813134
1.6160821436468402,1.9560811836419303,0.20569446756136817,0.0144558257286428
1.8837203461710503,1.339069960611195,0.302468938510368,0.021830098188403826
1.7929008261411374,0.5889687790216198,0.4772642257147606,0.03554685461676886
1.7584129192566398,0.9529457442570131,0.3655898844344778,0.026733061738204906
0.9055232258982733,0.4786212848505842,0.3669437334152152,0.026838903698924183
0.8215682651695773,0.8128458709668669,0.47178669121544137,0.03511090880313071
0.25832989742194945,1.862643521829768,0.18461421948927098,0.012877909735596785
1.8846583708433822,1.705013848016487,0.23416965260092193,0.016604895881970477
0.49543243900513056,1.9025618104492894,0.20272039233794853,0.014232503333646717
1.5468947603036383,1.7653546069377768,0.2635546080024533,0.018841636420074977
0.15032933237477164,0.042517794697367384,0.1689297190171174,0.01171185564242126
0.8152750510159061,1.2350122384985636,0.22943126767163674,0.016245967024118093
0.25231267676672164,0.822796463090941,0.47579352285244836,0.03542977030136255
1.200521584692119,1.4201249858339786,0.290241969599884,0.02088808375101482
0.05315603981195016,0.061842971846339356,0.441389847699243,0.03269813738301907
0.8407878542737037,0.36040982072450034,0.3190042921025846,0.023108216066850547
0.8353858157622467,1.4149534821834033,0.28506416882319396,0.020489983400793884
0.09458253104841452,0.748224053866805,0.37345604715092595,0.027348401949295508
0.23606878224599503,1.2550977428679528,0.4286774174749509,0.0316924307761897
0.12067171993050474,0.16390440736693734,0.11234459113092646,0.007572655507657299
0.41059514487889426,0.8745865979215943,0.3271946274305024,0.02374300708636142
0.305153686973741,1.5035244670818546,0.21126565761349608,0.014874762261770529
0.17852479065828541,0.7255439292896031,0.11685957724942592,0.007898435595946423
0.2198746946399277,0.017571799451258308,0.2293243719256004,0.016237875615969444
1.1719375380857178,0.25555441290649084,0.2147394103823888,0.015136365300310678
0.25365328805987586,0.8529303744157377,0.09798383585698359,0.006542624961439293
1.2580984193752105,0.7405657044432774,0.32510932148195665,0.023581280524670407
0.3828555716182884,1.8825581617068,0.14136322922301375,0.009680941725146074
0.39075554948871494,0.6202301858888162,0.44390301880326477,0.03289719811153998
1.0419384186160523,1.0296654759900383,0.35539438711955745,0.025936867679113417
1.7234664722770774,1.1620500089599957,0.08712899142146485,0.005770877361766511
0.3319259913500283,0.25511640675753533,0.3960981455666942,0.029124544102004272
1.1753973367157273,1.5186796324212446,0.45463300868625206,0.03374795831605625
1.8312714648457764,1.54502530080067,0.18356383639186713,0.012799599189911815
1.0979193012544899,1.6979767716846976,0.2171491988103409,0.015318014709194916
0.9347315385755364,1.519866294841831,0.05327026419073643,0.0034105171540510207
0.19028407593168573,1.6505536080345933,0.4828556892983619,0.03599222401144736
1.4236248605793125,0.1401745477252052,0.20533587637364314,0.014428887348598355
0.35347671465670194,0.865137744786489,0.1162164672627252,0.007851977958138572
1.0162724740054314,1.8658344683518027,0.4921588262629641,0.03673402144182299
1.9228918590625232,0.7801311625120562,0.32910467576029107,0.023891203918220583
1.9350126239577758,1.8067129657496586,0.47673275663821596,0.03550454088679346
0.8646111229045588,0.26147138043620455,0.388980114383498,0.028565400878215248
1.2868679059360768,0.3972874074545092,0.4067345580139947,0.02996135639339092
0.8660629647667539,0.5064940175467809,0.21462187317367665,0.015127508951365325
1.3286939690965645,0.1283593892810313,0.3665973214324653,0.026811819140522723
1.0745154034884954,1.3105833171907038,0.19201471285317895,0.013430510511489385
1.0917177805726301,1.0180445182022977,0.46710491005376686,0.03473857194567534
0.6543486420208662,1.472350180749074,0.11632461298823887,0.007859789061851617
0.7248448237387046,1.2193755179017531,0.16096176937833634,0.011122298313587952
0.9051467251327736,1.5001206140172152,0.24315587734808708,0.017286965034151794
0.1895196445905254,0.38275632257262004,0.17903562038339416,0.012462357348280825
0.8438166736417332,0.02307141755423503,0.16442303117309917,0.01137815920112139
1.3717014428226362,0.9496780168453802,0.47673649617599195,0.03550483860449327
1.2648480899970351,1.5769010167490871,0.1051314340849,0.007054074956266435
0.44769817622389896,1.1374020268814329,0.3100081169717315,0.022412264520169933
0.6308521755877188,1.4225859064482431,0.43091949292473786,0.031869658273392304
1.8476837357313916,0.5142881150100731,0.2305632358514022,0.016331666603692976
0.11606294630181169,1.9818284837939268,0.05689098907452546,0.003658890542643912
0.32622877588959476,1.940814980213008,0.20442475443710117,0.014360455915630375
1.9361871744474792,0.3917281687286085,0.11903208945101201,0.00805550571308722
1.1989981413820385,0.2745604673074058,0.4149213281714888,0.030606476105953247
1.8111946419984877,1.8171976724793721,0.27978425267558127,0.020084545364279383
1.0591030462430315,1.1723067341784186,0.14045373845331227,0.009614374485506762
0.8866065274730139,0.10857449452056045,0.14161917762866177,0.009699680379235161
1.3158523193819385,0.942996880756982,0.08801448752106192,0.005833595807345861
0.8479049989294503,0.8715938454390175,0.37002981443856064,0.02708026964269131
0.9945665792454395,0.11201732378828577,0.20324128575808842,0.014271600825694387
1.9695401639965378,0.5051095484611015,0.40459458416888694,0.02979287280651327
1.111509583306923,1.7818497640532198,0.28641961035699554,0.020594150027703227
0.046146127339984355,0.8461431301466051,0.22227471896019163,0.015704836432783108
0.4513772269355365,0.15292729817937611,0.33663935872127976,0.02447638079743604
0.7298589525549464,0.39324026285470914,0.21252680940907642,0.014969703624904785
1.3848065383996808,1.4491268954000207,0.13393973442397689,0.009138483190279134
1.2821311981493742,0.23679620015292868,0.18784146062425205,0.013118706021151314
1.6480197478805991,1.567714660573249,0.3724431585049264,0.027269116919677736
1.3862200935678934,0.3411314808016861,0.1926777800539231,0.01348009489824114
1.5414561713554045,1.6075866179535108,0.15579778512150752,0.010741277593850096
0.09358061046595845,0.8495130184318362,0.4283500054756594,0.03166655545227508
0.2856165737361418,1.0990683945317212,0.16023003951772385,0.011068256231809598
0.5023223258908078,0.5083693813652124,0.24779740014075585,0.01763995016500796
1.023734149045188,1.4360675077972518,0.050127386676059406,0.0031958631650738072
1.169768181183496,1.4962523389995683,0.38462986251866993,0.028224021843904313
1.374357840092063,0.031429910246764114,0.23460577813120775,0.0166379573892306
0.5314568534113875,0.5301380827130955,0.49759939118175595,0.037168281547561764
1.4175853792386526,1.2221508350372647,0.32208915342908584,0.02334717742558915
0.05468445923982923,0.5828407592116036,0.16944530646656353,0.011750071655556521
1.2106660608440314,1.8006105867507767,0.39061047883240957,0.028693409151542504
1.090879360742506,1.9953328475158212,0.33443288660228754,0.024304921893805176
1.7943865860115213,0.4365876501599564,0.21533631451793006,0.015181346781014899
1.0113983061570349,0.3999048960420939,0.3534286294922124,0.02578353609903194
0.79529177331618,0.24375243264220714,0.1669008538613474,0.011561551870963914
1.8426915337402665,1.540954750772474,0.19868126946907916,0.013929569260305858
1.0507157087443777,1.6302620649164974,0.4309469390864069,0.031871828182503
0.933255338482964,0.9481747259916418,0.4948501799175607,0.03694880125504421
1.0276152238298075,1.5171673653400382,0.4008697080236685,0.02949975412406334
1.5243122532868758,1.2044806930715939,0.2734345562464873,0.019597659902070453
0.900536275918913,0.4485635089843152,0.3379751089999403,0.024580216011737384
0.15595943228985965,1.60086954857185,0.4738394007451466,0.035274239075722476
0.8632951326364682,0.6426130469587572,0.30456551467455695,0.021991893851971037
1.3655060838423574,0.6359237058894431,0.3066587641977543,0.022153509480681528
1.1676217560361986,1.5433620156466457,0.45747356829102187,0.03397341420081446
0.2843629707732527,0.4238736445463558,0.33173544946958977,0.02409541750804256
1.5634590407337456,0.6669230521627463,0.1302330071142268,0.008868389422722639
0.5209200080941998,0.8847621958787111,0.2604411396198348,0.01860379226696191
1.921828097752087,0.34258298130595044,0.335353179355289,0.024376425863498922
0.3301292621454499,0.647197889631073,0.1506007062757701,0.010358694025807736
1.9645431601776915,0.8573925715170176,0.25614691771795944,0.018276070195916705
1.4763785509117908,0.5193391211859701,0.35336716179974503,0.02577874248833252
1.0289444497798796,0.520063704905781,0.4748130000520905,0.035351723642677954
0.8421837969575301,1.2973098255701918,0.36952529988720173,0.02704080145083487
1.7219386888378316,1.6337376899490976,0.0913345720472295,0.006069137262398767
1.510761609270672,0.7931848933180352,0.23819566583736135,0.016910257614713244
1.3131650893023485,0.004186131176457719,0.30822103612151436,0.022274179030346144
0.2805646848779213,0.5460142097896339,0.37462352799196375,0.027439806268315797
1.7793702992759945,0.11727619063856287,0.4992602548043059,0.037300915366829515
0.2934384908390495,0.9086276837285419,0.18976592542932003,0.013262433634452295
0.7324932674417111,0.5971611234985901,0.4873142504780994,0.03634761114434804
1.6676247228962178,1.8021063069989942,0.33126362984173563,0.024058784299216724
0.5500889553491879,1.3727721560337784,0.42598742784876803,0.03147988178866929
1.6277246371678211,0.13196853933280606,0.10507837128276055,0.0070502689648584095
0.8199525267549235,0.7955896389025405,0.08873842832079037,0.005884903896196565
1.1653027239037834,1.872051723495414,0.4431192891984637,0.03283511288066813
0.05398140175979016,1.4445963747029782,0.37109257989601485,0.02716342196728408
1.909836604555322,0.6483162815628776,0.1326248182274794,0.009042610945645343
0.08712421847264529,0.8654704744102608,0.33571559202668727,0.02440458795245882
1.7634197299801913,1.55032328186553,0.13310335529546766,0.00907749414679246
0.5250562106284722,0.6270147826854056,0.050206995605777925,0.0032012891225472765
1.6477831959542837,1.3566015807820027,0.365697791713208,0.02674149678309686
1.8392498676652542,1.491818828979065,0.13075897284438684,0.008906682412155734
0.502475731672932,1.6919107005438108,0.06372222354581074,0.004130426784858306
1.972432923193395,1.0118594280130317,0.37093643492809747,0.027151203925606503
0.14615400525877242,1.8129213197764864,0.41184513173765,0.030363967036557107
1.1761135156953826,1.2984555533561823,0.3560698172104768,0.025989565605912694
0.933156132997232,0.3964390431545457,0.25852000411474657,0.018457130535727825
0.05088045948060049,1.178534523539122,0.4158899666352665,0.03068286354279874
0.26225858372169375,1.3745960089366536,0.20762365752617484,0.014600807395448211
1.6982616693734887,1.6344078907495176,0.17851814443237352,0.012423855171513735
0.8534956008643264,0.6177017417755439,0.4788538179817609,0.03567343184794213
1.646816666438033,1.898326574017497,0.4636474406981563,0.03446376835719561
0.3186815256810207,1.743920428028378,0.46544172620328583,0.03460636262259619
1.947685359200989,0.987962315620641,0.13033481377180334,0.008875800635479601
0.02844111549447459,1.6227343982244202,0.15961859350537944,0.011023110797137678
1.6591192298967605,0.9063144630977409,0.4359926214907623,0.032270904127203015
0.5226518762021657,0.38201047032871904,0.24830260036687585,0.017678398043112564
1.3701995676882133,1.9268539818332926,0.22855366085057427,0.016179544821469667
0.5472384660000504,0.4405302444497312,0.3766077963518439,0.02759520351792115
0.3230491946773628,0.8528843694045305,0.27109932422987154,0.01941879289597358
1.3397890516047877,1.3577948039448575,0.23406711412480863,0.01659712333156075
0.6771373806458614,1.7329948320709627,0.12482730017568597,0.00847545205124362
1.5471073996673979,1.5331082451958178,0.3075503491015793,0.02222237012575251
0.6223988694301874,0.68648220610585,0.383598378206673,0.028143116722174937
0.14951043314583568,0.3376076472537992,0.37232942776750383,0.02726021544301616
1.4457000967522857,1.8808021706453992,0.15814175954465015,0.010914119701439401
1.4189110960620617,1.4763304695358725,0.26768096141026826,0.019157155423840496
1.633474568320536,0.8081849381621173,0.18670859212842006,0.013034145781332176
0.8606429436998,0.7338156878676501,0.11534346911363251,0.007788941819595982
0.5257913053709946,0.31802912669323935,0.1258490983545537,0.008549637451345767
0.7381592794933405,1.8910932077552998,0.43321826959807347,0.03205143385502373
0.4547620226752116,1.6625535987286981,0.4147252458440996,0.03059101442715942
0.9329949381064913,1.7455331556556344,0.12556100582609264,0.0085287169077117
1.5838953275442405,0.3036743665875905,0.3621923083601356,0.026467563431776548
0.7611771967235159,0.9265780589953068,0.3525701250575201,0.02571659010785246
1.4696167224801333,1.8034596642642244,0.2861011435142904,0.02056967256573466
0.8732118453406641,0.8282255091767812,0.2814989283332021,0.020216155721364516
0.42791170321481187,1.018160163574936,0.2552460965882026,0.018207370122830555
0.2271690503953363,0.8986271510931974,0.16189943028465603,0.011191574254437989
0.7948648101996321,1.9395814884975617,0.08432120575606547,0.005572298601515219
0.008838261137289694,0.41086176549866793,0.4028767682780624,0.029657670862932275
0.5995131077868012,1.6675696797589594,0.14634075476533548,0.010045774578041695
1.5662771330498713,0.9410999800079447,0.07928944672640556,0.005217580784790793
1.2822591575542346,1.5877837610596002,0.22634824037100498,0.016012704050847038
0.6336042351475382,1.2930800078121956,0.16937999874303272,0.011745230517735085
0.42606820344509155,0.4003180865452429,0.3673449942217033,0.026870278871419084
1.5401758116836295,1.2331133441356505,0.3892201164858901,0.02858424235404763
1.223203005634451,1.9031479829554478,0.39358692440958115,0.028927200157763584
1.8033104512253932,1.7579942204790797,0.059644228930588766,0.0038484919543933746
1.3424926818366525,0.49418842896575166,0.41632496875141334,0.030717172078822384
1.1733078497907363,0.5849095345866404,0.10636296968211259,0.00714244539334841
1.5259486739743047,1.8456028950414556,0.44824628882503564,0.033241398597408774
0.7349817302520163,0.5929618941141945,0.3892313002686179,0.028585120361625294
1.0376297649083308,1.0062671628952713,0.4491106719568287,0.03330992776373477
1.8561991418222927,1.6072643035204115,0.13904509204935211,0.009511331920501583
1.3796769446510393,1.6831602997181716,0.0692832843413463,0.004516892598776649
0.9424719372170303,1.954333616414958,0.45926381386646276,0.03411555608260288
0.926446706474972,0.5450170350661101,0.4192802349907019,0.03095031874036825
0.5415575803167343,0.7141679923560258,0.2058468190161104,0.014467271780221924
0.8148606713156745,0.670020568057661,0.2601018819146701,0.018577887493787505
0.8322200963118085,0.7537583550330853,0.19163785736340522,0.013402334394630835
1.1034422473977092,1.3200451922645962,0.15237268749662802,0.010489037842669855
0.8362605580830338,0.6923279391893726,0.14933986603278654,0.010266013182211126
0.9953780951996831,0.06928229630749527,0.3946013182123326,0.029006905717271287
1.3522996043555424,0.5939707258889504,0.3145717346281819,0.02276513809882463
0.9305907447453929,0.4319744546015709,0.13443287401469156,0.00917445541998832
0.5113352751520233,1.279596416284799,0.07943765098895406,0.005228006843912063
1.4582391898549196,1.3631223319128567,0.19653273091803142,0.013768601459079715
1.3319102697347613,0.4464541287228809,0.4148272708365372,0.03059905934045246
0.1806979697642075,0.47519777919817785,0.06697709848005742,0.004356354156604906
0.25553279861300093,0.14125219092554087,0.28647218485585185,0.02059819110092454
0.1898017923145885,0.4957294054353205,0.19948497289112038,0.013989813400860505
0.6746842310762975,0.07041824514925055,0.30074656081494655,0.021697237797694082
1.6732149092599171,0.6833707088853249,0.289693432165219,0.02084588554099904
0.7390138101268249,0.6266694778689061,0.4586733503655243,0.03406867024084248
0.4613728935165289,1.0481833372801106,0.06964377735811192,0.00454202093220419
1.0395809719179634,0.19571133060870816,0.2788140057931006,0.02001009845348768
0.10082222529259477,1.9245720391498227,0.18579098193154409,0.012965678915156827
0.19540596660101994,1.4381709237854372,0.1393357602215805,0.009532588440169283
0.2511484777786268,1.2872193747595815,0.08065886035667906,0.005313968895883575
0.7667403473345245,1.7294526968555863,0.3851620923122687,0.028265773481173085
1.3658264382569243,0.9890997939124162,0.3214840188510002,0.023300289632556984
1.4931868280872345,0.2795437808939236,0.28284333131863065,0.02031938441890197
1.3938292873739893,1.9808447413647692,0.15756565789777,0.010871622109718662
1.6995729281887753,0.04024658415347604,0.2644430662654041,0.018909543209005807
0.9910476050747743,1.8984197201023902,0.3151070475544834,0.022806553465489328
1.0397300989864153,1.166990325371456,0.3094229735563918,0.022367045160989737
0.3934738397408364,1.5290202997722955,0.4336264318921937,0.032083716224167856
1.8632813438919336,1.7390500800182913,0.3837762089766605,0.02815706392088899
1.0429514961022972,0.361519308191357,0.489590313782769,0.03652912035903638
0.7065779246283925,1.2773558299089938,0.2690095236468724,0.019258814788819197
0.749669333859875,0.7114156939456198,0.4585392629802485,0.0340580235922047
1.1016707374194628,0.5165741313215502,0.2660456441472493,0.019032071485460635
0.7465189022490455,0.04484456079462906,0.39988530402527656,0.029422320531792858
0.05620758200821907,0.43161875885114775,0.05234219474406458,0.003347038014644931
0.4519408656354691,1.2258824806185489,0.12494903827114186,0.008484288384970886
0.9297802577515988,1.6310484889602777,0.3790611981055875,0.027787418869985956
1.2823632054175886,0.4887213730550144,0.3684896845415468,0.026959796878438837
0.8840184059269678,0.8522152168985566,0.10253047059199319,0.006867675038281966
1.3295890313937613,1.1642809898685034,0.20607765954613866,0.014484615771410742
1.1451137499012762,0.5367233022933868,0.39765542374490226,0.029246965986694417
0.2896280919400134,0.2935117850280393,0.1114495366239123,0.007508178698448433
1.076905590679454,0.14728149821450187,0.3778510368372689,0.027692596250878786
0.6599652779542402,0.7301016385631576,0.21961204007017915,0.015503806997367425
1.2521476365504352,1.5313284685004638,0.3111510705620522,0.022500607928373533
0.9951881031742711,1.5572115671885627,0.3457533617494077,0.025185421685231777
1.7854760748404168,0.506833743879006,0.2627889289488292,0.018783126580633826
1.8026579062372563,1.5028385565562297,0.214439069495234,0.015113735483252769
0.6668826187620582,1.4503141327799336,0.11822335483726468,0.007997011828677117
1.5979755049248836,1.033355991774876,0.1290362660888624,0.008781300389167681
1.3705267971916544,0.16966331406584945,0.13521886081041712,0.009231808296035019
1.6557503383646828,0.21201405671320694,0.38813360408375275,0.02849895160345964
1.5067596237409082,0.3589749007787766,0.4766395684720514,0.035497121902543324
1.4496037345335575,0.5644257437777846,0.4479688299800527,0.03321940331267504
0.35507037585955636,0.5427383750052599,0.4074782180727908,0.03001992028621104
1.3253116720474878,1.3574101798888254,0.37822480783653184,0.02772188097782553
1.0898816761125008,0.0999533121475149,0.2593140578628733,0.01851774044165305
1.4867394892364891,1.7902105869521403,0.2080592791015412,0.014633557940806358
0.673790022843654,0.6316408965611329,0.21688860270035915,0.015298364286509367
0.03301974381577777,1.5146705234617495,0.24396321978053775,0.017348329811139367
1.187711713926278,1.9742777471763926,0.3353445733409925,0.024375757139384384
1.9045319986197955,1.4496121677202936,0.4336753548295205,0.03208758577752208
0.18851916379894829,1.6006539182403792,0.1287213111862616,0.008758389785953032
0.3989163351976637,0.1993103437606638,0.37154901452701133,0.027199139127710093
1.022522035443384,0.7977596554528186,0.3720878549681065,0.027241308647166257
1.954544026299392,0.9816256701308175,0.3433764898328504,0.025000382773386932
0.784952520419411,0.09996749217187828,0.41107310260053365,0.03030312442221141
1.1426896960014086,1.7957932222191937,0.13119102950452405,0.008938146295991701
1.5275765413727946,0.189074452165247,0.11478401583594151,0.007748562946958091
1.499749267620184,0.6093868365564314,0.3917972859189914,0.028786614659166807
1.5848055638109948,1.1353485549133833,0.3293040373087392,0.023906675408915924
0.6093746096588548,1.6970878375398941,0.4302762986824292,0.03181880970326945
0.05644070622904174,0.0560650819688322,0.05132147232271231,0.0032773111711302157
1.2769159941427723,0.7302006614822198,0.4028656927978837,0.029656799288114214
1.0601683569845686,1.7555919090657388,0.15763020367038733,0.010876382958935064
1.9586289205339367,1.149833593645491,0.4339617773921509,0.032110240937067394
1.6100337837827694,1.3615110316585615,0.358795769548432,0.026202317895186615
0.8513203401461218,1.218877553253513,0.17326523348454964,0.012033458086164446
1.06779151487425,0.6589075608843253,0.42708694793049157,0.03156674898852598
0.627490388719131,0.8068902576904022,0.08900643211561998,0.005903905554228899
0.4328042831263679,1.8933474835270225,0.1628706710698849,0.011263360325589932
1.3052029963542657,1.402662821076982,0.2122913694425626,0.014951976399464662
0.5714973925244891,1.7004077905329322,0.3785901274582465,0.02775050547427632
1.8668700298345948,1.2949389523390442,0.2930184162538013,0.02110175609177252
0.5901344968206144,1.7221695543135767,0.13743165050127365,0.009393397089210094
0.25290698136470824,0.21588839065491583,0.18445418715393036,0.012865976651960905
0.43263568487742377,0.5526291745262004,0.475891610934193,0.03543757842796451
1.665406202467329,1.5673122411004887,0.35908671913416434,0.026225032228408662
1.0852165068680817,0.23437597781508646,0.19772431868633228,0.013857859910070092
1.198844793067301,0.4763516951532605,0.2997237661628477,0.021618366511976454
1.0617099155624585,1.1785542981416848,0.1336909525978258,0.009120339183749398
0.14671047359642864,1.0390632081142397,0.39403973640307993,0.028962777917378887
1.5305720060183592,0.8191659460649736,0.4548038894293448,0.0337615184194061
1.3531441797443364,1.0988082219007427,0.35490561311438207,0.025898737209689757
0.8737217911920219,0.708193853247858,0.2668508317655024,0.019093652948456784
0.5837482821693321,1.5965783539002603,0.3297877002617482,0.023944212849164547
0.6157004449427308,0.4099218935006621,0.2847344772639852,0.020464651535332196
1.8027715100170476,0.4639936803020517,0.49895596508219475,0.03727661301239233
0.15189113231278317,0.9730823027541078,0.295056671612584,0.02125870704848752
1.6967341802090188,0.4680304665212456,0.0807096429402969,0.005317545483392453
0.23201150828802009,0.6861072323233319,0.1693256774940816,0.011741203884574742
1.9359187677402705,1.0830825796204968,0.4447583194282039,0.032964961662706384
1.1092423758062575,1.6466960553648067,0.281472236172469,0.020214106533174726
1.425295276373463,1.4563140355569808,0.18715138912013302,0.01306719309352767
0.21852666572894996,1.2017059274105089,0.3548732969519821,0.025896216273553787
0.12771936783008542,0.08196894318279924,0.2034071967551656,0.01428405531324136
1.3221081131973458,0.027810703112278068,0.3281433280094365,0.023816607428211213
0.63381940259601,0.2099778174280178,0.35279345886540736,0.025734004548847843
1.0160576057204826,1.1093347452913715,0.05886388212213001,0.0037946909179026973
1.5041154659295828,1.908206270290634,0.4164210602991473,0.030724751134967365
0.4965925839197072,1.1547124071086565,0.22137298087715412,0.015636737454044338
1.9434353722847082,0.335373087857024,0.2909180070026805,0.02094009792306558
0.6912253904939729,0.557868896710336,0.4497895896039449,0.033363759421861344
1.8904426309420057,0.21270339254744663,0.33338969695711235,0.024223885624204532
0.5980077891479252,0.976128053047552,0.19456783287739432,0.013621498173412775
1.7360628112742695,0.12971909139949456,0.15511568767124984,0.01069101405056723
0.9129728467981337,0.4892979599982321,0.1426042514723213,0.009771821989426223
0.5537934013580021,1.0527965979480787,0.2508485433470199,0.0178722370308377
0.232582464598994,0.9917128882890529,0.27949268919660997,0.020062171863269373
1.0401032712752993,0.0823729998995335,0.3561661186281669,0.025997079728860388
1.2438253190657884,0.43719193649575594,0.38769928285079475,0.028464862181803323
1.6363386749335458,0.6910377748492222,0.16057915966380534,0.011094038463310965
0.0013241270508053127,0.7124330754597732,0.38288683529230766,0.02808731515147958
1.2642942606956549,1.6093422994805324,0.244079199658776,0.01735714640406075
1.976481955936734,0.489502506740926,0.2528287507986479,0.018023096890982505
1.9373821221003045,0.08905317088722398,0.4475272068038838,0.03318439599647648
1.521361051404579,0.5157523986039181,0.4237165225468422,0.03130051871961535
0.7998662075823442,1.7855537371832304,0.2309016396725474,0.01635729228325032
1.836684603843447,0.9745595651163661,0.11450778067227112,0.007728630513123657
1.8890804284302238,0.9011194553127477,0.06960091968407041,0.004539033047098998
0.39696962023251636,0.5605455581319332,0.3561605329086755,0.025996643887386133
1.6142004080518964,0.6689901249583119,0.14334517861852447,0.009826106259343973
0.5462586419616027,1.2708294987867557,0.14607352011275548,0.010026165316514223
1.4008357438966115,1.586959678378394,0.356876434433822,0.02605250795858965
0.31947049097330016,0.33317941817884855,0.3697623391929241,0.027059344581649023
1.1053091498016612,1.0094024358438012,0.18927115733913835,0.01322547250106188
0.48262588770532644,1.4524815232494714,0.1607257443692845,0.011104864774935372
0.07924335629833013,0.7176522496335089,0.3435165988109289,0.025011287778782584
0.344628956655354,0.6217266910834791,0.37731431749739097,0.02765054811831415
0.20298651998894135,0.7532004636021596,0.4513124616076611,0.03348452894803263
1.032898766555073,0.36431142105180525,0.38798191221849904,0.02848704516753543
0.02054705929802436,1.76372216396322,0.16797747927804377,0.011641295565935302
0.44488977335872315,0.7334665999918655,0.41830688767156776,0.03087351692799951
1.3398426071250806,1.462376345953881,0.32599444511807857,0.02364991785171532
1.6292853537792868,1.1722698566754295,0.4776354731133004,0.03557641397984779
1.098552914430597,0.19486722957729485,0.15751963471343056,0.010868227555313434
1.04845224845134,1.1475444621417583,0.22872343355547975,0.01619239280046084
1.6109279027890138,0.671249077783727,0.11218127580227291,0.007560888151573747
1.796723941115831,1.158855806068831,0.20188592211708428,0.014169883682350774
1.859692387841455,0.7493429202031769,0.22005894072879795,0.015537535835151087
0.35581881364158696,0.24305858188728502,0.21459477614480776,0.015125467256083944
1.1534434083255503,0.15925493002825153,0.37355253946456535,0.027355955771423125
0.5344459798318097,1.9503730914752733,0.3398281811785025,0.02472431237589861
0.39103671382631955,0.28432384413452394,0.26398946620249625,0.01887487160371953
0.8426279016469809,1.9936217711738917,0.06112413011214754,0.003950656770003639
0.4960005075271694,0.20615609469899532,0.32498542007614317,0.02357167356004976
1.4577644095029085,1.4077349160061068,0.4569200081753312,0.03392947040716784
0.6129379775410628,0.5102480814212249,0.2182595223369992,0.015401757606410453
0.47881772191865535,1.2495538646812063,0.2926960846531962,0.021076942605636303
1.2120057740767147,1.6889841453891414,0.25967848318410236,0.01854556121694226
1.5650239828877823,1.0858490399739045,0.2956154565532941,0.021301748029815205
0.37286591156943727,1.9447284783289307,0.2566142769889306,0.01831171937817056
1.693603642593258,0.26541469449968624,0.36289970181759135,0.026522827484224656
0.14627273194154,1.7400208681468234,0.19539709610774886,0.013683569027256199
1.508102966313556,0.652301154820772,0.0939828512503359,0.006257443024844106
0.039997005975524136,0.07465827940970482,0.08317888302955906,0.00549163823200569
1.3967306895677076,1.0308448431105421,0.08900212658795878,0.005903600258046862
0.5566401855097987,1.2410837388950646,0.09727135501024023,0.006491781011898217
1.865472011408718,1.8905094577191046,0.304704341722017,0.022002610044909762
0.7857478667067495,0.9078321198221766,0.07821010241405475,0.005141690421796862
0.32750425635483515,0.6371271568430927,0.38969762603787916,0.02862173184559906
1.4121562783816721,0.7176387342832884,0.06400498777785169,0.004150023016988461
0.7895031636917165,0.8363471799179163,0.14029675578811532,0.009602887650537646
1.1198305392624577,0.03938379898431155,0.28401908247931756,0.02040969110865439
0.29033470338164635,1.6962725191410941,0.1557424330708032,0.010737198151896138
0.39088760211395224,0.22365008298777544,0.35617879029854493,0.025998068473331793
0.22591026108624845,1.6256619624663105,0.36339661669975815,0.026561652659506323
0.8749342464731031,1.4317246111355184,0.3213362120535145,0.02328883800662084
0.9591558376972804,1.9125692698728018,0.11242204613062419,0.00757823678394792
0.8955070620602159,1.8205655056939853,0.057598655642895596,0.003707564643564535
0.7581458022058076,0.6697338308674201,0.2991866269873804,0.021576953257553
0.5427188179375708,0.49449221023991585,0.34686330735877813,0.02527186079130633
0.8402938893099408,0.8574559467215113,0.3772027755426743,0.027641810119406928
0.5923294867349769,1.6983509188819599,0.16144128291249735,0.01115772209902538
1.4174919660175445,0.8086981352528215,0.22616301640780967,0.015998696888320566
0.6810223003375797,0.3366874528935766,0.44530597822610146,0.033008356164910574
1.8392048987121186,0.30380516662291734,0.3631593292265097,0.026543112351490067
1.3745485330123768,1.2935152902062326,0.3239600310254996,0.023492177501306662
0.398969759793633,0.5944439023863406,0.3670464775626481,0.02684693718951881
1.2630957675580423,0.2884844045446533,0.31014146578033713,0.022422570421105712
0.4148684644325371,0.9148727327597503,0.4589627225028738,0.03409164735822914
1.1699013300245522,0.7872305071059986,0.08574160040404546,0.005672698972096467
0.10830529052092985,0.14779262875430654,0.36635532083802114,0.026792899135872128
0.9010932449877747,0.5202667345789413,0.1402942427878099,0.009602703774897582
1.8001618795404968,1.3317709371471484,0.10272635531948404,0.00688170200207431
1.1515459328320903,0.8606523770876626,0.48037820565264744,0.0357948441566351
1.2825392016572066,1.195655444173904,0.0676970976434014,0.004406434471427681
1.1876580441500157,0.7625486002882544,0.1252980615514907,0.008509625456648545
1.895580390159871,1.6303143254256287,0.37499048971764704,0.02746854047015105
1.2178360569379563,0.6988971198459466,0.3355053237300995,0.024388248327552986
1.3893179872300812,1.998027970261633,0.4786309121860618,0.03565568039003953
0.042802927763365695,1.0210232086799804,0.1693714361529715,0.011744595798704602
1.195188255104934,0.02459249439496647,0.427686948995652,0.03161415837376701
1.5839826200302867,0.7457187124821048,0.3147142438325835,0.022776163083627704
1.1425501443013915,0.5985939582049871,0.307190553803217,0.02219458004515307
0.33106855686863934,1.2889784771657389,0.42822085630452605,0.03165634918683549
1.3373614398372204,0.09113454881241578,0.36127044839572475,0.02639555568332123
1.1400775283872677,0.9471097484902316,0.17425787127415265,0.012107169239984134
0.7926091764428576,0.2497484617282566,0.17867763772479667,0.012435721258481715
1.026815486282159,0.11629326807157492,0.30518460647060075,0.022039684739219117
0.14620504526175782,0.5270349584001948,0.16487250815734686,0.011411412554043121
0.022197961595495475,1.8813379925572051,0.47094691232370584,0.03504410328154313
0.47860985013577695,0.2783611469531664,0.36143611528317654,0.02640849521800175
1.5970241564260046,1.9348416540681312,0.16627012976762867,0.011514851749733608
0.1267579881311678,1.7971213604756004,0.2987747088827619,0.021545197981619208
0.4936518973696469,0.39860426046681097,0.2255836327109465,0.015954887359512573
0.07470940980990193,0.45083577793999186,0.05293269415847932,0.0033874187574962403
0.23163069446212692,0.41178029196520716,0.2316330195540442,0.01641268498166377
0.5698111574525326,1.5692266847315708,0.35512757100709896,0.025916052245238526
0.9606959421080792,0.9873121286471709,0.19013805044261645,0.013290237227420341
1.5459484078667678,1.5199233896451079,0.36299763095061155,0.026530478636876086
1.720519914643418,1.6753210913456138,0.3597760549203812,0.02627885350106214
1.5570773190374771,0.7260036709458253,0.3096683347872082,0.022386005739498532
0.17488174629943054,0.39243831818622454,0.1382549518854575,0.009453564601195633
0.09000423228579701,1.2390473725695499,0.1308659912752983,0.008914475202824741
1.835534872476397,0.2807730690225534,0.35872863005068223,0.02619707651832687
0.9690905664770972,0.5818284444446238,0.358787620860674,0.026201681748251274
0.8135565575085904,1.2010429469586066,0.27395815683947683,0.01963777956963117
1.5746533564857224,0.3585679509759969,0.148155714178424,0.010179018631419184
0.7161180427856573,0.11602939365046816,0.22202205695683963,0.015685753551416017
0.3452944497830768,0.33800674473273884,0.1637966146001718,0.011331825910391464
0.9928547229384981,0.46050286782266037,0.38326831564712116,0.028117231225509492
0.47594116818532783,1.0062921520059191,0.387874326622259,0.028478600868467395
0.031153194166422926,1.1526839211874853,0.17121880387111904,0.011881586725423963
0.6320389770220567,1.9890204934039333,0.1970293198775846,0.013805795000550786
1.287476137643261,0.2459978341411777,0.48474929800033,0.036143133990942745
1.016779941047272,1.3574950200850973,0.26677055691129126,0.01908751288037587
0.7558944580168552,1.0308069348616617,0.3916670540235403,0.02877638598706015
1.5100909778732035,0.8924945672228726,0.23277200619269406,0.01649897271419682
1.9879746314531326,1.1817312364826433,0.4438112478648635,0.03288992784067022
1.0821191307735905,1.321836735521629,0.4807984905285883,0.035828323100770915
1.4952409203346892,1.4024062186943373,0.23535199926250616,0.016694536244957713
0.1979700804228839,1.3961527398376927,0.05795085066284329,0.0037318044269474145
0.447894126155965,1.4548438367939511,0.13755197549261147,0.009402188985939952
1.688557599428716,0.9766598327014406,0.2690153422385398,0.019259260094064853
0.4288365455325682,1.9237979178715177,0.2251429375762134,0.01592156982716918
1.0941334327012482,1.6465000939250385,0.34540130292455773,0.02515800843729638
1.222317698857141,1.9678714150336403,0.44426525376553133,0.032925896076803754
1.8915572858047398,0.2751500732822616,0.4025217147856592,0.029629731075215285
1.6405349325941812,0.18715933340035296,0.2366913595729881,0.016796118232702474
0.20100685987219746,0.8476478509266057,0.19665304644189036,0.013777612261821412
1.984454757185979,0.7260854126897189,0.22648837519807508,0.01602330197033549
1.9856955919755594,0.30390785016094646,0.1768293013612382,0.012298252513384754
1.9201186995492758,0.0801244903928775,0.41227676420497167,0.03039798686210254
1.4038082858129266,1.1483854850412323,0.18444620406546353,0.012865381398074659
0.5879419103321262,0.9980835241357124,0.20545779492149913,0.014438045849396838
0.3171678753092144,1.035545365247852,0.34755897451980083,0.025326046916791786
1.2309477741886332,0.33679036150426844,0.3566794073837844,0.026037132539837124
0.11832417728884059,1.9772703850757107,0.20144680824704553,0.014136939214468774
1.7645752929123109,1.2870302795546693,0.05544247370725511,0.003559390782608868
0.3755274850767645,1.3388174152000898,0.4849499532815154,0.036159127476412305
0.9939732733270983,1.569659909991912,0.40855245081198777,0.03010453009074229
1.5590204018737102,0.41726617100853614,0.45203337592336185,0.03354171000047323
1.5459831947165386,1.8982558810239771,0.47819266626000073,0.035620781641464816
1.6062956382246123,1.7943380374306779,0.36521720994267726,0.026703931326327205
0.170797682470198,1.322733120921365,0.3059383980344067,0.022097882826249037
1.820526829085689,0.31568312768525875,0.18916418712499378,0.013217482278803051
0.8229706395798342,0.7050200315223105,0.34183252026115496,0.024880232414218544
1.5883691886762468,0.5848154971051849,0.1919517989224156,0.013425806399748028
1.9249748541700449,0.3715555742575065,0.30177661467911865,0.02177668757417048
0.8879945263582198,1.7935438664985228,0.07622494976151278,0.005002300564284867
1.7682252489349324,0.6849383549858037,0.49336165191757597,0.036830001315496075
0.7419640873006406,0.5320985316530724,0.4599940640143215,0.03417354745637005
0.6904161560767568,1.2997888809863725,0.27932912342262645,0.020049621136870994
1.3661977773707477,0.24749893520284605,0.4029218429305493,0.0296612179886824
1.1154074911338652,1.4896074371365307,0.38895441970704997,0.028563383753306814
0.48511308912746287,1.8609848288882511,0.42313765974483175,0.0312548089529144
1.0555557744740587,0.007134689250819948,0.43356378563126086,0.032078761270304776
1.9134494588738424,1.1096363340108275,0.4176489122241742,0.030821606465011694
0.7224929071437067,0.9545223499064426,0.2261311985956772,0.015996290814582273
1.654544099958935,1.6648051373054014,0.4669548227813243,0.03472663991711128
0.7741646394357486,1.9162097850707926,0.15138476096249784,0.010416354728310668
0.7856155703949019,1.1586430339465907,0.2957145307290636,0.021309379905711898
1.160290031119486,0.6887903237342876,0.4478901423888246,0.033213165600159786
0.3322741176962567,1.573326999267814,0.2664379136224687,0.01906207099871504
1.7151652329646738,0.22557570694037543,0.4405240332549196,0.0326295769112881
0.05254321430023179,0.18784609927435802,0.43653084662405495,0.03231349260931223
0.7762921389346262,0.8793114975614096,0.3520789224675543,0.025678291292369086
0.015620860424166771,1.8417061169943214,0.46388190817422387,0.034482399641164396
1.1242357297702148,0.6893192021191352,0.2556056702607487,0.01823479058686423
1.137778817195663,0.919298373003699,0.05181994363851106,0.0033113505412548767
1.9061332224430834,0.41524451773703963,0.4417673171067446,0.03272803062025699
0.7930296396309009,0.23970294825622362,0.3177741160368529,0.02301296781382116
1.7568284897743585,0.7626688465968583,0.41406877442089524,0.03053925336172537
1.9900362718346558,0.03408703188588014,0.15826869319994868,0.01092348472039985
0.8663363226722718,0.7733789302944549,0.2541982420188774,0.018127477765574357
1.480446529600773,0.5108874787151654,0.0679693145844587,0.004425378410602592
1.881849659222303,1.878677405361463,0.2884602901953611,0.020751041813086252
1.4196054808428236,1.4616158223442082,0.24934230720141087,0.01775754111386582
1.2149906898065228,1.825582147772038,0.47771154261462206,0.0355824709614855
0.045751423738845665,1.250312055369549,0.22307802233574536,0.015765517712368997
0.9867443953948714,0.3859090842230666,0.4558407992020967,0.03384380909128743
1.401578169830247,0.21260971500679782,0.4560185490820996,0.03385791687869032
1.4392290818854083,1.3005509641713913,0.3260566932762836,0.023654745398694842
1.0060469088416977,0.9621768142377656,0.11513739880101813,0.007774066996774634
0.13170917259185733,0.4802462202701461,0.059477774954655435,0.0038370116823387436
0.030530938481152736,1.9640136420032155,0.2754845637603205,0.019754767082022135
1.2415465358535502,0.8163861201751352,0.47931763952917633,0.035710370842538613
1.5092737516040193,1.5487843725475887,0.3832183247190727,0.028113310769507144
0.5267038877824615,1.8280973839407326,0.2876301661843007,0.02068721085081387
0.8582530587084325,1.4852112216458677,0.13734224547339735,0.009386864793773049
1.401342551860548,1.0192718371271567,0.2940951937837798,0.021184661405138368
0.6773027529700031,1.61921370923191,0.4839762098629878,0.03608151828544511
1.4496770720537673,0.4572378269993742,0.30615038482194684,0.022114251502402878
0.7535048002988434,1.0602659156712513,0.47585806729327607,0.03543490823382915
0.9280229737971419,1.6413784634695636,0.42390061022783093,0.03131505606390973
1.3307833935155189,1.537063412797447,0.445702998957826,0.03303981695437655
0.07061455900771785,0.43504226617584685,0.36940818831775274,0.02703164033997706
1.1695569835881583,1.9535878259560626,0.3809802969755963,0.027937833355463314
0.4574742421272875,0.43173703224732574,0.2512615983794897,0.017903698399631438
1.6469884359555385,1.8673147765461362,0.1317640700722595,0.008979888150981106
0.9974007715293645,0.4631879336477569,0.21216201714040428,0.01494223751977589
0.3637401820009185,1.8056239022082996,0.18069131790244164,0.01258559902612534
1.0912263352841187,1.7977969399856666,0.29539540410460036,0.02128479759433533
1.5760317520569997,0.17196842375958665,0.4850560970977847,0.03616758798952781
1.579138147414102,0.7749190467357643,0.32741445121165325,0.0237600597411908
0.7997797543321907,0.0741649748806803,0.4385853187780781,0.03247609140920046
1.6563794959996776,0.27312661918548486,0.06292335449396301,0.004075095762798588
0.7073317590239332,1.228879519893055,0.053516540475785884,0.003427375107543452
1.423410044924575,1.9415709133141998,0.41267328316210766,0.030429241324323265
0.17347518347404245,0.6086169297054256,0.3682317453387876,0.02693962362944566
0.16378908279811633,1.6433150038405342,0.4546267032605619,0.03374745796082037
1.3291572010325876,0.8256836661993932,0.45801605878536433,0.034016482803928175
1.895982408590457,0.9943632560417275,0.2082772736453996,0.014649948805470244
1.0954737207811824,1.2726496187745464,0.25177393163330725,0.0179427265003047
0.9810583332786567,0.5749265975666107,0.2376145789558956,0.016866161678882722
1.9342911332045862,1.4369049765919926,0.1938474353335734,0.013567590793997483
1.5010514921993148,0.9579889905511487,0.22482813733496237,0.015897772983372818
0.9222053107910426,1.500022156871603,0.224768084042547,0.01589323360740693
1.9620084254017367,0.856199815110795,0.4483808118681665,0.03325206312126217
1.4013356057204924,0.4517008337471484,0.36272037478979696,0.026508817125357326
0.9895693574481681,0.2688244770821899,0.1279077520514858,0.00869922739045738
1.8947102933507984,1.4569787874656486,0.3019374380546873,0.021789093840503038
0.6408081731077879,0.9073023154414024,0.07210782320974372,0.0047140165486285815
0.8447344780359278,0.25348686242440577,0.4874685322098174,0.036359912804214155
1.7363309987016524,1.3064940629249997,0.07200685193448339,0.004706960472239142
0.48381124383394747,0.20885109322063444,0.05080587974962763,0.0032421266288387824
0.22486808636402644,0.4304361148215281,0.15480724101444607,0.010668289717973109
0.6270729330139455,0.5492502888843664,0.3686703973936715,0.026973930887756528
1.3781754833604838,0.8123626241879665,0.2815646477678366,0.02022120113585309
1.4707156876755685,1.2812065470464353,0.40195643039062384,0.029585251355070216
1.4897503140357475,0.6308075856225284,0.0969747479514009,0.006470622147771332
1.7331521217874892,1.7003002478690823,0.17119377609458095,0.01187973011507373
0.5878853995319324,1.7978200265018631,0.17759190522426582,0.012354958695338984
1.5181424576641278,0.21711416352015056,0.2990771227081409,0.02156851114273014
0.6017021682015415,0.19104148629737505,0.09127562521892266,0.006064950095836608
0.03694595898055453,1.7647038223914409,0.331697520074871,0.024092472445804886
1.0491517471598129,0.08476557733512569,0.436775007108718,0.03233281364603874
1.3182408703090596,1.1471448869138188,0.21171568022674603,0.01490863615105072
1.6202513173637292,0.07097298288509335,0.3576858311623016,0.026115677070692192
1.1978373883692508,1.5215722037409938,0.4936127790281434,0.03685004212570093
1.817569825469234,1.6245252557434942,0.32155314269090424,0.02330564526437432
0.35533601405496906,0.8813729602881974,0.42846602079272755,0.031675723970291635
1.5146609873465005,1.480019576981953,0.06901329190763468,0.004498078555749436
0.2032717169623035,1.9070124511881261,0.386468952745093,0.028368309165226226
1.2087038321633923,0.7041505978381501,0.46528550377734595,0.03459394590816918
0.3140057783505521,0.3670744873023515,0.12364665287743487,0.008389785946267145
1.1447486989928308,1.4708320299402355,0.059269884002638114,0.0038226766303895137
0.6776068359340035,0.01788331703478563,0.16633303191462007,0.011519508607324237
0.21458517323798665,0.7082512308706177,0.16384222048678268,0.011335198766021149
1.8830032946443478,1.691825069041756,0.4949786956130239,0.036959059295023106
0.06784980245208816,1.3039037041512047,0.3612095105790262,0.026390796193098212
1.4131100691767768,0.6340770857089386,0.4375378103347216,0.032393180994179746
1.1530336317170513,0.18681997776826575,0.23565415149654118,0.0167174491001336
0.42219262205605634,0.4694007184879394,0.32366700453028724,0.02346946301701282
0.0811353401203383,0.7189621522352543,0.4990264392562456,0.03728224140056962
0.3764738315236009,0.9602669520339893,0.07429162028776592,0.004866790050873961
0.40306961708723477,0.16537213912779114,0.281101522537146,0.020185647803517386
0.5206330377587414,1.3892727469388564,0.05542715274826113,0.00355833932301778
1.9060825701128026,0.6443681667126728,0.16377923303484232,0.01133054044623095
0.5374007724969072,0.2158666168953729,0.059200464605202084,0.003817890610782474
0.6818468300854257,0.07292505647950942,0.4699379401005837,0.03496384907777407
1.0123918600712665,1.8438702061174548,0.20746084784361635,0.014588568387487778
0.8544843363111618,0.002408037033663879,0.2581850677116469,0.018431568780811144
0.3981476133807269,0.9021357815303177,0.3023150167634927,0.021818222878015724
0.09382181196060357,0.17393548189314068,0.3096754670433221,0.022386556908510224
0.9335258240142805,1.7709175508217836,0.17380138304774267,0.012073267794883094
0.22320897706404708,1.2873698188564073,0.3837031480931995,0.028151333729992695
1.044594346189931,1.8821960781071512,0.24031610832588912,0.017071230810568543
0.24496871791533859,1.4055230862621206,0.3461884091084965,0.02521929954001657
1.3250230302065478,0.3951248388972466,0.12532939170560814,0.008511900083050859
1.7685042191494897,1.461717235621021,0.3371706206458748,0.02451767530961513
0.3946936103477692,0.8793609083895693,0.4352899948319133,0.03221531240052362
1.6548892802674706,0.5923283861279645,0.2074506004554328,0.01458779807545762
1.4043243038715332,1.440045082495201,0.05814777570413914,0.003745362206525373
0.7080257959705698,0.5242779671423097,0.3806719816632298,0.02791366478977501
1.5666967827586171,1.1787334716149833,0.4282346849428741,0.03165744201183199
0.17212455000329818,1.894142439168105,0.343142622699897,0.02498218103822326
1.363221797910406,0.995474822148062,0.1803748125278452,0.012562033934109205
1.309787371473832,0.23820370114796896,0.11204445023234919,0.00755103037143349
1.5651018803274603,1.896690651134061,0.47283444753204074,0.03519427070781464
0.0804093716510661,0.22580326993508315,0.32961542883935235,0.02393084230056431
1.463335216609528,0.0873033843482025,0.1270753203895693,0.008638719446990913
0.5120995006475988,0.8678909776650177,0.3627804264587139,0.02651350875438645
0.6764452464594821,1.6476702169269521,0.06429857704687923,0.004170375771468142
0.766892501631744,1.5620803754034795,0.4444523495617033,0.03294071932221346
0.6135371038528525,1.5407423523806187,0.3089664919049458,0.02233177276389671
0.10555614940754121,0.05305641218584012,0.32368020775415535,0.023470486458523537
0.8459491248263713,1.4592217295096244,0.2956249675461373,0.02130248067238175
0.014256114165630773,1.0694388221998383,0.39327503276811554,0.02890269625256388
1.6720053875465362,0.5915931763744613,0.23783473034528385,0.0168828670523543
1.5070946512741077,1.111132408074805,0.241928824018191,0.017193725651380776
0.3161344860496582,0.24048058776650705,0.13718748193554675,0.009375557833061975
0.8165399088860477,0.893088512119697,0.30720447985021243,0.022195655631586913
0.9937218004450152,1.9834753008900536,0.2986194413743534,0.021533229001140665
0.7374659027271153,0.40152024245502327,0.12770602383030272,0.008684561631655622
1.8330007859241084,0.9852466364038102,0.11129079695268619,0.007496747331542149
0.9441211459122254,1.4614455497209937,0.3501081178282691,0.025524665777430143
1.4862346444558898,0.5205942388748666,0.3762766116970335,0.027569262977094295
1.9243606046482407,1.3606771045543313,0.4442849585206804,0.032927457226926006
1.5561133354684857,0.576570422391466,0.2578165586940522,0.01840344746681592
0.7331149295495003,0.9721497117943521,0.28417085487544624,0.02042135027269964
0.9325008960801329,0.40305377602890147,0.4360335579024243,0.03227414320125375
1.2085704805762365,0.43617666521487375,0.3760143731570797,0.027548723862864517
1.4375643484052778,0.14363449613462365,0.49360941503972455,0.03684977366316441
1.3088701629166126,1.5896539111181889,0.33667140440878285,0.02447887155257567
1.355798145517096,0.7616649374438214,0.23687608305377655,0.01681013145521123
1.2861927145102037,0.6406776817573367,0.32353936327138544,0.023459569115132074
1.1927596817727624,0.2892669051366732,0.36202072948273567,0.026454160211115043
0.6464579414907743,0.7720165879833178,0.4291535997438092,0.03173006582705926
0.35943765195139155,1.3522964517905343,0.13932488323250453,0.009531792952449575
0.6153594856570159,0.28941801952812485,0.2771956026901518,0.01988595840521035
0.00788567664262696,0.6212369854055322,0.2989979183255136,0.021562405098816947
0.7382827547590978,0.8482731059807658,0.19318948691001925,0.01351836855995111
1.1104795916586498,1.4071951272986278,0.4707135000810326,0.03502553648804511
0.679016825374857,0.9213491412591825,0.4388482936133994,0.03249690804501218
1.4343576964903821,0.43774648162491614,0.4624648791232984,0.03436980941542897
0.2903145838688126,0.7977637945467599,0.4489282775656719,0.03329546659430846
0.862075217398816,0.5875625872501222,0.21618653922674191,0.015245432835507085
1.8359797004235976,1.5242948143835493,0.18090033889373608,0.012601163037503868
0.8972651079798757,1.2861097966742938,0.4342255499108518,0.03213110545917542
1.464324178434588,1.4156230341309717,0.21565114439325928,0.015205075186925762
1.8732675604110434,0.12050624022285428,0.3971572994372038,0.029207803471743787
0.42951624354384355,0.8235617123735084,0.3111607349769717,0.02250135502485369
0.7987629131971357,1.8733891398330922,0.17148699315025312,0.011901482715636937
0.6986298575880854,0.8219411928260989,0.3454338234085488,0.02516054058131617
0.5393485429921172,0.699977690686278,0.40938737766844063,0.030170302048327356
1.6903438140514873,0.17471994438894511,0.1370225929121761,0.009363512076902458
1.0742779986889657,1.4574348657671332,0.48221976713416237,0.035941553737057236
0.30251038516546114,0.9473779270131961,0.07760808908608408,0.005099393256913592
1.9158608881824284,1.9984546356682786,0.16340892116029296,0.011303156046005227
1.8648469013517548,1.0093857910029496,0.4053409940158878,0.02985163188924891
1.4150540905266786,0.34973021013548355,0.4861465592632291,0.036254513959391825
0.007345776865430587,1.0410625489143268,0.4430463409900645,0.032829334479006114
0.6914106379807448,0.8771835747855756,0.27369410122103877,0.019617546265159044
1.2832672228937807,0.6310660794479832,0.07555147244461301,0.00495506810625205
0.22030664608807515,0.6046691464231067,0.10095617482838116,0.006755009889425823
0.4980079208578254,0.8819628659363627,0.11258320329750436,0.007589850347019675
1.4980270058403062,0.2552830022846546,0.3048631858982662,0.022014871792467774
1.7892792280103038,0.25964699387930623,0.42201536637553577,0.031166199613992217
1.7302423691854938,1.773984480969524,0.3156664574505565,0.022849838321504404
0.1495574872094796,0.15420019774853677,0.16803199284517278,0.011645334227157718
1.5975262334511044,1.8560726357852841,0.10675771913719936,0.007170786138111046
1.88751266747954,0.8238345313019435,0.05026952112142403,0.003205551130973886
1.9617837898400325,0.7283650538911584,0.1216105616213347,0.008242182876286232
1.7739567906369886,0.2830038319555377,0.06188859499274292,0.00400349867675787
1.4589779200236908,1.9783255007013658,0.25664142951698005,0.018313790653682653
1.137376410430446,1.1956835509926202,0.2950241352862673,0.021256201077860477
0.2685384953529846,1.6868054252313782,0.3347933627900156,0.024332928190365612
1.3493923424414525,1.0671581086011999,0.07787246273734379,0.005117965244005922
1.1996546846339056,0.35881397494584877,0.32779619496967216,0.023789675086215486
0.6092231076286769,0.23347342218176403,0.38162276374491455,0.027988200094539863
1.5321768452561595,0.9828872408157927,0.33328216411725753,0.024215533333143455
0.8202203524898928,0.17133190860678638,0.35368857626507744,0.025803808906923
1.0551713337032345,1.5733719243652786,0.47622369948118876,0.03546401456806174
0.3306926499414562,0.7554316258793294,0.06817414928048329,0.004439636582902508
1.87459711056616,0.16509472608014786,0.09304674258144152,0.006190838684427066
1.490997182445024,0.986273122268025,0.11598188430274899,0.007835036323727125
0.785559976545301,0.21470267845179292,0.2830991233353349,0.0203390290030778
0.23023990433367114,1.9765772507613615,0.13225434569079408,0.009015611125178447
1.7797609207325105,1.644748845426118,0.2559328432231491,0.018259742541842722
0.4233125011136005,1.8239617278404123,0.36157332207308496,0.026419212165561392
0.14919259966904486,0.16502234179829767,0.16096835957354744,0.011122785111155732
1.8499369428585173,1.3966651379041843,0.2756962556742615,0.019770995199009364
1.3622406723463967,0.30762495138489077,0.06141827791192219,0.0039709837054596
0.5348930021829137,0.11602994662160615,0.3749834682054804,0.02746799064651216
0.2588347115194263,1.1950805529036106,0.4968229339996655,0.037106285433760704
0.3731923186051269,1.3059275244759394,0.070397351738959,0.0045945781292792975
0.962268413206262,1.549842350525589,0.42713310802750676,0.031570396188659006
1.2361402514738928,0.9111379857472193,0.3070627240336575,0.022184707194884877
1.491334244297874,1.3549404344917586,0.17163268120774475,0.011912291684559716
0.7138218611645588,1.5005529065458232,0.231407016930406,0.01639556687501865
1.99761266436345,1.0894897871291809,0.30556918101196423,0.022069375399991202
1.702021677178878,0.1611942269280604,0.2099194714004861,0.014773462529315707
1.8306167228607182,0.4203476172735858,0.20553714079411517,0.014444006499450988
1.3582663067968914,1.37247156032608,0.11951349546977807,0.008090337719418939
0.49194565075659824,0.7007240061882687,0.09416008542091223,0.006270058444088263
0.6688171658927966,0.7153918790627345,0.30922024834731726,0.022351380113969855
0.9743110342683152,1.996639942083034,0.07850821406275284,0.005162643930716739
1.4064477925935726,0.8466531621828917,0.12020136850839627,0.008140125385731578
0.5727757454393165,1.2991186045521486,0.2512013724185554,0.01789911091643235
0.024267162687930277,1.6483701278494578,0.47629868961718386,0.03546998438615463
1.1976825180966804,0.5177450141065749,0.4398085832216496,0.03257293022595911
0.3636904208214693,1.2984969854918946,0.305564988542924,0.02206905171105471
0.7148232509808925,1.2530115721050228,0.31844125361752934,0.023064618804498855
0.012039814244785063,1.9405481921040961,0.17872496993668724,0.01243924285220263
1.900087689780277,1.4635414645396325,0.41062125574916347,0.030267518614805013
1.1638604905872523,1.010836692030464,0.33681023552233413,0.024489662407476336
0.5403177972726754,0.5721516949376311,0.45461691617699135,0.033746681326098316
1.8993533565268317,1.511952051069026,0.47191819189326945,0.0351213705993833
0.8652401013904647,1.8252605357953229,0.2890235041563283,0.020794356404481767
0.6601360379721097,1.592408023525555,0.33363507294533734,0.02424294516464634
1.4666986549316605,0.6466588527467625,0.22544976539769057,0.015944766217571602
1.854325260361699,1.5832594887445965,0.09802314554738031,0.00654543091789967
1.3138970519942452,1.5418910163133295,0.0903627164433812,0.006000127390473423
1.4742915145837696,0.6049141115478773,0.47175219562543647,0.035108164471619685
0.1085636295834842,0.6344529940881103,0.40730378460019234,0.030006182832139055
0.11127692661498312,0.1605757164809356,0.1543073858403658,0.010631470293347257
1.0986252431575894,1.8161465231716423,0.1783184520400592,0.01240899935678219
0.6026978311000091,1.1694409996168247,0.20579222073084774,0.014463169784396804
0.9444770308309647,1.2037715947714833,0.3520921273205634,0.025679320819825015
1.9729499699135686,0.7214494216131844,0.4319198734976468,0.03194875508511798
1.6779060085115765,1.6421075243303844,0.1838243120615788,0.012819015887394227
0.6598606436407504,1.8581532329880992,0.2849271435355646,0.02047945481115896
0.0665593920754175,0.9672667989358108,0.18408691788286086,0.012838593295095638
0.07318683062830478,0.9982973430740067,0.34304084016706854,0.024974259633566274
1.1495465026560652,0.5805600378891869,0.3486145158624011,0.025408278246321015
1.6158173856703026,1.789441143580884,0.1752831849776984,0.012183337259895906
1.4338329317603131,1.4922504632387632,0.44925514960888385,0.033321382985882095
1.2643929902127087,1.2145277999717703,0.05398042248902152,0.003459142996250813
0.32655842203332663,1.76223620605095,0.1578680025819422,0.010893923993888187
0.5850785389112991,0.08130471656721316,0.293006567041493,0.021100843891363793
0.40414035223285794,1.860759558768981,0.4266719760001143,0.03153396246109091
0.6870659600025906,1.5840805458433331,0.17590085717233117,0.012229237452173324
1.0411492779282852,0.3756631200907248,0.39682323067496356,0.029181540896153352
0.8433447459487033,1.6950359304827753,0.18922603664601384,0.013222102138246405
1.0027626061490769,1.5032102385801769,0.4281154346891161,0.03164801819526107
0.07389420832040816,0.19512846824499852,0.2818936023697708,0.020246456869772975
1.7558910618803272,1.7306722521095181,0.3417574824089865,0.024874393987056855
1.4194057192564293,1.1136910443217722,0.45357320001773926,0.03366386591406615
0.9377628576878481,1.8389295915757187,0.15831538780174664,0.010926929924778901
0.6410431293617143,1.8554136025765082,0.12881805149719228,0.008765426505726016
0.9315617932597693,1.9012261161056088,0.3605444162445644,0.026338853236681684
1.5034623218754262,1.3858015600440303,0.2761686532159617,0.019807211880671447
0.5591555783431623,0.22230385599619695,0.47160670237036545,0.035096589761101304
0.5987498662896373,1.7092381681834854,0.16198173772913632,0.011197656588914147
0.4216576086846786,1.557077300769889,0.2117909617734276,0.014914303193386883
0.5558346253493245,1.679116650986837,0.24611178029797376,0.017511706535984516
1.0520250213388727,1.5523371910687793,0.13655623494644525,0.009329448312091274
1.9486428524311492,1.464755257866281,0.36175004129365296,0.026433015763391098
1.0491293083716962,1.2709978399311952,0.3788792021284075,0.02777315717396267
0.5283583151107274,1.9154534395433218,0.28220982498823527,0.02027073701334296
1.8845277123833633,1.7984076517050245,0.45041172141092795,0.03341309343066797
1.0066242349239651,0.9860304235578856,0.4446061215481059,0.03295290270768783
1.8880460738475635,1.2564639130881485,0.3631203524398787,0.02654006700460496
0.44709475178459823,1.7542722841256317,0.3330562805947185,0.024197989113100702
1.56828328422866,0.3953938830491899,0.46249878111330506,0.03437250282477156
1.4087087636187072,1.3928125282843484,0.18788328123745707,0.013121828294922
1.365170511303473,0.06208009251187141,0.0536241148877149,0.0034347404066946514
1.8977403199511367,0.21837651147791393,0.37714255844890854,0.02763709289318217
0.793070888915036,0.8555355263777382,0.2977315551237216,0.021464793488727978
1.8263886970876662,0.44280653823162286,0.19139059497969801,0.013383849560424935
1.0708300253949374,0.24016222198649628,0.282174156915316,0.020267998260337726
0.09056323018540802,0.9213138657036555,0.22308783883040828,0.015766259340594963
0.2614267357316453,1.2159935477157258,0.13975735042424586,0.009563424704270566
1.717291016455068,1.2394081427032315,0.4530394552907746,0.033621520121383815
1.7328874650741428,0.35852601220286795,0.13952145032321572,0.009546169531504497
0.7661536342163515,1.0893725472572078,0.1586573070026467,0.01095215941995264
0.32324019477047994,0.5862017043276149,0.38989179646976374,0.028636977161028542
1.4431117012377395,1.3040059520320615,0.4304483442340872,0.03183241047804089
1.3023729023019277,1.703799412537967,0.31103991805038644,0.022492015526414496
0.241731679343,1.2173477230183447,0.06757254163468042,0.004397768204318209
0.25930547528195724,0.65972892518863,0.3020921822455307,0.02180103157569149
1.4658041221336569,1.9053720985296907,0.37881268123145895,0.027767944534870463
1.6326269370347068,1.566980827313945,0.14712122581279252,0.01010305845586607
0.37309136716176194,1.987278719625315,0.34295207602183986,0.02496735154020693
0.18941205862753008,0.6074372531821313,0.1042864883434445,0.006993486028124787
0.40996757978744847,1.4468651901250302,0.30668961875547385,0.02215589227026223
0.7489278237980619,0.2245016797435999,0.4847994733624699,0.036147133239443484
0.2845485431316177,0.7032973478422946,0.30509784345821045,0.022032986651646474
1.3336021616605593,1.97033150884867,0.43604146975895675,0.03227476922554845
1.113566940978829,1.8715432961955987,0.28075120665189945,0.020158757336192153
1.9118761691074224,0.07139154722726127,0.29501778788702687,0.021255712198950946
1.9122295616970248,0.24135326527983936,0.20930301389408235,0.014727089402648899
1.0753753656989231,0.6398408247418133,0.2847346996152434,0.020464668619019164
0.0012645205037540297,0.3559909981550835,0.2877341304875423,0.020695204312106977
1.3686776766436253,1.0009480123343875,0.4526479441958566,0.033590460929919935
0.4091825040862016,1.6538556699195708,0.09177053225016021,0.006100110579531951
0.47159726443059924,1.28815981429801,0.27751621532598475,0.01991054712134875
1.6659328656586345,1.708180763383591,0.1539543724861082,0.010605472220696632
0.2813703664174205,0.45635414850469536,0.4589277597335251,0.03408887114407959
0.3836421470302427,1.7874684364764597,0.1168364175003498,0.007896762251465343
0.7059504520809019,1.5526732305953266,0.16721450164100804,0.011584779540352795
0.02051040740143506,1.9918763494270653,0.2522928944506639,0.017982265209427067
1.0241438874812572,0.5491345411518305,0.32949600100766907,0.02392157339887532
0.8198520148784281,0.6023700709447497,0.1043498326027884,0.006998027114208019
0.03410033953153846,1.3684531235895883,0.060094977984554876,0.0038795910411910696
0.0035365608882533817,1.6857601706968584,0.28772237808312895,0.02069430069975486
1.1348906047132576,1.658486305160373,0.15040381976334394,0.010344217909247593
0.1297829198110061,0.7662132395540047,0.2831741331682579,0.020344789919359108
0.7904152019310193,1.9453134271932448,0.43424231423573917,0.032132431554201514
1.6832228844277115,0.5409042308921941,0.39667694806364395,0.029170041473997325
1.3935851557212997,0.8166869769318807,0.4007691668591168,0.029491844915739352
0.3393626700161949,1.998289914847795,0.13319786129771183,0.009084384233819787
0.4903430347264308,0.7553059805262732,0.17679619243417405,0.012295790960438157
0.4936408460747177,0.11859491793326926,0.3389943307740321,0.02465946477919194
1.7530537516075269,0.3444271506896943,0.1488376049486429,0.010229108382893622
0.08807903866058409,1.0415205918715766,0.14349408035947947,0.009837017933925519
1.6425990013225613,0.45024895300965273,0.4018394348110536,0.029576046031059833
1.4110714436153753,0.9474192385786564,0.1499787984161894,0.010312972597388469
1.3144951922031334,1.172673441472032,0.2344652906506942,0.016627306946567645
1.5961128805639804,1.9272920716000286,0.1439626016369584,0.00987135675422587
1.144815869738319,1.9245398303166537,0.15328444565036575,0.010556146008006313
1.3222153587541103,0.702150748065429,0.39529737353811484,0.029061606148716997
1.5272179943861393,1.7171902146939289,0.2577345600977423,0.0183971904440387
1.3865991986699333,1.168737695016748,0.14987686223275615,0.010305479698320817
0.6577000872448653,1.5265815640402909,0.499890977155796,0.03735129179169676
0.7804667098197975,1.8435931742341412,0.4958698894741628,0.03703019886803798
1.3646590331603217,0.6955017391020006,0.13977235626404091,0.00956452239097472
0.9695497462128653,0.9110552388402593,0.3193491103608308,0.02313491869709966
0.15640677271898995,0.9334681675017473,0.411153117247242,0.03030942990669921
1.9900328879439364,1.2983240409965249,0.32485981089380145,0.023561934437237413
1.4364751210852498,1.7464018175930272,0.21011223079795388,0.01478796481948302
0.302565279523515,1.0781720715722247,0.3934080773761647,0.028913148797293873
0.41022994160827286,0.27766935183279107,0.29752898462463656,0.021449181955582486
0.3447818884664573,1.4449361046736275,0.4972373851474735,0.037139376395790985
0.8568652774533954,0.7566581894480733,0.16237053959732783,0.011226391051196513
0.5103395080651105,1.892081763154487,0.43370807248490806,0.03209017359301982
0.9834904250434431,0.5990452990395245,0.46866118659287465,0.03486231244672087
1.1230869307350866,1.5233473484527396,0.3391184687150804,0.024669118148919904
0.9327835049288675,3.970633728922479e-05,0.3296951717321835,0.023937031347395277
1.1639517844233571,0.07368429711624147,0.4352395319570684,0.03221132002284512
1.1841527942287335,0.18375763408849277,0.3924080796519769,0.028834590743011052
1.6631325630935225,0.611413122051687,0.33952432038912234,0.02470068019531681
1.6912384416023412,1.0288723546247647,0.35151135376468273,0.025634042841270438
0.9132505759788501,1.372658016835775,0.3256963031115027,0.023626796852186875
1.844593817819569,1.5747239893069043,0.1588740503490787,0.010968154396861624
0.036297107954890384,1.2748184566833496,0.31925769038126894,0.02312783896535369
0.8804854709478083,0.76193565175355,0.4508753365890684,0.03344986039461634
0.5280291018622294,1.091230659641477,0.34482911277185824,0.025113458660030712
0.18243990789981335,0.09268668287856197,0.3661926214906595,0.026780179517928732
0.8434480615723767,1.1377970657012195,0.1712731807228819,0.011885620573210895
1.7223791628711045,1.368615133062369,0.3606793137496987,0.02634938801294344
0.4406969048225864,0.6465783843890625,0.24605050073275142,0.017507045464986423
0.3105765104311411,1.7303060478592647,0.18871837535320257,0.01318418538532844
1.9700362852549156,0.1455424110369128,0.0967007555029921,0.006451080494367871
0.5508941477795843,1.1100315759834478,0.19513970067620995,0.013664300874705698
0.730215636142284,1.823218936703898,0.3577316430329351,0.026119252738813527
1.1074142945144811,0.998065698953924,0.45710585482666916,0.033944223240765355
1.457486102216898,1.0240074161477404,0.3316944147207819,0.02409223132880056
1.596257637927376,1.050872523491095,0.4148772040919867,0.030602996746160037
1.069480405910857,1.9715179874164657,0.43022759749288514,0.03181495977991433
0.2216036597598976,0.9835093789075229,0.21768144081470464,0.015358153824579517
0.0066714990070682045,0.2885785078067431,0.15870696412053248,0.01095582382592175
0.6830700464313606,0.8054443202652242,0.32416148079237206,0.023507794070551615
0.44443326387394566,1.1777870641841506,0.06054997005257498,0.003910999198581941
1.8244634088383171,1.8971629427200911,0.07349566028061338,0.004811070111170558
1.1730229981790103,1.0100991363795713,0.459563415946167,0.034139347621148584
1.5012585627522845,1.712090832029195,0.39825091767294174,0.029293788139607625
0.6656669923951095,1.2363983157755765,0.3040551093942217,0.02195249807739611
1.7123665729534123,1.7808133096679066,0.38153114095402485,0.027981016888529917
1.7226347455112856,0.3574833141737561,0.27553777688642844,0.019758846272797295
0.12812915361100718,0.8479269284860589,0.3929806059719474,0.02887956571099426
1.6773984238769648,1.5079953644955495,0.2962835371458323,0.021353214988198307
1.7155182949958148,1.3671548101288657,0.4242234614107889,0.031340552568629054
0.15570239768514949,0.9986764392606982,0.24514239036802637,0.017437981806861826
0.15040934575378628,1.3458393118292855,0.2138947608641132,0.015072728977295257
0.4748806194159825,0.21379666879215864,0.14254054505196545,0.009767155424772701
0.5463542982493215,0.3886755349336568,0.25551925062340813,0.01822820013223358
0.7165231403171195,1.9756021602401737,0.36705186751717,0.026847358630449302
0.6086798430146652,1.9684583683034118,0.3238153928524969,0.023480965431737975
0.3833823331213,1.9633616145050226,0.1899212843330662,0.013274040931732048
0.1976808423022567,0.35709042327908813,0.2533083002706639,0.01805964311251206
0.07065841149416041,1.3702122613223107,0.3523914999748033,0.025702662374970174
1.55157326657667,0.3165753088615595,0.21831574997601122,0.015405999194555028
1.6007221125502495,0.491981667158655,0.30565354293512337,0.022075888815814557
1.273250430299905,1.0349814294343769,0.49734078529115366,0.03714763245495093
0.5813117371737213,0.9354649323766773,0.2023070292166284,0.014201481839123937
1.7020548984034665,1.5809450798265503,0.2956359234437407,0.021303324619616634
0.7181345452660459,0.8155392368222243,0.34958617370333767,0.025483989869640386
0.08234651993495024,0.05025118953300178,0.4507958049448068,0.033443552958603566
0.30728196673580666,1.504727782538686,0.32261189288921455,0.023387685871152312
1.0995493380505559,0.5734963688582295,0.2574331214392852,0.018374189907382026
0.5248492638674205,0.4107740318361577,0.4403138466105375,0.03261293445182681
1.5854221190545918,1.3567617521611308,0.10657764995035393,0.0071578573056966955
0.657426081459495,0.5305239336041141,0.15781763084688763,0.010890208213303712
0.7471466128183057,0.41920835289575265,0.11609944914800611,0.007843526588191714
0.7427051462300565,1.505323850332294,0.09167195555503907,0.006093106189580968
0.6137352678952981,0.03450542173783022,0.07731287120462021,0.005078659652253657
0.012761967066182933,1.4196652501956655,0.10208013059210139,0.006835433993237699
1.1106107441176436,1.3302943734657926,0.24710869629146404,0.017587545597247192
0.8099959266729078,1.6709813663952202,0.48518936573674387,0.03617821074935614
1.8662375421146826,0.8051249346776588,0.47116227117608284,0.03506123458001927
1.8277386175128714,0.3495248871523333,0.25458265270441155,0.018156784042016885
1.263400599665853,0.5946534621165609,0.32689954168124347,0.0237201172871527
1.092335334022303,1.1681566377659707,0.3785695368035394,0.027748892049730987
1.4080691706294992,0.668310629281968,0.1963990584235903,0.013758590757740271
0.8410755711707529,1.965501002880594,0.15779828722610328,0.010888781310793265
1.3060674568390007,0.9310696872564059,0.3277618081330612,0.023787007288102402
1.4767626181051972,1.4745530459589382,0.13919599055621096,0.009522366723293079
0.6662430246378879,1.101124858180751,0.2641090554840616,0.01888401219219513
0.3583848919653574,1.6717852095749228,0.1530476647843378,0.010538715563825452
1.4634152356082415,1.2364316859367919,0.17760569854066988,0.012355984502434794
1.6511911471381568,1.944172388404152,0.2727840898309625,0.01954782682207969
1.7307495055118052,0.5447342056087934,0.11018967640763119,0.0074174830614089065
0.9612129214023493,1.5181901787256729,0.2823611607881095,0.020282357513608296
0.19560967638888083,0.9773490099394915,0.15082856614179108,0.010375449093925503
0.7324139871027939,1.8900186653758408,0.3665521236293044,0.026808285436441738
1.672608124323458,0.9089017277252309,0.2856327480162015,0.020533674956417
1.4150098904597546,1.8781315050238372,0.2574961676723998,0.018379000341774816
1.6201739328346922,0.15980574283847981,0.4677488777746365,0.03478977076897302
0.9711280783959375,1.464644322403496,0.22934903913259302,0.01623974276202962
0.09292065830123142,0.1825261862939096,0.12486682227526524,0.008478320689265734
0.7376107602540365,0.15870594957647333,0.31065751187991447,0.022462456071992324
1.3701776231692708,1.3364407233750657,0.4370301859162544,0.032353007386979604
1.1257149611695476,1.9999904493730285,0.30943608299582126,0.022368058182157972
1.5150760033291812,0.037793469922924094,0.29333500863884543,0.021126129599468687
0.5828342854531856,1.276836008803387,0.17325364702302692,0.012032597872081233
0.1332158930964933,1.1078619306204562,0.1856509102849861,0.012955229613362255
0.4879382354191031,1.614794712122887,0.1765099313130668,0.012274509601164742
0.3897668362863371,0.20270166901522413,0.1920410135354098,0.013432477060549676
1.923120038578509,0.8119029583570909,0.0830948427754005,0.005485707084092679
1.7144618714319217,1.4639168398872122,0.22421468114239534,0.015851406306626323
0.7223651123436778,0.4305660729593548,0.2085751486335869,0.014672347741267333
1.0977733632546107,1.808124523263887,0.19888103041646887,0.013944541408417268
0.7945381196354526,0.6007527374476482,0.3686796047956633,0.02697465103475922
1.6957527312093186,1.741933540678347,0.1225839787988185,0.008312728045719905
1.2862069392018687,0.5564709339374185,0.24208501286282774,0.017205592072780836
1.332321837853472,0.08074790811853738,0.48313308792915194,0.03601432857553
1.9049866900763144,0.1387888505411139,0.47481909161220215,0.03535220847819175
1.0628619689858727,1.3434232804749184,0.18647899722026268,0.013017012529624969
1.8072003758670723,1.4871865835957854,0.3090360106009544,0.022337144250683665
1.5498774690309083,1.2382355740160214,0.14909095570969105,0.01024772284605935
1.915845561739892,0.6684804193974423,0.3226341348309395,0.023389409557791924
1.415916388941917,1.5372196001101273,0.203731968412179,0.014308437067258475
0.32678912839437624,1.9482146225741195,0.14475775576408514,0.009929652758941811
0.8707527548645952,0.6137057850854197,0.3696087264329756,0.027047327656127555
0.46499482990596697,1.8018932356004547,0.21112075513124606,0.014863856289756184
1.2439597021535662,1.9677276136959458,0.37157504147826875,0.027201175893530147
1.893569810520329,0.9132781194632817,0.19019604471295887,0.013294570650179811
0.0025564288643553645,0.4190669793116204,0.10964174324262903,0.0073780603653896566
0.8337383099082674,1.4534300735917527,0.3210873950561595,0.023269561235294965
0.7825772345135928,1.9073002966860615,0.09612943536618554,0.00641034517399466
1.2495956128110495,0.3339668269696361,0.20991191952381316,0.014772894381127463
1.219473678363173,0.16625727437784965,0.14478368014902893,0.00993155375435895
1.1394032259283953,1.917716263715667,0.19401129368740383,0.013579851109079954
1.0681862385618732,0.8592115377949863,0.34451281987147164,0.02508883480728877
0.8526842626226776,1.5890309188752556,0.39326494147314667,0.02890190344788527
1.202356146714884,0.3674621991569673,0.17589461861702155,0.01222877379965235
1.7922091270918603,1.4578037990213792,0.12293924277761253,0.008338484265463342
1.9598981639253037,0.5797461394455934,0.314967279145356,0.022795739583564553
0.3846430345759311,0.3516489732295429,0.13780407232566017,0.009420610897083773
1.7140383460664794,0.5517235797227156,0.13713262938585635,0.009371550539436939
1.4455331009262613,0.01221318824552764,0.41372492355525825,0.030512143873711973
1.0052769342574102,1.478458559364768,0.41375090575539814,0.030514192277683025
1.1863778923877621,1.2157014467578904,0.29985870196643033,0.021628770823417097
0.6513694476723491,1.2906857958410816,0.16411037477833113,0.011355031851383713
1.1197857614680025,1.1666503280515197,0.26698765669687524,0.0191041187161121
0.06899589394880934,1.8963062283919123,0.2866711087290227,0.020613481599137434
1.402599542805451,0.5899098861789271,0.4732657191357532,0.03522858737418139
0.04694232733066839,1.7595244161009502,0.36185321555906486,0.026441074955145298
1.6365916984450781,0.07544525657737089,0.3150363964085557,0.022801087144898192
1.5563205506940694,0.8978341508012935,0.2841312982657956,0.020418311490303296
0.6194895856653839,1.1401165840359853,0.2868377234647274,0.020626289184060106
1.8509533328127186,1.478267312896563,0.10613857377435429,0.007126338288714417
1.358373749993603,1.5181479175841506,0.2160506292915853,0.015235187395873219
0.6718338710368406,1.243699868148071,0.24028921472985776,0.017069188570196684
0.05222762613391452,1.1586440567855767,0.27340639239729414,0.019595502063311888
1.7976507549685226,0.9248706151544961,0.11172397478885382,0.007527944544601842
0.05923669373162932,1.766995562006738,0.2822416370014484,0.020273179701113742
0.19628120430933782,1.7199569244761195,0.3546561517012923,0.025879277503890494
0.7286415722867028,1.4123233609274697,0.46565591349135665,0.03462338690954478
1.8681533868865905,0.8788074386922426,0.16082845678507446,0.01111245121534502
0.9067232567509205,1.3613598665566933,0.4510883782609908,0.033466756522015154
1.3654777089042678,1.383857852718272,0.20483973832565128,0.014391621414291287
0.6929528690261575,0.5741505925861576,0.18757871823013011,0.013099091105978572
0.6942062264688287,1.890459368928137,0.10969630962858572,0.007381985699457586
0.9624416909212354,1.6398230133152718,0.17210144755217327,0.011947074949636765
0.9312312623090386,0.03333301918921894,0.17766145681917905,0.01236013129416887
1.537238277599896,0.2590364055020262,0.28445190350682653,0.020442941578800184
0.4101471645464536,0.7680715497309445,0.07865796778541015,0.005173171811767221
0.1751017172149083,1.307842971798533,0.12919800491070155,0.008793067173659467
1.0934692465498286,0.3023876222813855,0.055702376275853616,0.003577230644148387
1.5212781993051117,0.25209096920394103,0.2769223915014346,0.019865006592479778
0.42083311753091035,1.1052351955695248,0.15623978595619764,0.010773856606920327
0.9922183759432326,1.8248052822169396,0.24142163746555756,0.017155195884524976
1.7278497331392695,1.1837631228582663,0.4109549131776306,0.030293810762696338
1.320201534869325,0.9320085142879013,0.4309371008504987,0.031871050364894786
0.940092122165556,0.8541796170748011,0.39159863565475744,0.028771012366312475
0.22343686790889805,0.39855314379130924,0.29694482600315236,0.02140416661785093
1.1282727890218007,0.8724648978263785,0.47008516777645104,0.03497555890758771
1.8709506798026119,1.41756745463933,0.4565688892563811,0.033901599100857
0.9156945282541391,1.7722663588560417,0.40969062410081497,0.03019419279433045
0.19148667850529932,0.23736461458688618,0.1568015582550866,0.010815272915805762
1.190634407246612,1.7096271873059734,0.0738318682836204,0.004834600775069451
0.19002771830025633,0.9788227191735044,0.14557753312162025,0.009989777128857612
0.9946287275859331,0.8919966070808676,0.23388001197878305,0.016582941350057483
1.0867460011835663,1.1534262413978202,0.4697004472446538,0.03494496049341998
0.45489428586059044,0.8789836969892357,0.4073750371442015,0.030011794255125974
1.403712204642335,0.26441378005755434,0.14489000439176514,0.009939350593783817
0.4701342249028393,0.7307555536491297,0.051889387937693904,0.0033160945184912798
1.5566679101996008,1.9564772270558792,0.18347747131392828,0.012793161677660552
0.7419378380691615,1.720155318429244,0.3302408616171658,0.023979386484903543
0.7723123702204744,0.1875430922626642,0.4241549029987991,0.031335138197774254
0.6569503368523253,0.0885826897783275,0.05745087612913034,0.0036973967767462016
0.5380996564091092,1.4268331379685593,0.22834726548114243,0.016163926216612133
1.5751754254472594,1.698924171897651,0.10566687086971771,0.007092487190942333
0.9594052219141975,1.136515703186953,0.3955594488696266,0.029082203409348792
1.4434897929869297,0.3269783816002996,0.30635053308983917,0.022129706778552038
0.9088453264123029,1.1768614725366446,0.0686643869190652,0.004473773126160979
1.9407755400741795,1.115452928160919,0.15901634609686544,0.010978656194147637
1.7139550525086338,1.322288914628308,0.35311114090258094,0.025758777098145468
0.33000185809044447,0.8675105448327423,0.15958421599853265,0.011020572926107607
0.058688453492244275,0.2998755748654005,0.4497978254246371,0.033364412477891174
1.7219140339206924,1.8248758811951846,0.269207043593553,0.01927393164790568
0.20309945511288463,1.8210732095680773,0.1891806498438771,0.013218711953933364
0.19342261114583592,0.2618371629376084,0.05303843401148717,0.0033946529690954746
0.7856242542155158,0.0831634472761722,0.08663528119126847,0.005735927623250227
1.9034777111331571,0.8122244126491662,0.3779467576790033,0.027700095729391618
0.33625960812189404,1.882610949934051,0.2856164370291955,0.020532421481129666
0.9933529592606287,0.8788521388197881,0.2637291722606107,0.018854977499186666
1.6334605333244838,1.469290849484699,0.3296636855018264,0.023934587609383867
0.055711160794664316,0.07814388383668525,0.2665564093022027,0.019071133768394803
1.178538632560957,1.6754750862263565,0.17991236907892744,0.012527608299075258
0.04358039544710057,1.8737720752308227,0.09397404893791898,0.006256816524421819
1.2258517702115939,1.809373153245739,0.21528795755010754,0.015177702377756622
0.3997201460156692,1.3603109864054854,0.18260928158344414,0.012728459859667772
0.9390897233290236,0.934341817737468,0.10909088135085793,0.007338440654318593
1.3861078248668575,0.6046414400722373,0.41830431461719497,0.030873313917889895
0.507284929758602,0.5666876780626529,0.3837655550268657,0.028156228323155272
1.0492702290670033,0.23829601400825395,0.3525425310105583,0.02571443851642788
1.673985977390774,1.8942808340760982,0.15486326932692618,0.010672417285623582
1.9135455514981508,0.774706254195541,0.21792061643071875,0.015376193498074054
0.9392182687466946,0.7545438321281792,0.19870138301226575,0.013931076729913939
1.4755467340581159,0.7023475403185144,0.39103185486787223,0.028726499546959355
0.5846119260751705,1.3696808705983325,0.14689372110017723,0.010086358225877539
1.2759990511862045,1.2720876133025454,0.14667568893146918,0.0100703550128764
1.106737601885572,0.14152998016272034,0.3383127140168184,0.024606464393696233
0.9745938804071796,0.13749246997313236,0.3665544897671957,0.026808470427676544
0.4306755243291398,1.506732714130304,0.21552371955797317,0.015195471019199758
0.6890385669646304,0.6123262056482275,0.30201788246354905,0.02179529966893802
1.4651975007411873,0.5145558141383679,0.3260255325928009,0.023652328778466566
0.5720270146246198,1.1351293056066383,0.38250638742710813,0.02805748209453891
0.36231439462086157,1.0522020721401664,0.33328806707381575,0.024215991822780083
0.22813647464474762,1.5208475343925494,0.43854312234709153,0.03247275129244357
1.9502861895691586,0.8083743137387167,0.23358060076011422,0.016560248186559514
1.316300439965518,1.4286323031938373,0.15569488817842758,0.010733694176789134
1.887193801515893,0.9544396662064445,0.46329634596530045,0.03443587083919955
1.5036359468695015,1.4732615053192808,0.2598051276028327,0.01855523007268857
0.5534883602190379,0.685825495577018,0.07074805095459988,0.004619050516690252
0.3733604258594414,0.5657373012930638,0.4852781041929307,0.03618528414784101
1.4675738062150243,0.6816536662322281,0.1976343033050218,0.013851115814942788
0.050624505175467904,1.8882690760528948,0.19315607109719712,0.013515868974796426
0.6464881514164869,1.0213999111386103,0.46313752603785396,0.03442325169924701
0.3649050300832615,0.3587464207360842,0.1266690734871546,0.008609200016500028
0.31048849919186683,1.8410155090945364,0.10748308985444921,0.007222882426897047
1.6228853158684124,1.5201104817872853,0.3466977983135382,0.025258970250204796
0.38524537152873806,0.12795198936127505,0.38528405507250574,0.02827534161036895
0.055293607087843144,1.9679366216731862,0.08046447746154894,0.005300280059237695
1.8565155226837147,1.6242173982061874,0.2693192740843844,0.019282521362001696
0.9758309621548096,1.3852072036517435,0.4001934561228452,0.029446558480114886
1.0958603951078187,1.6738832480128778,0.49195664291126595,0.036717889741778684
0.8980814932450563,0.7833962864416042,0.21983096213232745,0.015520329064170143
0.253949242718021,1.4131613931524807,0.2910629420091496,0.020951250277604125
1.7025900662632663,1.813843663157567,0.2393230765132494,0.016995832637734156
1.154534547032582,0.6686847421937998,0.3768669766501347,0.02761550530621535
0.8215953435898868,1.7540196358977618,0.2524565428556249,0.01799473440905322
0.9120405371788938,1.0345880452508587,0.45753890360414995,0.03397860101881305
0.11786090472844091,0.970778049306543,0.3530395028193868,0.025753190692818225
1.5642961141251992,0.32239072901259513,0.46358108741265036,0.03445849590211308
1.0581887915764085,0.4204483036649138,0.31349380555124007,0.0226817571016861
1.2083077570169796,0.12686960448866968,0.07332464262943494,0.0047991037049543855
0.6872960056731761,0.31729870405045046,0.44124337040729844,0.032686537764437765
0.8845634612283155,1.4597846618334136,0.1616040360257961,0.011169747042688609
0.9834148832731864,0.7779720078405306,0.30186811863017604,0.021783746332820274
1.9106461676403912,1.511113497736562,0.40801040811075395,0.030061835254591364
0.49587781777255424,0.07981906637943137,0.08870315571219875,0.005882403337977547
0.18918799692246702,0.6991658680905852,0.3081969495211112,0.02227231826558869
0.3141445424680549,0.08927832812524672,0.43927984509476825,0.0325310707832819
0.6148272695447721,1.9563104995394078,0.11496366896813393,0.007761528041496357
0.26446469599600064,1.5303915947012294,0.3906193021725366,0.028694102017663103
0.4117279055054952,0.9095170335438223,0.27490984883624153,0.01971071427917954
0.1756907951439135,1.2566003949489912,0.3907063662649808,0.02870093891502301
1.1741874681907056,1.0622162362619851,0.2844824485710657,0.020445288264355415
1.0615315486965795,1.5297664393094796,0.4498691845594719,0.03337007090581478
1.6757709208865899,1.8290817603673166,0.08866230219185962,0.005879507221545124
1.3498728355235343,1.3825480781858208,0.4481295436668491,0.033232143622069034
0.7668781965924722,0.024733746925258426,0.26896782138152864,0.019255623273518787
1.404877775241326,1.257709804582506,0.274396225146353,0.019671349592000995
1.8452633458241114,0.7526786776727372,0.3172505294556356,0.0229724360388326
0.8930354293262805,1.80934271247069,0.18399313986730204,0.012831601871363374
0.44355782002947985,0.6984340419277415,0.08952341069764468,0.005940570844471531
0.6657390155213658,0.9988628535743911,0.29825197273141185,0.021504903954999773
1.4915844164639813,0.6469495972519741,0.20682911539021104,0.014541084993881855
1.892020289923946,0.1306798182364286,0.4204197220107882,0.031040245409473966
0.07049002693887063,1.5740137163619172,0.22986181787801918,0.016278559891512674
1.5240909791147668,0.537365643449172,0.2554382615347295,0.01822202395669652
1.063891036943406,1.4023602456631696,0.4375646753388721,0.03239530719139854
0.7076426576288177,1.6365408742585013,0.31441780405590736,0.022753229906277518
1.5542690653473357,1.0177987300874818,0.26616923277051113,0.019041522818487932
1.2918573256451094,0.8376510925142324,0.18179171151656182,0.01266754987128515
0.9989054338068397,0.8697662296343855,0.1853622043214832,0.012933693953692458
1.895615113631707,1.2773778501293722,0.40747849883479803,0.03001994239786304
1.6842091420450886,1.5345340961318683,0.43434329451448567,0.032140419391402435
0.0017927620776394537,0.4507648706605383,0.08223400489430135,0.005424977281658723
0.9310928166666164,0.26686402544136634,0.24789663116644023,0.01764750164008203
1.1023367243717486,0.8858869830639211,0.08028422350754344,0.0052875882499315
0.9082487472769596,0.6586408566372444,0.39726652385068284,0.02921639040120884
1.5681485702206568,0.34523187682685696,0.48368534782439754,0.036058338119945944
0.8223080997360532,0.5819164434779245,0.11011761878687275,0.007412297885688509
1.3014356918050043,0.2224122506681081,0.2534861982252321,0.018073201839718656
0.784742580427124,1.6574043673333032,0.09903202526403349,0.0066174720282564286
0.04972934908934579,0.7272827188085325,0.27808313342408447,0.019954030516317143
0.796796577045982,0.8727633497708116,0.15560151323753962,0.010726812822459094
0.1300864850338459,0.7183598957764732,0.18927119758396327,0.013225475507238618
1.5265454254782755,1.3522112685554613,0.19178334104032418,0.013413211228339402
1.7301854905010294,0.2477822605795339,0.4709762605862052,0.03504643783612141
1.3464554965346534,1.3329633747255119,0.32399545187760415,0.023494923309456434
1.723497066373111,1.3571730727257603,0.1317227189226812,0.008976875599229592
1.2907646144510654,1.5230708462055722,0.3161840620598235,0.022889893169716444
0.8038215628740106,1.2989714395332537,0.0924643662632989,0.006149425773944977
0.5053740493714451,0.36652603869285905,0.18144024240915035,0.012641370788782864
0.27642428524095486,0.6257468981584231,0.4685278072287012,0.03485170625956149
1.1281697456721274,0.8601641921047061,0.4973766602542449,0.037150496944968074
1.284195824270342,1.2770664199636015,0.18032808752626206,0.01255855531228053
0.06864611265490916,1.136645460528358,0.1775067747229983,0.012348627673031371
1.8924011249716475,0.4678394305123599,0.21789099052881378,0.015373958908513084
0.9518691926811993,1.751646458596217,0.07328702252554517,0.004796471618276819
1.7897034355225179,1.1203131849111465,0.4958877821999332,0.037031627245728754
1.7205885632665945,0.27408009874379835,0.468122489482821,0.034819477096180135
1.9595244351653833,1.4314572644578258,0.06541714107814225,0.004247977529897608
1.8172861829415783,1.312406107709706,0.2705179105080393,0.01937427602599078
0.2816287216483526,1.6687316662104124,0.3758789933948327,0.02753812100116064
0.9566643985326968,1.275072056540324,0.45774722709670257,0.0339951396758359
1.5546322040774032,0.5925007582092214,0.33770795289918004,0.024559446229982348
0.6786861789567444,0.9870655155337427,0.17419171700069133,0.012102255862522034
0.5727656798518777,0.23324074626804725,0.15280377358305958,0.010520763642980262
1.8763169995904028,0.2531974959260628,0.2191806104674826,0.01547125029570799
0.6796594689511641,0.11840811725896683,0.4760379390317035,0.03544922682127454
0.9375786306983158,1.2465121841234608,0.18825620970037305,0.013149672778741866
0.5378961249489009,0.02312127789975804,0.12277181087190325,0.008326345008893267
0.1786292367208282,0.9655093849638092,0.26467244412622193,0.01892707761466381
0.49117712826225013,1.6381002697750742,0.11264229312214258,0.0075941088590686925
1.4701690579190336,1.4232549419995981,0.1986733535797412,0.013928975983208492
1.5221681048648044,1.3032104534325348,0.10606338335065715,0.007120941656673994
0.2756308158310563,1.4602423396358548,0.4407777096673023,0.03264966359561743
0.7107321178049413,0.30445182743599886,0.2447884956960128,0.017411072166551616
1.7922032235401277,0.9981801726319401,0.27845419540541144,0.0199824947916869
1.5621315997518248,0.6095335077277579,0.28119841384065675,0.02019308564916172
0.19551562509620557,0.165159948961624,0.2594946006357358,0.018531523010609872
0.05402692362902162,0.7789634387842672,0.05540464609047705,0.0035567947536481234
0.5280492789961466,0.21228266917070515,0.12284695045404363,0.008331792686393018
0.59629041897054,1.7505132388875755,0.1676323907717692,0.011615731633904806
1.6018550399914522,1.5020122827602094,0.28297058218092225,0.02032915701122791
1.0218483898119632,1.1094757135189959,0.14333747990916795,0.00982554211116452
1.3044578149012014,1.096942895343627,0.18230293120779667,0.012705634166140378
0.16204560365231258,0.39597695656414356,0.2899258846625022,0.020863767110730996
1.1774366568195473,0.08989662470351512,0.38607549167941263,0.028337435865384782
1.148301526156286,0.7596646822438886,0.13289942092487872,0.009062627187980813
1.1980010680894884,0.5240422039520296,0.40117421728503055,0.02952370959683124
1.7409606789586074,1.5848411673432616,0.4129532991669491,0.030451314026115936
1.0365169437727666,0.7671282182054004,0.3659033123720542,0.02675756268022746
0.45281078769777383,0.9426313316787795,0.08808508508084882,0.005838598013433193
1.6856159807053388,1.0069859898276685,0.19082863274914735,0.013341844535123567
0.0787292821042016,1.0666053440961696,0.20832619027480132,0.014653626976938337
0.1287830396503169,0.005357264977330578,0.3813233127506079,0.027964723645789887
0.7669183563043329,0.38809324499472986,0.07588703863739096,0.004978598492332353
1.735488451671403,0.7174424341207193,0.21092543487119164,0.01484915648047388
0.6048928034998757,0.33833382373886645,0.08527598126023245,0.005639774018285733
1.0973668881446808,0.731002939260716,0.1761809081855939,0.012250052150342045
1.8716045617415265,0.015566905053545188,0.21047936653297172,0.014815588885560543
0.044418220170147515,1.0553671934684914,0.42818348445219595,0.03165339584284805
0.43775520780915644,1.9620388885751214,0.11614031394754296,0.007846477889600327
0.9308254442950517,1.8182555903537156,0.31914330723684164,0.023118981120791953
0.8754941387832922,0.45511267490453866,0.27435969486051653,0.019668550064069455
1.3542682130016928,1.368252403386117,0.05274589928982745,0.003374641589636837
0.8960702367411804,1.7820410283342516,0.3946087370451267,0.02900748870101068
0.002834194548813729,0.06754132766884058,0.4001084618346696,0.02943987305812381
1.9101988326949548,0.726692882413553,0.23920771536955354,0.016987074981303925
0.9101554623646573,1.2696559781759202,0.2486953943465639,0.01770829506010102
0.8695996679231466,0.37295032522344007,0.07379833903173677,0.0048322537835386115
1.4511851015466215,0.7581469212519047,0.38228110145699923,0.028039817119505712
0.6746208976633072,0.43879453026194204,0.3809012171775684,0.027931634231044118
0.2695602725460302,0.18929040974570022,0.07386819212969455,0.004837143466510847
1.1795905934322384,0.647785055575443,0.28146733434234844,0.020213730215438784
1.6720010308958555,0.406792948104554,0.18221005467097795,0.01269871460137587
1.5180560374073557,0.42016180477469023,0.3092139292291379,0.02235089183244035
1.8692958734695004,0.5425030135467246,0.3839073521850656,0.02816734971785333
1.6411338225351872,1.0207275778502827,0.2317041923220064,0.01641807605612102
1.8255558706860342,1.794843576946639,0.22452033372732394,0.015874507262281897
1.7002228951671545,1.9705349622836181,0.4825014645143259,0.03596399881421842
1.7701613857695198,1.249754668852415,0.3065899337149563,0.02214819400284062
1.364829903206148,0.714095496038311,0.22108887746955125,0.015615286014478199
1.5203268113537574,0.749166541148321,0.3303700960949295,0.02398941806208231
0.7687698551470532,1.7568555391899556,0.45366201018676877,0.03367091219473223
0.9114718134767561,1.301100855566208,0.3814137323890606,0.02797181225767371
1.1105514373429022,0.29178304859003346,0.359574211932282,0.026263093468038564
1.7389869461617877,1.5553447545930263,0.40585387230772535,0.029892011164745668
1.433707926391291,0.5968822376746534,0.27732101343835514,0.019895576286933666
1.1288992537359084,1.9213585348057527,0.31315194615467795,0.022655317396174445
1.9892198259267535,1.579109178198187,0.055225769624521324,0.003544520499659345
0.4895342220190144,1.306952781769413,0.43675384057610067,0.03233113865526582
0.9953977015154871,0.641197461605719,0.49047525210028275,0.036599707268752425
0.20169396569003428,0.9875996822681892,0.4212121405368388,0.031102791852162793
1.6848402882692608,1.9320394909033134,0.06907377680127841,0.0045022929197798215
1.893285626908895,1.2491000523484461,0.08293273535409704,0.005474267508895875
0.43185822411983255,0.25742286791037405,0.3925499631304047,0.02884573601829937
1.8504091071304414,0.8003440960764534,0.33665577679402053,0.02447765689218568
1.5095721461340796,0.4071111503859628,0.11865665307985154,0.008028347856249347
1.7562376216763556,0.6522531120481339,0.16213025864878777,0.011208632489367145
1.506268199928504,0.04799544901744435,0.4364137256569972,0.032304224795546566
1.9327277595438457,1.2380866187942328,0.12791923834449526,0.00870006249867664
1.8010652858702376,0.26000906246955746,0.4320887529206177,0.031962109075283844
0.021227723269743537,1.6584596071880293,0.22356410590833636,0.01580224363587207
1.5076904822486001,0.8235471890184887,0.10269104024443027,0.006879173014648918
1.768294447461149,1.655862359638295,0.26078524219078775,0.018630069359151184
1.0306807695784508,1.1386312922819666,0.09738203647527377,0.006499677764683083
0.13327255713616526,0.16219841487542896,0.16922546815707365,0.011733775971158994
0.7214786365839496,0.9818057256148025,0.1426294893075381,0.009773670728118864
0.6166914969078428,0.31983311277661297,0.17736383087828744,0.01233799763401454
0.8469261461879445,1.4891412403430957,0.06857235395645826,0.004467363341696782
0.11806525610101914,0.2176554021374617,0.39388087886508,0.028950296046497077
0.2962490381114946,1.4545780310234049,0.4459773222323232,0.03306155605925234
0.4428992839498369,1.1765515741905468,0.11845253111408421,0.0080135848179974
1.3540874238196647,0.13525205459087153,0.34424704164548703,0.02506814479987521
0.34528924818400264,0.7728821990534818,0.1674890814420933,0.011605116438628967
0.8219807356035034,1.0956974533997055,0.24821011417439565,0.017671359047983975
1.9252689560178553,0.26093604994364017,0.16770447240532182,0.011621071094650515
0.39790208271947125,0.12437531431401005,0.16485848646732673,0.011410375102180872
0.2528056591928589,0.12184297017487622,0.059482429051237906,0.003837332643643878
0.36754095237228435,1.7589720587653068,0.0649471932172571,0.004215363073694151
0.6928660743921575,1.3300894864734374,0.43652370440772115,0.03231292743889131
1.4087466429729871,1.9887899820307169,0.12497468003470197,0.008486149662676277
1.350186146898998,0.3076653861653418,0.41531852901708183,0.030637798127117505
0.29712824767757295,0.579122138780644,0.09251004704403754,0.006152673495520755
0.9084437101634344,0.6638405105156202,0.44092192486600873,0.032661083243859225
0.09147770898856411,1.3771872646474221,0.055589738221440275,0.003569498396642086
0.5727188887723582,1.5985524045047288,0.4532638916677304,0.03363932584774177
0.41975835637246717,0.32629872159030504,0.37067901836070066,0.027131062351998428
0.7632665970866568,0.8141730187571554,0.2689389402916541,0.019253412995372653
0.807046099540742,0.5325051426450562,0.36865528020244637,0.026972748515663027
0.03684143377292326,1.0332837342435064,0.2699775402326543,0.019332907631509032
1.125101212257726,1.0286922659226367,0.1998445202227786,0.014016769838613741
0.582187389412596,1.8680224701683052,0.18842310833613857,0.01316213540028318
0.24482424173658557,1.4270053725249872,0.15633958038727355,0.010781213139043578
0.7894425029111904,1.5142428697262431,0.1836349699898977,0.012804901529414834
0.6865085747179047,1.5255545160309607,0.4713055249389702,0.03507263038469161
1.9443954045122165,1.2050625377160806,0.40291516063293886,0.02966069212710524
1.9932233611156456,1.0596969554133977,0.4441883975047376,0.03291980702569491
1.5569669891173845,1.684944738076371,0.3857635253387021,0.028312958670214307
1.6191698143680062,0.19015082098948222,0.2642695837309955,0.018896282324718797
0.9894097585524375,0.5802341740274684,0.15723552886376313,0.010847274137736715
1.1125755497574594,1.3840141885226818,0.38929944430733404,0.02859047019758809
1.051777432662671,1.6026334128289945,0.09880762229954196,0.006601443679922939
0.6089181584655061,1.623870894451469,0.2860273873947851,0.020564003915169
1.6114199605067872,0.9688409404622365,0.34462202367841616,0.025097336302945226
1.1975950711671584,1.4527286574848008,0.4106679867804326,0.030271200923275104
1.0043411288194033,0.08794944465564813,0.21193612974741322,0.01492523153679365
1.191827577486706,0.9425256588918549,0.4810744966546511,0.035850310224118685
1.6091156544676462,1.6997404986810596,0.2744269483569472,0.019673704109945022
0.5542282937694143,1.554991903122355,0.0683801119743562,0.004453976253797746
1.294471536523217,0.20252309409994185,0.42218404872896653,0.031179516691520078
1.5300359945488733,1.8553662788799954,0.24093684022091555,0.017118372200886432
0.6544864793165397,0.7090317360243552,0.35550420048558584,0.025945434989476466
0.5926251604781854,1.0229220411049051,0.45057833309336687,0.03342630625612565
0.3245301144632746,0.9599714430185207,0.34651308531847785,0.025244584526028662
0.2180594345292124,0.356416471410651,0.4165070898205684,0.030731536668414987
1.7029465793871237,0.7009219766558461,0.24250476352996808,0.01723748517634158
0.0011270778365171097,0.4907067332412911,0.23309040848180973,0.016523099558805824
1.8624766817396945,1.846716548303434,0.1901965535603235,0.013294608672455811
0.7432732979084768,0.7964089252927138,0.1097490198365462,0.007385777633857038
0.8865762970504834,1.6927364133241205,0.07375441635544747,0.004829179381014787
1.36513651266601,1.8269075216118367,0.2048336456644848,0.014391163820841282
0.36363688557312357,1.5144924062019585,0.2680241422474551,0.019183411720760962
0.24412867044696007,1.1606192390945225,0.48295032672873744,0.035999765115124094
0.8801568990023949,0.8572522082923315,0.07587437303545927,0.004977710231450741
1.5461652330667746,0.18190013453418952,0.4843933052099023,0.0361147602551228
1.1212454850790559,1.8773359860114154,0.36786808563758727,0.02691118370892283
0.4063438339810612,0.9399481671708199,0.2965284277964061,0.021372082648256192
1.0714803352215798,1.036468856252366,0.17714395383522702,0.012321647601032033
0.16781353272066069,0.7280875173943564,0.41180652616055613,0.030360924394079176
0.14266967518268436,1.502157768481861,0.1457686197476085,0.010003795227104836
0.1081013928407788,0.7847263944399212,0.48036669062691745,0.03579392692412551
1.9305293526073402,0.016576448589395776,0.06018904517409013,0.0038860831693207747
0.7376127283420395,1.61391744668491,0.15734680407269644,0.010855480612814664
0.3765522939262549,0.0260630621585074,0.25805980957635477,0.018422009888754805
0.3280326885820999,0.3752545600849544,0.48510093313002844,0.03617116181912891
1.4474413774900265,0.041544295627699235,0.06589270500639527,0.004280998203347447
0.9918976289353612,1.1367380403137222,0.2790203932411407,0.02002593303952028
0.9233509815732552,1.2969894878751187,0.26935392978959716,0.019285173833707155
1.7921533783257373,0.24687486043448836,0.1568412343317141,0.010818198397097982
1.774008144070538,1.6398804387776715,0.2637042941350851,0.01885307615039377
0.5506320694714408,0.06138794405810111,0.2980343190364635,0.021488128009946008
1.19066724788256,0.06250310283168181,0.4708604325739684,0.03503722416961835
0.34664370657948074,1.1261180063440421,0.12176265692088954,0.008253202916552165
1.1901846938966956,0.26442138827728456,0.09846592047814726,0.006577041894801599
1.1288306951991067,0.4544546929268547,0.27245053852166995,0.01952227620030702
0.1907755898714918,0.04910915561321172,0.14094678562255913,0.009650457801541314
1.36673394823873,1.488844581830883,0.07313512667177281,0.004785845189142184
1.026264407341905,0.5667075668822614,0.06150586757774413,0.003977037844657638
0.8904833050612362,0.5777508297214589,0.19872498866411553,0.01393284593947243
1.3760881032136583,1.5664401556743353,0.1546656904585258,0.010657862244086044
1.233933113465436,1.2496365641984242,0.3012644362057954,0.021737180049419207
1.2243710834293122,0.49561905337145173,0.08584920744631891,0.005680309860399189
1.381389786975796,1.8746657289578266,0.4422410902577768,0.03276555301117829
0.8311460136486375,0.1061824654812813,0.06788607033645873,0.004419584775961071
0.6931638892051359,0.10689431160280516,0.4788597386802328,0.03567390335996515
1.4514945424124202,0.9268824203391366,0.4984272289591578,0.037234387490058314
0.19554269343284925,0.9158637032514536,0.13268664892477888,0.009047117637642989
0.4256372727762192,0.13327964465992248,0.23371645136277658,0.016570544412336626
0.511746930865953,1.0611306967957927,0.12551152551500594,0.008525124106946563
1.2083043272501222,0.3100699049698079,0.3055506459452771,0.022067944361085338
1.9895662009346333,1.8280927758429864,0.11552056888972546,0.007801726920549596
0.7538931373027096,1.830471380174684,0.0899621165835869,0.005971696322699631
0.5353195585085353,1.4261414385867646,0.3460906587403385,0.025211687301759354
1.7726734917779603,1.3576476539446671,0.49666112090245484,0.03709336633134376
0.9630463283865769,0.21595566569481717,0.3164099033446015,0.022907371322513425
0.528520793138535,1.5816098569059525,0.14393575789040264,0.009869389116221223
0.1310454309138651,1.982098728687011,0.40573346183611936,0.02988253084557792
0.44195136442768845,1.321953260970216,0.10154667352649759,0.006797255074954651
0.7884144885308775,0.2330037946810064,0.3536814394923126,0.02580325230839162
0.023807689192200776,1.4336819795091562,0.32121469698716854,0.02327942365712219
1.4859708487180903,0.7162121385602631,0.1796763766031566,0.01251004268474689
1.2750216836018828,1.0289482889168342,0.1623052304627824,0.011221564037416993
0.3886881227479131,0.749822005796914,0.41947746119679546,0.03096588234208927
1.027342985423734,1.9496776404100222,0.1163226146247204,0.007859644720351342
1.4235035932793563,1.0767543552427252,0.35967331107404754,0.02627083111783082
0.9688685666084416,0.5693718402647032,0.26617485221011783,0.019041952567467782
0.5552649960059837,0.2263027169983085,0.45993357986511835,0.03416874398565115
0.10501860375797056,0.6453082870240481,0.318080253279263,0.02303666858142035
0.8464786065851579,1.9098291346767002,0.3682822010029015,0.026943569655809987
0.8452632154051034,1.0973139621021684,0.08917547568433642,0.005915892893734414
0.04187872231239198,0.9796878080093461,0.25612524474935267,0.01827441713627686
1.7654457428395034,0.21638865901161575,0.10575517219542668,0.007098823219992889
1.734927150582765,1.4406858992791953,0.4449771865123696,0.03298230345674079
1.0602841398816663,1.7828363604955764,0.3903743698123372,0.028674868735015138
1.8710392858613065,0.9630305098551357,0.4292046806368304,0.0317341031750404
1.9229478123878159,0.07805405450566072,0.4464435540486328,0.03309850532265343
0.8574492985115283,1.45871920744947,0.15358768707147147,0.010578471608619282
0.26014360983286267,0.4102842282381478,0.10776521113589005,0.007243151003458799
0.6920273466038982,1.2168367952643204,0.07262908246452328,0.0047504540222325555
1.63966657518154,0.6779992226081102,0.4597960958059137,0.03415782557389951
1.756088128954167,0.07730678172959915,0.19881158190593456,0.013939336102199856
0.8470858802418717,0.8256522391276755,0.08104468762248784,0.005341146370960277
1.6473977699692393,0.13103056556517512,0.474102640391997,0.03529518810051381
1.3347734884264424,0.013160188385323401,0.26710559784302923,0.019113140356082293
1.2604563358071954,0.9499142089664521,0.11045552854613483,0.007436615469682286
1.2026193998736954,1.9826376533328147,0.26946783556918086,0.01929389209825152
0.7486046174051968,1.6965473075463695,0.10521087505000448,0.007059773199944863
1.3169202601157657,0.6692012428104048,0.15725508504702454,0.010848716364655522
1.7392016198456748,0.887557963717605,0.14572175243152488,0.010000356927455671
0.49239217907533184,0.4822152975424072,0.27637469003207454,0.01982300917377433
0.5753771030707882,0.2967002605129052,0.2164736155671872,0.015267075269613987
1.190463129767483,1.210111809884394,0.4966816197140442,0.03709500293339663
1.9729315677750756,0.7615243048728788,0.1662563591173839,0.011513832278378893
1.4843912019986925,0.5933654963815567,0.4143234500761252,0.0305593332034447
0.08841405352744403,0.9403208334309598,0.3837519502588112,0.0281551612927317
1.2892095036176074,1.3881479564606176,0.10593760917236536,0.007111915073875747
1.124971424552085,0.47984435405593984,0.11129827699703951,0.007497285968943991
1.100649314648511,0.38163471925846215,0.3225689710773903,0.023384359577120404
0.9169414744006124,1.57810672846009,0.2311935388000979,0.01637939846990421
0.08795586211049389,1.9080109024194134,0.1366395575234967,0.00933553377988095
1.4733269124127162,1.9778051434851405,0.49645049917155215,0.03707655079933282
0.8538419637915085,0.5665751617449037,0.4938054094759009,0.03686541517712216
1.3632951221918232,0.3783881418377901,0.19345429401753034,0.01353817783876928
0.3309633145816404,0.4802019623794722,0.37283793514988933,0.0273000167508202
0.2604033261233276,1.1218424307256671,0.38471158660804944,0.028230432564935282
1.0662827330636988,1.8687070707354494,0.14176460220768455,0.009710328335451905
1.40132643696644,0.9585066890866003,0.12035420325233814,0.008151190108176313
1.9411083329700614,1.9770842899402594,0.3469142432975318,0.025275827982030177
0.8973414449661516,0.6378275957508766,0.1827063922816165,0.012735695979623287
1.2092395439763115,1.0413997209377965,0.4557964950092243,0.03384029278156697
1.9827587168509857,1.3506672802869215,0.05516677793474859,0.003540473173102812
0.2128165770269721,0.21962327174246798,0.47311885282010907,0.035216900847999194
0.9414465210300889,0.8584540483731433,0.37319335311018703,0.027327837842888034
1.5564163242382603,1.2668711164233755,0.17990173861012448,0.01252681700779379
0.9177203547019581,0.21499512579074587,0.46439797141080985,0.03452340941134301
1.688923731431958,1.4953679911580944,0.19082794385680057,0.013341793047677717
1.1719212986331138,0.346542860929135,0.13952879557631376,0.009546706777787814
1.5588256456382872,1.5779787490252448,0.17737636939794532,0.0123389300391389
1.3586590111223968,0.08690868876907154,0.42070013971899967,0.031062378150266103
1.9562216585377101,0.2801109186221904,0.3661344775650251,0.026775633997951253
0.703672828361201,0.8475932821871139,0.31442518653758594,0.02275380101180002
1.501702469690881,0.17498527048447832,0.05358993576763906,0.0034324001536797984
1.1455173676370782,1.200336571027229,0.16330429208629182,0.011295419547394544
0.9627791516076589,0.47469146462377787,0.08443850495626384,0.005580585483659513
1.5601475759165657,1.5066102661180474,0.4506636012161156,0.03343306841431423
1.3212555252608726,0.19368676824020392,0.11705262058137747,0.007912384305079822
0.19746031454689317,0.34637932299848906,0.4469271595492248,0.033136834278383584
0.9004254577521074,0.06636971197924768,0.23512298445180896,0.016677170910272425
0.42661210855017484,0.4760438099470261,0.4858452229200378,0.036230491647539734
0.9341570797507801,1.6830422233503595,0.44872679833498585,0.03327949275147911
1.8007175048829358,0.6970473653403668,0.16475122902394168,0.011402439424700282
1.896090708584075,1.6766603167677054,0.21987422895292363,0.015523594549229925
0.4574118483451419,1.2568535738767512,0.48541727442900323,0.03619637767514557
1.7715342709818376,1.687103576628803,0.18834645387541005,0.013156411379106014
0.2009150646932787,1.552831019538063,0.415035458303811,0.030615475840861862
0.5562290108668382,1.9608852342229917,0.39190260474571076,0.028794886780880685
1.0499019759087893,1.3592888181510847,0.14713737679720817,0.010104244104155592
0.6479734378457789,0.6123540439084907,0.19049554514752987,0.013316951242636038
0.47914704723588053,1.0966329998715132,0.1832576820662677,0.0127767798884085
1.2109596924631625,1.926686447402115,0.3927959360847229,0.028865058421174785
1.3064937335090983,1.6606682826120396,0.20487740077203165,0.014394450098720531
0.9399861133126148,1.6224646130468956,0.11542261928870041,0.007794655623282123
1.0637698675141662,1.177610465778613,0.1791728211309932,0.012472566893967234
1.520399443204438,1.0047655520306245,0.27397017729319584,0.019638700670874382
0.7432481123531505,1.2015679311791003,0.17314984266840816,0.012024891298727842
1.2432350675346413,1.3570901064015437,0.1872272278514046,0.013072853714663846
1.21005364113261,0.8335177508824778,0.19034542090879691,0.013305732693401323
1.6127614962517363,0.02264291825200826,0.4978412506362651,0.03718759414542941
0.8932259789060595,1.9278803549436172,0.17387969931544262,0.012079083575874056
0.6059934907803837,0.8337868601868017,0.4068206233004751,0.029968133733665952
1.1190147928151282,0.3408503667788956,0.16008892016702397,0.011057835785035589
1.3906768061597816,0.6341225095073044,0.21737820952316422,0.01533528475743918
1.0931168400332478,0.6994819488677564,0.33641908309021146,0.024459260288779212
1.2664331587084945,1.0391635180737724,0.3150406140080829,0.022801413460673027
1.9833712371001666,1.4188158604370944,0.43017883665797296,0.03181110517160311
1.9841338726499647,0.5702836790938639,0.15140981083571997,0.010418197278466296
1.6275084565445288,0.44504300187012324,0.4593490026223722,0.034122320851847285
1.0484963074145432,0.8236847063788695,0.07482478802308634,0.0049041366985114404
1.281969703166915,1.4290795305996196,0.12621812582285297,0.008576440110428324
1.1309760226805665,1.8336449913366113,0.31337102607913075,0.02267226100058895
1.4266997396420946,1.0127545535845928,0.1359258074129738,0.009283413324538532
0.5407313923262493,0.2604280792691036,0.4393311568298507,0.03253513290784542
0.799381452099394,0.26456646194083455,0.15802944518908013,0.01090583371006056
1.2550473708141117,0.7702315744673869,0.4874580189518645,0.0363590745206528
0.6711975773474776,0.5070324957845647,0.4047099181573743,0.029801951672477033
1.2566469256282657,1.0864353349115918,0.17179533778119252,0.011924360338976082
0.7514523355263274,1.6655193534446007,0.44291714523985215,0.03281910073643152
0.8157826142956193,1.9013898866080239,0.20143614257648151,0.014136139085347658
1.041172056621385,1.7168700103781942,0.24151826851258257,0.017162536287067046
1.7736288375546785,1.3849310425369172,0.22951149596859582,0.01625204002689858
0.20658483154995855,0.27517416465975875,0.11167025719959846,0.007524075381413416
1.8862659450397519,1.643654544341224,0.2786333736300325,0.019996240544072293
1.6963517652774314,1.3610701946805064,0.06468164996057707,0.004196941520704072
0.08770713565756716,0.20610572702740027,0.45124446938718565,0.03347913630664291
1.1940955359392351,1.0912261272725392,0.3963210689026595,0.029142066679782985
0.7452754836713793,0.3640205145025226,0.3144739482347028,0.022757573218392595
1.762948982809348,1.7706872954346384,0.17497854847034716,0.012160703348665326
0.3178816863922582,0.635911879575084,0.2809554364890507,0.02017443386549252
1.4370590007295023,1.544327727144346,0.3851228433078738,0.028262694392755475
1.8294608442137819,1.4898746328455665,0.08723834538398247,0.005778620378280339
0.3140132419767008,0.5298537767855636,0.23101608818501757,0.016365959500448286
0.1958884672888237,1.867312905625368,0.24076497264019814,0.01710531890348564
1.3652817994723807,0.9325740688241646,0.3139488252142828,0.022716951807394394
1.5537186691504745,0.04397897960987551,0.14037722204608807,0.009608775467787583
1.5163873315373377,1.4374688055963143,0.16347750071816314,0.01130822715136722
1.8187251537271405,0.4369975520222402,0.4421216486550036,0.03275609308622866
1.2857208079237703,0.9929886084208326,0.3939005048922233,0.028951838098280076
0.8300236742716782,0.5012657444629656,0.12765964547686665,0.008681190124331566
1.61836090984976,1.6086354612774583,0.4170833274900689,0.030776989605186413
0.5594535262812468,0.5647895890802452,0.24076735086298395,0.017105499524492924
1.0631724804581357,0.5593045265352532,0.1870808860546983,0.01306193086973228
1.2239186094753234,0.5457081083942938,0.38950105767841436,0.028606298790462868
1.6602774055313037,1.4925058641369224,0.285968859538583,0.020559505730153214
1.4074629123580011,0.5111152542674617,0.13555650388197255,0.009256452933561182
1.0215055159859578,0.8882014628567618,0.3652291365627686,0.02670486354875706
0.8527580346979764,1.2656535468104564,0.21534976188580657,0.015182360246474182
0.3040197723946223,0.9554306122845524,0.2949777924940263,0.021252631756488356
0.13422152822052102,0.062166114961713426,0.4800556190537004,0.0357691490074528
0.610094244512758,1.6145511646547375,0.13777039155392506,0.00941814954868578
1.3756432788728472,1.4593989722506606,0.15094567873975578,0.010384061336481535
0.36233472418535695,0.6348963110619521,0.18774843948381137,0.013111761353170734
0.6595162718551126,0.885662777956709,0.10929015179784149,0.007352771218507767
0.1735222082031911,1.4036240401504079,0.20748370548527978,0.014590286641248739
1.1150463949228029,1.8639877182798699,0.47170490286951505,0.035104402071150564
0.22936867166488684,1.8929668300106355,0.2259894190971915,0.01598556968484898
0.793068760028369,0.33683282338213805,0.3936116865020129,0.02892914565996623
1.7270595085780454,1.3762835150734425,0.1199416419005277,0.008121324278211167
0.7573837715555278,0.2523267056638767,0.2693022365381967,0.019281217354200762
0.6405736970291043,0.4645850698238718,0.3036535844145045,0.02192150946561766
1.886305353117564,1.8490248207857338,0.1115344673653002,0.007514295302512035
0.14576822459488614,1.9085672421144861,0.1137863183686744,0.0076765872763200895
0.4108861372599406,1.0610989156058583,0.3790810712279893,0.027788976210116476
0.4933326758775709,1.795083919603476,0.4081831260981081,0.030075439230813936
0.2974761075922181,0.7980535229447032,0.10939347652062972,0.007360202541519471
1.5605382689323128,1.252203765618338,0.3529141138373985,0.025743412929954676
0.04110896286073351,1.9686580896031707,0.15642963086491207,0.010787851655625739
0.39987360957747686,0.39618842807844645,0.3864893236082732,0.02836990764361067
1.1966503893586244,1.8705113789559453,0.08873594479654912,0.0058847278310746555
1.4822965235032028,1.0819262528593558,0.27785692338066753,0.01993667916190981
1.578485379269985,0.2075218140517372,0.3116531529138375,0.022539422945173006
1.4904294598588432,0.961360415594178,0.29712114493541597,0.02141775313395474
0.4486422821680953,0.11389799287466773,0.4649259685788464,0.03456537078449746
0.3018528354316594,0.43341272737280634,0.11914498359665412,0.00806367326842204
1.5086589760724292,1.2787984488513156,0.05797319051469679,0.0037333423082943806
1.8284691587999957,0.4097139055683816,0.0553419670566882,0.003552493493984716
0.3038720106219066,1.1980114579124228,0.06284174547795676,0.0040694461022121545
0.8214340219396234,0.04579008099722359,0.22605195422464197,0.01599029842992912
1.8325248282999642,1.5961490541826293,0.06311282125596945,0.004088214189739854
1.5818823596776095,0.07879103577170188,0.29800783881693665,0.021486087069834698
0.9939005693205267,1.2488380304847178,0.15317473047397906,0.01054806917720793
1.5841887577105145,0.4433460042170265,0.37718589317028756,0.02764048759982907
1.2274158921157128,0.7577403022006326,0.2511127726289538,0.01789236230284474
0.9934428710913557,0.6211316236201714,0.473277665299457,0.03522953797180967
1.210248122424669,1.638703573449358,0.3472673142538047,0.02530332833087869
1.8309246627433244,0.5815882510591475,0.4866882813424485,0.036297702228883025
0.8432076234139008,1.7017369196027397,0.42932607000411166,0.031743697719730894
1.4501678943671152,0.7150004824636975,0.41651699398110853,0.030732317860098664
1.7198402936562007,0.7685296786884626,0.1954409679450274,0.013686853367739798
0.7693704296786359,0.21274159640152934,0.1230722770717324,0.00834813041749075
1.7083538824912878,1.5717363735930054,0.30634901623426775,0.022129589645655964
0.22731363750389266,1.0137754993403318,0.42546633051470706,0.03143871807661247
0.5612744901983446,0.2676995675596081,0.43529596414068156,0.032215784665366856
1.7256725113667952,1.4291936605361686,0.32976157947879386,0.023942185498754646
1.4045678856549442,0.43786245573907023,0.48730041856832357,0.0363465082696103
1.4735153242867662,1.2124616650966702,0.2920682846537812,0.021028619197517976
0.28241490038444317,1.9424671817183394,0.26084381492932723,0.018634542453520413
1.1154379356514572,1.8672381097882624,0.415307649305596,0.030636940159424912
0.09240614442064121,1.1457277328790254,0.13480670477470158,0.009201730697462872
1.7929848280379115,1.3030963991867557,0.26486502823164987,0.018941800193229188
1.5058758873628582,1.97946308340359,0.10323019459481947,0.006917789525285044
1.083976905861506,0.07097044549100961,0.4789261753201547,0.03567919426237094
1.5384393320694973,1.5553506099290657,0.4724033654431081,0.03515997127952926
1.5829097375712795,1.622715607168688,0.2693143213045519,0.019282142289014006
1.085242062630264,0.5350147393731821,0.40759569191109235,0.030029172130604076
1.9227385801639476,0.36701153899279904,0.36886450628182066,0.02698911316745244
0.6002974703918,0.35873691784916595,0.20796767240268227,0.014626670447614497
1.916894932562984,1.7982122769947737,0.11690627662774539,0.00790180980169873
1.5451744203372857,0.8993369801214757,0.1266635578840569,0.008608799276897105
0.7530802277723105,0.7129891259143419,0.05079165861750947,0.0032411565128122417
0.3023118639763369,0.08576985918894908,0.24494620230167147,0.017423063617983264
1.6427157989280794,1.0545493963245645,0.3408048653596984,0.024800281953515284
0.9282693162674112,1.607442982374614,0.274959101341028,0.019714489312374475
1.1612848639080626,0.5844877127021142,0.41252649610274295,0.030417671016412993
1.2060044937564858,0.31411983838348667,0.339297324136078,0.024683026956420818
1.2561744788009814,0.6512944394052296,0.34378450462091303,0.025032140361166626
1.1457145500924346,1.7947502330310443,0.19758769408475874,0.013847623861518553
1.5114937886613575,1.42436232811647,0.17098270575514948,0.011864073241814332
0.0894447783051664,1.2067433243821895,0.1223234714719654,0.00829384484352515
0.40133490737533317,0.8291962123489596,0.3096156523161076,0.022381934551986823
0.6033481417126776,0.140586640126513,0.37413475645061106,0.02740153700951484
1.1413478576613385,0.6499845869217222,0.22240648316547046,0.01571478882264573
1.5291954996443071,1.4865754170770806,0.48370054296781406,0.03605954906867172
0.4428136229750559,0.46612090946764595,0.10150764403079729,0.006794462320508993
0.019151580045134953,0.45445890674064104,0.07540012379522791,0.004944457677939929
1.4130185647389948,0.24133473252281323,0.48022141941472113,0.03578235543647888
1.5793415069726955,0.3343592697316169,0.10467187024496039,0.007021116607431644
0.6286166647995448,1.9506570508584513,0.19911987707024553,0.013962444404980068
1.1646039269602126,0.1774088144239876,0.252968959170661,0.01803378160538058
1.9492872651155795,0.9523663675596672,0.23442572371645454,0.016624307432304742
0.7438649551259082,0.9516119321240932,0.46125852751419755,0.03427397734683012
1.9904901800511536,0.569921429098986,0.1337149609403216,0.009122090044252884
1.7829921042771897,0.6445236870610553,0.3876359463012579,0.028459891182008666
0.36161168469185134,1.525663936261093,0.088075800613354,0.005837940144583376
0.7497948571432393,0.9765525256781236,0.08165540019040096,0.0053841828881230945
1.641583338214316,1.0213393029820266,0.16758860837715084,0.01161248852200846
1.7016632581464843,0.9165695103915619,0.36442985135565914,0.026642393533251468
1.8891185890488307,0.18555276896610806,0.2891137377842383,0.020801296462840867
0.2593697511221744,1.0765262676921565,0.23405590492377876,0.016596273673726306
1.9539574438052634,1.189933732277824,0.4709326158180843,0.03504296604672584
0.08611054997720902,1.9056894581533275,0.24498490904056341,0.017426006822677566
1.1788274890908756,0.44543883242249516,0.3504593138208515,0.025552037376187282
1.1818056291402737,0.3397821510673862,0.44572413629089735,0.03304149197702228
1.149858931190588,1.2202326630970226,0.41390348559909207,0.03052622165968823
1.973507418229336,1.005484313188752,0.2214836483881265,0.015645094001192184
0.29810720481621034,1.1109505509338973,0.4337675819630535,0.032094880552542435
0.5237304591635932,1.995896413057545,0.25448666595576697,0.01814946602429211
1.6544844838986936,0.3596370883891957,0.195527011768709,0.013693294941913377
0.6776415451538054,0.3732454888108121,0.23157467220208539,0.01640826547038336
1.8871586033166057,0.5435145235712604,0.20651464098144867,0.014517451639874366
0.02541288048687851,0.4364421413386803,0.13946435763626536,0.00954199372644091
0.5434308509892225,1.6112008704022192,0.2135240428741595,0.015044804366631928
0.6584354691675425,1.8997055049501925,0.09705076365686918,0.006476044405517338
0.7678415281527509,0.6813114126911863,0.31666964246681734,0.022927473937623618
1.1591926820689975,0.0505380996180429,0.3584262068935691,0.026173468099414902
0.6560793573520602,1.7266032283692827,0.4837769630180616,0.03606563926240108
1.1088229175028026,0.7794293683610112,0.3848472645549552,0.028241075821179875
0.9382040538397587,0.8602843470102406,0.4158497355220275,0.030679690647425466
1.055759528201504,1.133658068844684,0.3875323231394613,0.02845175838877564
0.1370182301420826,0.9218049309045575,0.29432440012252886,0.021202311604020835
1.116004292390084,0.8392627476691916,0.17818710888789152,0.012399228906525202
0.8546035433730337,0.4718996908885582,0.43495470737687014,0.03218878668376656
0.43224290103463003,0.41466746059908166,0.10324470431330243,0.0069188289652142194
1.9493246031966047,1.7936418149435494,0.3423589965120743,0.024921198135994433
0.2787249473862443,0.5709963745506013,0.17326850760656815,0.012033701167643544
0.8175009776268105,1.3292493746274248,0.11904869972328623,0.00805670738331187
0.838451275035129,1.6848223631704458,0.23709098995680428,0.016826435357242254
1.8076515417074597,1.9708255135969504,0.31770176327288757,0.023007366582216755
1.5906970499266333,0.5621935149519159,0.4650572860288564,0.03457580745068599
0.2507951649452216,1.1966675358623458,0.4964466823799406,0.03707624608041825
1.787977575014718,0.07304582952663075,0.14311609974194,0.009809320648162981
1.4446358576615972,1.2553994756648865,0.09867522748092719,0.006591988341384823
1.6948370990805284,0.5398969752184053,0.20728449015811756,0.014575311673621678
0.804579936972418,0.8652468584106103,0.11009219794250139,0.007410468689571343
0.6619797079303082,0.9038605120582646,0.4760817495720299,0.03545271439096413
0.2334018338427204,0.3004776301770016,0.2680824090499259,0.019187869864645987
0.539100397163188,1.0542744583096924,0.3864573742316853,0.028367400615084977
1.0558335635033969,0.9784189283029214,0.2344545039422769,0.016626489217739363
1.2913384377062673,1.349811606325258,0.22139566711982156,0.01563845047764012
1.4511818773516911,0.5988575970699248,0.4941211814950997,0.03689061655084461
1.1519937196324481,1.9603461457825302,0.30346569332298795,0.021907009510265817
0.2039950025701951,0.1654485823477072,0.4126168844344587,0.030424795730962836
0.14172247707424224,1.9174742983970667,0.3216643535552563,0.023314261914838343
1.8871991162111352,1.7672498803374275,0.47931402871693907,0.035710083266003806
1.80738818094889,1.896379924989659,0.20855761755643326,0.014671029417455204
1.8658226756417626,0.49085752235940006,0.4992626322975433,0.037301105251350074
0.5158502301841295,1.8364375439958287,0.14659882779417654,0.010064713919312624
1.6739798955394154,1.1483535461433638,0.20706542408495787,0.014558845676656298
1.8497113665556162,0.48675348921016637,0.39511868514682713,0.029047563049822873
1.4999374144142184,1.5341829628558152,0.050820225898212716,0.003243105292037266
0.027503247611242232,0.7310692280428484,0.4525170306187121,0.033580075763214666
0.6378707022512846,1.306501296561742,0.3811416438040628,0.027950481729188837
0.9621755630588031,1.9334173573044402,0.2788957324627933,0.020016368641135072
1.58535323378063,1.4906800268568479,0.09582160924225142,0.006388403984237023
1.9208098913598162,0.6324191858860282,0.3824847074802317,0.028055782109605597
1.2627334529209366,1.4703502913312163,0.25612213793062844,0.01827418017106952
0.7710572040449,0.6540142032735725,0.2763752794564868,0.019823054367398507
0.4146243301125967,1.2633723833271593,0.337176583571609,0.024518138827968005
0.686821998739523,0.3071999380053696,0.09048868397020537,0.006009069261023462
1.9020645214212875,1.4750753839583466,0.11047193930711965,0.007437796596468998
1.8924254424505138,1.758315812829443,0.22348830689853394,0.01579651629761742
0.5638643916866874,1.830363105801197,0.3149221839411359,0.022792250638220025
1.223774835979818,1.45540828741235,0.330242497389809,0.02397951345690894
0.820622341280214,0.5025409355680577,0.3647731702768557,0.026669225274075108
1.1484592500621869,0.05129009715032362,0.06539479923142008,0.00424642663521838
0.869774806036383,0.6676694371297345,0.3001655154981063,0.02165242907919328
0.5821015083073715,1.2119878152101797,0.3727812544774645,0.027295580120524177
1.9263747982388824,1.6160885280853654,0.19561515312107763,0.013699893748021101
1.181933128614059,0.009392120902913526,0.10105134018381659,0.006761817015601838
0.7615166588843354,0.9768011385627346,0.09507992894321665,0.006335558596113642
0.3473318519610895,1.7787641795763236,0.31410023040889484,0.022728663425436765
0.07134968125040353,1.4818974362460762,0.4073050995014642,0.030006286385262915
0.12846811258388136,0.4052752151770247,0.09269779116004506,0.006166022515853356
1.3566711058800331,1.2285483501174241,0.16541686164502817,0.011451693465847776
1.4642367316554001,0.4443727909457167,0.10647771950873208,0.007150683025151004
0.6920507251412196,0.8449259149611161,0.32668607915884135,0.023703559889595882
1.3786111688007423,0.2808800800006379,0.347543681869103,0.025324855678309253
1.425273276949772,0.7176578902816859,0.2909784114534334,0.020944745834674327
1.3646067108429742,0.8922471261858571,0.44960397678927794,0.03334904154858224
1.4135716336699775,0.8407083484137585,0.1399119533928244,0.00957473439911326
1.278657953850031,0.6209955587842062,0.42391326335383867,0.03131605529315701
0.6947252758309745,0.937673814528946,0.16556433221027428,0.011462607525957121
0.514453603158221,0.038499070264581325,0.19792400735776428,0.01387282165817593
1.834179801431328,1.9433543783788045,0.19244868398117648,0.013462961684092048
1.6938462397811627,1.380978770937566,0.08904087499700591,0.005906347865352976
1.7692381506210342,1.002833736095062,0.18671507309412955,0.01303462943693019
1.0344035436178867,0.0649933264896645,0.17351169459369348,0.012051757047020897
1.3326898608667557,1.585813036131272,0.46161803617128566,0.034302534757707864
0.35968610140779966,0.04429857601110543,0.14104838137041895,0.009657894099354006
0.2411369943397752,1.099458150045829,0.20896433519306717,0.014701616245533922
1.6104096373062453,0.19229567653626511,0.44919249740619094,0.033316415439689856
1.4742581563924944,1.273486693317193,0.28045197988945697,0.020135790335176224
0.6611541755086929,0.9925633220960586,0.29995732038379924,0.021636375063906893
1.885762522799734,0.8678282295453938,0.2886760653736259,0.020767635552424328
0.4677615910227897,1.0739003744420352,0.44231455720067286,0.03277137177289445
0.9433092889819499,1.5024042591472084,0.2837596858024473,0.020389765236628322
1.0969542832348542,1.5397000442263948,0.10512438088214579,0.0070535690494279366
0.20431114496182223,1.1965026652371225,0.45801311497737934,0.034016249083975617
0.872042217529315,1.8372947099098342,0.09482381387899394,0.006317316762221156
0.5066828519156101,1.1360423738076715,0.4713986107750267,0.035080035470162356
0.31453488060889123,1.7364344347170906,0.47521739742192465,0.03538391110792639
0.36602810797973717,0.8899369400629169,0.4838390472013173,0.03607058702724851
0.35236898151822293,1.3965115947076305,0.28489140345307185,0.020476708713720246
1.047987345523025,0.49360867758320004,0.376591586100891,0.02759393378876085
0.8658226331444596,1.452773003172825,0.06684762939889506,0.00434735272389282
0.48022495461275305,0.1252974095541195,0.3341608359353166,0.02428378697610722
1.706739657910372,0.9888773146078016,0.43871213511671986,0.03248612986503635
0.6355737179691265,0.9201457793264176,0.2701427964740339,0.019345558323598893
0.7936660779500726,0.6443579779497126,0.20417178665141245,0.014341460048673224
1.3617632336458163,0.85032274437896,0.21201431726075315,0.014931117759790688
1.8184194787392463,0.3609579834333161,0.055257271459016134,0.003546681912918372
1.233236750105106,1.0904509045399726,0.1526263455171537,0.010507705067497632
1.199239365351511,1.264027162997454,0.46080215644598355,0.0342377279255497
0.25976442977068515,0.9249737763229178,0.32577477535738564,0.0236328822561835
0.1741469616043052,1.7135014370184658,0.09955452577584162,0.006654802183406445
1.621078755718748,0.26810838756391586,0.31099916210732326,0.022488865030400186
1.8204576860746249,0.8877243096176737,0.1946378613468961,0.013626739142122915
0.4331001039924205,1.0876769634386563,0.49504135767253254,0.03696406100687583
1.197515098634243,0.4990025158828453,0.09241554911480263,0.0061459551914849146
0.2103908499254421,0.12311744961717208,0.4511120955667746,0.03346863755249078
0.4431227520810366,0.9630839646514704,0.39198030097424036,0.0288009894221113
1.5485652227601892,1.7874230493625987,0.35670216534930177,0.026038908475439507
0.5426436785872684,0.8949889456190052,0.11921537612653853,0.008068766228713806
1.6545206426845394,1.720045269581349,0.45057589825787026,0.033426113163658004
0.6040331449452947,1.1764469933831765,0.13751128878402535,0.009399216033404338
1.0329823366293398,1.5673028123133204,0.08248562948936512,0.005442724205152328
0.7452914340465233,0.832744601912343,0.06170199269443747,0.0039905960379864654
0.2104865999263672,1.1687700651823691,0.23565778276955995,0.016717724479726342
0.43804676784111773,0.9382340575804675,0.49456501218797205,0.03692604000720878
1.3425574113324323,1.2635730373950727,0.20512262840229906,0.014412869099081935
0.037911750356247165,1.9092706934207946,0.2248023285921233,0.015895822112771817
1.0473991150989708,0.7108001139892144,0.22688280025070667,0.01605313342123785
0.1940491795550161,0.6174781494731445,0.2623506582149112,0.01874964114181924
1.857283978748015,0.5402269119953238,0.16737582268686718,0.011596727590022001
1.8456047626635208,1.0654620820724294,0.37728834063372463,0.02764851312096275
0.2611920366351803,1.0280533518692987,0.47418621766328506,0.035301839478992146
1.8534658246314129,1.6068032047185006,0.47280997857177226,0.035192323755534764
1.3382023876796838,1.7553734089035986,0.4478500892724326,0.033209990543757
1.1834570538590086,0.4711148689497011,0.3917265154557916,0.028781056177112428
1.7185228560934773,0.05846852230276234,0.4058159157469736,0.029889022696814968
1.3496252354150655,0.2794232545506552,0.32224567027705564,0.02335930584933544
0.7884347567135928,0.9807935676062793,0.4908800586400152,0.03663199950348854
1.1837636056726464,1.0711896951064057,0.24976640752928803,0.017789830414520168
1.4463885829284353,1.7975449801004235,0.3604160067891766,0.02632882539518732
1.1035744713413582,1.4669580700506324,0.07677267367779958,0.0050407349068637
1.3075828716155617,1.9497150218115906,0.09105289399233732,0.006049130527168708
1.8727469639354306,0.5419382827659951,0.2597677582511496,0.01855237702034938
1.6193835439994237,1.3323492192574247,0.1931322032970123,0.013514083622785457
1.6245300762290693,1.0849180775786176,0.2266497427279906,0.01603550620726228
1.6781519238780216,1.5950644788984172,0.240326761695143,0.0170720398082957
1.610191204427048,0.5366589010783314,0.1796901800156966,0.012511070069543547
0.3705618572467533,0.3907296892477863,0.2991947683647961,0.02157758091681843
1.9354481059810171,0.5179665405129878,0.3565751008035034,0.02602899299447692
1.1073634522853035,1.365374432456621,0.1709121986844947,0.011858843432778685
0.6776888653470925,1.7877762594269704,0.12765790193393145,0.008681063377888414
1.4241324598179437,1.4849382689414765,0.18286951820717062,0.012747851764583705
1.3703672155438213,1.236595947357747,0.16276759985673,0.011255740751416695
0.35676506982410183,0.3649419061850596,0.33109001349446776,0.02404530521495996
1.734178448800563,1.7963083490758394,0.48903622717777756,0.03648492824368668
0.5923230544908993,0.15052890531530427,0.49547332534792604,0.03699854203606637
0.7178488660802789,0.6775000454558995,0.0735529857349999,0.004815081704353402
1.4229630349781983,0.8613897960426822,0.22572828294741126,0.015965824218561676
1.3477684858907792,1.3873099916923546,0.4494550614612176,0.033337233847303395
1.9191902489215047,1.4372885785133225,0.2944531089022232,0.021212223331998663
1.2240023727216531,1.970927495605317,0.4637262699905253,0.03447003222777894
1.8439169031728335,0.29165455295943543,0.22571224691084485,0.015964611726108736
1.6741341346091485,0.9005053369962275,0.0552316998917512,0.0035449273824238606
1.3944211699987714,1.8860914459863478,0.497272182064828,0.037142154767567936
0.5236751414669938,1.8590154758093858,0.08978177658793533,0.005958900218893645
0.6208129395864281,1.645141942244537,0.19754418426200082,0.013844364165625648
1.0042491348637383,1.5748606228676385,0.07539335139094398,0.004943982926992467
1.1479366837936806,1.8640854496139776,0.21549057521612375,0.015192972953285606
1.8095394252964503,1.7832203019164965,0.4009546242281812,0.02950643428014182
1.681754018855498,1.7013673864385928,0.4311915243961185,0.03189116565688652
1.8097050752086554,1.4511004597838062,0.4581643515773049,0.03402825645875386
0.449646489675646,0.01944307764294484,0.09446878390498488,0.006292035323030738
1.5560200541304698,0.8105185280171185,0.2877085039931464,0.020693233959697372
1.8039474722549746,0.9368163384687969,0.420813278079448,0.031071308195552483
1.5829805992961499,1.4068388307974915,0.18312124687942744,0.012766611499190225
1.0406086610733678,0.4005851003376377,0.48000160269626896,0.03576484653236849
0.9490787024331666,1.0349725992112895,0.2232370137558215,0.01577752966251308
0.8697496113702543,1.8530838299548227,0.45956317911467054,0.034139328813828085
0.3921696812126976,1.2922499847785491,0.07581951868813043,0.00497386331797485
1.3680118081728372,1.0776049101275083,0.08272859056205724,0.0054598636411658
0.9037124129376757,1.8379930975010432,0.458783820587234,0.03407744182862851
0.8915585629144167,1.724987044757482,0.18541125079976417,0.012937352351204127
1.0991227990838537,1.8018337584615753,0.23375661444877255,0.01657358848383265
0.7907037223406306,1.5927773495361868,0.22501822137882505,0.01591214182177864
0.3335468780629345,1.3062474403275945,0.4380913950903278,0.03243699558752146
0.5108781104564799,0.30279035872493854,0.31193783152358395,0.02256143281590252
1.2545940343543494,0.8824055817936103,0.42086643253866557,0.031075503750427287
0.4782811608343105,1.6313946760674563,0.47489049010056167,0.03535789121250757
1.2947537437360257,1.6005107115453745,0.19496802750768027,0.01365145070910032
0.933039382337266,1.8086444220579172,0.15312551790786583,0.010544446457392153
1.4243980795458362,1.5862127733369054,0.2623207337214357,0.01874735494505414
1.656356305283298,1.7308540960171768,0.49334057283282173,0.03682831916379194
1.2733120568675937,1.0744310166081827,0.3845742681235992,0.028219660880438924
0.19634153489975015,0.3490723263477009,0.2675868348676768,0.01914995433644158
0.9560600157540615,1.4464010795955098,0.19370034326238922,0.013556585585536324
1.7967198460162985,1.1277298411177727,0.21528338941372527,0.015177358104931463
0.05074572086696327,1.4320229296143265,0.477378876127452,0.035555983112617165
0.7173045076451527,1.7356326032345,0.4540325337587352,0.03370031090314822
0.11722723242861277,1.48112692645639,0.47028283067337245,0.034991280526877326
1.4971940007562727,0.19792501592309342,0.2468141444127238,0.01756513575277356
0.4942411680088925,1.0748871632602353,0.08553683939530951,0.005658218347047877
1.5781480564485215,0.5011825940121519,0.2103610164492502,0.014806683612541846
0.8551527249381403,0.2884812013977973,0.22235518217289574,0.015710913917076328
1.1910524928645008,1.0627730762896823,0.44664249867341904,0.033114272662047924
1.6190796386041788,1.404711292708586,0.38822477250621445,0.02850610765241844
0.405126572370927,1.5204489405232366,0.28805555052565923,0.02071991846464099
1.4927349713846474,1.4865860193458176,0.21710448018207845,0.015314642555632356
1.3125290505546567,0.6697532831276363,0.3970836673423068,0.029202014806533498
0.3548865127193652,0.5445515252397897,0.38974343094341657,0.028625328176183917
0.4668285792754938,0.39743553693905076,0.05694890936796698,0.00366287280291579
1.8173646027714447,1.2537226543408224,0.3745111535047728,0.027431007397842957
0.06406711589014469,0.7613506631860509,0.3632715181977872,0.026551878062310755
0.22606866737571774,1.6929027340043654,0.239190974108261,0.016985804090456875
0.9844665772483912,1.9855730403729135,0.07567440187306482,0.004963687260024943
1.0506489770956917,1.767271440810961,0.29851142143268405,0.02152490240878474
1.6782612597677298,1.804624962846935,0.33867279689431723,0.024634462394031175
1.644042526610229,0.004341705871223622,0.4605698195029449,0.03421927442109942
1.3544169334850336,1.4639448026414565,0.23063941883575612,0.016337435345265126
0.8588225766180575,0.7487510087737668,0.21611331321022176,0.015239912707502478
1.4107341188371123,1.5308390297272823,0.38394436815842997,0.028170252990887504
0.6433789170610416,0.4618608836783953,0.2569383021624936,0.01833643796723437
1.4469369910291567,0.2636334807231291,0.4428153575263286,0.03281103816073021
0.05072126167577973,0.27435197500919695,0.36213048916074564,0.02646273425322199
0.6636389264390548,0.03684165903536907,0.09662836458497268,0.006445918076397987
1.3952151725843835,1.9059332372938427,0.4465888023065165,0.03311001691327951
0.20784698440751215,1.5609049013263683,0.3832774600200364,0.02811794836167645
0.19816684671788853,0.2555877725515667,0.4529166202417588,0.033611775224126776
0.4961030394019257,1.8684698259234573,0.33169928385683795,0.024092609395739525
0.05332174524020861,0.0521367453256969,0.3177604504265183,0.023011909875850955
0.7867164235574731,1.1450069083539927,0.42461910281457876,0.03137179935619335
1.7982759367360874,0.28353610268362694,0.3825066262676709,0.028057500822728756
1.8034431177085661,0.8442005714277891,0.22160522978947966,0.01565427499261045
0.7461058776466025,1.6367371402277875,0.48687772082726516,0.03631280589181054
1.7159641597198374,1.8415229838709912,0.47546561766018264,0.0354036688004256
1.037039318955826,0.5550376263198638,0.41303948855829803,0.0304581082482811
0.19218566729764786,1.0531691832327752,0.18233311773915278,0.012707883200515174
0.25444510123342146,0.4557494146717509,0.3055517078566328,0.022068026348028912
1.8541057115271489,0.907547129240045,0.13527838886475763,0.009236152953009346
0.9708081107866486,1.8049068266393529,0.26386308361538213,0.018865212091848542
1.2159700727026852,1.7356592424342112,0.3326178767939733,0.024163940930600022
0.9586048940620675,1.9029781535870365,0.15433903787973963,0.010633801544650167
1.219457280784542,0.3715802949827596,0.21204660281979087,0.014933548370620092
0.9531258749332125,1.2860572879670866,0.1494055297483855,0.010270838609836441
1.2153549949788789,0.06799743176996809,0.4830338474019245,0.03600642047409934
1.8371011535372788,0.1488551412976591,0.351794883734127,0.025656146619120093
1.4397567608373192,1.535627966089221,0.21739304651658392,0.01533640368113038
0.06954107533694054,1.8493890463873575,0.1684939739434549,0.011679563923678327
0.13867512279411787,1.2989842677559067,0.37769750399309826,0.02768056762639429
1.1050876880234388,1.6629219524796912,0.19955649728705754,0.013995175551507599
0.11459429585596936,0.7419759987054733,0.10244012218374848,0.006861205969175696
1.067339227256862,0.869208996749427,0.26761794481557755,0.01915233436260402
1.5518325034990683,0.6946097470560035,0.1858249365470429,0.012968212000911708
1.1130606155246319,1.9008312264276663,0.10363920158669518,0.0069470936209551385
0.5914132257719584,1.5489160549833398,0.34730193562458767,0.02530602505922786
0.6703103577181193,1.5154936686669942,0.23807290898854433,0.016900941558882405
0.6101862504761713,0.25630392580247374,0.07307978411480645,0.004781973876789406
0.9926969262926211,1.4292188618602186,0.1397802835085207,0.009565102277221814
0.482131211857904,0.40691348990857845,0.42283563049494455,0.031230960995866287
0.5411621599365319,1.0274248320311026,0.05309576340574616,0.0033985755863884092
0.5964207147285947,1.8193175370687735,0.21797511426351068,0.01538030415470365
0.6362327098289855,0.9602738190482998,0.48570242581585665,0.036219108326299064
1.0153320352813426,1.1288972023819117,0.25844169801344136,0.01845115414755246
1.4272020528593738,1.8093995799913833,0.3108074196622742,0.02247404343185826
1.720416697851843,0.02165119554905348,0.12334669030905836,0.008368030053615779
0.6015680177847973,1.0246666867271517,0.26507393401573726,0.018957771358952324
1.4197968903336982,1.7192329513734632,0.4812667075425582,0.0358656225886587
0.15061193203102508,1.57155062674953,0.22114356141670255,0.015619414818930621
0.0782350322869374,1.9678999108483786,0.3386473920715847,0.02463248699186922
0.23831119489552677,0.48397298074081574,0.06322326513657239,0.004095862431625206
0.8449755533825254,1.2122702999339443,0.10607116262465896,0.0071214999852078865
1.2596411482570096,1.236253675681531,0.21302688436225015,0.01500736078078642
1.23969413631296,1.4040494929423923,0.1095091110374643,0.007368519784113263
0.4044068038800823,0.1420853497733081,0.38893684171025783,0.028562003822364717
1.9694686732966127,0.6697833687000725,0.3090895070938243,0.022341277809963082
0.22657272537213125,1.1310282178803026,0.2656018858341808,0.01899813795006622
1.3322917636818996,0.9879284708521434,0.42806242473638906,0.031643829112882674
0.27925401439615594,1.4127280631192356,0.05027558547803906,0.0032059645231047036
0.6426642437029921,0.11319705299630689,0.11672108148869739,0.007888429303499556
0.9690244270751165,0.1463020229044416,0.2227503900646951,0.01574076665183205
1.9339162448042477,1.599548798241944,0.10821541999280901,0.007275503157698129
1.3856333245677757,1.1068191307294688,0.28007499356609833,0.02010685734492304
1.8854247848186794,0.5256540999745098,0.3495899206886205,0.025484281863036373
1.8060652505549113,1.11140688855681,0.10028277554320078,0.0067068546775083445
0.6930450932469274,1.9229194792454523,0.31821455172840213,0.023047066298443077
1.6304347515167141,1.967739586449454,0.22707839623011455,0.016067928210500383
1.203045974103212,0.9266315202264197,0.24349490756471764,0.0173127324564951
1.2899476828007235,0.7186368500412086,0.29766777351418355,0.021459877942119104
1.4792371553391699,1.0902954165261836,0.37655505925735283,0.02759107269953815
0.2886847030064774,0.1215608971919997,0.06864778367322692,0.004472616722414558
0.6124685675575154,0.33676896611660556,0.09448274296128724,0.006293029214139192
0.18852114337893044,1.257397155406442,0.22779352630380068,0.01612202779740738
1.8692251779582416,1.796295563404425,0.33627885503451005,0.024448361730086816
0.9946874265071846,1.028136851707452,0.11328851541495791,0.00764069114241519
0.6686082002858025,1.2666572996868513,0.27112913365974783,0.019421075480230345
1.238790741195163,1.8161093415705503,0.21051573618983555,0.014818325596247104
1.2127278321328698,1.738865671867767,0.22569438434301453,0.01596326113574464
1.593169261443315,0.02884339469899988,0.36061525020011254,0.026344384957221058
0.29886831195763786,0.2778312478239269,0.12011782760235472,0.008134077714789509
1.3806059046892296,0.7769789571164758,0.10632409289306557,0.007139654655191769
0.10887199399908432,0.17961269157189608,0.4659909424706791,0.0346500171619856
0.5457844812621704,1.5676184991029256,0.39588550660471866,0.029107830547167268
0.17201134692595788,0.16874375183203494,0.45830947407480344,0.03403977866372398
0.9793863689618132,0.9206739433785891,0.3936387338099406,0.028931270716087754
0.4234187394051161,1.6783156692692374,0.428387491469804,0.031669517895923274
0.019674289381800047,1.1385602763505576,0.14056695261779115,0.009622659213918016
0.8950257342684076,0.8512951839262792,0.12479177567316177,0.008472873624842144
1.8961175450009982,0.18120190171011297,0.08728562082816113,0.005781968013945991
0.9004481786666894,0.9558881519615752,0.0858803474365798,0.005682512469091288
1.5834585770411191,0.851607040438709,0.2622545912147856,0.018742301797730072
0.3162639967833858,1.0585790152294323,0.4668823372421108,0.03472087736783915
1.0271891197167364,0.7443699452325745,0.3675939101862543,0.02688974316537565
0.9233802036787186,1.8446631703956393,0.08876326510633553,0.0058866646755141375
0.8277475519394943,1.067947895989555,0.34995263283232947,0.025512548154892106
0.4680023969128235,0.0815842546504697,0.06820548239257984,0.004441817885000246
1.5696722812240622,0.8902652697065179,0.3770167502587722,0.027627237625231917
1.982627199028962,0.734674592850916,0.24484347729426742,0.017415252711936842
1.1080056443283675,0.10074389805318651,0.15534776553372448,0.01070811408579194
0.42413555240756384,0.41295686808813326,0.0944898792342488,0.00629353732390864
1.85291616740609,0.8352890372959334,0.14210176491026943,0.009735018213798397
1.018420626623909,1.7208699333447315,0.26854876037950703,0.019223554019957404
0.26154584098380806,1.7144035600174279,0.38238118034816915,0.02804766435092512
1.795015453799559,1.256782527567186,0.31032324175438036,0.022436619521866055
0.005712704219115627,0.29626118980359073,0.39410690522839587,0.02896805565999255
0.9664215856923204,1.523686364364894,0.49935816764631247,0.0373087354756317
1.426991843528356,1.2587758596816594,0.403404272515355,0.029699184241881966
1.7423075678587199,0.576235635842874,0.4277980954804787,0.031622941173044664
1.9173182692645563,1.7243988475240033,0.20273802284179593,0.014233826540032803
0.520277522350884,0.47423516012183287,0.26813396115637655,0.019191814305503034
1.706751141623113,0.912238586138377,0.36957644383020555,0.027044802274104544
0.8378073681379106,0.8359545740005707,0.2267430555563394,0.016042563736241636
1.2398353125693031,1.5079701861327925,0.2623784551343306,0.018751764810501743
1.2128267062586453,1.4471589214831135,0.35000910393227647,0.025516949150570824
0.07807162895238573,1.5678716032264377,0.25098687331649616,0.01788277288085082
0.5709104210302369,0.35593906137209297,0.3760016779272615,0.027547729568893065
1.2238182855496047,0.8769021606838265,0.1527876058905462,0.010519573669329171
0.4213041951753653,0.1361816246748082,0.4158350581699819,0.03067853309829219
1.4885743113562535,0.5023681029023972,0.2401822459118873,0.017061065750203126
0.1814665909257569,0.13437108569340395,0.20805741847952047,0.014633418046973302
0.13146440046122554,0.2301192230942246,0.4148208607577364,0.03059855388647464
0.8699458039233459,0.6590073128082883,0.38573271059901326,0.02831054098861719
1.2059849883048746,0.2567051496078574,0.3582670971668218,0.02616104787911631
1.2192494856700276,0.8613024191217002,0.2844658064833172,0.02044400970057592
0.7303433508750847,1.9418678178418192,0.4276334634726921,0.031609932001920714
0.20830261933151384,1.7847936700220524,0.48848088468760914,0.03644063942957159
0.988376503202681,1.0333666870862668,0.38353875030751217,0.028138440228902373
1.9801818376496139,1.9403977311325387,0.18764088301005383,0.013103731818537738
0.6691453360965289,0.5112874001023313,0.4554574267648615,0.03381338258905372
1.2496504775630983,1.1556364522169422,0.16581282818712256,0.011480999832013804
1.1775196330779847,1.508738909887153,0.4119799523467513,0.03037459288137231
1.143061401631145,1.0224872755294903,0.4853273840911141,0.03618921231824788
0.9841904670276913,0.3947904285971151,0.27487707198055766,0.019708202073048214
0.4514897905028752,1.006701887121667,0.09687311575540702,0.006463373104585032
0.861536057907214,1.9863775370725711,0.22738926996499592,0.016091444364927134
1.0021760140013463,0.03348181778739767,0.23593678551815,0.016738883682247657
1.5899036688715513,0.9497365995663447,0.3922511330836492,0.02882226255108652
1.9264984831387322,0.5357750200434002,0.3836847674311352,0.028149892140026576
0.6843852221918205,0.47384379553699985,0.0669715649333715,0.004355969408140346
0.6202088594146062,1.6954311793101806,0.36452488449966974,0.026649820577383233
0.9026145552334908,0.8164687271113582,0.39445543616454126,0.02899544222643976
1.5667017920554724,1.847623286329807,0.3285532303216855,0.023848412259916834
0.37531939550374416,1.349018245560916,0.17858698410909546,0.012428976661412131
0.5372809254483821,1.9301437104624386,0.06139000526653664,0.00396902964623346
1.5210915430220302,0.19498719581170265,0.057781468909837826,0.0037201454739060613
1.2208602794464753,1.0119210229491375,0.180316927485912,0.012557724469503472
1.3284266426970228,1.0608559154057022,0.27183914414551097,0.019475447912463282
0.6606491376990871,0.27741599751869583,0.4534224633398734,0.03365190654503044
0.4840192595297552,1.7201937546060395,0.4471473555547193,0.03315428722622755
1.8893164189656708,0.591044012722753,0.16894689670651555,0.011713128745667288
0.2960307764675494,0.40211812462674024,0.22034055311369427,0.01555879233465809
1.2336317044406189,0.9023783476126734,0.17931606469985456,0.012483226680883872
1.033719162398556,0.46375682320345635,0.16613237401511072,0.011504653652535302
1.565665726052998,0.7707206054475608,0.42043010665433844,0.031041065027940722
1.8170190259889014,0.34674970142819506,0.20281791908229002,0.014239823020390492
0.5352163307785056,1.8366617463986692,0.4509596539601536,0.033456547457301214
0.18757868776804587,1.9511709027095812,0.3873562614274411,0.028437940649368023
1.54992319490818,0.9545662688993382,0.4705104044352898,0.03500938174724859
1.548312952881757,1.3752268336198077,0.4656402233737292,0.03462213979074466
1.4594424634750722,1.514416562261927,0.18383085867081334,0.012819503917253072
0.6158330177910278,0.4470958141661838,0.25068448698965135,0.01785974225984525
1.5902713466540745,0.8010589616000212,0.3841432745319392,0.028185854140839857
0.5234646246155736,0.17395426792379864,0.4920274080864594,0.03672353586472307
1.666623473446464,1.5951926044488955,0.11081462943091361,0.007462463693629689
0.6962232277989373,1.0367332077909739,0.4183282991783738,0.030875206266937676
1.6946300187508143,0.023979948980132004,0.3489729731487469,0.02543620756162934
0.8148212345754513,1.7181602720647697,0.34302491384658146,0.0249730201543313
0.4382714510483483,1.2253199141230802,0.23542113196934034,0.016699778548150277
0.02751453190430886,0.9337269187356816,0.2927016458077022,0.021077370694224825
1.6449307652626488,0.14783569995923362,0.12057692693344924,0.00816731629072343
1.5804087308197579,0.5886526640118341,0.29950527899043566,0.021601520604189114
0.8652040766857692,1.1846502898339935,0.06654299244900234,0.004326177365566309
1.585625296934819,0.031598455036764506,0.3788741941745839,0.027772764743864784
1.1175822372973532,0.22272792063644076,0.20181500650422068,0.014164562911551291
1.1960393454548937,0.9225476422435588,0.413154497051267,0.03046717440330763
0.8677579148395616,1.5961894298710788,0.26748873007091556,0.01914244908141797
1.8677935423569736,0.03832369734208507,0.23739902086838682,0.01684980588585261
0.2694776796241669,1.667884951469373,0.1456676527791888,0.009996388141002056
0.5050916451313339,1.1436184134426595,0.32981947288013075,0.023946678878652667
1.1293131040878075,0.08085961659837149,0.3960725493517892,0.029122532190789165
0.12463816617805401,0.8262103526862283,0.1563046634386493,0.010778639134362123
0.10246896578773579,1.7589504269346357,0.27216174745237387,0.019500156035473674
1.0931300066981158,0.9219647893592982,0.3526192224961483,0.02572041841258829
1.8880667982632593,1.8519247914858568,0.2124817562829765,0.014966311288295103
0.4907028597468879,0.8639508741796087,0.22588795949018936,0.01597789776308435
1.588502660129063,1.5254122698558283,0.09869355571665539,0.006593297250355777
1.4333548564352032,1.7885765027608111,0.38993626911130724,0.028640469009713853
1.0493765334522092,1.5930584948053181,0.47502598089113907,0.03536867533070045
0.9233824184535806,1.2596964860748388,0.16353237313808974,0.011312284790137168
0.08287117538724886,1.1920378289640057,0.48692434891543684,0.03631652352601525
1.5296518297971564,0.3410583360933208,0.12328672254206538,0.008363681107491769
1.3148192374873624,0.46368693880221246,0.15938960245985076,0.01100620656713927
1.9731763425521516,1.2772826791642833,0.495347623689917,0.036988507917190466
1.8838651246187785,1.219241463122938,0.4681488522391914,0.034821573293222975
1.8168293493114607,0.3823229596143505,0.17911911618107612,0.012468570472900207
0.5457186314050528,1.4325157799472208,0.11685350558239052,0.007897996901997228
0.8207034356069718,1.6609109248121128,0.370925580910082,0.027150354632883667
1.2073488648129045,1.1111524248719384,0.38690290220616624,0.028402361940893125
0.6471666614996117,0.902516823690293,0.27220807839620126,0.01950370467924366
0.7240120615177847,0.06630368754352123,0.09711905947734509,0.006480916247957708
1.8220407920728283,0.7699341462178997,0.1025483483868568,0.006868955159375513
1.4706954867275543,0.07756959550104958,0.40532384297859914,0.029850281636681485
1.1299924567881734,0.2228426792430711,0.16598235564816777,0.01149354841422787
0.7266170407551209,0.435513689242192,0.2585953649861006,0.018462882259401982
1.4367011496533664,1.9337162754166226,0.2435441185299917,0.017316472859108773
0.5625448932973605,1.1946267851809949,0.0901766372676682,0.005986920037126782
0.6888787790017226,1.62528440567279,0.15352763602043273,0.010574050216999413
0.3178033580165558,1.5484636254151205,0.2058897363181022,0.014470496230771407
0.9064065686239533,1.3807971933803456,0.3208536102956797,0.02325145000600836
0.036895973209282173,0.5068555193743249,0.050637543401337956,0.003230644513468839
0.19433519164134538,0.25384647570988794,0.34279819949932133,0.02495537635098191
1.8158638518128971,0.44943663438966164,0.0804946125283926,0.00530240208228981
1.2860078708166915,0.44192699759863063,0.27652686852010755,0.01983467755291244
0.7665208708975515,0.6949315529695932,0.4069890759694681,0.029981399078441818
0.40830406900042426,1.6922235023446544,0.4175295047626254,0.03081218651054934
1.392512233691467,0.5438500463840679,0.4046102636044693,0.02979410705052403
1.9162714131449998,0.2676593146490205,0.08235331786326223,0.005433391883460881
1.2720705485012471,0.07429148356678583,0.43184737627700304,0.03194302254239386
0.40014748344136986,1.16374107615577,0.48865590596020336,0.03645459708027809
0.7133927856600224,0.10956548144707368,0.3130851755852171,0.022650153534189636
1.3168822352790255,1.5999230261348965,0.40391014295234556,0.029738998608705953
1.3005761888769358,1.6940243160461124,0.4279260327158037,0.031633050972961006
0.070113934653534,0.4483964239060043,0.2804633532427921,0.020136663260342906
1.5603619771354358,1.9504266129532786,0.06969744508084408,0.004545762634484831
0.7829553957582074,0.12453264353791882,0.08816969016965363,0.0058445930905585055
1.46780274039291,0.8657301527730124,0.24499485049697622,0.017426762761888242
1.7963570087930225,0.6440419709653509,0.11992021435214192,0.00811977330472016
1.5144195393462676,0.4295791625037748,0.19198674254522013,0.013428419141919836
1.1994477042905503,1.1653038601319563,0.43283141316977247,0.032020838546358066
1.0216530637114034,0.5247397047817064,0.36882073491118217,0.026985689529594414
0.47847427137005716,1.3408462111652055,0.058019982305648254,0.003736563600140606
0.4009442981439211,1.1885099490869546,0.20837377276969843,0.014657204888462196
1.2286627615104073,1.7727266336704772,0.3359731406605036,0.024424602621569202
0.15033462307045453,1.6974642373498599,0.09727989318055316,0.006492390159767485
1.197885204854584,1.5830140307430192,0.055596724288677825,0.003569977936722324
1.4993257416784656,1.5823664271596403,0.12223640675222178,0.00828753446583252
0.1765306122950463,1.6251385108803296,0.2233071104967878,0.015782825724225732
0.280147211167054,0.13746219743207977,0.21905789711887663,0.015461990862519957
1.046888962387524,1.3445614692641428,0.08399241353617612,0.005549074532578334
0.45932661318320056,1.962292159015735,0.48650076870076964,0.03628275258910316
1.3269083639739414,0.7103795598017375,0.2986182273424693,0.021533135417741132
1.6175541201258983,0.27343934310960716,0.17565572873668256,0.012211020239381393
1.4801316249675929,0.016421285581474043,0.20126327177816866,0.014123170879546716
1.6564918139911604,1.8359973198610995,0.1762045939763146,0.012251812693599318
0.4336616974779577,0.22602998206767788,0.26748993231902474,0.019142541055166443
0.21909890727799142,0.3167347715785298,0.3130892064969806,0.02265046527225468
1.687934866574469,1.356819832693963,0.2737166492114119,0.019619273955989877
0.7548159649603461,0.6831093275665805,0.10112964700307589,0.006767418591606559
1.5738899068408205,1.4262516049288891,0.47469267012178784,0.035342146508647976
0.20572707546205504,0.31758789206353355,0.2003253412558536,0.014052823791007746
1.5876127570967016,1.9758716986625493,0.4055149564455596,0.029865327681156247
0.5735545497017696,0.5036209247491579,0.2976637675639103,0.021459569212365713
1.3903727617445658,0.37183532582728773,0.060937382039202584,0.003937755138897563
1.3876502327401334,0.3912885689394072,0.4878250130405601,0.03638833784445572
1.6709615268445621,0.8511281755616324,0.29859093164878486,0.021531031341705767
0.07024014512493926,1.316554676769096,0.40673031528566395,0.029961022295933955
0.37968954968810875,1.0328107867391079,0.09956977881097216,0.00665589214303868
0.5240142954719496,0.39568291019441926,0.32314832095394547,0.023429259791047978
0.04676240778630736,0.74625762784934,0.08946671490852519,0.005936549136070117
0.8266011536101414,0.3294493296444596,0.21227451884913418,0.014950707702268033
0.8443932699145706,1.5719182100608322,0.05291646113460467,0.0033863082604030834
0.9234357418793226,1.4835386295627835,0.22030466384059522,0.01555608325749187
1.7024899772400335,1.9948307599283168,0.4583642169479394,0.0340441251165922
1.0262463783653768,0.6848869486600331,0.31984188161583815,0.023173082218979398
0.8980394293354803,1.3803326762811448,0.28024950022304845,0.020120250068329407
1.5298370794609666,1.2083781288066515,0.16074538591618856,0.011106315493114405
0.1713031522937838,1.7885015976332022,0.24277841396724986,0.017258279480147177
0.8447038112574463,0.42738071574162806,0.06287172400794239,0.0040715214087124465
1.9814893339509456,0.04381434493894609,0.22709729155265185,0.016069357490530862
0.8384140638796078,1.021502761140815,0.3834545657985653,0.028131837896732587
0.8781944496644525,0.5964462207075103,0.09009763271815721,0.005981313094695741
1.3203453018478943,1.4600289916469458,0.222767037371622,0.01574202421618767
0.7121797424829597,1.5015824717194584,0.4032036309243118,0.029683393765158335
0.18254870697056313,1.6205410013102335,0.4626941329859818,0.03438802319852802
1.8741068033389328,0.21561690629820696,0.47121662112596174,0.0350655580781873
0.4467720083754012,0.7183624595541531,0.2056475955078957,0.014452304383743803
0.5790929003187599,1.1127180585314127,0.23656155512696275,0.016786271649076874
1.3598590777217898,1.8523885415407315,0.0703235531167626,0.004589429405828055
0.7472488026496638,1.1307592983742096,0.34647406276958703,0.025241545459276885
1.0442357725176181,1.9062593141699402,0.37326654580376156,0.02733356738275431
0.053321248596771786,1.5959860334633078,0.2149637464941897,0.015153269802465423
1.516671269853886,1.4802635897963,0.42736252106826644,0.0315885229680283
1.618709855553466,0.5786982989793663,0.2545613026934449,0.018155156303381995
1.1359312736033995,0.14750012998298723,0.07758636823382395,0.00509786758241109
0.33071450817624504,1.9888999237477702,0.44833056920333625,0.03324808002988828
1.231180939711555,1.735157787415701,0.2938187727225529,0.02116337666521106
1.2974589802906973,1.920301206251856,0.32170152308886796,0.023317141867065815
1.3994189583232686,1.1514670391260757,0.06424379434934843,0.004166577533452897
0.5379570984897615,0.6884644541048237,0.232080981667739,0.01644661836112901
0.1400901061809432,1.8595204121486613,0.3577578810314512,0.02612130065839159
1.7881696487846472,1.0763191275369806,0.2358951266664342,0.016735724219873575
1.6036164405092335,1.6862206558755042,0.3896907037522115,0.028621188351159583
0.6803987466444643,0.5708554007005968,0.28778915270319305,0.020699434863575956
0.7616386468381133,0.6004578168720522,0.09291185793975393,0.006181245411701003
0.784820799444077,1.3727053017930557,0.34346948479070716,0.025007620751507323
1.768915729295023,0.958118662973789,0.17843724101275288,0.012417836345232008
1.7150340845909884,0.10805889433947757,0.26939940526171935,0.01928865446237591
0.21981860911793794,0.33536039174816357,0.39415476213313594,0.028971816020064985
0.91730629707736,1.6043659314300183,0.4229819134158442,0.03124251121658231
0.7483461476861215,0.887514074813363,0.4539981199953717,0.03369758031832735
0.487908752562918,0.7726130206056552,0.30301675772960157,0.021872366704111957
0.5703153144579884,1.5193572882768243,0.2045916132036007,0.014372986568636581
0.18365625852589496,0.10275915348686615,0.2701574032000781,0.0193466765230538
0.10000597601518746,1.3179512509357292,0.2866013430164412,0.020608118898958985
0.6763024557864152,1.2166469960583246,0.11540704284246947,0.00779353114759393
1.1005375143762652,1.4731511056324826,0.2650743774464774,0.018957805260832492
1.368256179057364,1.3843850700482738,0.31908455449080175,0.02311443138617107
0.48493485071960496,1.8076230445162829,0.4560810485387624,0.03386287747317948
1.2337884046316046,1.4641435067983193,0.07638648521356423,0.00501363369565072
0.5620411137507291,1.2353241325319393,0.3734760668772781,0.027349969166185383
1.7171940647987758,0.7665986571195715,0.3813176630141406,0.02796428072828128
1.4644370955528416,1.5519807723604537,0.14953982983741837,0.010280708372363938
0.6792609488580503,0.8971148157656788,0.19400328456775467,0.013579251828968159
1.8703902188267398,0.868422933625917,0.2137696424522591,0.015063303965435915
0.47300816488488273,0.5399349604345556,0.41281092537675274,0.030440091059180645
1.7316803891390173,1.2842450278115383,0.24119622631626764,0.017138073722797884
1.6814992947849456,1.7791416965018476,0.48969861107121504,0.036537758195936076
0.07537058022116105,1.9016678446800208,0.40004160818221773,0.029434614598573106
0.8780313550863548,0.6512806195154093,0.2056151344930574,0.014449865725753071
1.0209308484705288,1.5754946100324443,0.3031384825712463,0.021881759439186882
1.242355107427743,0.9515524313583241,0.22506775930490064,0.015915886631690412
1.3097768015112645,1.0694581995085475,0.05942946119973917,0.0038336799145035484
1.0999377235004886,1.4239148728882831,0.3763850320058758,0.02757775498898361
0.3160904697444207,1.1776265474819536,0.14624910201713176,0.01003904896387579
0.8262270033249945,1.1200318261443536,0.05694747912172749,0.0036627744641915647
0.9983285248647946,1.3750660254692912,0.3196389880146358,0.0231573682815329
0.7035019748790454,1.477760565476586,0.07273619404101483,0.004757943659143979
1.5269269998191448,1.614403072522168,0.07828268096111303,0.005146791276407329
1.2095416282310003,0.37318290423615164,0.1505608348985873,0.010355762370061455
0.4767751346318201,1.8245098407836382,0.07540303999613626,0.004944662106858198
0.6908401816334531,0.9548492056204967,0.2262464063639325,0.01600500297588423
0.6867335519397693,0.5923258722206759,0.18587878682827508,0.012972229410677626
1.5976089328078902,0.5199415051492546,0.16877081259840368,0.0117000789129769
0.829572383128057,1.3812039344451748,0.4944655642207074,0.036918102576456745
1.9746472207403227,1.2311136884568044,0.29072142562244474,0.020924972133188485
1.5643810097769173,0.9900661868161131,0.14275376274301924,0.00978277441762765
0.4588033094772861,1.803493307797683,0.05981237295254308,0.0038600910329937735
0.09583355061719101,1.016895057749877,0.29964912409670535,0.021612611326553937
1.7226044475004905,0.7039007313905701,0.20458630218618512,0.014372587714376743
0.25623580342372687,1.2255121463640302,0.2016389102253947,0.014151351034366755
0.5368505706269071,1.1681784948871161,0.2686167604858361,0.019228757592591437
1.9003553716605768,0.5085192880465867,0.3059284032004627,0.02209711108897464
0.546510181960828,0.43475157380574325,0.3936568187793,0.028932691623742127
1.9236235094725387,0.9421872221522969,0.4616287373344501,0.03430338482338762
0.2999290809084729,0.6569831476429882,0.3947010488327183,0.02901474277207841
0.945928577277237,1.9886950785426187,0.41445870318437805,0.030569997549016095
0.6305675971026188,0.3592226659397275,0.2235701687866794,0.015802701749953876
1.4640227018076792,1.7798899651349855,0.1961664280532554,0.013741170245751513
0.6621378997015159,1.6296913772979469,0.13627160870434857,0.009308662556234682
1.8735892625924355,0.3362122057630246,0.36604712064718453,0.0267688047863579
0.12030475376635152,1.1763683652526404,0.4985243393546008,0.037242142615038255
0.3082878599195542,0.9580664299525157,0.25790706032890637,0.018410353485791283
0.7789762401669251,1.1058153446060606,0.06850774503578051,0.0044628639035328745
0.7874462521761678,0.3691984529435157,0.4262430973112281,0.031500079486251484
1.9176904434729567,1.87810746655469,0.11508323692874789,0.007770157722064364
1.2576997933223173,1.2974692131614889,0.44616703756326925,0.03307659083726772
0.7957456107134095,0.965093338619321,0.12318766581495202,0.008356497695153592
0.010778098900333877,0.6849051120843299,0.08530599563237293,0.005641896027269032
0.2392785138171789,1.75205757948426,0.05598705461898229,0.003596777720129664
1.6804253774091433,0.09073103121386983,0.12843174459933193,0.008737329404340143
1.903308696199195,1.6117273942738848,0.26079886544045466,0.018631109735964036
0.7916230826830613,0.00036477386042554905,0.19017396073405995,0.013292920489919638
0.6532847453107105,0.32098160312538826,0.4061310044759019,0.029913831444551016
1.7306818957718035,1.939518474799134,0.48518941581802627,0.036178214741341676
0.0219786327892737,0.4782931728505109,0.1525748466215303,0.010503914982639546
0.9744241707473686,1.9217524093774252,0.24084145194519496,0.01711112740715053
1.6436846312276208,1.3840767419657645,0.09809571304906338,0.00655061104690021
0.6646492197856266,1.5638010999670668,0.2503111232723156,0.017831308439291673
1.7197710523700382,1.7113404478460665,0.15030472891738395,0.01033693273133081
0.4670493284298549,0.3544437228063042,0.19850023625799146,0.013916001659266245
0.9618435478132557,0.4174366482635743,0.1800030525975495,0.012534358563141097
1.3499159728481394,0.14324591715143664,0.27113893972595143,0.019421826359575046
1.513954198698057,0.3563973177329869,0.3603690983176424,0.026325162247310366
1.3625883939433192,0.2729831158334599,0.2157512728087435,0.015212622264419665
0.3772146934940983,1.4079244824055024,0.49339432110953757,0.03683260838995489
1.4688491599821716,1.3483363056879272,0.16274997421241982,0.011254437803047928
0.8092932246378486,0.19299996900199656,0.3120956090778653,0.022573631953516422
0.12752202720082173,0.962690986706251,0.06042285562834411,0.0039022228299228617
1.3440549724520858,1.6271563211071927,0.2113992676019673,0.01488481877045402
1.8000883450502017,0.9826930657442208,0.37006113920431,0.027082720302746447
1.754349543363126,0.9521401323664387,0.1959288281174249,0.01372337905953746
0.12093513040184956,0.16605639448179277,0.3061283123776158,0.02211254713001418
1.4927829404017474,1.9267750914469128,0.225270713444506,0.015931229504185955
0.4311062880510974,1.7859652190274742,0.07719514217065776,0.005070392883948703
1.4476826154786215,1.9441460339526377,0.16047042355769886,0.011086007977479988
1.250269006508338,1.5207654765349194,0.4854611608468057,0.03619987599147054
0.16467684608222832,1.3133555897306644,0.11043738339623116,0.007435309528336777
1.8819333078071578,1.2739615179313672,0.38853616828364296,0.028530550799216466
1.774790342524783,0.2918945672129307,0.20351640088246797,0.014292253352789667
1.115975080851366,1.547874279880721,0.41708832656013173,0.030777383944809025
0.24865501898809916,1.163251223120864,0.1987827349952549,0.013937174004823305
0.09000300237376413,1.3295706336543427,0.37838384776114353,0.027734342263418605
1.0973166548837785,0.9790889014332496,0.15613989891064978,0.01076649357221123
0.3779455682953947,1.000050410079474,0.412398675033949,0.030407595910569532
0.5836010442176811,1.5493724190089602,0.15386224271733379,0.010598687894809477
0.04095189833410817,1.1627045595013874,0.42837942081005453,0.031668880086205324
1.7011681815143882,1.8044485579457945,0.45968280477754614,0.03414882864125094
1.6518779853649994,1.4966981286381285,0.17035576540095487,0.011817575639454582
0.561265478719903,0.08258653661146265,0.41583018688848855,0.030678148918740742
0.5238578712529753,0.9662356259499327,0.4960132769824519,0.03704164560391736
1.0977789081881626,0.3727664201503387,0.43904024979168027,0.03251210350951517
1.9045556529739398,1.2863625538431718,0.14192729022295564,0.009722241209926059
1.357364731159358,1.396983253442377,0.44268618274848487,0.032800806447609354
1.136792854074977,1.8802748548958852,0.3310397354976326,0.024041401863935954
1.7851100958192527,0.43522576651912037,0.43022704963247754,0.03181491647065908
1.3824798931904485,0.48455904550300644,0.07491633076609078,0.0049105508176486255
1.8973827802298915,0.1431245315536278,0.3006435868256433,0.021689296272982463
1.5836982308365128,0.5279244292598666,0.0922776478595978,0.006136151990715179
0.502722576418337,0.9437625125340068,0.32262889252792265,0.023389003293617285
0.6425934403248397,1.0283516254498832,0.10879331825419337,0.007317044722499066
1.0244257005872008,0.4635690676665791,0.4003168656915755,0.02945626571909475
0.6126565352556235,1.9484074984868467,0.06826802029077683,0.004446171762282993
0.3791860093247401,1.0748702211564203,0.4664278040505692,0.034684743707098696
1.329939118064396,1.3854998361566746,0.4260315344725653,0.031483366119492144
1.6053266910070163,0.17525733222610773,0.4203824439731345,0.031037303214259262
1.6001665034726302,1.698216153598387,0.10090291113473795,0.006751200159574515
1.7143367127062104,1.2512772940651677,0.3644133867139046,0.026641106799748612
1.809101218066871,0.29571732698840947,0.2941215792017095,0.021186693184885082
1.0484327210773494,1.5850466065443107,0.49687484774879037,0.037110430271280054
1.7861316981548285,1.1906314408700436,0.11583128135742293,0.007824160990807407
1.568130291541397,1.7751683987391185,0.22156489037755855,0.015651228799064967
1.7286057924601428,1.2272227700115974,0.30928157535406137,0.02235611891925801
1.4997423579445917,0.2041833329933267,0.16870271153535435,0.0116950321024617
0.3575023284353229,1.4102491924499228,0.17769987885870692,0.012362988826973457
0.5595742292178014,1.9216591741195874,0.32869268471794444,0.023859233324843833
1.7011790417358719,0.8163953969239053,0.30840916457002393,0.02228871288298499
1.7060990451892502,0.7763914002529306,0.06648454596465087,0.0043221155057806115
1.30065220195898,0.560023228519136,0.2770542362637631,0.019875117225779636
1.7733723596508768,1.2730175914557817,0.1732288654380233,0.012030758025291173
0.40915912475773974,1.0548952758535974,0.12977126765206037,0.008834781226807847
1.0900754455529165,0.8229621966269534,0.2640762695898018,0.01888150623378437
1.1959190347930682,0.7147229204841585,0.05618156963331769,0.0036101377924824215
0.06462381745564882,1.3331440399419456,0.477266875853758,0.03554706561982086
0.699325197846312,0.26985314182947073,0.05582200568756804,0.003585444007727837
0.4830362439087652,0.655763425880461,0.05831399587550931,0.0037568085016349835
1.8823456010111437,1.3748566249660648,0.2634200834205527,0.018831355790472182
0.23966522439925364,0.0839354113712778,0.30183046802516694,0.021780841888075723
1.1301337756894527,1.9677973470387826,0.3605460082871155,0.026338977565134966
1.9640193363584795,1.8162295986707455,0.21669398522104827,0.015283690088762505
1.786933171201188,1.5348659985512856,0.19675026433693144,0.013784893489383493
1.8128243303911933,1.4208788654538134,0.12178525637456424,0.008254840437383237
1.4648700790062616,1.3622079598140626,0.25548204681485126,0.018225362977072775
1.2488373521667386,1.7793437627317201,0.14804143134892414,0.010170625294972936
1.1352702091800508,0.5254027164176367,0.4476440115113895,0.03319365483342713
0.7665842476684994,0.2106333948664756,0.21950971484315562,0.015496084893358629
0.7609090912552658,1.8916318408489257,0.4828769693526892,0.035993919685709114
0.6784795736164768,0.34171106703860366,0.3965590007100058,0.029160769727812837
0.2807594066152139,1.1808713288503194,0.36264878493336977,0.02650322412770766
1.2805451868675235,0.6372549916915553,0.24836447360324293,0.017683107229846114
1.1830419515975938,0.4445692066352205,0.3711924391920796,0.0271712359500065
0.4434485599732305,1.6868795930075904,0.28906954540042673,0.020797897514853548
0.3175076063967528,1.95468852347981,0.05735167129747745,0.003690572069215491
0.8842111710167093,0.33961831223932926,0.12432043511431445,0.00843866775646151
1.6075957216777137,0.6807988114875705,0.17316959833302228,0.01202635796098896
1.9516513084443767,1.7616145411140132,0.24235707865707817,0.01722626348745456
1.215135188610546,0.3226595599317654,0.17889487437490664,0.012451884549355035
1.9573248462508372,0.7192054483533683,0.4295204046164682,0.03175905820367314
1.243304723894313,0.7742149188051581,0.32744732565875767,0.02376261001817304
1.6393461672989977,0.6645916789229231,0.46546932601010654,0.03460855631269775
1.231483273022025,0.37626586139205,0.21778991866945902,0.015366335530557221
1.9127911549542322,0.9852020954047607,0.20197435716170614,0.014176519109971412
0.33115128167055374,0.05297589189560026,0.1023992161578065,0.006858277171441949
0.9564547800904162,1.0797141750106773,0.0672495131325578,0.004375297903303572
1.7009602124938525,0.37652398031821765,0.05828971864698602,0.003755136576490771
1.9563181846582993,1.1000306737324248,0.46131428477256636,0.03427840629934892
1.58105666413014,0.14020401894495205,0.36516243773028306,0.026699650183571486
0.028328653593042485,0.13889257471216698,0.09962156549375142,0.006659592829770265
0.7774878466538875,0.36507461503874206,0.32337819509661414,0.02344707681434688
1.489169775500502,1.2926164984519437,0.31471024329979796,0.02277585358444027
0.8500107865991555,0.4111804269102821,0.3038004850144531,0.02193284652875801
1.1246479554480373,1.791936383719289,0.07751649619823242,0.005092959964636262
1.679398003205319,1.0580771042937913,0.47208290397738495,0.03513447487844664
1.844299545647937,1.4241597858346007,0.20579228015614498,0.014463174249007579
0.04593318020389647,0.2744163055571074,0.31874442844890377,0.02308809361345983
0.22387030165698385,0.6338665495206113,0.4989390765348083,0.037275264224307214
0.6857794214812993,1.3269885911071637,0.15589763242285876,0.010748636585296248
1.6740513682989167,0.9071967334803412,0.3916173637021994,0.028772483272233747
0.9637689681382764,1.8074005529035113,0.3213697649190843,0.023291437549806285
1.1937206648484544,0.13627713445405454,0.3043569922825578,0.021975798441900778
1.9809352780651894,0.952875413309302,0.06311448833917054,0.004088329628438729
0.6898756063463278,1.586402920247131,0.0763828313014426,0.005013377323315105
0.22987294680108206,1.4192795273205818,0.40345268636973036,0.02970299448940851
1.6492492882733354,0.2576903369384129,0.32863345983991166,0.02385463768881095
1.1470107220996308,1.4777745190513047,0.33560107699911074,0.02439568907875709
1.4406654452987269,0.8807435228825964,0.4886778407323977,0.03645634636561814
0.5035992160372844,1.8103983351579271,0.05467192973134409,0.0035065342079830322
0.2787188882485734,0.9785454151852502,0.14777106876018598,0.010150770687714892
0.3760259128508432,1.5469366136306213,0.31782157999652616,0.023016642311861804
1.645853471132727,0.9865107027228563,0.20841799691339946,0.014660530323139116
1.5993674912095701,1.5059088744614535,0.18350523434578986,0.012795231066040875
1.830775967373513,1.082016705885609,0.05139880545143102,0.003282590569374428
1.2134918405146264,1.796371924234364,0.21189196123333726,0.014921906446453822
1.8264568445137608,0.34664740829045093,0.054370629271024845,0.0034858800043483344
1.0298321444943512,1.5911676414873355,0.31960339101786167,0.023154611395258314
1.7824791241471565,0.6198496099914592,0.13231704512123896,0.009020180256314512
0.5029042719324532,1.5834441445111644,0.30890327648724214,0.022326888383611757
1.8104797662205463,0.5284570782433571,0.461131768197973,0.034263908642863654
0.10864152507071068,1.0647920302687888,0.3964195089714266,0.029149804640522865
0.24552232619707404,0.9416726052198447,0.17141549669679002,0.011896178442960526
1.1930244351955424,1.623399784924128,0.12132844679224522,0.008221744810734694
0.11233279620204395,0.28991232233736564,0.40589968515861247,0.029895618214696985
0.13706467007043943,1.197168766248501,0.45524582476504805,0.03379658947099289
0.25571333894234516,1.4393590679179138,0.2816258359961972,0.02022589875347958
0.6559735789504513,1.508297911866342,0.49759901293618697,0.037168251344971925
1.6898502597780982,1.534637379950843,0.383369764889906,0.028125187323344118
0.9178826503553015,1.8656816603757749,0.2700881382945717,0.01934137407275273
0.31099468464263125,1.0106943975592464,0.10912408769472058,0.007340828568211949
1.8973820618205501,0.14442461758545755,0.29366157312918056,0.021151272731765928
1.3395324112614289,0.3136294113977274,0.09019080186478608,0.005987925332552518
1.1902234021804088,0.4940027340211366,0.415122510932977,0.030622340493272237
0.4951800565473603,1.6563815267716342,0.2316448068479402,0.01641357781777038
0.6973122399363461,1.3265794363259935,0.10907959821403611,0.007337629279834501
0.7582469217830847,1.9213412213409673,0.27617042144573845,0.01980734745125523
0.6881393257816488,1.3758110451429038,0.10530655754877057,0.007066636831345187
1.6385657757665026,0.6109789931876748,0.3493785613439413,0.025467811483929424
0.057689037378505725,0.831565244437223,0.380928859230802,0.02793380110214398
0.7777833546608777,0.5732120624463628,0.23970040331872805,0.017024479485729
0.33351040886383565,0.40121770149725644,0.33171859141217797,0.024094108546023625
0.30159958952209753,1.9090135784130886,0.21125245518787517,0.014873768570154173
0.7950664417576367,1.3877693957405384,0.09128206649882087,0.006065407629811826
1.3452016973871601,0.00979670417063816,0.26564846483136606,0.01900169959276702
1.398258637500275,0.8534869551997437,0.08917710475366536,0.005916008423106783
0.6701140947983641,0.042059095089660437,0.3740654509455764,0.027396110887805518
1.553660933200426,0.12108805102100595,0.25940880308044406,0.018524973174225263
0.48316016900485237,1.4024121983427082,0.29539379399274074,0.021284673572126163
1.6352354393196789,0.007770161780031648,0.3312929362057733,0.024061059610879048
1.8018264632489231,0.047528094875669336,0.25323295285725483,0.018053900608080608
1.0030015078009573,0.7685788539327199,0.0916330399607721,0.006090341176044607
1.9011200802951413,0.19592267290995613,0.4952966662939068,0.036984440299575455
1.3642142219361288,1.4630276113702332,0.11895554004990595,0.008049967895863859
0.8346867843008239,1.1290804094387694,0.2823088845873509,0.020278343374457813
0.15317266310015598,0.06975325920783182,0.0727661518233002,0.00476003855413418
0.41578530409318115,1.4497635946369822,0.48336163370052015,0.03603254094796998
0.6810671307911138,0.8173762493560977,0.1830286956679828,0.01275971403991592
1.6621924983884058,1.5923240736737172,0.41576384677181644,0.030672916955505645
0.3979039358720875,0.2439295390673435,0.4587571138200498,0.03407532123698899
0.03762826405688191,1.2301549180309952,0.3926530884299836,0.02885383692346492
1.2633036234208017,1.495595347220609,0.3491466940052948,0.02544974379058081
1.9522812136570382,0.806552019267087,0.19217034998073879,0.013442148048290074
0.14331772415032318,0.04571220386636776,0.2614824553567365,0.018683318765223434
1.3856433574875293,0.11397706781779426,0.44577229505593063,0.033045308326720355
1.4637998454484957,0.6896979191564923,0.2830491308303092,0.020335189529800693
1.1573288981221388,0.76374348553426,0.23295007428552394,0.01651246549379251
1.3722424313121748,0.827116486728416,0.16490463312498765,0.011413789473606472
1.591456100203476,1.1490226468182043,0.19711363592906728,0.013812110750665628
0.5943831083961204,1.4468731306002132,0.14633721960322,0.010045515157228896
1.8588618494155276,0.6074293460869629,0.11422125310754329,0.007707958910913575
0.9044495580426986,1.8776504429876864,0.3358793883228281,0.024417316799233216
0.5643321612000114,1.4577333972267015,0.32515223195425375,0.02358460774024583
0.19225514178862668,0.16365152242681402,0.10501788228975273,0.007045930482998204
1.4255752757182891,0.6182990943153792,0.40933290802337874,0.03016601088082952
1.4913161886169373,1.2004916339086409,0.44183639951238673,0.03273350170939686
1.1434902341030742,1.2298840684491654,0.38251666071925666,0.028058287654271177
1.0859103508434194,1.3292575608501818,0.37763650006651106,0.027675788330143152
1.1710585061117011,1.0884561830634163,0.11422358919778225,0.0077081274342686865
1.9467518460330602,1.9198689081330844,0.2742027397507641,0.019656521975278087
1.3111398102382386,0.8492903290296414,0.1307601255667587,0.008906766347915462
1.844838238400146,1.4343313236876933,0.257366140549954,0.018369079347351124
1.7614780942078891,1.856391720313232,0.28669722649968243,0.02061548922415118
0.42711487683695104,0.38868519255215705,0.4904756185217496,0.03659973649810111
1.9826513375960313,1.8905412964031505,0.353221297517137,0.02576736736746802
0.3079421233729094,0.2578728196599467,0.32849317960157637,0.023843752678384737
1.8130537752634484,1.0227591080717178,0.40511231890203764,0.02983362926967624
0.8055397996117835,1.8369632938827924,0.17832582079295628,0.01240954752366477
0.03812219283865592,1.9325440938762362,0.3124364791615293,0.02259998899939292
1.2183759343879637,1.5051817616824212,0.2966770800362415,0.021383536120892176
0.24610789689406065,0.8172177656475013,0.3651130026303975,0.026695786241859705
1.921877517958754,0.7042751530520657,0.42754479588463506,0.03160292565928235
1.496742922787491,0.04419396075966686,0.25881247689800846,0.018479453411247213
0.4756229857843255,0.21287252144643487,0.055332391651418456,0.003551836424986991
0.545449825948678,0.5197690712305074,0.3871635103837489,0.028422813588668758
0.9488722443440092,0.907803626006344,0.36287723861135357,0.026521072465593386
1.681303477830541,1.758293640792676,0.2735913403920834,0.019609672564024655
0.6091945961401997,1.8202964502718268,0.40560997226472106,0.02987280830022437
0.7497687651730875,0.5057351955333835,0.27117453823031074,0.019424552257554444
1.315756713863606,0.825346835970961,0.16614603605983902,0.011505665031502669
1.0447049325500577,1.0408492610304225,0.06503126093560982,0.00422119619423825
0.7801661480818951,1.2735768917239096,0.3876091510016736,0.028457788156800633
1.7720733034201042,1.7186017021494933,0.12836274414503487,0.008732311435831927
1.415315521056523,0.5673457960593096,0.4646934697617172,0.03454689306481293
0.7219041846686054,1.0366066434598786,0.13811712481802724,0.009443490363811351
1.330693286480508,1.8792204334644054,0.2582082270060306,0.01843333618366787
0.8000919883413071,0.052283891033599206,0.0764778472149581,0.005020044275245643
0.5944139138006854,1.0470523717256093,0.3066296204350739,0.02215125882501021
1.8437849306909604,0.5949236553847159,0.40051262256246933,0.029471664127937853
1.0053815896859113,1.826765343689675,0.29468101694047244,0.02122977502399173
0.8657555247369848,1.8422252539812898,0.05975785888748546,0.0038563302426116598
0.7807250954716487,0.9046783565888634,0.3572150423645002,0.026078933306186127
1.0340630820950039,1.392782559296954,0.0909654323211565,0.006042919258975816
1.3882759523771278,0.3630919357820763,0.3755898823163573,0.02751547887737648
0.3073776584089294,1.9622046603477579,0.3111703347701532,0.022502097127409783
1.2463652813404327,1.5291648211908595,0.06652080239937526,0.004324635192992691
0.8390188661479121,1.0375642912915213,0.05987231256014375,0.003864226391111463
1.1395252508368938,1.6156464358775813,0.46492722186787266,0.034565470390703436
1.826922892126495,1.9206045333209687,0.34802680660700136,0.025362490978202822
0.09287287369939956,1.3402238568972948,0.43177717761470696,0.03193747181590056
1.901025184112917,1.9805514307613492,0.1007696885515966,0.006741671911571961
0.9703122253134999,1.6147657569519736,0.35669208146979137,0.026038121571066518
1.7503924165771936,0.9231349593796805,0.45134088529429156,0.03348678332180746
1.795866909523983,1.4992657629604997,0.27384497927439017,0.01962910715554921
0.3794067643953989,1.4333231915172349,0.08528622598287197,0.0056404983119515365
0.5210228273728799,0.6730693651724233,0.24779377597207491,0.01763967436993873
0.07032068386594781,1.055063792031654,0.40174714548417184,0.029568784749092806
1.3669241001835892,0.7698839767965031,0.36323739734257166,0.02654921206257661
1.734522244036448,0.48768405716845753,0.1644985805531224,0.01138374808194917
0.10902114691554221,1.0949118956454917,0.24048729329548607,0.017084230589218985
0.6081034492336861,0.4917893479529092,0.3318181869264925,0.02410184181350473
1.7263703922167184,1.1704787016851128,0.09778504767043811,0.0065284364952924185
0.44850269075057714,1.9713517999876269,0.07270044677154794,0.004755443993409899
0.4571344278387788,0.4045508096839492,0.18344831919353732,0.012790988773278843
1.483712167141569,1.099905079141753,0.1620182506876725,0.01120035488247495
1.8883547175482094,0.309270288397983,0.4694095400799851,0.03492182459221114
1.7964166488223934,0.11215091018704859,0.3135269033626407,0.022684317021108343
1.0883916317119255,0.20902093888306306,0.36624900179601977,0.02678458721085141
1.0712922548117758,0.6523492285172825,0.06604773849543837,0.004291766478912694
1.4964855078031203,1.1491992328868321,0.4864342059743692,0.03627744590233258
0.6127246936753139,1.83357586022331,0.44329292024454,0.03284886687418616
1.3457623706946997,1.4897967086277049,0.05866009665779455,0.003780648998198213
1.5581407843674018,1.8249741658986582,0.43418028049672813,0.03212752456645086
1.3586887728029275,0.5637046034445166,0.15416047952123074,0.010620650710177496
0.12304927157012968,1.6090210941169631,0.29376828037573643,0.021159488845582903
1.1224668125422692,1.76993636234048,0.39626674640501197,0.029137796672967575
0.18791579280894233,0.4636233210375249,0.06487852913818203,0.0042105991361588635
0.6096619032657826,1.8831374457704935,0.18511663000428752,0.012915377466514312
0.615649500982645,0.00692405881448388,0.458921593295019,0.0340883815003465
0.5001933035941681,1.9710263916617752,0.2056141292956451,0.01444979020997053
1.0928171897057062,0.9999129694101567,0.2238430204627861,0.015823319444378994
1.220728495509197,1.400848684199084,0.0897244145183364,0.005954830439571722
0.05968616507028712,1.6702446534914186,0.19994176988379642,0.014024061538561686
1.271415342475816,0.8865830845347451,0.3876099649374511,0.02845785203828455
0.5683384199264947,0.8309540158628075,0.11687193012622034,0.007899328128713733
1.034663125617226,0.033128063422786846,0.35573700309871975,0.025963598156868224
1.353892647039739,0.5698990521566756,0.3360110590305902,0.02442754943068517
1.5140405527816134,1.3371023007453384,0.14530389193357915,0.009969705046287393
0.38648959521389625,0.5569869583178928,0.48453818165590323,0.03612630718620544
0.9015303592760384,1.115774952983991,0.21711784465711953,0.015315650342305321
0.3512235552396823,0.22519051868145956,0.12104485756422448,0.008201203235592699
0.5400419306649344,1.9460719499635566,0.440799931315452,0.03265142319505455
1.3992529022182905,1.8631028507179634,0.35857250446030237,0.0261848885289623
1.7149369763116427,1.5733229883261186,0.4386631818327812,0.03248225482501004
1.9241947212600856,0.045780857593553215,0.23892229806372745,0.016965408741604942
1.2170004031756234,1.4833176879501808,0.3915465577919801,0.028766922182372662
0.8751709775645649,0.003407654931452564,0.23813764694370132,0.016905854501345803
0.5492768721335644,1.2615454049222439,0.42735818349411053,0.03158818023389969
1.6023359188909518,1.0461568456276091,0.2793107216298031,0.020048209162522184
1.3233148788071005,0.3695123953198227,0.4814218871816891,0.035877985188953083
1.3934160272373655,0.5379700902646194,0.4910709653111607,0.036647229151682656
1.8855847153291496,1.4699897004801195,0.4647669057320251,0.03455272928054141
0.45447429574255227,1.3685199218919435,0.17343276490442758,0.01204589657093325
1.0646091398207562,1.2735889916745864,0.4410101804275362,0.032668071867876985
0.8141805873960146,1.7583860867675274,0.26606271742130105,0.01903337713128952
1.936373797835374,1.2087723545568616,0.20885748600239878,0.014693580351667623
0.4828607764617323,1.3927081732396505,0.4592771621970163,0.034116616056865376
1.9542756508610675,0.9495493801032653,0.15224290110070826,0.010479487419026358
1.3401615133850124,1.8463837736413689,0.349334510511811,0.025464378867260752
1.3998670758971645,1.6661358526354082,0.4023576376355793,0.02961682012826952
0.1546584715709418,1.0581887231663654,0.33916423042076815,0.02467267678938765
0.7519390258505083,0.08878405287387325,0.10474633972894257,0.007026456627743188
0.4593218905852283,1.5404784930753006,0.10908121998087214,0.007337745901322828
1.8422574826391296,0.1345812961004469,0.24018512072817427,0.0170612840499521
1.9508971661161703,0.9199069502130461,0.3682747940591488,0.026942990372716295
0.45663608665506117,0.9560045907620611,0.10278163065279335,0.006885660506352592
1.333645445505809,0.7909554215976258,0.3346426710001746,0.024321220315114276
0.32446076977253036,0.4000087422820724,0.16161556296440088,0.011170598737279096
1.1719601896033875,0.3221961343646602,0.37388827486419846,0.027382239592527453
1.5658086827791833,0.8426983314680612,0.18434019483994463,0.012857477056534419
1.1852036181924555,0.5365469395133666,0.1755892538031747,0.012206080323214455
1.9422427719990272,1.5850350995019535,0.315232737719389,0.022816278396294475
1.7483266341880592,0.5436456354332748,0.39483331038753816,0.029025136391094993
0.7013638056164249,1.5288904937558427,0.4764757204178094,0.03548407771928134
1.388636988954292,1.622101881150087,0.31164723515187864,0.02253896542928467
0.8820189779476155,0.6130333664675409,0.48869220150170245,0.03645749163156233
0.7673311511751753,0.8406492213585508,0.21345865051016455,0.015039878984677199
0.7989225053263875,1.231627822167106,0.09766615406371726,0.0065199514392638444
1.4565864034632545,0.7545566833070032,0.4952844728123764,0.03698346697271856
1.06730967619428,0.5731029778881769,0.17135406259659253,0.011891620811283277
0.5790872243296441,1.3321160462090316,0.10634562439960145,0.007141200267887809
0.294701830534289,0.7153422790847221,0.11607999806979306,0.007842121834801508
1.0291175386189142,1.316045046021849,0.07608943287883059,0.0049927941422491205
0.31500327559030405,0.5518550662268085,0.08516465469052475,0.005631903706437107
0.927150181452941,1.799912383070249,0.2539142351136858,0.018105827925297587
1.0413222939325208,1.5186448811654052,0.2769982161545852,0.0198708212331253
0.9558213075095523,1.5962212951018055,0.24509456911089467,0.01743434539073959
1.499664577985684,0.013091681942167366,0.2470542440649829,0.017583402670518656
0.08987073692000336,1.6568216311425308,0.40900842140633553,0.030140448350721268
1.7566692804291528,0.14254048300912947,0.16509255888581348,0.011427694700860804
0.7016510335679327,1.5778265775536298,0.1305469100192072,0.008891241875090976
0.5668971172814881,0.3668570765382102,0.4254358991489839,0.031436314280057144
0.8433119928581381,1.2066786168190935,0.3051742459369826,0.02203888490114297
1.2814832019384321,1.1721295894508739,0.4458933845627243,0.03305490421140068
1.4873500025544146,0.06464839468141936,0.4929935258801933,0.03680062485932864
1.105067055142457,0.03429483963173108,0.2269720706775033,0.016059885685835308
1.2169376747820262,0.5045015111872877,0.15666162662365155,0.01080495558545595
1.1630858078340318,1.3049107732661664,0.4894010841653112,0.036514027642268146
1.3034260963386004,1.5817532196593713,0.12090721035825062,0.008191234058943158
0.897130646254588,0.3235376662225349,0.45379825371553983,0.03368172206688026
1.8693567090493723,0.7296563287043079,0.0837405373298841,0.005531287628208946
1.332646175500834,1.43791610774865,0.4094405246473758,0.030174489052973492
1.6768735680957088,0.6574159768890051,0.2937585983796512,0.021158743354616507
0.09787620886944914,0.13198372319492813,0.366232483505672,0.026783295841029963
0.5801164581577118,1.423544337110619,0.4490823601139834,0.03330768302802544
0.11634060027534954,0.4360765645756819,0.19115938480367828,0.013366566247399224
1.613024982077136,1.4285849615778594,0.130915568540866,0.008918085433337067
1.5255295398573836,1.7130451908095363,0.2571193360470322,0.01835024925752746
1.6749427578170928,0.016586667986983494,0.25183414346831867,0.017947313627963
1.3526298326382518,0.2779170952915979,0.12177909950427729,0.008254394318177908
0.3695073494046248,0.7224108212432014,0.1323646700299356,0.00902365095312145
1.94533642763247,0.3821772130892491,0.4270243528364885,0.03156180327037801
1.3635298854638582,1.2481557535069523,0.12154998369114,0.00823779397691881
0.8803842300118172,0.5747808863395578,0.06275375129973129,0.004063354974342675
0.6559817449293841,0.811080592509902,0.40607033630810574,0.02990905458752154
0.8911129651123686,0.2364601189215405,0.2862507526070918,0.020581171333776252
1.8609098586561643,1.2437068011905177,0.38966450772793043,0.02861913160972019
1.9245000549744162,1.0899807216693267,0.23801552299598355,0.016896586631551733
1.8599511355120018,1.7176012554165891,0.0779000155977721,0.005119901055752647
0.01925429539927359,1.143618083135294,0.3492999072127443,0.025461682461023354
1.383953085814014,1.619071916358467,0.23682645229692023,0.016806366365224357
1.4525916066410554,1.6799077488696863,0.4458971278246693,0.03305520085359431
1.1574421949030742,1.7420354951200843,0.34363875312081565,0.025020795581312674
1.5343326143838125,0.2684691642173742,0.4081803167990217,0.030075217955731492
0.7071802801818039,1.642427868335622,0.22245434717482138,0.015718404178999
1.1866142937420991,1.567946105444347,0.2798191835265738,0.02008722593630048
0.15484088930540207,0.3328295490176527,0.20438301380448004,0.014357321414606957
0.19700971180633098,0.9443932184797228,0.2889390167593943,0.020787858436371067
0.4389227390802384,1.590393932752877,0.32748113711446875,0.02376523300321703
0.6510929927966653,0.762293908754673,0.18579880452734626,0.012966262494430357
0.031382042579404024,1.797579685901245,0.38863086032766936,0.028537983960412756
0.4253071601340903,1.2438318355650786,0.23669793607455508,0.016796617116693984
1.90545090079026,0.9992737026059322,0.4504310178338854,0.033414623679857196
1.8524302804876847,0.9541402825339802,0.40407331460515855,0.02975184171424082
0.7872277072242475,0.8442552008141493,0.4043418599968225,0.029772979478475205
0.660419943760401,0.8184032237038428,0.2625208715221619,0.018762645584243627
1.3541146683583676,0.9628797675262211,0.12187501943573227,0.008261344734461563
0.6749230071309069,0.7173100365824274,0.14120062142247525,0.009669037997334385
1.8958571006906937,0.8706735684616032,0.2627311646469093,0.018778712962440484
1.8396810021155858,0.23825697712739524,0.269599513677271,0.019303970960629985
1.8510362399807458,0.28730237074117904,0.12589251627379805,0.00855279063648251
1.753567777491206,1.7920079791224732,0.09312829451440358,0.006196639290951806
0.10270607069194138,1.4784195324610938,0.0937890555233073,0.006243650642968596
0.368393461979883,0.4657451092217484,0.29441506899261044,0.021209293887375844
0.7483011643683191,1.8406256409979291,0.36946454562031866,0.02703604889303361
1.0132611331665984,0.9835166116267573,0.30439657601030934,0.021978853769085874
1.0411881692583866,0.0533408071528394,0.24839038381926098,0.01768507928659682
0.5180829407454972,1.389173509489221,0.2820015307643556,0.020254743595621225
0.062486266711134775,1.9073070142042747,0.265719357881217,0.01900712048159752
0.9390021581725931,1.9540590121374863,0.35717278442796113,0.026075635354385774
0.2854588716213431,1.1620098016295974,0.09184209838060065,0.006105196052844161
1.596592305262946,0.739442384024342,0.40007711190381323,0.029437407181660907
1.761829726180708,0.2308731789221019,0.0793815321819358,0.0052240587697491335
0.3585775384701382,1.1790411602825213,0.2488668410090275,0.017721345527748122
0.6545871868032569,0.40780508355792344,0.37659696396714026,0.027594355030038396
1.2623349751520228,0.33288557929548435,0.20765866596665689,0.014603439196346803
1.141281933570711,0.9838961059529265,0.318140596337544,0.023041340452290428
1.0888741523980516,0.3800535285775877,0.28301665760260236,0.020332695579222546
0.9880321975307904,0.5792662566948032,0.4201614470610578,0.031019861248045327
0.18784332533912762,0.29376719421541253,0.18380849960398965,0.012817837121595725
1.9284002446081951,0.6171209022171169,0.18220926360280632,0.012698655665604021
1.5198623432556289,0.8977389373190889,0.05789825498313164,0.003728183887907634
1.1227023225494963,1.8183111304769581,0.2232902026913362,0.01578154826801606
1.2128112665720383,0.4601990984124795,0.20376420961691105,0.014310857674643974
0.6308260830055745,1.1346477370987054,0.46137491731359026,0.034283222550911596
0.1942457102728279,0.24117069850502393,0.2641039674885303,0.018883623294725115
0.7204348193973469,1.4352421667687039,0.34845496224121997,0.025395847211525654
0.06860256632318129,1.3427414214335893,0.4392411834687771,0.032528010133888216
0.6265622588315574,1.975077032880077,0.4270183719101067,0.03156133071238058
1.293533683730533,1.8051332764454042,0.11243338772439208,0.00757905406228925
1.656709946869933,1.2577329851678016,0.29197030595334994,0.021021078166804243
0.42276335800985554,1.5018370107772765,0.4628568238071214,0.03440094905241833
1.2458165603270785,1.4036996771503518,0.49662409155452825,0.037090409961683383
0.023082616513155685,1.543033003014473,0.3030264352260403,0.021873113445693867
1.0392339530602468,0.3860824714102422,0.48681600087990246,0.036307885028983154
1.7777010922775682,1.423449972832646,0.3425747857348782,0.0249379901996273
0.3289504061626185,1.7485265307677922,0.3668719797140296,0.02683329342095469
1.3635584447174547,1.7417504557570538,0.07099904803028073,0.004636570661597616
1.548817551361414,0.566267863949163,0.4548055283138027,0.03376164847346074
1.5463340157116783,0.06789043194347855,0.3700207728744961,0.02707956228811202
1.6708211663483428,0.25583153746784726,0.27159752464622167,0.019456943648103176
1.7041999785386683,0.875325066524909,0.2869461401922554,0.020634623395174207
0.4757699512465281,0.4401967429760929,0.09144287592855285,0.006076830891534255
0.9350072982930253,1.9152619628544911,0.20007384566006364,0.01403396486395892
1.6190583028569108,1.5943281818403943,0.28633240151792944,0.020587446942025824
1.4366298194527676,0.9291250575013137,0.16165791326604656,0.011173727923515902
1.3706879920662878,0.6715800658268873,0.28234300197136547,0.020280963144468152
1.0034843439837196,1.0535741613364749,0.26146713680507033,0.01868214871096304
0.4757712987646472,0.24895998776926187,0.43997739561044585,0.03258629559328685
1.0688227941276487,0.14100888890199492,0.286714455632338,0.020616813602811354
0.5340956717105567,1.12033302516825,0.05938916698844243,0.0038309013258353347
0.7642113510209039,1.7198977525429358,0.18951532523935777,0.013243711976898725
1.9411303119708387,0.7333288611857016,0.20949377359848115,0.01474143833006815
1.2842757306976849,0.7111999008100096,0.3245169613216141,0.02353535287785857
0.20671575636547046,1.5796533727216948,0.3194614419662301,0.023143618055181944
0.31153449862254967,0.8166146945348978,0.2006770593082372,0.014079200849692074
1.972424856103144,0.8146923696378712,0.13453074522316494,0.009181595751454504
1.8537902080893616,0.9495330278798688,0.30395972403429405,0.02194513623748441
1.4304387568602395,1.6552882501967814,0.12414229187444388,0.008425741971140436
1.455769938511163,0.8562364849927275,0.22441750384485798,0.015866735227131442
0.020721463301025755,1.8506022789406071,0.4969574200397838,0.037117022974203134
1.7702589989887634,1.6979770232078755,0.34030492070910967,0.02476139280153384
0.5911961360639062,1.7762831650512632,0.441465337017819,0.03270411552805237
0.8111985594274425,0.6819607234706275,0.20293246239228802,0.014248420163648062
1.3965658342571747,0.5834993739873395,0.19304005756833031,0.013507191108560555
0.871297528503612,1.699861181234958,0.23546047668562403,0.016702762088362168
0.27560170182282007,0.6009558816672647,0.44408870240091214,0.03291190864172635
1.4984562978466787,1.5994491466464196,0.46558665344560524,0.034617881841681984
1.3530425631886065,0.6416292853592038,0.4216907777120081,0.0311405751311533
1.002634178220059,0.8221741552751729,0.2442577921564701,0.017370723266975044
0.9456030585302893,1.3913793145469506,0.3602091123227438,0.02631266896562106
1.0042930315525134,0.47135148558321993,0.4974145031275384,0.037153518581165584
0.23580684553179387,0.6746122469011813,0.3548755570144673,0.025896392577177674
0.8019508590081084,0.4207674411656077,0.1026732831328759,0.00687790141290063
1.0391478278094701,1.9759128784986606,0.3822863601115369,0.02804022944947398
0.06131127851953222,0.27582839227792255,0.34285731711043355,0.02495997703871468
1.9975201220234868,1.744586351164167,0.07031178257710324,0.004588608242661617
0.21674887407180887,0.2767696685504273,0.22791608816581432,0.016131300779126886
1.9533226939646733,1.356296614631253,0.2889669144655331,0.020790004048458814
0.9646388005208562,0.9377275347174128,0.09454778122676995,0.006297660101548307
0.033155414575103626,1.3457966982093441,0.4817781475411459,0.03590636820268607
0.4937770233687253,1.7080932476908264,0.33067302425069717,0.024012933337181717
1.3626716881350172,1.163219986373385,0.25131169221226496,0.017907514164357333
0.6921022303147435,1.6260635553850367,0.14251629438172358,0.009765379074587138
1.667337309908698,1.1759834537747806,0.3575127682518742,0.02610216960073047
0.26398119850542234,1.0202865724428323,0.07501768175673419,0.00491765280142073
0.20354807341659353,0.45677768360336146,0.3864741244779055,0.028368714984646902
0.8091164883753381,1.1928599283478183,0.4878214689866263,0.03638805524190841
0.29983999507113346,0.2622496932096763,0.2617556966948483,0.01870419014831007
0.616687669427396,1.5405034500323738,0.19925860204199536,0.013972843358280727
0.4927862662656417,0.5094705922318099,0.13710380074451534,0.009369444486037546
0.3822444194185519,0.8147109155495098,0.40516573731669014,0.02983783461161869
1.0906887379573076,0.305358701358982,0.07778435190912421,0.0051117750615217675
1.1695763967333521,1.102491356971354,0.41697607565555295,0.030768529380647603
0.773741487978324,0.675483500280802,0.39508220313056497,0.029044695986470723
1.6341156411613809,0.6397990387396946,0.12536845626695398,0.008514736296500257
0.5693175405757016,0.0675729839862147,0.08612571305501185,0.00569986971375867
0.27020806353637905,0.9736393073140381,0.2993546571588808,0.021589907777748236
1.923414725977851,0.2221780465166978,0.1673629945276744,0.011595777458714849
1.6505582502325706,1.2415232885181808,0.42568076927288734,0.0314556570923192
0.2576749409920063,0.34402051959922764,0.23398834316237704,0.016591152549288796
0.0016428796829970338,1.6008169286003169,0.45694576275992416,0.03393151482661823
1.471320762355394,0.358181655054312,0.07768581277142753,0.005104852816444792
1.8140060560615323,1.1997562510048714,0.1828928010862778,0.012749586814525161
1.428277524434742,1.5864875077222835,0.443552615750291,0.03286943906352781
0.16177819322494602,0.07076718729011833,0.4168754004928516,0.030760588072854617
0.4216245863753012,0.6437165781982852,0.16605534558006046,0.011498951470082305
1.444605040683527,1.838414818296075,0.1690739125857108,0.011722542647899879
1.180004979671723,1.147984267913269,0.15621108753003485,0.010771741109066335
0.013229977342413601,0.9608006335276293,0.12734907070437834,0.008658614850130133
0.9292798261834998,0.9042598192064653,0.36468093969344556,0.026662016915462338
0.28508799349323843,0.9886847745607208,0.08946040019453502,0.005936101213539152
0.8585910867797439,1.4971746444499658,0.1500445549845459,0.01031780627195901
0.9060747869547039,0.4240456343932497,0.1348191470791404,0.009202638597298515
1.2057462202231957,0.4710010376291993,0.07822011003355235,0.005142393742621776
0.8517744979211417,1.0739164563907162,0.09170534647570956,0.006095478731022274
1.1211390836037705,1.80012260306937,0.16392170166526343,0.01134107707737204
0.022030924256664752,0.28602391547560013,0.21011056352150248,0.014787839377682932
1.4800405813066944,0.4439229499998836,0.3241079737481684,0.023503646090466585
0.41672114783937175,0.047750623087004396,0.10501564281458861,0.007045769863326549
1.5425192960953527,1.2023975751741323,0.40700399178422386,0.0299825736902928
1.4127381213381291,1.838333190370395,0.1256017758676991,0.008531677322994815
1.803177825365217,1.825247547701536,0.4595183865324789,0.034135771746402296
1.1163803742652234,1.355952546984674,0.17437097292524234,0.012115569767944732
0.0415462066175083,1.9157215166334205,0.36028349814446203,0.02631847769536346
1.1162735351492612,1.2730103122385092,0.08674557393684647,0.005743734055469768
0.3202499757503403,1.1236918316310873,0.4804816722544444,0.035803085885024954
1.6482078465482062,1.6611989112317016,0.29844283745337186,0.02151961579990765
0.4667821024004819,0.20809396538995117,0.25384593030254726,0.01810062130018833
1.5950616147125942,1.8537566762907458,0.1834097232996479,0.012788111997343164
0.5809062987459612,1.5021205383820566,0.3018232162205927,0.02178028247189687
0.22105035058652156,0.9752290916458775,0.44768988041662944,0.033197290800235264
1.8690663408276538,0.3799660825117299,0.30192644145883646,0.021788245524563828
1.5228315256341711,0.9455527671653925,0.4541659478992027,0.03371089687912615
0.5830326598018907,0.9823243122351448,0.41351426761086235,0.03049553635184687
0.804205654398924,1.5265615585941432,0.4546013908382611,0.033745449345817254
0.7552956081384539,0.9045462118063401,0.07309163241343987,0.004782802669780665
1.5582725481127246,1.6099735816022203,0.26229871959921736,0.01874567310301197
1.716837176041168,0.419218466211271,0.2761750460202969,0.019807702018733723
1.6253835212914283,1.049302944910792,0.0915974164881538,0.006087810143906132
1.7697279401638202,0.02032047936425818,0.16330988153609782,0.011295832834681073
0.6478065187849882,0.7371028237288355,0.21174478432560656,0.01491082703217331
0.014590229686566758,1.0961616670987164,0.3387883746972295,0.024643449503401485
0.58786663082617,0.846276841218421,0.40736195064691666,0.03001076363601666
1.755419504706384,0.8635127584033702,0.24568468438073493,0.017479222261047877
1.6703136260625098,1.9760139203442089,0.13257315889928084,0.009038845731629589
1.028363167525053,0.914186324674213,0.4410281357317395,0.03266949369230032
0.2457724766761593,0.1376069180490993,0.4720842521535197,0.03513458213888729
1.506193096185559,1.2462923426632568,0.45510595987399316,0.033785489835478785
0.5397941939343212,0.37864612361071326,0.2639567716736859,0.018872372706807253
1.477057937645516,1.7122526627222174,0.24739357667546924,0.017609221376781243
1.441929499811582,1.2305827494222392,0.23647858999453253,0.016779978353336614
1.3142390368927694,1.4588164626391948,0.47892021455084566,0.03567871955464769
1.5864529296940602,0.40294276950348307,0.38305880155667593,0.02810080066484144
0.4489732729281659,1.0596843498077155,0.1470936689806671,0.010101035521836329
1.8295129853191037,0.12559988373383235,0.24643767229920716,0.01753649600969185
0.5900206241995274,0.635884063132353,0.06962864227212782,0.00454096575316794
0.29178149866066927,1.1035390927917819,0.37767687855919085,0.027678951739875723
0.8657927774308414,0.929386664771022,0.39679320890090436,0.029179180830655974
0.7975514552699796,0.71373976443094,0.3014196251818131,0.021749150255446045
0.6575032694726346,0.26179243894673165,0.12283488362057304,0.008330917816184842
0.5593162556096878,0.764622903437107,0.26655675029735065,0.01907115984873827
1.6272748219470412,1.1969647149786333,0.34914865157835345,0.02544989632619284
0.1424636026904862,0.13450284456409367,0.42578654304516794,0.031464012625191544
0.01623769703119815,0.487307381662192,0.39997546270369544,0.02942941190102387
1.972892564587434,0.3934359878686897,0.3645579070746425,0.026652401393759212
0.5163258313532155,0.2518026864828231,0.19941222297020705,0.013984359509261952
1.684668452485753,0.8358588157906868,0.06431834664417145,0.0041717465079173744
1.7937946613821898,1.3664371066839107,0.1553986305311028,0.010711862172382739
1.4613142875913274,0.4478722601283027,0.32237977563228215,0.023369697939420005
1.0396526464391322,1.9533262527219768,0.2618146902313049,0.01870869653317826
1.2519832956630594,0.497900328909767,0.21455039356248645,0.015122123174782837
0.7910244531968551,1.218840734348935,0.09378006180019176,0.006243010610194273
1.6902014528622593,0.5796101077823992,0.09954629386789302,0.0066542139480642555
1.1860450536009741,0.5007612902385878,0.10158205556610256,0.006799786899790924
0.9863617351401366,0.7048027764995979,0.40603425663221887,0.02990621378907614
0.22282099719445592,1.0470290816752372,0.45128484707565014,0.03348233876028885
1.3947952544568594,1.159077769646453,0.23073077662191765,0.016344353329263636
1.4654531276855862,1.422139542425042,0.13422454923751798,0.009159257987880625
0.7052292732179428,0.0460661487672227,0.40870389520519573,0.030116459542645718
1.1828596538051228,1.8717270459162707,0.49973568452237294,0.03733888800659585
1.3334615499626459,0.03286606660035951,0.47382610397749175,0.03527318091935789
1.2711788784489673,1.9567960981867636,0.2964723716851492,0.021367763696537916
0.5972072449682344,0.7810629639497821,0.22285462219131197,0.015748640621209564
1.5979467553143474,1.4444030956879337,0.43705825652503383,0.03235522882254644
1.3395984339096434,1.0235085381531985,0.1990728069389166,0.013958916097588895
1.8853530060000392,0.08677205809465738,0.49898756485597817,0.03727913670731361
0.7309172903284469,1.9781209957171397,0.4569740362063386,0.03393375920448264
1.2120851184842676,0.712706055685808,0.4203119703033988,0.03103174107973443
1.9771078031090439,0.564690588295619,0.1558983109027306,0.01074868659204259
0.4944462434156647,1.9582119899585224,0.1777207589198408,0.012364541741586035
1.1266897291579172,0.4934969540421079,0.35124759148550433,0.025613481241799876
0.762042186761702,1.4237642664208714,0.12104447920877126,0.008201175831912742
1.6598467404910922,0.9066997263219978,0.1682142642868101,0.011658838542175462
0.511608530312474,0.7396952270058403,0.06847505859997621,0.004460587694761996
0.9471372202585633,0.29254755213171224,0.3538386339628822,0.025815512120333006
1.2604049811858173,0.6387596021630295,0.44528036040393504,0.03300632621921035
1.3021608163217588,1.7897018878221964,0.24891246078247026,0.01772481819550006
0.01184282176058793,1.5060734208119044,0.06043658476890593,0.0039031706704625102
0.19734537807267594,0.5058260717390013,0.4643746821023322,0.034521558622334095
0.7504396249847307,1.5960531339477553,0.18707666820470653,0.013061616061224959
0.7285064430607677,0.5530354691890327,0.4445578055531728,0.032949074590341326
0.3652781878887894,0.7079674282707673,0.17702936208380143,0.012313127125807035
1.6385185435363736,1.0331165689809327,0.18846195567431623,0.013165036310252815
1.3562477328967613,0.3118237704476925,0.31356248248773183,0.0226870688762248
0.38544374702003004,0.09040001683833188,0.3617068323280966,0.026429640653557632
0.5593187616459809,1.5167738770171648,0.33523421573455536,0.02436718198638031
1.171972102341226,1.0325482834341813,0.056787548087081224,0.003651779242041918
0.2753751247974483,0.9398393182214542,0.4199835359460032,0.031005820246333807
0.575721730786134,0.7275262615940845,0.07551961106319152,0.004952834314502004
0.563918644912373,0.5822107179290024,0.28520328603990286,0.020500673084886786
1.848937416807427,0.5265455192017077,0.4012260079160303,0.029527784044579286
1.657925243946599,0.5079031885653968,0.3277932539405866,0.023789446914665363
1.4456005932837153,1.3447303045049712,0.06163255761087654,0.003985795627480929
1.8908058119727849,1.0872814974510676,0.39792148953499784,0.029267885456613324
0.8428864672746252,1.1495092462087162,0.15693301854914188,0.010824966222893587
0.3454942201006166,1.6543995970310492,0.3408540675472037,0.02480410945274633
0.88861350169566,1.5759789036383602,0.25595205963149376,0.018261208156087512
1.6501368278866564,0.9085495270044108,0.12712359814451782,0.008642227923874648
0.6547476920699755,0.4846649197301063,0.06884752063397541,0.0044865295325562035
0.7102771455572092,1.005980773361135,0.2880768663113692,0.020721557513702766
1.6834379937378525,0.016231321602447002,0.4009225074950049,0.029503907721561206
0.5774050563758275,0.7211726907833187,0.4812261932418883,0.035862395006210024
0.054808438814745175,1.9189400374976366,0.12242682502407946,0.008301336224393404
0.01897933936769003,1.542571770078879,0.15835728394058857,0.010930021150361553
0.48319308229800595,0.7430725963338805,0.42083213999733343,0.03107279698859493
1.9436825011997023,0.28927231024170186,0.17113369809585063,0.011875273485818948
1.1273340783517496,0.33450887854266953,0.32906693340813487,0.023888274988628392
0.08264840890620384,1.5422684084171745,0.3440096911492424,0.02504966873432996
0.0032848987307598776,1.2786245419459559,0.28140083634459134,0.02020862515134507
1.488731069963452,0.013125159746137705,0.33648483245920513,0.02446437045372378
0.30214947012449733,0.6035684718166072,0.4749347031438552,0.03536141023783157
1.4423230627604058,1.9588146595975353,0.28960611174055695,0.020839168612468734
0.523073304338949,0.8059626137086879,0.21694440784288682,0.015302572173319828
0.18275381631827892,0.9315839059931712,0.29619284693826864,0.021346228011960653
1.8033838432087346,0.5852160619619904,0.14802965200858925,0.01016976020383766
0.20414716040872705,0.1549998828369925,0.07260988009387671,0.004749111402106219
0.5316782232042461,1.1714039199158397,0.4151754669984907,0.030626516463789305
1.049527745375841,1.8796146248552645,0.38434506000264507,0.028201681681308464
1.486466666649688,0.6785938275626044,0.47902351527830866,0.035686946344585906
0.167236602553251,1.100326757145908,0.15375112794750695,0.010590505909070892
1.36759017733286,1.350089126518391,0.23077882875786132,0.01634799210874243
0.42697354952480815,1.8008403996826217,0.3971172505114068,0.029204654973793646
0.8392805565202275,0.45674393735767516,0.2156028307708781,0.015201433683242269
0.3283967609767049,1.6917298868029416,0.3553721082963641,0.02593512957425024
0.790444799076419,1.4862111650765664,0.08075488852256932,0.005320732233961895
0.6557981846485075,0.933261408839436,0.2196480783889873,0.015506526734268236
0.4910231814422519,1.7005322245760597,0.23157375460723945,0.01640819596791523
0.47724157867915595,1.8696632375803603,0.10695349096732357,0.007184844115783151
0.41470611836654014,0.568675857413514,0.14101292016148728,0.009655298475195953
0.7322276492130637,0.4380733194449593,0.4043497103292931,0.0297735974089864
1.8682044319422342,0.21998181540646455,0.1617051550885515,0.011177218602012755
1.6053917773855542,1.9550325968984803,0.38445757627189525,0.028210507421070497
1.745768110891922,0.6865499492476221,0.35438147489572414,0.025857851916543113
1.3688937482022059,1.5950978630614525,0.32753427713097955,0.023769355474208234
1.2402011915120923,1.249254517044906,0.26124856860210977,0.01866545465472984
1.7009268258648769,0.019700792774849818,0.16311215618876546,0.01128121349700945
0.307146879521371,1.610677701744355,0.2299067209441591,0.016281959318937916
1.4546661721775642,1.8709254486518998,0.23722196257047695,0.016836372088545663
1.1590748804521815,1.777259329808386,0.3826293579286555,0.028067124679376828
1.388252628504875,0.32098938528435284,0.279371537254469,0.02005287558566272
1.9733185923814736,1.2657053179100568,0.3116054987210155,0.02253573870613542
1.5050635541344006,0.7780300222652412,0.23245195873552343,0.016474723502182258
1.3843913854187742,1.4774256790686782,0.40350778018329864,0.029707330498751756
1.8807583579239329,1.5426169043251896,0.053227423824726824,0.003407585219896513
0.9745496520211276,0.38582406504593614,0.1162369046542468,0.007853454062987637
0.03295337447086033,0.17717968830288133,0.2233955364825359,0.01578950679013991
1.0188772908600447,1.2570650728303359,0.21519357814955192,0.015170589675235976
1.0375456051452576,1.3916416914216025,0.19788860877219383,0.013870169329979492
1.3309403786187552,0.3451694053501184,0.15008121403198188,0.010320501091394952
0.8789911209437868,0.42168424188908493,0.18149837806130492,0.012645700765954419
0.884536591277959,0.8762060569042018,0.10068129993174803,0.0067353507249987826
1.7824529639552644,0.17336492667234982,0.2564499511694324,0.018299184439179907
1.590079587817523,0.3274019736605407,0.30441994280451756,0.021980657381706806
0.13379307766929038,0.019284260274363918,0.3487591928603929,0.025419550563003622
0.3102760082109062,0.4472736156404895,0.16393835929404527,0.011342309076088889
0.3980394651706949,0.8261314835238016,0.38151936337793635,0.027980093537870527
1.6522289540411987,0.6554149635218931,0.24756009138728935,0.017621891829474583
1.119192261840962,1.1732490964158258,0.4491677162008631,0.03331445060924117
1.9419289114639897,1.7108462967537863,0.36519239122181846,0.026701991423171322
1.8456141208771981,0.7294164048373379,0.24979305295723242,0.017791859217079632
0.8953588396370971,1.8003425325229798,0.2089147913122727,0.014697890123389401
0.10377277915721339,0.5289588042225062,0.35649058823379404,0.026022398191675095
0.39543900305418567,0.2641258085356395,0.19877444491886676,0.013936552661446635
1.7073028375591899,0.5677177541677343,0.49178439924966444,0.03670414721499348
1.163015749969135,1.7696410135585328,0.3405083618218713,0.024777217382692666
1.1122370309470422,0.9780591575659987,0.26923438508564174,0.019276024243632058
1.8344250243217683,1.4394227378068383,0.38871657552404776,0.02854471256240129
0.7869935014106508,0.5558285550178677,0.1436453047663341,0.009848100615561446
1.7453813383878989,1.5833833899935608,0.17235732595587816,0.011966064324545469
0.9760192100912197,0.775377186888448,0.09797503987425979,0.0065419971079431665
0.5818720461133118,0.40900705059471876,0.1372994323118029,0.009383736793711095
1.8839869288814435,1.613198098354015,0.4211763391565585,0.03109996583564448
0.3118961378822376,1.787515835392221,0.38738881953019827,0.028440495853593855
1.2180132745647794,0.8195204766200213,0.06854137405592045,0.004465205829934369
0.560095068278402,0.9789825095809241,0.21409863498961446,0.015088087372411595
0.69245189198245,0.7174700995967018,0.15929962625875788,0.010999564938780711
1.4854262749544964,1.7923239733293417,0.15411278854319677,0.010617138444400398
1.7063851065288693,0.5264507883513942,0.10566431194027123,0.007092303581349464
1.1178539274040302,0.2719210257698714,0.07989667936599318,0.00526030765367655
0.6961185598737545,0.44360737646242576,0.4584587681605591,0.0340516323405216
0.5761137898705262,0.8487889812326719,0.09410878016508209,0.006266406398900719
1.8069229752393925,1.7631341904814994,0.42003171615320445,0.0310096226572372
0.7273134792774063,0.27384163001894635,0.15934424059061938,0.011002858130734768
1.2262118282446886,0.02761047186487886,0.24432348469319487,0.01737571748205264
1.4720826791563637,0.0885429888224889,0.4477992659754444,0.033205961751009434
0.41125746964521026,1.7357394432375697,0.48376734847648367,0.036064873040714256
1.1294744764920237,1.1973072648072325,0.46340933955923774,0.03444484899994436
0.5057422324367593,0.8649448450187625,0.3873458452205385,0.028437123174399538
1.138764346677251,0.688679036629438,0.3701111054729697,0.027086629390772107
1.6063354433525696,1.822653987497577,0.38110440959380953,0.027947562815300555
0.5251603032325989,1.4509977675206618,0.27274480794140826,0.019544817647640413
0.35591215133104903,1.0778089258772143,0.1704691463570316,0.011825983768037032
1.6897188039308229,1.4025355397083483,0.4355213707542445,0.03223361814910166
1.2374018592781602,1.7578489678052536,0.3632183759670638,0.026547725853459877
0.04600408053172367,0.09017689180931798,0.2701045359113365,0.019342629354344706
0.7846439892104429,0.10237990269191188,0.31837277543847686,0.023059316756652567
0.903800924173344,0.5962429329508743,0.33625619492432796,0.024446600610223794
0.7818724889069717,1.679068054987274,0.4379825045681882,0.03242837692332624
0.7705008915838232,1.4781186471339103,0.44932928301805436,0.03332726091174777
0.869709749678587,0.9156088153473609,0.19867436862596416,0.013929052058419945
0.13656986757547962,1.3891068240673459,0.27044430560036986,0.01936864081918305
1.9889326379739625,0.17904444377548878,0.11498000166361878,0.007762706798575808
1.36078048588141,1.021747556547989,0.4048027640788565,0.02980926045150293
1.861582229896794,0.04436415236187319,0.10326751157611286,0.006920462840832132
1.5787626057986233,1.4567910162102773,0.3172303879620176,0.022970876941880734
1.3741145601268026,1.568972901711002,0.0925371413058558,0.006154599841910707
1.9779849237331013,1.1707487776200554,0.05880116468490612,0.0037903689897149906
0.02640268335130358,0.5055336033235562,0.42682221489680705,0.03154583243578841
1.9178495711572614,0.5845013632750151,0.09749464109397415,0.006507712363602397
1.6053962124057122,1.5510113035069917,0.17305018792028656,0.012017493097600213
1.262725162974332,0.7916481561530502,0.2010282658605559,0.014105542731589402
0.7483611905530645,0.9231030967470175,0.41779747838737497,0.03083332698442111
1.6299967446860542,0.6255433926788596,0.151608346805899,0.010432801388820195
0.6400561826530402,0.6901898245123932,0.42410700032389465,0.031331355140633385
1.3234549665287765,0.039132419642495586,0.2938911244592238,0.021168947698784187
1.5836908600821056,1.7312309167624351,0.38368642328106706,0.028150022007658607
0.5783914035730697,1.466219767053878,0.3341681114793386,0.024284352178992313
0.4630013919025573,1.6547039479038643,0.11766893068442234,0.007956927562974744
1.7061473040034325,0.2850728950365693,0.2599242630328788,0.018564325940435597
0.7407728104105047,1.1124340313612062,0.0808447168005998,0.0053270594115169215
1.440541574195128,0.5687033818795595,0.3401652175477831,0.024750526428048338
1.9748013906685717,1.7523230368569656,0.28435623922709535,0.02043559209198994
0.5159049778704434,0.14151865693457166,0.18250760298881924,0.012720883651392323
0.029828416058855334,1.8229771530377337,0.41312919529185904,0.030465179842855284
1.498469564284916,1.2322490132849415,0.46039576702250046,0.034205450616707336
1.9431356117253926,1.598838188348685,0.2090857422466006,0.01471074734850886
0.9565623697095749,1.8642369914354113,0.2237304719135722,0.015814814644284237
1.8885992380883203,1.0971676609487506,0.3435438086091913,0.02501340561582405
0.25384734490285066,0.5822692959535862,0.36531482733548165,0.02671156147292185
0.3798664904881355,0.4875557866248077,0.30926624555741916,0.022354934362925998
1.2058968193030277,0.07521327591807436,0.07172916006421295,0.004687558327398365
1.3605011074518008,0.27209078781345597,0.09796852489593452,0.006541532074075559
0.2483046049794475,0.6441392055389776,0.0992190365791696,0.006630831531805563
1.5714750673169329,1.4072248779221683,0.20966397609657322,0.01475424170740865
0.1459926504031528,0.7762700064020955,0.22852338168235758,0.016177253437986233
1.2833212732014616,1.9808709813136876,0.2885341443831197,0.02075672131874511
1.5209845060667433,1.8407888785860098,0.3622933986813053,0.026475460505681354
0.016163052674557088,1.3194358535663904,0.104697685575881,0.007022967730524031
0.9320133118819653,0.06952519314092487,0.14909491615684828,0.01024801384968422
0.8239869553788564,1.514596137866703,0.3402300582316381,0.024755569819569005
0.8972552689328988,0.3626462496769782,0.42851493168745813,0.0316795893769158
0.10350554007052826,1.9068365081794822,0.09025512225401705,0.005992490441851596
0.906701743464468,0.1623185019257778,0.3922787510773645,0.028824431926679744
1.586447438230791,0.5480795572335486,0.4927328242325079,0.036779821784397565
0.6076687251267678,0.45569182490285587,0.15281058795614033,0.010521265196710658
1.7708498416267162,1.6393038680760919,0.26628553742923305,0.019050417393197416
1.2080918064681847,1.6377468331370102,0.21559563127043957,0.015200891045923771
0.15609590507301174,0.24424964222859558,0.49777279549974773,0.037182127902994105
1.293785340573047,0.9451590727445547,0.4358569480551587,0.03226016918134538
1.8432352653192712,1.9821871005644416,0.3423827009307719,0.0249230427063533
1.522460186477511,1.6533814152972697,0.4249853330144591,0.03140072510955216
0.6755330582237453,1.8254469198643188,0.36782469177402044,0.026907790231644833
0.6401713476823874,1.9691405052653213,0.37501643557144887,0.027470572181651512
1.827592085215403,0.23581091179608293,0.15076126349911967,0.010370499991553274
0.5683751830809725,1.0050248873216467,0.06097055876333318,0.003940046978804429
1.5541407495494113,1.2326557411209824,0.270024295813654,0.019336486809512825
1.908363667909616,0.8949387050056428,0.06325875386200945,0.0040983202226652716
0.06007200713840666,1.3912641079097798,0.11846991402791213,0.008014841961843776
1.1145279481125345,1.7137237311577183,0.055835736239012466,0.0035863867801671787
1.37259463530677,1.1676539331902085,0.15946279312500022,0.011011609355435452
1.4538488522195323,1.7245280898718789,0.44973852040047263,0.033359709928702186
1.557388853704793,0.8726462018776802,0.2858118963242375,0.020547442564554135
1.3724792431662776,0.16846150188513853,0.21832213002288275,0.01540648048452931
1.9999748495028753,0.6167281506091582,0.05387503381564689,0.0034519240367066675
1.547576569636404,1.0029662903022463,0.4073018940855049,0.03000603394746411
1.4696364450757011,0.26125330008553793,0.3194585003545193,0.023143390243642464
0.05699686084222688,0.07021477773848939,0.19075686032633798,0.013336480371543495
1.1776133729706655,0.40702520922618746,0.3298637136655228,0.0239501126513277
0.20177517058647432,0.9887131440827817,0.4090320812939523,0.0301423121910629
0.9038653942802419,1.4383077191375142,0.4311318132396976,0.03188644468634729
1.2637835982734684,1.7021791321767907,0.1815618078807536,0.012650425164951639
1.0821739925653333,1.0066008307031828,0.06870455027055442,0.004476570553553212
1.938014169996856,1.8606131430441337,0.43141458790180626,0.0319088022280913
1.6723295640614415,0.9943563596908029,0.31518442505269156,0.022812540304928977
1.8568182748165467,1.9971457894559725,0.21214293592036948,0.014940800937522791
1.0035987493432865,1.041771059405852,0.1463235481721738,0.010044511910630658
0.8117401244511087,1.2485448450777001,0.21378324890455158,0.01506432890385152
0.5960951616562717,0.3054145941923543,0.3549895703023357,0.025905286660039543
0.45349213951863576,1.5487633150616549,0.2617639377000245,0.018704819656131695
1.9776039496402003,1.6515956217426058,0.3726224524656754,0.02728315027918712
0.9177845438597636,1.5554560755407,0.2733126189660747,0.019588317504506632
0.2321217237976103,1.433682787794352,0.11094537489620052,0.007471876240331429
1.8384269718488129,1.2944820321494739,0.22595475737707288,0.015982948693844545
0.7546673066793501,1.7982118207066418,0.457653394271987,0.03398769028892056
0.4272483442180819,1.4017013035324082,0.35907004366005635,0.026223730345614413
0.31911316116568433,0.20778775460565346,0.4161062827843232,0.030699924047917725
1.9641384673201472,1.311404389216235,0.27611544666689775,0.019803132550331205
1.5228985136304103,1.7626618420337736,0.34635682225197406,0.025232414937955083
1.9361115613651811,1.888055966545494,0.27041213898268135,0.019366178169571303
0.3841416358235126,0.5605014843941238,0.2857518929061403,0.020542831215217192
0.41414013339016353,0.12816612350120327,0.3860069505606518,0.028332057942741604
1.6297622064668102,0.6293373691787683,0.29867290719985634,0.02153735042940086
1.2208413208924846,0.8112409377902929,0.12143023212081774,0.008229118363787435
0.0865714168754208,0.6220327090363813,0.08621513722272223,0.005706196457758904
0.0645874934707853,1.8310012185273727,0.22830930847650288,0.016161053993373895
0.3709932082678937,1.336612283548043,0.218336707126834,0.015407580137456823
1.6213017682906519,1.2870395576299145,0.19230705648151475,0.013452370611900764
1.1142465669268975,0.29868513507772154,0.15575094057618513,0.010737825147894385
0.8321122335248574,0.720845587004187,0.12001445685379404,0.008126594928929073
0.21647962114233432,1.3365599653061666,0.4001138128072279,0.029440293948335753
0.8486539059971958,1.1005474506532222,0.2395067948347847,0.017009780239602305
0.7812376312497789,1.7771491970759417,0.22686334125383728,0.016051661599849273
1.2969536872781908,0.9557223874700191,0.19964512081922353,0.014001819800383973
0.3303790042278325,0.28046338267857873,0.25730709136465096,0.018364574042762195
1.3702947308279894,0.9883810952181868,0.23435624374582714,0.01661904033688216
0.5567079959796672,0.9663742319462421,0.45999747008235375,0.03417381795742987
0.8761443495195427,1.2371243179132463,0.49746768693003357,0.03715776516984498
1.1567860365877094,1.7103230300133578,0.23140199189006116,0.016395186276717117
0.14636389744507805,0.7455732361368033,0.24967988341240405,0.017783242507359718
1.0810586721966942,1.8332598310194523,0.07165054849473318,0.00468206673007188
0.36030345040000555,1.5024500075689302,0.4145156874998208,0.03057449068166951
0.28202796599497515,0.9812852094722802,0.40905384042860793,0.030144026303530014
1.9209123306750628,1.3955694143573003,0.20523866246859235,0.014421584925265563
0.9959799222369916,1.0020386682610682,0.4397493893213728,0.03256824375669246
0.06817271369965772,1.6339908829789185,0.492516248618857,0.0367625403893472
1.9486326442512303,0.5053228011463771,0.08967403597746908,0.005951256282434945
0.83685477170206,1.639540118957233,0.29373833485902623,0.021157183116591982
0.9425594041963663,1.5330024726886258,0.08680506769899327,0.005747945260730704
0.9644292207199934,0.26967344332295107,0.3905636007521046,0.028689727997537818
1.9798292466910568,1.5140276963119266,0.23095939633012003,0.01636166617370796
1.417878034887741,1.2708466269231171,0.24262027852132168,0.017246262797301123
0.0659439378360629,0.24649351853353352,0.10492606430278306,0.007039345305793314
0.8998588079362508,0.2257461079963312,0.3513210454006759,0.025619207237820033
0.5522863805394709,0.9340193364939626,0.11610335329717812,0.007843808547103693
0.29827131386765515,1.924632094054811,0.09838431485590103,0.006571215095922319
1.07727116069496,0.6810569187917694,0.24196020603049634,0.017196109852103878
0.26788802681457846,1.8078069283211997,0.13673412110668626,0.009342440545206554
0.827322488688458,1.270469072126317,0.20923414067916918,0.014721908987421546
0.8900939348556476,0.27169754061244467,0.19990142758269114,0.014021036676151235
0.49411578523314414,1.3191669060835973,0.22717510423881188,0.016075243484381708
0.4961998002656587,0.6266480327153436,0.0904062563582041,0.00600321799681708
1.3032407615162656,1.0040573404700621,0.21637194743467408,0.015259410371445875
1.609380281500586,1.54993602402698,0.37456051169208576,0.02743487209869314
0.18902600088532262,0.6837556018185991,0.1698355966298848,0.011779005808156563
1.7224380593056303,1.0373518186890367,0.21750037546342293,0.015344497991478924
0.46185622377114144,0.4850830603897862,0.24367260031560284,0.017326238684666394
0.20377224941595773,1.1445262040742616,0.19318517007293046,0.0135180456482196
1.2199513020073918,1.0344918154600544,0.32131243583661834,0.023286995930806034
0.8272442481401936,1.555124746421591,0.17826041375304835,0.0124046819010784
0.6626920246488361,1.8590017443037181,0.23189640146941548,0.016432635760421692
1.0317108751049429,1.020796871950402,0.4834939439684734,0.036043084770033255
1.6202652085790628,0.7615940968980182,0.3749429041523271,0.027464814268384964
1.4536685932414224,1.4910233599646538,0.4569019503244058,0.03392803696531191
1.0224452870760148,0.8978084536910216,0.05017962518460791,0.0031994235519815007
0.45062360177885896,1.5029278075270875,0.22256049737326639,0.015726422311318718
0.6230724119576678,1.349100380944461,0.3938746140369289,0.028949803808947322
0.46862698738916153,1.399385136331983,0.05316946833159723,0.0034036190869343322
0.6498633182341924,1.1336384606088643,0.4075424124038686,0.03002497599301235
1.0541214697883055,0.6604805640588747,0.06209351516386026,0.004017670999643241
0.5917532294065155,1.8358080510720665,0.15230812912510555,0.010484287199097799
1.1349158298296502,0.1961083102921113,0.2575125033134302,0.01838024676620637
0.5214199715452241,0.5537550832280633,0.357398940036654,0.02609328561380097
0.9377926926881732,0.2786784270977847,0.34304862430017224,0.024974865441691228
1.814624054300829,1.0470795310978827,0.2366536280641826,0.016793255992960998
1.553964130990282,0.35804941820788283,0.16164762717553233,0.01117296789792233
0.042773493859072254,1.8812705894214568,0.34572452821973226,0.02518317647464651
0.2382029540203976,0.31730033423017723,0.23120958228162802,0.016380613535206673
1.0543908562035658,1.2223538164610048,0.10014543619906036,0.006697036187644482
1.5472457766572387,0.7142144826811976,0.0938592855257569,0.006248648663521045
1.9239092604500725,1.7348124298699164,0.47882274847514084,0.035670957544116685
1.3924079109686345,1.742726594817905,0.4171786534919736,0.03078450922383261
0.6525093136444571,0.11763013459428673,0.332576325712112,0.024160714068934167
1.3669774625966693,1.575796753890864,0.22375254641056003,0.015816482693909877
1.1799547742837122,1.7305605218080597,0.18118691554677907,0.012622503974572218
0.1291234635529641,1.3080470182502224,0.33619078402467745,0.024441516990032185
0.3586585764857311,0.7832924007932551,0.2642335970207022,0.018893531600819073
1.029368527343004,0.18503496564786603,0.4050558553106313,0.02982918423908646
0.17698223340434627,1.529242972394825,0.33266525798035107,0.024167620592776787
0.7649408704949663,0.9473159931836757,0.377115512097323,0.027634974180162586
0.33287578728817513,0.8552429574295393,0.39277843864349327,0.028863683882271212
0.6463771385549404,1.138579374506857,0.19902000507794843,0.013954958216730512
0.4638393842987223,1.0679706693942088,0.45425149208021026,0.03371768464318799
1.2261449491380496,1.4319695640257213,0.2550747116732673,0.018194301544439885
0.549296152062265,1.9646661439435789,0.49815650497811176,0.037212768333443086
1.2187308816994007,0.3692724665612461,0.09932048412122657,0.00663807935411046
1.0420729959406143,1.8972797015283807,0.23227238548738882,0.016461118685626927
0.6169914644143188,0.8875285859148072,0.32661316054860035,0.023697904068157853
0.3348550578146532,1.7984010753056119,0.08042247444961176,0.005297322421773985
0.11454311326278876,1.6264800509144297,0.20079838489495094,0.014088300389689787
0.48403033840889953,1.4888887261527723,0.281451669641317,0.020212527625830246
0.8550519881289806,0.9995870118192938,0.10094133367075436,0.006753948349379801
1.6918041688994767,0.5041078395075445,0.24216967348364798,0.017212024370115257
0.6223443715317201,0.6571487689937761,0.09421592166128044,0.006274033172888972
0.6395558582116243,1.6358674376089222,0.20431923694352888,0.01435253219454449
1.9882240854716982,0.7420228546425995,0.14241367851113013,0.009757862741229084
1.9953451084369989,0.33937683593735635,0.17462146138532267,0.012134175921195731
0.07997111357299813,0.44793988553370245,0.42805378373172875,0.031643146265631576
0.11938656438619999,0.834951959846481,0.21211031359310467,0.014938344896333765
0.5977621193208722,0.9968854814445194,0.44336313265958666,0.032854428779452785
1.8390139038321835,0.9966667843096457,0.059321930017304986,0.0038262651210681075
0.9136318866491031,1.0564275621192112,0.4991669377962592,0.037293462416859394
1.7697793847406855,1.347537384510366,0.35901231254376265,0.02621922321081451
1.6173670057139753,1.0424425218858093,0.48531525983331303,0.03618824587395207
0.5545939086655147,1.619741573019794,0.1988567314403652,0.013942720136784412
0.7226239902106035,0.05970990784752206,0.0762177056919819,0.0050017923679513245
0.9150228617645488,1.0837862766179724,0.4815276846781808,0.035886413850284106
1.9938877962319135,1.2555488215364412,0.43223647715425983,0.03197379053296754
1.781551037070419,0.8705369358784791,0.2448844560819347,0.017418368590768625
1.1319434453792425,0.8639407500400238,0.3775083071907362,0.027665745351361525
0.1767673682871882,0.5784007661686581,0.49931403522437967,0.037305210691582914
1.0914035171052137,0.21002426790994289,0.07917010872767942,0.005209186422899985
0.8255776171479372,0.6462258482405114,0.18964054907866706,0.013253066895442171
1.4609095354195352,1.9539232491771923,0.05045826657876177,0.003218419051247902
0.8614158748277037,0.5196078674401396,0.48683573327530344,0.03630945826626311
0.9888307785105412,0.16367085304680362,0.36479681788922436,0.02667107349331329
0.1371451511803683,0.6252592114288154,0.47957739500113067,0.035731058983991267
1.4569960725562137,1.9605103656454081,0.3971846247385387,0.029209951698120826
0.9139533538964131,0.6048349066169743,0.36696554550171206,0.02684060915721948
1.5447264725638885,0.034342120904925943,0.4666712089028465,0.0347040931654854
0.2382476148328645,1.0260916752513383,0.2926074811586782,0.02107012212909025
0.7708104967440974,1.2847709593443244,0.0851100462388415,0.005628043382144542
0.7924126147747019,1.4903200530369118,0.050079494193446636,0.0031925992124364807
0.5690361368810419,0.7624469477449507,0.3356993768277619,0.024403327869234832
1.4890493945950287,0.07800914067355369,0.4581809165938592,0.03402957164883067
0.2647216410053965,1.5578032959577448,0.48571354306884545,0.03621999454930239
0.7488699812231738,0.8724355786239211,0.1577394177477353,0.01088443881613392
0.4929558145344637,1.2170894162862607,0.4699189743161581,0.03496234064264323
1.136382513164988,1.101354717260542,0.20373655312068167,0.01430878127670668
1.898093205757312,0.27702606141440955,0.3187665225154609,0.02308980441595183
1.6065150111805002,1.636463073869328,0.47064107218638224,0.03501977533512586
0.226585181618433,0.7288758285459651,0.3739022348570079,0.02738333251807911
1.0724665129871227,0.5335611465068753,0.4991241045001947,0.03729004148196865
0.40808607960007937,0.058678169682989,0.4889678216405241,0.03647947268374786
0.3914802451689352,1.2281289623730722,0.3786389402132089,0.027754330325704644
0.08035196056250316,0.5008801346124159,0.33318187432546054,0.024207743791709525
0.7304345380839381,0.8525587342018841,0.406392822988526,0.029934446932118827
1.7267045560750953,1.0552238462194137,0.35197435846207803,0.025670138965943487
1.0326470604828442,0.989658166952013,0.43954820180465287,0.03255231576669593
1.9073647002634133,1.4008132211544448,0.07342946162685451,0.004806437846630742
1.4785684365661844,1.9465004670837618,0.4776637362717323,0.03557866440659678
0.829591867855068,1.7869951504058703,0.05854743285078211,0.003772887297051806
1.1462993445653136,1.971457730776434,0.430816206615374,0.03186149248465728
0.11884452484328145,0.549129274308652,0.4665532185050123,0.034694713436837395
0.6513756156934145,1.5307663234032398,0.34326504651941836,0.0249917091021009
1.7832213322423727,0.7006365214401225,0.44202898790610945,0.032748754360002526
1.5154385704563909,1.952136806805367,0.40968693388939054,0.030193902060066374
0.6553863586581674,1.8291186621242754,0.4879294567148568,0.036396666237409496
0.6199897415791693,0.7299890858261477,0.2633510816479119,0.0188260826816535
0.7718420696633486,1.4283707071257181,0.18117725053271544,0.01262178419738057
0.9570243768177973,0.1876397734605706,0.13576731426148647,0.009271842175316663
1.7352611441198171,1.5597691216398815,0.32359135770903885,0.02346359934579633
0.3458946157020095,1.8585833324037275,0.4999055541360976,0.03735245612156249
1.3882106941821852,1.1145950750522364,0.43694263564082,0.03234607894727087
0.7988438214051203,0.5079950986448791,0.12525900158791292,0.008506789686926655
1.8258269115407466,0.9992025123275743,0.1383976242249884,0.009463993725542713
0.760713153269569,1.8162039899938467,0.2220576713935427,0.015688443323324405
1.8460967044377288,1.9660508465614868,0.14680551870969094,0.010079884113726376
1.4038030874989518,0.19391353969498493,0.4972216172912813,0.03713811741033299
0.9799414092543755,0.06070580925951763,0.20189784761220336,0.014170778460270692
1.152281890206018,0.8446219976390885,0.42659743168158154,0.031528073020254364
1.93747077531251,0.9207131630449046,0.1337036671317449,0.00912126641603914
1.394298332515813,1.215540684920659,0.1007370342491345,0.006739336567056982
1.7312288011382306,1.4028571212506051,0.39708152408572533,0.02920184631325415
0.45831342454948976,1.7257249211934382,0.0656759459333197,0.004265945539676793
1.9875108441139817,1.2486655346140587,0.4793660039224686,0.035714222750571456
0.6237234492098502,0.23833645872317466,0.2533597688092338,0.01806356578752558
0.7296078264728878,0.12075932256438726,0.20389740713964144,0.014320858167487313
0.6135428635654561,0.05465606391118283,0.33999380527372,0.024737194081102937
0.13950977396049757,0.9961142005848616,0.494365958100155,0.03691015263312722
1.3194364727972567,0.562842709165134,0.357366279069006,0.026090736548910524
0.8111920428972363,0.7107013364067274,0.2572139702464739,0.01835746928020375
1.7933349825395086,1.2782338805418192,0.2871636111167184,0.02065134147590676
0.7843996706235785,0.8075643360834335,0.17653047722623805,0.012276036955850467
0.9229849126041612,0.5725668114290237,0.4966670937598511,0.0370938431970767
1.6916207689803011,0.05546956136593706,0.19586348262475956,0.01371848633165259
0.7258675416192908,1.1684803139455278,0.4132161683244846,0.03047203604055385
0.7358387292764406,0.17941965105578817,0.20785815495775534,0.01461843660119934
1.145551328446873,0.6517551360940534,0.27411705082907867,0.019649955495872014
1.8424173653359934,0.6116966738071286,0.3804893283766586,0.027899347396584884
1.7188741940461392,1.3808976720536332,0.05296783663940441,0.0033898229262980415
0.4509295564524587,0.6154187213853988,0.44865814768275747,0.0332740500467782
1.7263403573862015,1.5251777993853632,0.303183557863015,0.021885237679998157
0.5300180040805227,1.7466510398429653,0.3761275402723091,0.027557587245517087
1.533607979216608,0.7155684497444477,0.23931688375300225,0.01699536250612389
1.977120131010871,0.8950095224522194,0.19906948171735284,0.013958666846077798
1.696173594519282,0.32781760168738416,0.3596253386931977,0.02626708542138258
1.4967414021890701,1.4934895439210207,0.2831975577549305,0.020346588999505748
0.2294260998752624,0.21364470062505525,0.06941904509077919,0.004526354808502946
1.0118296120262245,0.9803457969522824,0.46401089109933863,0.03449264917559381
1.539092372060482,1.561188481501504,0.09224192715099233,0.006133612821976452
1.0295758347067465,0.19547450287617152,0.488058728231417,0.03640697458577299
0.7296728976216924,0.8868660369843919,0.17702425278231854,0.012312747232308264
1.3111900657714293,1.0521705143778137,0.4797419151463593,0.03574416253828071
1.9042413744381672,0.5588711987123149,0.4971305595716026,0.03713084695493655
0.4151720594849304,0.23851583825301392,0.0891268675718924,0.005912445799457273
1.1260237261981316,1.413156180196541,0.39928490008122713,0.029375098984558166
1.216030634859299,1.4666719262440118,0.13498440404302858,0.009214697745290676
1.0794927480477579,0.9334720520938498,0.09164745857113282,0.0060913656313032255
0.49157118280863377,0.5526615357101801,0.27790543685657115,0.019940400287350744
0.3635102037622333,0.14699966557598132,0.45493851852980965,0.03377220205053219
1.2314599336775212,0.13879569159892902,0.34172810587064434,0.02487210832766397
0.7163252676492262,0.8318122303223907,0.23773177395181955,0.016875054454572623
0.38878229334508685,1.1031065189021592,0.16224213490433967,0.01121690075685834
1.2823658199859356,1.3224602959003542,0.26684063112246154,0.019092872713963087
1.1952567225757806,0.987742372747662,0.3384136819204039,0.024614314877327313
1.7629530124653778,1.7275195661162834,0.3330278037729797,0.024195777395928233
1.409364545163311,0.13113046888518287,0.29054195562665686,0.020911163580699565
1.5317136364747432,0.07726097722361702,0.08234670300150643,0.005432925345267955
1.5787232551760955,0.6136950852303271,0.07510576865707524,0.004923825866335439
1.9841186476719037,0.11794284900766483,0.14330908792255662,0.009823461613294966
0.3650968811288473,0.8611250123435972,0.3932859022974328,0.028903550199413045
0.5716660932627691,0.8957371571915482,0.26188574740215437,0.018714124525229317
1.5867187498001958,1.286261879255003,0.34133835152952846,0.024841784538234032
1.706794127089284,1.8810722329661171,0.3730939424714932,0.027320056080786036
1.858670677188999,0.1209421182300352,0.2804091373466988,0.020132502115489097
1.7660719264651843,0.2062294093823227,0.41058730880512195,0.030264843684060645
1.0792682747814413,1.9870938852984106,0.1481421197475155,0.010178020184766979
1.292945468063408,1.4855187005304056,0.4668563817491705,0.03471881393945597
0.15642198279013142,0.722044004898869,0.3654195134269365,0.026719744292213705
0.8357298786709162,0.94911550943263,0.0959974986183905,0.006400940409381952
1.0375521024907988,0.6335836764415947,0.4313784036428901,0.031905941267953465
1.1117202838507594,0.4130330670919853,0.07448579422477183,0.004880389162866092
0.7175207357112361,1.7294071667699147,0.05308728064058521,0.0033979951564310825
0.593240532086498,0.979896810756302,0.08837264392610437,0.005858975916606876
0.6222966644550152,0.9072881641904613,0.06794637428318237,0.004423781762213073
1.7393760655009791,1.9726595585249154,0.08811834281583764,0.005840954593647092
0.3525118157934277,1.8141296785452723,0.16128701656662042,0.011146324968652062
0.6271333704633124,0.8745228814100936,0.45322196352874744,0.0336359994202147
1.6404045816783528,1.2347056537916987,0.39841063426062384,0.029306347065201376
1.0317455546645722,1.1293519875282738,0.4823782469483079,0.035954180976639334
1.0559754363836307,1.6990728066253835,0.09238163119938393,0.006143543922280379
0.6448707553959696,0.6303321196313698,0.2977133070078451,0.02146338712820987
0.6029928943751759,1.4122214595767528,0.3902478733792626,0.02866493594460864
0.37084730449556336,0.41106541433404287,0.060389895372574054,0.0038999473609261774
1.5228302509073695,0.4931292212222451,0.11909170679312987,0.008059818783730136
0.8009877279092068,1.475651875435469,0.37357342197240684,0.027357590559252003
0.9692492942657072,0.23402135045505879,0.3899364677552814,0.028640484606661045
1.4141519869497094,1.3243558185090458,0.38939270026859774,0.028597791619103922
0.4742798471120553,1.300177141262773,0.11561857621420013,0.007808802799142474
0.8835502548209742,0.0794490182689509,0.46659432134475204,0.034697980917062665
1.1779439091167998,1.4233985446686657,0.1795417048364053,0.012500019382176724
1.2962054488281367,1.4180497785854402,0.2898784729854254,0.02086011985422281
1.2548132080650307,1.8552435210363853,0.26692742553240056,0.019099511576117965
1.7987881723932977,1.6989668336753228,0.05755400511613095,0.0037044923050935136
1.6132466436527446,0.3425810489286809,0.22822755803782208,0.016154868013623935
1.4569619038781005,1.4290590240067111,0.16786477476340675,0.011632946089965117
0.6036353691144956,1.0632549660035941,0.18494286627441853,0.012902418080241996
1.5660229055777009,0.3305125581050785,0.1632859561563555,0.01129406378453983
0.1915547097728696,0.8303437353259548,0.34933670659424576,0.02546454999406241
0.806424648675018,1.849141655555486,0.45811875700870924,0.034024636465782875
1.4610161128482009,1.83871849502641,0.46493190629966025,0.03456584269004808
0.15717948249482494,1.5191031813083447,0.3898408014341246,0.028632973228773992
1.174361212977274,0.6480794246969632,0.45206615634041103,0.033544310207717316
0.013332642259477945,1.3787579355527033,0.10744577094656668,0.007220201581118338
1.0037313311289724,0.9331328535363006,0.05781700854979732,0.0037225915574597914
0.3569527584066823,0.29778577206990686,0.06286815849455735,0.004071274577384321
0.750970732873701,0.30321993809029535,0.15976552918683834,0.011033958541902528
0.8406238892618905,1.546554182603799,0.08315113540435679,0.005489679895310166
0.3700534042836523,0.17586420248011092,0.36184991251941684,0.0264408169442616
0.3013786427412486,0.8051762423767566,0.07026173209874183,0.004585116613257132
1.0893305659498396,1.5437382890614444,0.2712516948294619,0.01943046048427561
0.5870027243298501,0.21859247450049213,0.2337641341959828,0.016574158430306452
0.5785962933426985,1.275151138139147,0.27836146143912793,0.01997538089599927
0.11175955400272897,0.12567253270265288,0.08244719657809074,0.0054400133142417035
1.9157418675073126,1.3114474415523931,0.05820010612976814,0.0037489655542170012
0.09978129242591405,1.828529010071163,0.10854892881679004,0.007299475200718964
0.8605255973820352,0.6567011486980623,0.43966389600542394,0.032561475200342124
1.8144848200311134,0.24505073292465185,0.49168449017491833,0.03669617608322111
0.965614066785976,0.029572525683606354,0.35749561335601787,0.026100830694623402
1.5671578363929677,0.49250416128316976,0.35981313366853895,0.026281748700401893
1.7448635854787735,1.2015755076924215,0.30050191128293796,0.02167837032709061
0.2631394859024958,1.3927005695438957,0.37294941865647896,0.027308743161039532
0.3901812767281656,0.34821770626977133,0.09623433125266742,0.006417823037444123
1.362042211467388,0.19213184282340268,0.38894536812830044,0.028562673173871303
0.49496577636666506,0.5136558839320629,0.1430772858785747,0.009806476770219763
1.9584063740040052,0.25743056446831547,0.31030208201849796,0.022434984099074382
1.576765068041534,0.12415663174838354,0.3009490546046593,0.021712855001528097
0.11613041990932604,0.5286433164289532,0.36410223992030744,0.026616791021191476
0.5868072913987146,0.9221084842993925,0.2825092951406368,0.020293732603126342
0.1074675264356193,1.735568950334239,0.1923762048553736,0.01345754154199561
1.9843776626294352,1.4686786786942976,0.4024026707713594,0.02962036367161382
0.31536780663417674,1.9830837346570596,0.3786946002065478,0.027758691751969593
1.3301570320569547,0.4388031115738267,0.370078424697271,0.027084072621210594
1.9189884356670583,1.9875485166956883,0.48227265687430015,0.03594576781554613
0.014290586439702269,0.8905152530161313,0.4305363345780758,0.031839366553236687
1.7020558125565688,0.358209276941881,0.24447571268682616,0.01738729083225464
0.006566595567862432,0.8468471406994373,0.1857580593875418,0.01296322285460795
1.0133604713125253,1.6106905610542281,0.15434917492274064,0.010634548170015714
1.9498916274664684,1.8186590518175587,0.496547590898919,0.03708430230799382
1.9084997326812374,0.703158324395966,0.08614524386337552,0.0057012514763146475
1.1736171061746954,1.1298865600712897,0.4004940535583463,0.029470203451329387
0.9393368071721793,1.9477744207447645,0.48704453078474463,0.03632610567973496
0.9395336772728904,0.4691873272253908,0.4155035625841015,0.03065239000356645
0.15137612643639553,0.8287266485839766,0.42930228504100465,0.03174181775539212
0.14303958902963787,0.044702127508300826,0.22684120752865528,0.01604998748045371
1.7781809205445034,0.1917100212867624,0.22187068125506143,0.015674321269585414
0.7054003390655006,0.5431857592667337,0.20428409594631614,0.014349893382356302
1.2754373412455187,1.278124281435155,0.26357566512616837,0.018843245679110596
0.9699484737309572,1.0800025562110092,0.06958390866514688,0.0045378471343523975
1.5620302230854501,0.8277777697278486,0.20137860216061199,0.014131822504946738
0.048881978262788284,1.2755545844668728,0.35038290112613163,0.025546081743822228
0.43028138778984193,1.246982102162269,0.49087718399372937,0.03663177018067242
0.04629498855386194,1.4419497460681423,0.17346563744550886,0.01204833731253623
1.281031632027304,1.0179415435161423,0.14897803144914273,0.01023942568191716
0.7408715662459633,1.965841623327438,0.17517950149525158,0.012175633470054252
1.0320117049920359,1.0174228610218448,0.2929619970055246,0.021097412732070296
1.4552412385923639,0.933856997694664,0.3120295373467621,0.0225685233288029
0.9377248922378489,0.0980072522909774,0.4216195518741178,0.031134952426557037
0.7689603623805705,0.5966103419842461,0.0820467793623258,0.005411774813686974
1.3593178636676502,1.6258472378847497,0.22058351709629215,0.015577133104779243
0.4151590478936116,0.18785764421837792,0.12770731598739848,0.008684655567142778
1.4446356639289666,1.6004405590595452,0.41335069992940354,0.030482641538716465
0.37797921346160557,1.1572447176741278,0.26495963923790883,0.0189490332412739
0.5084896050483154,1.9046198873965974,0.37485337228660515,0.027457803537616284
0.23941630313022522,0.6355479488539715,0.4571784070495784,0.03394998267598007
1.7127739180309487,0.21323723609138812,0.1199452060071298,0.008121582258008898
1.8465514728418788,0.7220185527446794,0.1392893274013567,0.009529192609503502
0.7418214431693735,0.5981348876975561,0.31923633277031,0.023126185012744785
0.33743803083066126,1.4295017027116577,0.46741586500241045,0.034763293893123624
1.074013057457453,1.9647596292626763,0.09353639678798321,0.006225671952457855
0.739629769903098,0.8227892787250484,0.1159178498537736,0.007830412151914188
1.9733358247182784,0.6637478010501545,0.39747041313669634,0.029232420064046256
1.871848099553574,0.5030824962462321,0.38699718950319484,0.02840976117915416
1.7490235947180373,0.38089187077655673,0.2592839004477558,0.018515438300184345
0.8316262401052836,0.17928931907256196,0.2435481993050096,0.01731678303097178
0.8897501491777804,1.7056077817436217,0.35897982065322026,0.02621668655345691
0.24604256240531597,1.1229258417752166,0.40426430927364776,0.029766875200855396
1.8043692627775512,0.33931304539355467,0.1475995961427277,0.010138179558177342
1.2797529238479302,1.2335472563254715,0.4003088011774123,0.029455631368409257
1.7215211602575582,1.6801741363330782,0.3745877457830476,0.02743700451811058
1.7861618220610878,0.8239825367219413,0.243580107262601,0.01731920830584246
1.9916880815104883,1.394760925057144,0.25703421992115427,0.01834375556348217
0.06727599595760747,1.7471048475650202,0.22299991284620796,0.015759616683910613
1.5617254111259198,0.27850487137710256,0.19369542154647085,0.01355621736009025
0.8729719142450232,0.16074611233444225,0.4587690516150019,0.03407626913007837
1.7759625818433482,1.7229620437728654,0.4206893828303378,0.031061529114389926
0.34271741505020037,0.5983108527655392,0.24702215341092465,0.017580961124408444
0.9677402725026796,0.24302181154448266,0.08177813067312423,0.005392834311156482
1.0055162556352975,0.0017321730154553627,0.37721382612737125,0.02764267579465752
1.7779182668891473,0.24413904619630844,0.4741433189194689,0.03529842543326502
0.4936388549226882,0.9974186026755167,0.06837272910869523,0.004453462187487275
0.28484699799303526,1.6718321099616966,0.48321601387406954,0.03602093671570003
0.9781920020454524,0.7797471317119942,0.1599308363017615,0.011046163407878319
1.9119833802973656,1.9512151722704378,0.2951713751715131,0.02126754174896961
1.7304631991591888,0.6338854840615031,0.212094673975334,0.014937167443738268
1.6847472683070641,0.983518234082849,0.3567956510423788,0.02604620378648246
1.3550579451231364,1.109633161135674,0.4648973658368346,0.034563097562406844
1.3568786424541115,0.680980547002972,0.37021028839286774,0.027094389028726205
0.8774760174209566,1.620416441204337,0.26287372906256135,0.018789606055279164
1.0658570472583924,1.3979930496770583,0.4946939083437283,0.036936328006404645
1.8616996398995262,1.3583385251448095,0.2876584878999391,0.02068938839134409
1.609405761938798,1.284362986382295,0.30059139097648124,0.02168527091426559
0.9760011871819319,1.5338688653505015,0.3609929060023596,0.026373878947147086
0.3508739698562302,1.3321287167198246,0.46453197940473706,0.0345340590800766
1.2426222631039552,0.7788903577166635,0.41458949896407365,0.030580310674555952
0.9273672983499257,0.7679586205571007,0.23669386316475027,0.016796308151475734
0.05660869874853813,0.4422134963600157,0.10324463534654446,0.00691882402458439
0.7766013117468169,0.5919355311580128,0.21574242638936236,0.01521195546482044
1.1796030899609515,0.4304383163582364,0.20688494050021788,0.014545280617050434
1.2971935399204528,0.7889978346097004,0.44492765179883814,0.03297837855372027
1.1222172113512487,0.454721389670387,0.23125833334504187,0.01638430576984965
1.3375352492450927,1.459548243936461,0.34497885976151405,0.025125117220114845
0.4734133168586814,1.3380481032176788,0.3097634245998805,0.02239335419569106
1.3889183637831053,1.2229049333898063,0.19604485195172522,0.013732066593357569
0.5500591608117118,1.982138910475815,0.06609998880252686,0.004295396060257967
1.888485153262339,0.9587194274335895,0.15982620339048528,0.011038438105896057
1.2631415270913153,1.6830532156508473,0.05245513598673522,0.003354758974425425
1.5694431151615524,0.49843536622927864,0.47276259560237965,0.035188553595479
0.9703511250031784,0.5277221167742667,0.1507395881081119,0.010368906123307233
0.016817320611731024,0.5254143013457706,0.41385944102951505,0.030522749158118895
0.7309780577445766,1.7113341291887267,0.2354257958061594,0.016700132208699665
1.8895851933124697,0.648575792482408,0.3592789099536525,0.0262400371955693
1.8118814328843265,1.3806800606019851,0.18766154747892244,0.013105274481777014
0.8578206497003307,1.056704402574353,0.45708328531791986,0.03394243161143858
1.8589794620114815,0.6085507284797111,0.15905841778288543,0.010981761318525107
0.5371521388044112,0.8050168751560021,0.41275465115250604,0.0304356551775978
0.5515068310978746,1.9594999440358833,0.12482302261935208,0.00847514157653849
0.20870604996954434,1.3027695859776105,0.15964460010159165,0.011025030722536723
1.3780851542022987,1.8366850188421002,0.2100961935115092,0.014786758216144032
0.017311640552887475,0.5622070619094357,0.18825039114602576,0.013149238310563948
0.22261114732895426,0.5795145286787826,0.23340314057718525,0.016546798959860422
0.011715128144134335,1.7819218393864145,0.34113622566285723,0.02482605961876165
1.7282249216415224,0.9128372413001133,0.4935076398586906,0.03684165157145097
1.0860672908680165,1.391916406898301,0.2380354897297326,0.01689810186547998
0.26377801840315707,1.7093483210943259,0.330715779679976,0.024016252414439478
0.1589846113429394,1.2673795634707443,0.4755883068832003,0.03541343480985485
0.5184151634182392,0.8555634452134451,0.48881196563556895,0.036467042866569925
1.8992050114326686,0.11600274663845322,0.09285583234510092,0.006177261038729577
0.3096603009438892,1.4043437515519264,0.05853232880080742,0.0037718468182692554
1.4586597757382105,1.2315845519076347,0.49548527405132875,0.036999495848939606
1.9954408216146668,0.8796839661349583,0.47697492462882224,0.03552382106131268
1.3243962303560077,0.09421740080241703,0.27001965433764374,0.01933613149881236
1.6054403540638342,0.6149986403443009,0.44197654607518133,0.03274460101690767
1.22161794206552,0.7420972666675474,0.4505348821988163,0.03342286043232691
0.5857841660808512,1.149585725105396,0.4300186919419998,0.031798445732704884
0.3563751417745724,0.32063849233144004,0.400652180048275,0.029482642160472878
0.5871532303710378,1.2533178252400992,0.1602963132497985,0.011073150193823766
1.1898985642767113,1.053974601646852,0.442603166727587,0.03279423099937713
1.1379062023275985,0.04755740819518128,0.3993031563911042,0.029376534764365237
1.1356363358735764,0.7705590615166646,0.31184737456378736,0.02255443900355485
1.4013035867742805,0.4843988342072001,0.09019310036608277,0.0059880884637289675
0.35207201438416136,1.4588820985480082,0.4429564390426253,0.032822213221525745
1.8949491217309549,1.8972912945029867,0.23896487168897146,0.01696864042384776
1.7581444785740423,0.03828284464824794,0.41936751755502333,0.03095720635844302
0.25436380508002765,1.8312031486997482,0.10722332827687117,0.007204223494910996
1.647380899446613,1.5930116960784875,0.16729046366190634,0.011590405477237234
0.37638805265076414,0.8457614166250957,0.2765553927879079,0.019836864718000297
1.5587287846063191,1.2104180976708436,0.2623906887439383,0.018752699456170845
1.5812450147729022,0.35947418529726227,0.20765584635568046,0.014603227227624808
1.0542245412638065,0.024540097647697934,0.08667713853348116,0.005738890171725152
1.0840705514649551,0.9891704630365674,0.2933645959158696,0.02112840752885026
1.1283513915917265,0.8950746607215936,0.19464477658711715,0.013627256689517961
0.7151534467935858,0.7530331719805134,0.24729020184451056,0.01760135566570555
1.7095408617022767,0.7115172553045028,0.20620663028136232,0.014494306452951859
1.4296829846232622,1.7809820125874343,0.4018787013573143,0.029579135539830596
1.6246489396514665,1.2891532375511625,0.320768750513837,0.02324487617154022
0.3509782963781971,1.8405922198675102,0.23088784369771226,0.016356247530313624
0.1915849117204511,1.2436653830612936,0.13787648767462823,0.009425903060177617
1.7197479771053883,1.466012194030374,0.36107124183489075,0.026379997049815817
0.840710267012138,0.6183338004916858,0.14120595499985944,0.009669428427648931
1.3855838481556402,1.7297076546185457,0.3675804395537529,0.02688868978920296
0.1634070632927398,1.549025092693095,0.2582600886124098,0.018437294044753985
0.7433657407202405,1.7808206184816726,0.11684238699603747,0.007897193558900098
0.05692023232155807,1.7167081103898618,0.09601675007083395,0.006402312643072547
0.741973152607283,1.5683640841361013,0.0736425078133876,0.004821346825087263
0.45405093014837195,0.3942193851270519,0.37682000223978496,0.027611825693715213
0.8239077513886346,1.882006816793113,0.45561872760842914,0.033826184077832354
0.05069022965697445,0.2633469830766286,0.14963552848991024,0.010287741674466845
1.3055303247410466,1.92878052864167,0.12189760246377561,0.0082629811692456
1.8916315417337932,1.6011667996708177,0.3597806000332155,0.0262792083934811
0.8073337663190747,1.779892657407092,0.19273397583533752,0.013484297779350906
0.04649754267927553,1.9775388233202313,0.07981903973826879,0.005254843423312722
0.5200696888781435,0.6756036144668065,0.13169257114757416,0.008974679287085573
1.900852506216092,1.648293072059363,0.3383079652254666,0.024606095168372293
0.48239452624975354,1.9104514475077783,0.18306652017801633,0.01276253291524774
1.0333035057325592,0.24435832334306085,0.10173060113199464,0.006810417005986594
0.32489571890643676,1.0126230689255569,0.47791312484727333,0.03559852212971254
1.5905317861673347,0.1232360182976775,0.06130419801550906,0.003963099472537404
0.8885063378320188,0.37999394386976415,0.3800037248349669,0.02786128536332446
0.7710875852922863,1.0571306343383866,0.3407453782895546,0.024795654431415282
0.3973614731107722,1.6295654994529163,0.4730790177674669,0.03521373111472022
0.1785409405689895,1.9520240333308316,0.3902452016470504,0.02866472615645544
0.1621046154574155,1.4562676615002215,0.23449390656583857,0.016629476301066023
1.8504894187502503,0.5863193365289281,0.40799997616753925,0.03006101360473232
1.9968427119034882,1.3428980832971589,0.22311285250489044,0.015768149113633972
1.4922933687014435,1.7476332062393636,0.1475013945294707,0.010130969128154022
1.9840363912363956,1.3113752387053015,0.15013771842765036,0.01032465483829246
0.8427376350450502,1.5841735964729426,0.47459990530113055,0.03533476341319136
1.1429134502956386,1.0985015765679689,0.11793579482710385,0.007976219928501789
0.8064288752449102,1.767454557679175,0.2704929384504724,0.01937236414828899
0.38522443256661654,0.5709009044184656,0.32782819115147044,0.02379215742999072
1.2656329274046545,1.8676826744687345,0.24405580926904408,0.01735536828317372
0.07520207399544288,1.1974891774422343,0.4299980250570721,0.031796812039264
0.9041700679513431,1.3262972718809427,0.31110296930707393,0.022496889539996692
0.3897164629382801,1.3955113928303053,0.1522776715398478,0.010482045971286163
0.32576579623229995,0.27997986545164233,0.14437208914738042,0.009901375193259067
0.48797367725682106,1.1522283212164708,0.06638876675500989,0.004315459663524226
1.3988847215218043,0.1670991809999911,0.05231368319334122,0.0033450890718266886
0.04611969713478126,1.9065568081738764,0.2966009319647007,0.021377668955957434
1.2617641081862816,0.9160793008276817,0.36976127862142666,0.027059261613345282
0.0299455981656942,0.40124617346661107,0.3153954262815172,0.022828866373590356
0.8080475950045591,1.4366162866034244,0.339507497481532,0.024699371869093094
1.8752469331386747,0.5736311833129506,0.15674043488778133,0.010810766136990202
1.108799202416537,1.9011216910610709,0.392053798332668,0.02880676234039967
0.2122803853005668,1.917353050128634,0.30168778709423594,0.02176983541588066
0.13766360889651263,0.30551035024394935,0.20841479705804744,0.01466028970836798
0.16845976846510036,0.7198883481075162,0.18087525812852695,0.01259929542118283
1.0643761027305392,1.6795020067178705,0.05752859323933287,0.0037027438238583445
1.9288558173531358,1.513372681137526,0.48177158573423007,0.035905845415022626
1.59732318024473,1.565321462268948,0.15520921211016792,0.010697904935952851
0.45917126558855115,1.1279681541883695,0.3564506308421646,0.026019280218276288
1.1510728231450251,0.0919435622445115,0.16931206774588708,0.011740195058268175
0.036689226679309295,1.2920891995034995,0.20803891489726245,0.014632026830338566
0.7859499834768655,0.9108341875431616,0.3412544448540435,0.0248352567171945
0.7906770181633569,0.6135548321085553,0.38463360726895357,0.028224315593050747
0.8376496992030744,0.6652455403135884,0.14280391882599897,0.009786448772139909
1.6286071448469146,1.8475627874963265,0.31038270234722604,0.022441215235198122
1.1027576628432612,0.09731704848368716,0.24574181629940905,0.017483567403501633
1.1266916408765644,1.4198000893862324,0.12476636778796164,0.00847102951010985
0.5486570783644018,0.41210469762743385,0.24973133210193932,0.01778715976834989
0.7962772505678553,1.836662281739428,0.13318915871488257,0.009083749746225521
1.2974089433724028,0.5623986331965796,0.19000294457032735,0.013280142258681562
1.4313896039077647,0.8380635647405426,0.30612017062676605,0.022111918448936285
1.6771507956461469,1.2389915761059092,0.2868205514944978,0.020624969160233236
1.5195002319007949,1.9345766187753743,0.06785609031446578,0.004417498345889317
0.8116561459878744,1.7329659619276723,0.09966870420392618,0.006662961486854194
0.7730961428134016,0.07892201337679206,0.25128126507859744,0.01790519645196803
1.9994795645066992,0.24683267107083395,0.1582457153092281,0.01092178939964631
1.877613174694044,0.36659129403828206,0.4575057653388998,0.033975970242901346
1.7918849632086156,1.2675211855371873,0.13393289240949185,0.009137984161476218
0.39860462094990945,1.232358509454845,0.29399697629292404,0.0211770983871073
0.8353722585118903,0.018636364792403937,0.13846945284414247,0.009469244565802715
1.446451683127982,0.7222628188247402,0.47127484431996336,0.03507018972822398
1.2112052506362327,1.176128629782232,0.1827270628647969,0.012737236264569726
0.8736928595492144,0.9623639647526565,0.23755229161866692,0.016861435428579905
0.7208633719620305,0.7906020909660201,0.35910399989756475,0.026226381371575035
0.8966404552797234,0.0054312142359034254,0.27648729730617216,0.01983164336311627
1.216748828104148,0.16763418061998103,0.2797819803573982,0.020084370988779517
1.0243873649169901,0.9053947148259971,0.16481849812441923,0.01140741643515622
1.7119964257248121,1.2823442569996788,0.2730435754987903,0.01956770537541593
0.4646316273912299,1.5136819851875745,0.37326917649725316,0.027333773315452486
1.0127734755714484,1.6993698134183317,0.2068591500027287,0.01454334228229723
0.8338182584126894,0.7246932242430904,0.1477889383347487,0.010152082897682971
1.4795632913117884,1.3170123739900865,0.3630084875890689,0.026531326869209643
0.5189804226563732,1.0307898288934279,0.4755710958262333,0.0354120648066327
0.39309239209671865,0.5539368990165687,0.08850706655862303,0.0058685033680786185
1.4562674345218565,1.5882649686456667,0.1863063870913474,0.013004132658816888
1.7246656289957467,0.12322745952111713,0.1160690626908474,0.007841332090821706
1.3426996035310392,1.3656600174417561,0.44738719519623027,0.03317329782236282
0.033140269111731735,1.801685587730316,0.35340013384419877,0.02578131383433635
0.34705009112176466,0.31066898790207853,0.3515551270601813,0.025637455293366723
0.8062075595003764,0.8773930020752683,0.09339852180351138,0.006215862456731217
1.5146874862641515,1.894795474315099,0.2943008387324538,0.021200497198492374
1.3993876529622593,0.9705945856893334,0.49225929037196253,0.036742037389938975
0.6342872645055337,0.6534528454482922,0.4815826848244396,0.03589079564533864
1.0861246775539224,0.7844660864071977,0.3952117127144426,0.02905487402035384
0.5988021761340063,1.5673459502688467,0.3961248096349626,0.029126639958066445
0.13683318282457124,1.727578764051439,0.13324983336387083,0.009088173470883303
1.574410776224665,1.4233885088877636,0.1271910606693905,0.00864713076460645
0.4022556385623379,0.000621453485678769,0.2189516738766481,0.015453975992387245
1.582393972405977,1.9356888940342023,0.35024937433717007,0.025535674833956256
0.9912167761004522,0.6959665304501306,0.30538746253187715,0.02205534570011397
0.0024636183026656155,1.1035861634042998,0.27610639372353796,0.019802438469247254
0.38068417494374907,0.32163535183074754,0.2708524029907018,0.019399886171426496
1.367008570313942,0.4845189958970533,0.06162025154767013,0.003984944883880667
1.0901578289696163,1.9866779592791903,0.16016403451784592,0.011063382253057249
0.7024380448625218,1.7542355481069705,0.4874309658906082,0.036356917427548006
0.10378432224703893,1.2692507863172144,0.4827741702510666,0.03598572831679914
0.2851612999453166,1.9468384110813088,0.3834978075286364,0.028135229200162815
1.0485449427165296,0.9792723968386736,0.07160076589752558,0.004678589263829333
0.3474245755491121,0.06520493033473729,0.3038142152848825,0.021933906182583545
1.7359776467878354,1.7384583917240506,0.16354246468846223,0.01131303103802183
0.9758425053447144,0.08604796014146499,0.4387630787688028,0.03249016249014004
1.1263800350360236,1.3030485959730633,0.1748790260020988,0.012153309608150727
1.361862968143377,0.804479280080828,0.19932132894905374,0.013977545589782843
1.664636475318762,1.646376205883126,0.14741877730497116,0.010124903234697216
1.8962027797156302,1.7120369763711478,0.15428390588239832,0.010629740957450288
1.610297755920212,1.4189507309645994,0.4580417161444195,0.034018519842243994
1.2195367464533275,1.3291735475843955,0.4698845673552212,0.03495960411120928
0.7649296736706677,1.1430439264967933,0.42856626590397734,0.031683646330343956
1.6080807572306919,1.4753276867024172,0.2503880241198332,0.017837164647341742
1.1857836820937961,1.2485775037694378,0.44708766676745415,0.033149556176759014
1.4640495043911972,1.604619215871785,0.28241810535133743,0.020286730181242853
1.3862503009231824,1.3173736189902765,0.35014737989238437,0.025527725699716387
0.5116130211521708,0.9080802230633043,0.12957903318405894,0.008820791668195783
1.5509860022893989,1.7690366318193078,0.163092023347238,0.011279724991589144
0.08878507774164701,0.7080113109842314,0.07653589874052907,0.005024117839827289
0.3755847696082897,1.9496068837285756,0.4054895324381817,0.02986332606324259
0.3817473315542619,0.5008467712556484,0.1539047089400608,0.010601815021802689
0.9619682460180874,0.23034758424034707,0.174400548591025,0.012117766537132146
1.7706055031968768,1.9867675053158642,0.4177282514003814,0.030827865568820865
0.020241681976117087,1.9162021789856145,0.05673199532026319,0.0036479605016478977
0.5807453419871513,0.36878710224135247,0.16393779323260813,0.011342267210026494
1.9825963113087046,0.503897736462767,0.4107743186183913,0.03027957975959667
1.9029270008281933,1.7293822211690586,0.14997042604633362,0.010312357166530601
0.6201888721489774,0.9239192906343547,0.25230386108653147,0.017983100795435514
1.4410262862282741,1.5005446062216654,0.27352238180278093,0.019604388959642026
1.755968991914586,1.3276708659936651,0.11799277248776074,0.007980339395605463
1.0414683936522309,0.3585097335637264,0.15668811862272558,0.010806908824173863
0.5940837046818706,1.1796719140639005,0.368433764824666,0.02695542335280534
0.01482236755784272,1.6771688904016278,0.3291603974170172,0.023895528142838757
0.9360924499368608,0.7598927808513352,0.47704986792976567,0.03552978779978968
1.005639539951672,0.8493177102655995,0.3130490460990865,0.022647359405487903
0.0006987115132788269,1.6192038357266716,0.44209901072719415,0.03275430015379125
0.6323206475333798,1.655269180261796,0.12556823746303314,0.00852924201022366
1.9905584748832645,0.2350616127484586,0.14105885286013514,0.009658660580753943
1.285967188649521,0.7791771246608115,0.38457562027824715,0.02821976694631696
1.266378964344531,0.08260891941832949,0.21370333604842912,0.015058309342114724
1.0706784345309928,1.7020458647790362,0.12883467345351662,0.008766635594258903
1.0794429816248783,1.1671817354167586,0.16060032970855032,0.011095601977917343
0.5312552445744008,0.1701578112352038,0.42376488902807186,0.031304338162706856
0.1937600041148153,1.5481974871196256,0.22029236358217746,0.015555154787927511
1.3178845712777243,1.0522982558895873,0.11766704962173163,0.007956791586326156
1.0441254927771713,1.6488653698617841,0.10440594053613733,0.007002049594237733
1.1565878657542268,0.5545829280851258,0.2549891784249447,0.018187779621997913
1.3499292808698256,1.9134106441287402,0.3741920103521925,0.027406019629817806
1.4132936004835193,1.9188612048215827,0.12595300025903933,0.008557183353518214
0.6658397300920549,1.4368376500759699,0.31176339014271587,0.022547945750330922
0.7778883031088284,1.2557863424042857,0.38550110757531675,0.028292370164214296
0.9969741324586194,1.8010461753771396,0.43588051405902867,0.03226203378755872
1.252249387666225,1.5647609404064442,0.2566514251726571,0.018314553155803492
0.19132754309260602,0.26345845936628187,0.2916901144416396,0.02099951390486432
0.26625160882908183,1.4526393359471652,0.17902708569358788,0.012461722272593533
1.348525316682133,1.1766838902702628,0.08300886361443668,0.005479639525998695
1.965730138678654,0.9773376629306478,0.3382054729018087,0.024598126330681615
1.7351281115477801,1.96224301767101,0.12313237180489231,0.00835248804817589
1.5457530711285938,1.8332782237864866,0.1612081789818492,0.011140500772630891
1.3879330034651454,1.470418767622732,0.4240586067204089,0.03132753334292596
1.9381968624968682,0.5665466715908896,0.0868276205259085,0.005749541691640685
0.16972923986116495,0.37231253168386846,0.27458644831072976,0.01968592791323851
1.6479896191387744,0.48163271992348977,0.4199294734613775,0.031001553638396327
1.6267558136596016,1.827522188616099,0.3433709771759089,0.024999953716840495
0.40844138935608965,1.7874683928101225,0.09454840133790574,0.006297704256072515
0.23812706366220437,1.153301760322697,0.49307557529234886,0.036807172271018394
1.3986069484764054,1.8495360361688087,0.16019690940771583,0.011065809802057671
1.0229865910373899,0.7064777999846414,0.2533117332261465,0.01805990475352564
0.16399784800801376,1.1686197022949552,0.45124727872321874,0.033479359121343887
1.333790730294734,0.7113122353958206,0.3087003191406113,0.022311207218715056
1.7107926125283484,0.4071099558729059,0.25107333604501814,0.01788935848549821
1.4371920343908247,0.31629494624407006,0.4969110946378054,0.03711332427118855
1.9099081421180515,0.1346016007380535,0.11058657673846406,0.007446047699569387
1.4619360020703258,0.3059325996130018,0.18100547123458371,0.012608991815824356
1.7253108632236138,0.5835184885085996,0.21827776882642663,0.015403134040313836
0.11029062198633954,0.7703308419195876,0.46188734504342044,0.03432392819408222
0.113694803698553,1.1381899481525775,0.29589815689298915,0.02132352545172264
1.343271145546391,1.3875907729268824,0.37619363742012246,0.027562764137634234
1.1035082245710321,1.055868602598363,0.3317645198233394,0.024097674717741092
0.9327784559417924,1.847006619748101,0.2714300681189182,0.01944411977063914
0.8870449133829752,0.4961541841669914,0.2080073335613889,0.014629652364990822
1.0593866458707655,1.0080926956970138,0.4234677303531223,0.031280872373499295
0.0042618260314286616,1.9518544168619327,0.42335586311752765,0.03127203882519927
0.47204935897537137,0.2156446390950919,0.27614952162589484,0.019805745061089373
0.49476082917707687,1.562840634973448,0.26460809708150973,0.018922158606955928
1.4143180629148204,1.7719971047326204,0.25073685533911655,0.01786373064828452
1.1312851082529118,1.8279715051616643,0.13107733661471105,0.008929866086193235
0.9529128709497756,1.8762774510371831,0.20171905667685847,0.014157364038755197
1.1242541481167792,0.8149133696511428,0.37777350229475504,0.027686521717612225
1.1929242472971322,1.471307023009583,0.19236833933058173,0.013456953349914657
0.07013986907339365,0.9303157654977543,0.24706341519143926,0.01758410043931798
1.2179585091423257,0.010737668738957984,0.2043585998180567,0.014355488073660867
1.4636463580390207,0.4093937324968482,0.34386832948314333,0.02503866514148463
1.209791014862063,0.4828328298424669,0.07639114944188016,0.005013960956832651
0.358131447575212,0.3790151216286173,0.3626246523868293,0.0265013387761543
1.251382510273606,0.2755028331539282,0.06646357175614986,0.004320657919672265
1.5277404125821494,1.0844343525044542,0.24518051938988777,0.017440881242705642
0.4134406289933503,1.6067851223269103,0.3540724859473255,0.025833751252073094
0.861170356953084,1.051767490391212,0.3604882770763678,0.02633446914695598
0.6761487721538502,1.9092778341997938,0.2200060885354883,0.015533546686259126
0.838642502471517,0.543181326124232,0.3366645845878497,0.0244783414797554
1.503832239097144,0.9166159591273955,0.35608697113397736,0.025990904067016887
1.802307725022416,1.08332610807338,0.26955710708639946,0.019300725052230565
0.6400655760320242,0.538765888895008,0.2783826025367499,0.01997700267747728
1.8469118602212529,0.6185394055612485,0.2564461551646343,0.01829889488265897
1.8389658930058828,1.5656783126785692,0.07643128304762024,0.005016776950400999
1.5689992474899588,1.4128803331869826,0.33893022057603234,0.024654479457351483
1.5013272108577231,1.5745174080196318,0.45007219562524525,0.03338616902211693
1.317442878928863,0.6179775826920066,0.23216931576182576,0.016453310251674385
0.406735535731642,1.492017414552574,0.4471108333745864,0.03315139240196164
0.337091939231176,1.6913712775701748,0.15135960494007933,0.010414504391493556
0.09243121524351827,1.9147016237659498,0.44818731977396664,0.03323672380361744
1.9311777329455282,0.832150473245959,0.3609534245312517,0.026370795441601272
0.9419701361780268,0.5350277454787382,0.282127517147764,0.020264417087943465
0.3802774505014248,0.7971034871287357,0.052606119525788156,0.0033650823968425646
0.23120504293780808,1.2632173588446882,0.0621210131782036,0.00401957301402998
0.19777672857828033,1.8506947815188564,0.14372022265863027,0.009853591371132548
1.0420047232860252,1.5330025404410785,0.24769577141847388,0.017632216441644828
0.7230302456644102,1.5665484816932642,0.10351202965801753,0.006937981286252923
0.3365230589447583,1.8902289916710902,0.17165771493773024,0.011914149064650862
0.09294642698487388,0.7398116302770701,0.4336079043165557,0.032082250795850545
1.2976282548513658,0.27743861834494554,0.43319034184832084,0.0320492250703346
1.8819212225297497,0.6283291507785858,0.2521579457778614,0.017971983207369698
0.38328179447991806,1.9090824968403666,0.28661378629493384,0.02060907537326301
0.8443986900846874,0.5494126762183662,0.15140651141067432,0.01041795458716767
0.8531154983165621,1.8740502752182988,0.17286281767885503,0.012003583841647134
0.5577688424648091,1.097705783207009,0.09617476525089799,0.006413576601429961
0.42127230504578894,0.20774518878940862,0.3265932413415301,0.023696359080214686
0.8981192178446507,0.24458831201533804,0.3174810629392905,0.022990281480408752
0.9013872044392734,1.1058430408827127,0.18245243830876728,0.012716773379048602
1.1378186608572236,0.7622930658093654,0.09108265393313725,0.006051244083691776
1.660181602085368,0.5892569689869658,0.49888614566368406,0.03727103697006214
1.5610146899635862,1.2452143826732005,0.3170776752042859,0.022959056094667873
1.1270611332804445,0.6969530632577516,0.4388350678900778,0.03249586109893426
0.460608964989371,1.2184270244578785,0.27800866230802473,0.019948318130417985
0.9246099831322023,1.643128914868467,0.12192855066146467,0.008265223803598839
0.39415784892373096,0.5821714566336982,0.49440157670286683,0.036912995476590216
0.9865374226628645,0.9874484988994272,0.49892757811296934,0.037274345915374096
0.09913304597014583,0.3158484292241319,0.07363370881303208,0.004820731011801367
0.602419815899986,0.03280417465989394,0.32220121075216723,0.023355860658387476
0.02335784621149717,0.42679867468311206,0.1590322638867827,0.010979831008892533
0.9359834778562199,0.010149392350732533,0.4354296878184271,0.03222636439801234
1.3540178210687488,1.917632831646856,0.306175368285317,0.02211618066576598
1.1967932392604361,0.9665494023064221,0.14641319373971112,0.010051090462726635
1.330054000522447,0.9781810119359635,0.12772232926959604,0.008685746987213586
1.8415911345891163,1.6962051902869948,0.18921706783072684,0.013221432204755397
0.058501201250409585,0.14196549572172779,0.4132981902059142,0.030478502023772586
1.569870441260755,1.3057004349339572,0.2601584438223487,0.018582206241611172
1.6834651060221655,0.1251547082362574,0.26070641477947626,0.018624049561390413
0.7882264527700722,1.8718768343005687,0.4412126685730155,0.032684106502707116
1.084909730128652,0.014196018505001629,0.057795280513063936,0.0037210960715308855
0.6510166569502001,0.4183283432214484,0.4188397230185544,0.03091555868898034
1.9800860357067287,1.302463322327292,0.3024887435876377,0.021831626212258634
0.01702664341542448,1.7905633801105971,0.41370710354882145,0.030510738971955227
1.9676773751180514,1.554544477026351,0.19868492144660727,0.013929842967894124
1.2810856965510287,1.5067167747607355,0.28058129720467917,0.020145715813897954
0.3163307500622661,0.615443492854775,0.2902536743581771,0.020888984241538407
0.7497929245360293,0.8367603377881052,0.06844479541240582,0.004458480302304756
0.3185489759856248,1.843920185243302,0.11787398037091361,0.007971750917893997
0.4236704384898293,0.47376848446266817,0.06408864788554867,0.004155822007349564
0.37530412468212004,1.409835474277301,0.13846706556557858,0.00946907004712951
0.7723861396231955,1.8126705906756615,0.3471755493454123,0.02529618066696537
1.918587447076261,1.9391574494271684,0.1499442934339137,0.010310436242265218
1.388918414782856,0.7251890888376458,0.1814538724814867,0.012642385955904969
1.8812545004253476,0.7359945833527322,0.470627999516707,0.03501873549850747
0.9092103403494476,1.0299587929914091,0.3701041172729718,0.02708608266997204
1.7975748980989326,1.368153040359475,0.25552399737399245,0.018228562120554764
0.7387416294312013,1.9056992174439475,0.1825658403536185,0.012725222959823973
0.687225840398892,1.4525425875304108,0.14307883511623254,0.00980659028129124
1.240855961794452,0.868156891291457,0.08640105012750277,0.005719351211560279
0.7358607485073851,1.0359306546056595,0.1925452374219525,0.013470182373095475
0.1971394749477018,0.940831724305494,0.3453357247874727,0.025152902373666318
0.9855427226578917,0.9558870752128628,0.4793996397413171,0.035716901639659536
0.03195968241369851,1.0817612215486432,0.05962716344241512,0.0038473148518760676
1.4534143810111677,1.365574804048179,0.11976014782381647,0.00810818793944508
0.9177276993642229,1.2242272774326224,0.41101158812201777,0.030298276884930926
0.19494078879365295,0.9038698269936838,0.3135967511716234,0.02268971939608959
1.0330506475190264,1.2535386705733482,0.18671232376241403,0.013034424262168979
1.3090704908985638,1.3607876770844827,0.46699427274401967,0.03472977618727497
1.9404019673348012,0.6094066746075624,0.40936311223115035,0.030168390390545082
0.6134518213759081,0.0481379879487438,0.36322031291088663,0.026547877193666348
1.3808250128961588,0.07265721643155199,0.1995251617609043,0.013992826325382996
0.3321100549368434,0.3209687035624873,0.23354566068381033,0.01655760011703604
1.6469006904157162,1.0118405059642652,0.1500247842811852,0.01031635293947638
0.40641173435700795,1.3846508177545496,0.2968140523386236,0.02139409001922587
1.6406765445993348,0.8505765101108855,0.4013895219043901,0.029540648176988232
0.15841586366980653,1.9216370609964104,0.44000452338661583,0.03258844341115247
1.1127801836795064,0.19651872486418598,0.258371182621258,0.01844577245983126
0.9841416581057285,0.10274842140512663,0.09114737290993846,0.006055840601914108
0.6932263672427219,0.09007533130265943,0.20283527081858382,0.01424112534784179
0.6678160008842811,1.6848141788876105,0.3787840974374807,0.027765704701701793
1.1458364874031661,1.1836147796919105,0.3660750693812721,0.026770989693460496
1.480407200721839,1.757473228623487,0.1127343721998719,0.007600745162665207
1.3414602720265822,1.8850201081917892,0.3909804765452803,0.028722464707790583
0.3022631332475607,0.20941143099112192,0.4437740807949556,0.032886983423166066
0.8376819138073281,1.6928641647752611,0.10687160718266057,0.007178963991246748
0.8039794123232835,1.7767396438168654,0.15396600212047384,0.010606328632966096
0.13208123564934393,0.07437494367663922,0.44233391352018636,0.032772904851882056
0.84473848331258,1.0968986702536898,0.14008716728734288,0.00958755289060782
1.7780562513923763,1.8619735770654284,0.2116905232974659,0.01490674241936732
1.0033693039866212,0.8439810593099641,0.10520949550600761,0.0070596742437058204
0.747216563330287,0.5335049785887052,0.4302774427796665,0.031818900146733366
0.8836038867194103,1.9951413951278125,0.18853285870800607,0.013170331073270062
0.6966213598891389,0.4011923437633822,0.1988207311675248,0.013940021850671721
0.045303570144613614,0.565634645121869,0.4469023842511741,0.033134870601485185
1.914416547420588,1.414554268529372,0.0794976037988046,0.005232224860727911
1.5226082464257369,1.199981828616864,0.056878769849303706,0.0036580504559811837
1.0063415418860744,0.8292538578460051,0.19296598888565936,0.0135016509246414
1.272580692139226,0.13302391240512756,0.4999448425224518,0.037355594275741984
1.4009201753004918,1.2116710128382098,0.26410723799954194,0.018883873273945473
0.8647992439616612,1.116584009828944,0.3138317517716673,0.022707896114187255
0.49134902163298455,1.9827434977413494,0.3777730779738141,0.02768648847393479
0.4502068482663808,0.11098273422016325,0.06675286027336873,0.00434076459336969
1.417024680727644,1.2889369810221425,0.3070663166235669,0.022184984662389867
1.767841074795672,0.2949665710729039,0.4277790202437021,0.03162143383594683
0.2664477573024524,1.7769042660763092,0.2587851944416665,0.018477371014354902
1.9518254112914706,0.38295581912127563,0.08209416357286242,0.005415115980700541
0.9825161369250284,1.558845616976905,0.18928009689158815,0.01322614026190494
1.8599061488609256,1.9469973080810097,0.4046565795226068,0.02979775293729348
1.4151718686825965,0.413743267143867,0.4835997054197779,0.036051513056703746
0.15969024997486447,1.164870566975541,0.11664256618480442,0.007882756951477912
1.8141028696169335,1.9564381203261014,0.12995326521227546,0.008848027128496836
1.0020700922939196,1.6753061832979395,0.27804970245331667,0.019951466145208138
0.7995525300018231,0.8061907060226812,0.14557935326862442,0.009989910648696984
0.21128699392532813,1.4919240641965001,0.1992264552207892,0.013970433558092476
0.9167098301487946,0.24357766752175358,0.1521603277572438,0.010473411493576012
0.5078107056260017,1.1760124773450245,0.34564337391683203,0.025176857217101473
0.40605762900402764,1.311295824344013,0.17498686274785882,0.01216132104755131
1.3732366585378464,1.9105009375630904,0.36590478680055866,0.026757677941044642
1.2495088052316903,0.10772792464093817,0.12497094831060183,0.008485878783613373
1.9064275922957794,0.6298451742345939,0.05977882310072444,0.0038577764837782933
1.5632334847505684,1.2989904095827454,0.2865344462832171,0.020602976813996705
0.5453658272261626,0.40792434165082736,0.25050614884468686,0.017846160407142965
1.144574702722091,1.8868700225727297,0.44861010650143907,0.0332702413194214
0.7231187927759952,0.5787528617888473,0.33230383513761047,0.024139553109968542
0.929117977535669,0.9511016085417783,0.34711070804988026,0.025291130189785398
0.6412046700548371,1.9956933329639834,0.06837453667456696,0.004453588047302058
1.0517746232929093,1.320152631139377,0.39274346237903374,0.0288609362796943
0.6862896743503208,0.3616796738895067,0.20413671700934505,0.014338826725850963
0.1368387889705993,1.7010786104666158,0.31421119503524564,0.022737247099046662
0.022943205373505915,0.7179150996512227,0.12231679871937239,0.008293361197058249
1.7511418214202488,1.9440734832620223,0.11230565024982289,0.00756984959390507
1.0200474868207337,1.7852780306942901,0.34394965856443827,0.02504499575948624
1.4124883469590757,1.4524722131832508,0.1884973665787455,0.013167680641806382
1.1707639540997632,0.6868667921510978,0.4547253814878486,0.03375528844145672
0.3802804439892331,1.8443821986929645,0.2606544541471901,0.018620081562451454
1.900794640463798,0.8028854425423178,0.05373296134332297,0.003442193836604566
1.6008980701906639,0.9407842347598889,0.12541395461409666,0.008518039700469493
1.544068087109822,1.0625626392328913,0.3617535403648396,0.026433289081718134
0.1721810372030672,0.995850220947557,0.22413339307355373,0.01584526299097163
0.8046839213789854,1.5550151040777076,0.2141481348646126,0.015091816485579864
1.0644299176971423,1.1032922829226537,0.20087532287668264,0.014094071011631633
1.4156597903717494,0.7118170852806276,0.15462637777116944,0.010654966349513795
1.6560339546315856,1.60775898652548,0.07318434022487004,0.00478928793634943
1.7148964965174123,1.9726804023213687,0.45465068078206555,0.03374936065464411
1.3967756953627177,1.7393155775474216,0.49952524051584535,0.0373220795059885
1.5575111421226764,0.4393667656260223,0.12367186194994514,0.00839161449333283
0.7980656459361535,1.0872074177166593,0.3420615485828533,0.024898052836386197
0.5967602067138784,0.1799315990164696,0.48930062364516225,0.03650601520089679
1.7344774263216214,0.45221084985515203,0.31027995325676233,0.02243327378911035
1.8837557251993773,0.7203871410534528,0.3928416035037702,0.028868645916713433
1.8815488905816267,1.0672742317523676,0.262277099607562,0.01874402138136379
1.4800617667314537,0.6781036004392338,0.4377202527428109,0.032407620347934644
1.0416186561610519,0.04328959499938456,0.3322671887422774,0.024136707330855503
0.428100615171388,0.36863521146363976,0.206342369031547,0.014504506125425478
0.5618646853935911,1.240005216704567,0.20808425666381375,0.014635435927005253
1.5096388221236579,1.759937223864885,0.1747742332530594,0.012145524640818566
0.10876094296422423,0.18700172621654176,0.4265535026582064,0.0315246024015606
0.6214050197404166,1.2325427086212277,0.28160749493743087,0.020224490643855515
1.7938762572076217,0.5691826183473863,0.1225513786158479,0.008310364828639184
1.0839651946309676,1.2262543250396638,0.34122817723043225,0.024833213155877172
1.6651554868175324,0.48888527579633645,0.13624883604138335,0.00930699963789047
1.014552685330543,0.3372435718495179,0.05492773019557961,0.003524075545567613
0.9061670804850228,1.0677486376361471,0.28971080309506003,0.020847221777619076
1.4013832144796878,0.4076261396375045,0.41929590699516267,0.030951555438052867
0.18929123350211108,0.40576614479476314,0.2222913122565638,0.015706089732211572
0.7211396145302131,0.6921181286625713,0.09258038656636694,0.006157674571775943
1.271738060071205,0.39579592306544953,0.43057744125460445,0.03184261627449209
1.2724610775360008,1.0480338127445656,0.07472112209640477,0.0048968737988602275
1.5972863633290968,0.21434283662050735,0.16482256237524676,0.011407717139651953
0.2869587173944208,0.4097521752143727,0.393574483409742,0.028926222699427722
0.3115500210718414,1.7696540130003906,0.15849543403633606,0.01094021468776764
1.6932794881452087,1.973303290636754,0.3006908793410734,0.021692943526848318
1.5511877246322412,0.9784678730680314,0.3553653640199091,0.025934603414202412
1.8269350846103214,1.7949247950511742,0.22889439951401241,0.016205331746932075
0.7886052067640528,1.2165536602525682,0.2985049725207771,0.02152440530843967
0.9535365030676446,0.13971214005690924,0.3211286308343185,0.02327275585202362
1.97544568119764,0.2527571713986845,0.44258890151284985,0.03279310110337903
0.8723304318249592,1.6915501860241506,0.32419770967415884,0.02351060263749142
0.4933863634844611,1.219959305590442,0.08126382567536766,0.005356586321618059
1.808382301034119,1.9901631780779905,0.33078357852388535,0.02402151565702455
1.5018102176325567,0.09932191205689356,0.4038690651199655,0.029735765462970305
0.1790895348672379,0.0872168066016723,0.28117733986497906,0.02019146789368969
0.5754707950850615,0.7315820303518128,0.4035319988264692,0.029709236574378035
0.392256829161409,0.8552174623833009,0.4500192763633273,0.0333819726487178
0.9411232389340194,0.7726220864537006,0.081845188560078,0.0053975616828530895
0.11520731223002745,0.36431199675503656,0.23874226416513328,0.016951743152998033
0.4391048978116088,0.3248968502398537,0.22800413391239782,0.016137962497667635
1.4967882672936652,1.5985711845625155,0.2549837585489196,0.01818736636075938
0.5200244676288852,1.9806719663340895,0.057315137490853416,0.0036880589638536355
0.15229584048751277,0.45450882587105834,0.41997886874220053,0.031005451909404194
1.3219370946646625,0.6139259359389859,0.49975006245493137,0.037340036412975314
0.166743594931261,0.5544537774350413,0.19011828020270155,0.013288759984955975
1.5896035586314456,1.4534998473225298,0.4954823780187914,0.03699926467114872
1.7570872492479135,1.2165436839507835,0.10492048484374009,0.007038945160337989
0.07618111967913732,1.6892316850297369,0.14726758424579772,0.010113802997372127
1.1008048421632617,0.717388663404521,0.1563470341014819,0.01078176261645851
0.6491917762337716,1.969105809925397,0.0633912614517644,0.004107497948497839
0.21427568481768366,1.459575286881982,0.3701948658482867,0.02709318242685736
1.0009700866284592,1.292507141701911,0.20920038049479445,0.014719369701082988
1.8763711861758718,0.6816653837408417,0.10629617061398655,0.007137650320918314
0.7551933453382391,0.3940490085537611,0.3376787072150388,0.024557172622579435
1.199727698843795,0.4165140076118876,0.37343758068493405,0.027346956332407732
1.663088501376085,0.006660994099922268,0.23466978334704486,0.016642809810106917
1.3076230727678082,0.7493886436710109,0.2377766531269344,0.01687845997391555
1.988055762170283,1.3194091258990424,0.1828160956156632,0.012743870748214071
1.2554142523163154,0.7260946844675906,0.3951818950884504,0.029052530661352556
0.966133531990705,1.6271604733138256,0.3503068733878427,0.02554015620403922
1.7058291975651871,1.6167737458627396,0.44168378716000106,0.03272141541435128
1.1770826430835064,1.4604569762323603,0.257050097834319,0.018344966912695104
1.9677966330883148,1.7358718901278325,0.4949615016213999,0.03695768687104404
0.6426749289346638,0.8438298658619152,0.16600007502229552,0.011494860070040868
1.9146073787428186,0.9243180133282123,0.08361668873896785,0.00552254308548399
0.9336722003617182,0.3892354869700576,0.3551036805195396,0.025914188501634385
0.04304716688177734,0.0238099460555663,0.05933681648789796,0.0038272915597147464
1.173313827728202,1.5985211611475818,0.215549933467996,0.015197446762076997
1.2588074933673412,1.7798202442026427,0.31623978681461457,0.022894205701441638
0.332468480175516,1.2772827880154478,0.3196301020171869,0.023156680084290043
0.5004678643405205,1.4485196751575748,0.3247859185619874,0.02355620530792677
1.0414968536680926,0.33461627631493873,0.3875435117868192,0.028452636514912907
0.6785789995196871,0.5964783068320725,0.46491273255657267,0.03456431884155707
0.7533696517754407,1.5138357866204892,0.12947739464124652,0.008813395662969249
0.8030304427773558,1.1929954506091047,0.4618226496932892,0.03431878882751065
1.8658494248708366,1.802811797511505,0.39402461609446027,0.02896158985845669
0.5596630777626352,0.8825477237951724,0.3954949566035368,0.029077134687681597
1.8539810078376564,0.35360889722240985,0.4628528858799807,0.034400636178754766
0.6703874684154278,0.47741453958563485,0.3335123195905526,0.02423341019659972
1.8491638192962851,1.3712036809669779,0.17179794064557005,0.011924553470509929
1.8673269811854183,1.6273508792246667,0.23989183082573617,0.017039013952019406
0.4618340710801747,0.8800869741236321,0.2797118731417834,0.020078991076872558
1.09908336225431,0.8329476546109542,0.49731654773571743,0.03714569717920162
1.5460073908266532,0.19274826249172872,0.09386378896561967,0.006248969166193067
0.9735080124413353,0.46487459088792793,0.22917363431642673,0.016226466067049427
1.9567889033624712,0.8277717639978117,0.17955696061892462,0.012501154808108978
0.6973013575473541,0.2919248647041093,0.39197535623086577,0.02880060103533114
0.15287369811195606,1.9487409161304863,0.13484467895934532,0.009204501645675591
0.4473634208425965,1.7457845568860808,0.25305283931832867,0.018040173968412433
1.848282727207696,0.401021381156462,0.12393426157072468,0.008410649248782442
0.025637139470755077,0.8626725864930238,0.3518453287166371,0.025660079399903408
0.24654145975486497,1.0374490837054058,0.24342736747006466,0.01730759898743765
0.01826198197798501,0.7297634147189802,0.1168295704254932,0.007896267539136193
0.3107231098319001,0.6503043115039371,0.44263758020891164,0.03279695677694753
1.4671291706730907,1.7042192673057361,0.4380921721415759,0.032437057091511734
0.6919063980568099,1.2898907802714394,0.2685854671944933,0.019226362924538175
0.6406849583948651,0.09275229240723193,0.06448236264789008,0.004183119772604299
1.0344156519372967,1.672147059532828,0.43391774153477847,0.03210675776662655
0.17357205449234003,0.37526278149595704,0.20066174203835824,0.014078052066157866
0.1204865525633465,1.3139783941098062,0.47875158702715515,0.03566529045232333
0.8822276934018016,1.9391892823638042,0.4933187917604106,0.036826580997325775
1.248342729184343,0.9665830348744326,0.3125171638883979,0.022606228062809496
0.5553558776391079,1.6919207731813046,0.1032419488121274,0.00691863156722886
0.6601315626745363,1.8930445803492546,0.3192984346619989,0.023130994260287047
0.969421523094536,0.2427180400480169,0.3579280352741015,0.0261345817325283
0.8856440822898957,0.9658101498678544,0.2511285712566965,0.017893565666510434
1.2128932208388923,1.0728118145035825,0.2806490940854381,0.020150919547110638
1.943054484956462,1.0973653688925777,0.41428675577025964,0.03055643999706338
0.7741149420272011,1.2269026318165521,0.36558490745129174,0.026732672694667448
1.0566301393687592,1.1037680341674363,0.16490847564122105,0.01141407378270962
1.653473742810888,1.100070587188118,0.21579050403530559,0.015215579344128897
0.9791056010204267,0.5416332540178572,0.42032190370475325,0.03103252506956058
0.6454926667756051,1.1913854999303422,0.3535168948266222,0.025790419647422715
0.6913419336622182,1.1036143502661913,0.12805902293927351,0.008710225919113898
1.9435421022408867,0.755752634335707,0.40161699622416663,0.0295585448605381
1.7746571378345348,1.5543129710089094,0.05516755391029456,0.003540526409620518
1.662979833019467,1.3533825793183052,0.44056228227767535,0.032632605506179906
0.7309927600285517,0.011718917319754274,0.27826534458950497,0.019968007661948173
0.5522225878233764,1.206601232217148,0.3069494497365493,0.022175958764184017
0.47012672557261226,0.7186713300975613,0.4478912238971159,0.03321325133283217
1.2054413978024574,1.1390140786916338,0.17418991596671907,0.012102122098818217
0.453976785353543,1.1602807973900473,0.10273993724464853,0.006882674648515179
1.169772724983832,0.1947647651732327,0.3585643243266102,0.026184249954553634
0.36387141256340527,1.7364171076648134,0.29145180973583873,0.020981174484281405
0.1831355005212374,1.9944358556670754,0.1950719769723534,0.013659231493057084
1.6265476751358956,1.8324311290723883,0.47510890518162807,0.035375275628272036
0.23543538403461417,0.683616597479239,0.09819905161632073,0.00655798818145052
1.7931191753321014,1.8221597138355494,0.2545583494143449,0.01815493114421627
1.761679827503573,1.6918371951736701,0.2832543275318326,0.02035094913519319
0.7841227778144348,1.42188790287442,0.4928595173154595,0.036789931352165836
1.9580748180786423,0.06169570767812749,0.1687868660903713,0.011701268620190651
0.6772915841674243,1.116334274126811,0.18918459778809588,0.013219006844888291
0.3326352198812683,1.904829277617455,0.06953076840387579,0.004534142622515709
0.9690674121289033,1.3086348318577978,0.42487926360434164,0.031392347312146886
0.015249094953947884,0.30246103426543436,0.2535895747756021,0.01808108112148908
0.22754894121032265,1.0510993556169412,0.3872228372731362,0.028427469494919574
1.9708524996360428,1.4628061953647082,0.3935272516625691,0.028922511838235607
1.75885547886097,0.3137820924079233,0.39168243557343796,0.02877759407236352
1.441024004499505,0.930587177826588,0.3982802360929429,0.02929609349625199
0.371197945919822,1.33709998597156,0.3203286263968223,0.02321078299329743
0.7337179446234083,1.4508133152325853,0.47118699594065655,0.0350632014124212
1.147199532783501,0.3255141344479151,0.286614868035113,0.020609158523243947
0.5724735897185929,0.759349512062039,0.31601553579758485,0.022876851262758725
0.4111313804497958,0.9835371123889589,0.21611750272410374,0.015240228529653671
1.54371842787054,0.22707316355302942,0.14457553670272044,0.009916291577489005
0.6415813347669912,1.5333967317219068,0.14679409210748318,0.010079045413413817
0.5059720381339949,0.9088053866234562,0.1608725785486804,0.011115710195016169
0.5518919725542788,0.05305636907067002,0.1649439805584786,0.0114167008254231
0.5050784056840876,1.8867226345840835,0.06784187177734789,0.004416508843051878
0.15308314414273672,1.5315389895534641,0.12839424873811925,0.008734602543402263
1.7024599752436225,0.9003205004713835,0.3635792196326512,0.026575920794025105
1.9978155615789672,1.9769776713838731,0.3979460213315119,0.0292698143220704
0.010968207177658007,1.5295274681672244,0.1214292786463058,0.008229049290017538
0.07116242570604836,1.243886247015739,0.08588197405720141,0.005682627525514114
1.4722504722636072,1.6639613481745572,0.4755305171742718,0.035408834752198616
0.0412215736547632,1.4298491741144035,0.16882920233611193,0.011704406151773605
1.4179767222015685,1.201365111675597,0.11504958060132761,0.007767728552603555
1.9067759534258548,0.82497892715348,0.314629539140881,0.022769610006149178
0.9105900817279171,0.1326654399572762,0.24601432658766015,0.01750429401017315
1.7406414320382404,0.37584038691419286,0.39047121875703733,0.028682473686665943
0.9885513774331638,0.10611756724913524,0.37941067909266946,0.02781480646803772
0.34397951229818347,0.004458663570716448,0.4794149244465809,0.03571811897807146
0.23451642875165568,0.4433298908213821,0.29323187840079973,0.021118189709227388
0.0016802719976629632,0.482997498750354,0.12246063155413292,0.00830378671959332
0.09879993809374166,1.8377921267668396,0.3824547128454214,0.02805343015782825
1.8998870655159639,0.4781370316411988,0.11962797042454498,0.008098621951082347
0.6476344641574192,0.5423085582560538,0.3870302815719623,0.02841235812370265
1.8774379286190288,0.9775995198219911,0.4457966925623471,0.03304724172221003
1.8668091789719363,0.2826292496303091,0.10458701591456238,0.007015032235304804
0.4909978198544236,1.8924592672223814,0.2638316621555564,0.01886281057665936
1.5125440831876296,1.4663670910350333,0.2538655046497589,0.018102113370967617
1.586741100026424,1.8311455691971077,0.27185240923730264,0.019476463843332004
0.46240260713838266,1.6380317086358651,0.4578796497663772,0.03400565288938724
1.607540514214991,1.4785148323504742,0.37875823785620627,0.027763678348562835
1.944379821153486,0.1492419393488602,0.19507900053266536,0.013659757228117995
0.29605077813410685,0.4750850089753753,0.16721819133412397,0.011585052804161059
1.4487884540918294,0.8982416337116568,0.350307962660477,0.025540241100431526
1.8499731732860167,1.645443114393706,0.29623842599866046,0.0213497395061712
0.16109283423752419,0.691079880320453,0.20932926189910067,0.014729063721652141
1.8579891863696947,1.1559131951312422,0.281274475900264,0.020198924665083128
0.5955811364968018,1.2935433532969303,0.45806812031173594,0.03402061618081564
1.5648066715715423,1.7630067539057839,0.3142808930123456,0.02274263869612129
0.1540276574899635,0.11792574052462279,0.35402271261801543,0.02582986914433777
1.5302507153407783,0.1211881581103178,0.4177558457161916,0.03083004251621154
0.7297875793076014,1.0859895681892529,0.34048294130143564,0.024775240022558237
1.3021748197522272,1.783533878424741,0.36672313476780766,0.026821655774607003
1.7059374561904976,1.6575534028301826,0.18816850643349686,0.01314312412345893
0.6476618922497692,0.7485656987307505,0.07550570896671627,0.004951859663126185
0.7288768865648467,1.1221905550488191,0.19090386284707267,0.013347467269603147
0.7396840590564544,1.2791814079162076,0.4927771340081239,0.03678335749515092
0.18649136138414257,1.1603877855197846,0.15509164990650576,0.010689242993148803
1.196135202959165,1.6083685995074002,0.19427321155982252,0.013599449980095478
1.1894844139644885,0.46177750008982965,0.07402175930704363,0.004847894215776905
0.7673938502974593,0.6549900364916379,0.3385743048037838,0.02462680400405176
0.16418591581282893,1.3214075224536017,0.39984563478517043,0.029419200409771556
0.3252341623466153,0.2659478325029063,0.4109533865361825,0.030293690460257986
0.5772849394376094,0.8799528370081338,0.17224838051463912,0.011957978973507923
1.1087690559272023,1.6312363869327968,0.42972707965715184,0.03177539461878994
0.8777706437547257,1.9290891430840909,0.15146473466046456,0.010422237288767526
0.9379980824901804,1.3401756800150315,0.22909676329519002,0.016220647786968148
1.478563544066786,0.0699034079405314,0.16081271328374802,0.011111288363098578
0.37342280845605313,1.5483859505388997,0.23962017350896092,0.017018388136070307
1.4614703168673595,0.5708739296941794,0.13427158385893118,0.009162689052878792
1.0923705092741607,0.07337117258757364,0.3778704240356139,0.02769411517676295
0.7541153536614884,0.785546155398472,0.48116847674779895,0.03585779703886641
0.5855848225861562,0.48094276459010565,0.40992802758502533,0.030212897069069145
0.3254684815945923,1.590817945301249,0.18818220842688727,0.013144147214358309
1.1966394216491039,1.0983786585710837,0.49818631366808414,0.03721514872096725
0.561484740756037,1.0185192763923006,0.4546974910003832,0.0337530752167051
0.6006308654489294,0.7883937997132864,0.23675218911824458,0.016800732711386754
1.4447116271779241,0.9215654232314454,0.36932184490713843,0.02702488621200509
0.9841091544307936,1.5133818723281263,0.33351646651581396,0.024233732308487077
1.5450803215827005,1.0906794559056718,0.16609042542647495,0.01150154830255852
1.608559113921116,0.718221587909899,0.3050813139234223,0.022031710589700066
0.04636795696286167,1.43362126860441,0.19633083436210075,0.01375348165517115
0.2567586542540998,0.06130627058125038,0.10457682980464612,0.007014301876106346
1.6853454202312794,0.9862400374122353,0.15446734549968688,0.010643252057332716
1.9455163506122617,0.5201196331907092,0.2889829250379847,0.02079123542775932
0.22682109802949135,0.17946480770103124,0.35576583659260375,0.02596584779169852
0.27044413767619324,1.095402924575451,0.18522407706339244,0.012923391342200939
0.8559738739483649,0.8912670796238964,0.3009988448389004,0.021716695152531735
0.9433629113922706,0.37476353199587176,0.11834417632442801,0.008005748814857352
1.5511971746901756,1.162344189882654,0.2427206236522026,0.017253887942317813
1.8560488763940663,0.8199678986268866,0.38091776995038984,0.02793293180791808
1.1113726322769262,0.6276804053971208,0.05215451906789694,0.003334210555965509
1.4119305409818665,1.860730298664963,0.4261098240840626,0.03148955089598763
0.9186847691931963,1.3849043462165704,0.43832689027172395,0.03245563549197924
1.4615785287037448,0.7210032632727703,0.12141558134193957,0.008228057002861722
1.4430745119957327,1.3332857919764658,0.11644145324396862,0.007868228713536905
0.6524860048954004,1.2834629408446758,0.34800850411517137,0.025361065152800143
1.9045283185212507,1.5396708019568897,0.06897109899171067,0.00449513886006039
1.63666037571208,1.1806754438683384,0.4611073764582421,0.03426197118819115
0.780415398431038,1.0747234358223539,0.4716977451711616,0.03510383263890087
0.8863802201640649,0.800721992149604,0.24769985519437038,0.017632527203832103
1.9985752695523626,0.31335120153604046,0.4060824353488846,0.02991000723124918
0.3825635994726111,0.839142822648252,0.0763041066691882,0.005007853910058993
1.381140054580987,1.0506146519459563,0.2969460632508622,0.021404261953864197
1.5884318543453946,1.6341611625555212,0.11268923027500484,0.0075974916567588995
0.24308726882918053,1.846436884195525,0.0603583659837055,0.0038977707545243103
1.7541387540459434,1.3505550168547915,0.14990651145291833,0.010307659051236307
1.5485519697575523,0.3033633441000232,0.08672602568406022,0.005742350395829563
1.2466768960316768,0.03883197503226743,0.2463763393464845,0.017531830451916464
1.725137522356462,1.3622418753429755,0.2185049332383996,0.015420270976393289
1.946772459022466,1.7952406783443695,0.21682331427167917,0.015293441424320577
1.1268817370176187,0.9989725582579554,0.1184597310533114,0.008014105520828941
0.27938786939323945,0.33246926653437914,0.1654693008773622,0.011455574332472802
0.4581667261863325,1.5578191295902977,0.2771349355551501,0.019881305886784155
1.654548137834951,1.4944383784835267,0.2363553188326844,0.01677062793693389
1.2096300813503644,0.029693620516644037,0.3078723042270508,0.022247239386770406
0.29079970806361,0.6172344704280917,0.10365479725614124,0.0069482111609490485
1.5903914092932143,0.9714415866955273,0.2432182818642712,0.01729170779856877
1.2576214318276435,1.3253904288187288,0.17095181113614688,0.011861781638322829
0.6182107529300329,1.3975545542790273,0.4657293057399256,0.034629220483213076
1.3434419733298324,1.9814552686866085,0.4155739576778735,0.030657941527623283
1.6308766965434374,0.8091686899769939,0.08678845165020838,0.005746769090619156
0.5725839929111303,1.175244025737566,0.23220185120908093,0.016455775070779746
1.2926885228413327,1.467318979846815,0.45804682635617233,0.034018925562928036
0.5735297465554343,0.29972903606680523,0.17652079490442252,0.012275317183948897
1.014415204889998,1.8382104380762274,0.42673946225102066,0.031539294334188665
1.6633001927269335,1.9827818730759723,0.19221697166891955,0.013445634242911406
1.6905319837558812,1.1522541742046193,0.2054193199364771,0.014435155574488956
0.2694988560644729,1.518308951017688,0.19115706067501936,0.013366392522559351
1.163036889829447,1.8604976345237947,0.3549748597030859,0.02590413908720864
1.2173439893772728,0.692055439534399,0.14452384214509864,0.009912501294420912
1.3742093871547645,0.7773051871385588,0.48672009780157194,0.03630023886851804
0.8524265050054136,1.1423004613407224,0.23521567468175558,0.016684199122456313
1.7167509549656912,1.6905833136399988,0.4082347252996231,0.030079503472363888
0.38586477899900395,0.402773009376473,0.20647019516826315,0.014514111652091962
1.746885802196859,0.6964772454435126,0.0844958855199425,0.0055846395600229505
0.7108981555406377,1.3607340722241392,0.05652275533804293,0.003633579500512758
1.8477983471156554,1.969791843892783,0.20604417832936073,0.014482100107789565
0.04164078894973389,0.4229025396903283,0.322165193508934,0.023353069688141707
0.3652880331034012,0.6757842117266435,0.14809694059253029,0.010174702034939151
0.043934746570091,1.4459892867299506,0.3824917408108088,0.028056333611889462
1.9997149481827625,0.07799452703374077,0.4506259130954522,0.033430079560403655
0.6155197541712123,1.571091551607208,0.30775621236589856,0.022238271722635934
1.5297918099491248,1.0814766232144388,0.4429890742595846,0.032824798290626345
0.9930009899945043,0.22142986242234475,0.4503549522499924,0.033408591536377416
0.5693556316961526,1.752936538160036,0.23940132942786896,0.01700177338387932
0.10404461864216441,0.829586274218427,0.37020754281745455,0.027094174224980887
0.5382090167715481,0.3073443703755636,0.3543643013356901,0.025856512367111575
1.811323298526247,0.03623351133427577,0.1761542707146579,0.01224807223089308
1.5903589042400237,0.966023918841471,0.3582516606363459,0.026159842912638388
1.6103828911066278,0.28739777327817206,0.28378112592558147,0.02039141213819759
1.3182095311950996,0.41887326102924494,0.4107624012049449,0.03027864067257959
0.64803604894765,1.847843538930362,0.23186814798259486,0.016430495526949918
0.8151898879329387,0.49818112756033983,0.32775634639393053,0.023786583557463922
0.14689336651800988,1.9222346446425633,0.29132349461217777,0.020971300055230718
0.5137122159341987,0.5048715493858698,0.39719788794542893,0.029210994412014062
0.8850435710813407,0.7190205147643902,0.43074647650320635,0.03185597971651796
0.3014382116202199,0.6978434005402079,0.4079614131668864,0.030057976284443552
0.01632145797754614,0.837372667957472,0.19766118311371816,0.01385312967064921
0.004786530099939679,1.9851489754155618,0.3110687064731908,0.022494240932186445
1.8792871319048963,1.9984946310232297,0.1081944230467309,0.007273994103579434
0.0029330452368023785,0.9878204588347363,0.11389171637274748,0.007684188825548476
1.491415485728323,1.03267757304162,0.08730396639636986,0.005783267121180273
0.9730650803150289,0.6495167185214203,0.37928468660669823,0.0278049326784931
1.5123924243145452,0.08442877414895755,0.3884658335891217,0.028525029728606325
0.73566485310618,1.2185697963186395,0.07473147981876267,0.004897599436118927
1.0499069135859693,0.018720451640224622,0.4352661882509123,0.032213428935427835
1.2170441249431039,1.4280258539508628,0.09091668775755188,0.006039457743598278
1.105496148274428,1.1906221741415666,0.3106294752540864,0.022460288979338973
1.8752050247901462,1.081097795530497,0.27073574195062156,0.019390953865612258
0.5559856634473759,1.3729061610657936,0.11924805429365215,0.008071130592838635
0.8203572896280489,1.9725448513862518,0.2997304065664036,0.0216188785169799
1.4451276840235587,0.06390530696669794,0.38755085382008386,0.028453212745599237
1.515964182302397,1.794847286844058,0.23100416123915113,0.016365056255739325
0.7335958110257892,0.016151187150993396,0.29068558578256604,0.020922214542732027
0.18886469905057446,1.7147533603633407,0.3846658520942138,0.028226844979459813
1.109260987959514,0.1581280716925828,0.29737889563015346,0.021437615495935945
1.8021688721360056,0.360093931664599,0.14771162482847716,0.010146405641901345
1.212881298483509,1.0011124817374695,0.2917128289874518,0.02100126202171944
0.9955192088816651,1.842795737234831,0.43762400608873137,0.03240000288144726
1.1422152458987613,0.8439058574710099,0.27360081015174004,0.019610398143811044
0.8573990356230285,1.1111936226169707,0.129147721091172,0.008789408828183647
1.654339098329667,0.30576142457805555,0.2690282962084272,0.01926025148252451
0.25071808901444825,1.2583581973333615,0.07813772271744188,0.0051366038677540405
1.9070922371941421,1.0391223797737332,0.2733856808525224,0.019593915209962353
1.142738148073425,0.8143756145935026,0.2974052494592018,0.021439646398511206
1.999660975956043,0.3056618136085223,0.2693075618833393,0.019281624941133352
1.08198350163705,0.777406131088713,0.41562987082244807,0.030662351017055757
0.6116585722403809,1.438288374102971,0.09713306854936196,0.006481915606146547
1.4080275511136893,1.4609541915252986,0.49606784370252255,0.03704600176743887
1.7978508065511576,0.8950609335569408,0.4045343997158814,0.029788135275004048
0.14999833450652944,1.9485663064909262,0.3094610441666296,0.022369987044324646
1.1403257164209801,1.6964278130699726,0.17241720475894806,0.011970508360930186
1.2156819516761623,1.4003065819725256,0.1471312854246544,0.010103796933735544
0.4355250016855641,0.21531372965776652,0.233064764355444,0.016521156298043023
1.7747271707191392,1.065893805035064,0.19825453589735254,0.01389758892058532
0.5888792444918187,0.17103847452049137,0.37847142885515933,0.02774120467592544
0.06485138466143181,0.2857751109718403,0.33310976349004806,0.02420214301915662
0.2641372383594345,1.3086411839810665,0.2185942840853417,0.015427011804671717
0.09488813902947979,0.25658413251501355,0.15730285095807559,0.010852239051021301
1.2440087424694282,0.4772190524536899,0.4465530941966141,0.03310718685784097
1.9534393524022475,1.0571572731303795,0.32356423806326107,0.023461497222514713
0.09954390993385775,0.18878135401654506,0.3588359105396656,0.026205451612894167
1.4590108518411482,0.22002471221639586,0.4096719510425602,0.030192721634449478
1.3188924647263587,1.0437089894111022,0.14700791657928056,0.010094740645872895
1.6183597007560855,1.4782342602521366,0.21494269006495975,0.015151683075889337
1.355140621289125,0.22242034035847258,0.12690279121063072,0.008626182030138794
0.8939433237288712,1.322821793937166,0.18721410716905396,0.01307187437245867
1.963733887598465,1.6062600275676384,0.3380743736354794,0.024587933529471893
1.609919483412011,0.7381890905610022,0.4730400964340119,0.03521063410519805
0.24572222035475821,0.4222082683408461,0.486231565406613,0.03626129077250474
1.9657300647694997,0.8440549068404517,0.2913684222490674,0.02097475740593211
1.345391521892519,1.294528950744408,0.10133074088054556,0.0067818049500414585
1.9085978590044723,0.7168944247818569,0.11262506759012285,0.00759286742576114
1.0696280893608157,0.30497274329886337,0.14447230556033844,0.00990872268715611
0.6116063066757189,1.7812410919258121,0.3983886804476951,0.02930462075989568
1.519208872770314,1.0377186902754716,0.05638202516893323,0.003623909223353002
1.061311165385786,0.6593800261310474,0.3525282315217118,0.025713323546540073
1.7363584107715644,0.3532539048065426,0.24249565187776778,0.017236792822815997
1.5940668958165005,0.3207136270880282,0.28382078685433915,0.020394458675318007
0.41550448872761936,1.6707169976302032,0.05262142996225359,0.0033661293543910155
1.9019191046591575,0.20438977652755197,0.21883097644768817,0.015444869326003046
0.6202107122193865,0.4604985748653587,0.20146795055974082,0.014138525300606063
0.9780514971435854,1.325281835320632,0.17581819357677125,0.012223093944906635
0.783374326008226,1.9107228345480378,0.46240614565056914,0.0343651432530323
0.04213329203297356,1.919712647456911,0.26817581902518656,0.01919501704315428
0.14718121425655473,1.9736652147680511,0.3434077328951302,0.025002814466497384
1.542653310010726,1.0851885972387247,0.2740002593231828,0.019641005803673006
0.2493190998498671,1.3095626238850713,0.14688120051629988,0.010085439190634416
0.796572231457396,1.8296398671789886,0.3204387600342289,0.023219313933127442
1.2199025937476358,1.3613472760560035,0.1646377070754384,0.011394040642363958
0.9051182540764486,1.903884071233584,0.05349356227060273,0.003425801990699462
1.5739906947857731,1.6567218431421582,0.35211862596578464,0.02568138681699393
1.0537349134174896,0.3602498527512181,0.2311791392309815,0.016378307912515704
0.31303183619949304,1.924285734547201,0.43445014609186505,0.03214887180513437
1.1514920739641419,0.1659514153332915,0.42438680895445724,0.03135345311333162
1.6590237163579609,0.32123551982142917,0.3520630708851203,0.025677055413949327
1.5921879634586276,0.7318467572965319,0.3733286084637127,0.027338425721919583
0.029888005916135052,0.6061767074142379,0.22436772759229945,0.015862973152332354
0.0851878376393167,1.7505451977115136,0.4034405237770714,0.02970203727100774
1.8027366674853351,0.8303777625606008,0.08470398620484622,0.005599343972374255
1.3708655117540907,0.9766826457573805,0.14332254091690605,0.009824447413472213
1.9049147059064249,0.20271633304851133,0.4290549926230974,0.031722272179662885
1.8920918781019005,0.6557190295021094,0.26771179730758543,0.01915951454128083
1.4694903733292972,0.9531717972670086,0.23237664178683953,0.016469017256167968
0.5492157084594289,1.4613365574855386,0.3680002192276168,0.02692151696066169
0.9658493928274032,1.2683405120241809,0.09065734041099727,0.006021042771075131
1.251345993341965,1.2675277710060717,0.39261618098318357,0.028850937678881954
0.4161212864856412,1.5292919220971783,0.44704432137069594,0.03314612056355148
0.41010217202180055,1.8798487602194691,0.08064336308486773,0.00531287746307863
1.8955356911556356,0.6728314974695997,0.458661370252583,0.034067719001287314
1.6489607425945563,1.0992217331294445,0.2974188270806695,0.021440692734286084
1.203487127973259,0.04113081460458767,0.10161995222850509,0.006802498730427459
0.0669057340299597,0.4256977247145508,0.12980283433606954,0.008837078578925583
0.32882440601688057,1.1491735477265212,0.19543138692437517,0.01368613610750069
1.9151230847038956,1.9820643052639364,0.3867307422178927,0.028388851928990416
0.9250043127482044,1.264859544802995,0.257289712256833,0.018363248074055233
0.5051163736244024,1.4801765663666984,0.059479462324607,0.0038371280485379315
0.0904980987767714,1.1034083812694784,0.280270084481115,0.020121829869935694
1.073611672931346,1.484520500601585,0.10513633880160791,0.007054426759489314
0.9444336857766105,0.44451565357241574,0.07629184848231055,0.005006993896546606
1.2037857595025072,1.7392436035816763,0.35404856147449165,0.02583188524037001
1.3934504128836458,1.4593109388701144,0.30644559953299905,0.022137047971163115
1.3749270145870245,1.0616088902758782,0.05671144401515754,0.0036465478543188127
0.26554052030364095,0.6096669639042502,0.4084228703866097,0.030094323131365456
1.6289041468772547,0.34350554598953353,0.4370060603027932,0.03235109815603251
1.675396564791748,0.02870810638901866,0.11822829510435515,0.00799736906303351
0.6798174391009726,1.5800809992975753,0.46522382529256034,0.03458904371980214
0.44957150645804966,0.5932074674442158,0.2192503735466068,0.015476514483752285
0.9085738704970274,1.4449648158910564,0.137305345276698,0.009384168800654645
1.8888300118633423,0.149408599469955,0.33545823241991946,0.024384589031322353
1.1301545764223637,0.14334289805428369,0.4036020066958975,0.029714746435833595
1.631194887903521,0.26495720691564206,0.1839747567194408,0.01283023138305799
0.9181905358313458,1.519118547826112,0.45730655421936733,0.033960155575865174
0.03468581817524741,0.36583692414747726,0.18489307366591512,0.012898704677313775
0.32741087296540927,1.749524831043201,0.41064310376143665,0.030269240189319375
1.3696375840340949,1.5975400033789902,0.3927912277043285,0.02886468854656227
0.4166432846197121,1.1931997957516647,0.13689278826119833,0.009354030068100478
1.3578587925483554,0.6927628735721658,0.10113132399100921,0.0067675385560214555
1.5170692380022797,1.8778993917266256,0.3510142456539593,0.02559529164590564
0.9877967427787038,0.522598754237074,0.4009737052629635,0.029507935353251306
1.2592608992135912,1.2040305005144474,0.4459641775539128,0.03306051437105517
1.5649435418609603,0.6215712105284081,0.2155850757251872,0.015200095460654213
1.9056791944113276,0.1547625078572663,0.346850350650446,0.02527085165300983
0.6394666932245272,1.5610562833385957,0.43484782001635836,0.03218033076218131
1.1019180243766646,0.7771045577466795,0.07273889453270714,0.0047581324973341495
1.7562805369798675,0.744663570536535,0.30757834069865964,0.02222453225125526
1.9129576166215867,1.4292962999491239,0.3016993237241305,0.02177072534343687
0.7016222644967667,0.2028946870159518,0.13747944266402773,0.009396889099532338
0.4390513657857058,0.04400206530882933,0.26923212189832724,0.019275851028823347
0.3601750386203464,0.15608516892478708,0.41750958142013617,0.030810614792868927
1.4056390589739953,0.03541275063666949,0.12315123178497997,0.008353855666300543
1.1541257237094489,0.36118027659266216,0.05829591011562116,0.00375556296623668
1.2639184079425563,1.214991516713821,0.10443302161766854,0.00700399113971843
1.987032820373737,0.2653327032468835,0.30469795206964806,0.022002116814118084
1.7882085227825235,1.6731210996133292,0.07528090302783022,0.004936100637189248
0.9780634440966667,1.8869158757670923,0.3001326811304768,0.021649897155863254
0.9619232139999412,0.39440597017658785,0.40462284052478303,0.029795097075062206
0.7868030148869221,0.1804982970511,0.33903414605752163,0.024662560918464645
1.5794877834247298,0.0803287358531064,0.37226297709284495,0.027255014568846807
0.06184008898745463,0.18498966040962395,0.10681885082775518,0.00717517568985699
1.527720085471645,0.7155523396582819,0.10068668735617385,0.006735736000238224
0.7483472516284155,1.5863236459844907,0.14566676989415117,0.009996323372812192
0.4628098061822046,0.5630469145798895,0.4774893037320197,0.0355647755303975
0.1449880931012868,1.779655866759949,0.23610830278974315,0.016751892184236526
0.8818952969055314,1.5537420656601513,0.37551683027458005,0.027509757898548044
1.0487879361296957,1.4350388803510647,0.15121915626077637,0.010404174159389839
1.8692717758152186,1.9142884236582722,0.13523727274106154,0.009233152077295238
0.8568889809348503,0.10946750624479495,0.21591756542965795,0.01522515693555606
0.594093844763222,1.505764693150063,0.07963055101945268,0.0052415792270385725
1.1756581379069986,0.8288840403258797,0.1891411768356958,0.013215763548319402
1.826565617682943,0.49638099657824775,0.2501121774984337,0.017816158755268836
0.10120271516520107,0.10395149633550993,0.25740619234449624,0.018372135239316863
1.1722590761752887,0.6864238561077247,0.27766427857426346,0.019921903184545647
1.5851568438114325,0.587526502690322,0.2730882723122831,0.01957112961906392
1.2814710452314364,1.7570320045572536,0.40967011379721213,0.03019257688703091
1.2347915421919735,1.3736973491908897,0.3629394528259878,0.026525933192832134
0.7470510578167933,0.13144900955033734,0.4202565046242761,0.031027363496151015
1.5684552845453699,1.7313125234755857,0.40821745257130615,0.030078142971780453
1.2454265997585174,0.10273016241473298,0.15241689416304766,0.010492290949630318
0.32667012512829263,1.478049225863052,0.11339964018069923,0.007648703309823279
0.4101198666850141,0.4696653934973498,0.1132445340376712,0.007637520206449324
0.8650252402863849,0.9264158750570632,0.22974591764248226,0.016269785770650927
1.6464163726081054,0.9723863258394689,0.2419143962620759,0.01719262953168268
1.4467292687809294,1.574486086521367,0.07292791892204588,0.0047713516703592335
0.8030856964023245,1.7967819043577131,0.3868961927938486,0.028401835421469637
1.2570944649822835,0.4647975400518687,0.3003407130576623,0.021665939234109654
0.5389377731307592,1.964625080880684,0.35512441346844803,0.025915805918984017
0.800659851938164,1.1536004679880194,0.49946974896693386,0.03731764738829872
1.0588018104266117,1.4749269785590493,0.39322212075311125,0.028898539329632485
0.5636887621224691,0.4033241814964943,0.2117932358409536,0.014914474382746614
0.7672859952410636,0.708504627769295,0.29169366855124235,0.0209997874293659
0.03667976304603493,1.7329973054272174,0.39195119984824156,0.028798703667778168
1.3784533443554794,0.05512889765441864,0.48672749893790185,0.03630082894260126
0.5726623472149628,0.6659177340625606,0.17749739257005304,0.012347929949797592
1.166835037996555,1.6635292978145846,0.3758541182348266,0.027536172822215942
0.10563769241010146,0.4617485165508872,0.4005646212784665,0.029475754480296452
1.9749526824675865,1.0918887594811548,0.1361161673593675,0.009297312211356651
1.0163022657024094,0.13959912369730465,0.06202262217216371,0.004012767659509891
0.2405029730420667,1.9223217214209516,0.14474960374333484,0.009929054988608245
0.197493486084654,0.7205066543744076,0.19213122843462033,0.013439222731134116
0.27539511097291824,1.473876345999966,0.14690878397593393,0.010087463877459004
0.038741759717649815,1.7723827480797305,0.3788607958527608,0.02777171483483664
0.12255583346010734,1.5071612987314214,0.07527471373237941,0.004935666809893787
0.9960883386343271,1.1496768975877873,0.11142107196813121,0.007506128782058573
0.3371040485566188,1.5275734465991995,0.3509714365017581,0.02559195471015335
1.6181209669141996,0.9646484654467966,0.36146969889693314,0.026411118340868768
1.5270806043802032,0.13411522136995968,0.4224849897509659,0.031203276193490993
1.202382224246993,0.4185518707674325,0.13135813581894962,0.008950317483738122
1.1864856069922665,0.047352467383147356,0.3614949969267044,0.02641309431087017
1.513976844052049,0.16438210372237894,0.23589908111287616,0.01673602412866458
0.27735543980811395,0.9697427295653147,0.3295416424224071,0.02392511564285947
1.2959707209777702,0.4572257499505803,0.33868355464379274,0.024635298887167967
0.5223054808904917,1.4129691586722497,0.07115694651355514,0.00464759451218367
1.9646903449613915,1.6875482188232227,0.39609861481870434,0.029124580986189252
1.7117026401250928,0.6055175218206152,0.3136012591900169,0.022690068071379098
1.11682124826483,1.018629802484657,0.1283581201686341,0.008731975169800961
0.6202236942726438,0.8334526275851619,0.08539757480874499,0.005648370971619207
0.9986102182884449,0.04309504687319765,0.05986315601946392,0.003863594643844102
1.1268941870993399,1.854187854644968,0.33649789486423165,0.02446538569667895
1.5682436033929965,1.8850732052457388,0.2053337659125105,0.014428728814416323
0.405279365669291,1.0272188623104943,0.2871622441647421,0.02065123638872311
1.9789696074632703,1.7175309642341716,0.2314285166748744,0.01639719527957362
1.060188517300242,1.8709191713844087,0.12402747937228498,0.008417412039795116
0.9939837395411169,1.5730022014568485,0.28040974659726253,0.020132548876002358
0.968335374421359,1.591351224843437,0.07761356343522613,0.005099777780309949
1.8780637735474024,0.8111920543621582,0.2001053299239302,0.014036325688284388
1.1069037850102994,1.1226420765997844,0.4811335735983965,0.035855016508310224
0.7595770280129361,0.7378906068981661,0.4103194706475972,0.030243739270346993
0.4212290092992006,1.206480009974219,0.14849831234998997,0.010204182932350585
0.11250439188844075,1.2144082380617292,0.28743930269856194,0.020672536526250923
1.237260544193922,1.0147562257596061,0.14298476348608052,0.009799697902187461
0.6701405692036058,1.1785066859454012,0.3009445025979926,0.02171250392296128
1.9524106833510873,0.7411473339821162,0.3660889062027786,0.026772071398576302
0.7528030539259969,1.067152470703564,0.14961203156157016,0.01028601475623949
1.280523036623689,1.7451574519755073,0.1286089685906794,0.008750218641414184
0.11521049446257337,0.050603601784554364,0.46662863243622094,0.034700708500819376
1.0361718981474624,1.949517272352679,0.20980408316335214,0.014764781712793365
1.347354919599603,0.9315891032086507,0.28788586692275164,0.020706871167640625
0.36363178734768775,0.7838418444552295,0.4175369314517591,0.030812772390403784
1.6062330355836971,1.2498809974699328,0.45659244209460004,0.03390346864444798
0.3195963648200961,1.5718449501591514,0.16214331592601255,0.011209597473319045
0.9978621657740903,0.3988429198758656,0.105371544340213,0.007071298800563692
0.5528433747827659,1.0335213798246425,0.15861036732605838,0.010948695618075264
0.6441493724478775,1.7247795692434293,0.27964821020330427,0.02007410576875142
1.3530845611589488,1.9500013438346742,0.2518613979878465,0.017949389988174153
1.3860381882891037,0.4805084180380097,0.4325315340438834,0.03199712330840904
1.9064246515488081,0.5938731502489691,0.10720712914541489,0.007203059998455149
1.6810298863269895,0.4200874657870486,0.3597379825197083,0.026275880736327056
0.04964781180184841,1.5514420715631176,0.4147951613624347,0.030596527417331803
0.5716562557062304,1.1369542681852736,0.09928505117791545,0.006635547823397243
1.5249658975564984,1.2685843252471274,0.07649869485176007,0.00502150716134994
1.6235884775158218,0.5136437117363435,0.4344835769626779,0.032151516358509054
1.839751440521028,1.1494297249565815,0.49839013655503167,0.03723142536065383
1.07855453469313,0.7431175124092007,0.14490020083084765,0.009940098327343145
0.19313057703188607,1.9523407720451278,0.3987902155403531,0.02933619591000938
0.9215233723255902,0.38053625558461057,0.09627030797105288,0.006420387890907154
1.3845514903322884,1.3070234181447027,0.16309641753155854,0.011280049870985572
1.45595227727398,0.8140805670170879,0.3464528233748925,0.025239891350235754
0.15006521556545271,1.6665664951593113,0.18630150543815227,0.013003768410224055
1.3913395149687537,1.267194739713654,0.29995048440696237,0.021635847951811057
0.12191153226698304,0.002067599360888517,0.31036016817864487,0.022439473560601216
1.4536374238440835,1.9134118462759955,0.11051393262721446,0.007440819024245257
0.00021997374517823687,0.7117496584340388,0.4350545023308253,0.03219668165035006
1.4390055304094884,1.2249408579323315,0.28295504991630255,0.02032796415048685
1.3031128241140861,0.4100360579025093,0.4904590615984061,0.03659841575797484
1.2584269415364921,0.8825784981169413,0.15993192532146266,0.011046243814682112
1.510644855378069,1.3439923612472888,0.12692704203255561,0.008627944227208842
0.6743724745931512,1.0096993144444095,0.47215097394904504,0.0351398905289441
1.049032290895637,0.35803368893314413,0.4056009645869822,0.029872099118327736
1.1162825041722657,0.311756802004149,0.395456463690021,0.0290741093929626
0.8049729205867009,0.1459199157480482,0.3328444969285519,0.024181540765055257
0.7107322739532109,0.6075945576971193,0.2804877603147057,0.020138536554916913
0.4658001599678876,0.06448783766805932,0.21346681393406575,0.015040493851711405
1.0583984577026255,1.0313860803450658,0.47852766509145844,0.03564745833657435
1.5497725526284407,1.1409012853820473,0.4846826148848894,0.0361378190291749
1.4848879885553776,0.09631148206547646,0.4740990513570171,0.03529490247407203
1.2355735931109846,1.5772183218620763,0.4182472602690918,0.03086881243800621
0.00016491228016501935,0.14129801141749887,0.264407986468934,0.018906861685328024
1.80071302994652,1.7614479197276671,0.1223632374728253,0.00829672715295157
1.2367057239312933,0.6117842951897705,0.12642061593966522,0.008591149372741351
0.29131202336726725,1.9433868910778744,0.3545048358195552,0.025867474284630175
1.5542338956102448,0.47615872294803396,0.45073245214550534,0.03343852867723735
0.9610377269028392,0.6891947165425094,0.24060822783701796,0.017093414737592388
0.4554039086383457,0.2297254181875612,0.05193590053052499,0.0033192721975681184
0.5662462641961179,0.2852782072858424,0.09074714594237374,0.006027419006852657
1.2092540842979338,0.10145898843203072,0.11378720575680851,0.007676651274789175
0.004257953743062481,1.0774096097704586,0.23057858818740307,0.0163328291054464
0.298401103038487,0.43865455938754816,0.1627724334443017,0.011256098068568489
0.7762458718585672,0.8706388054236718,0.30535814201074774,0.022053082043132662
1.8359281418051567,1.186973686860091,0.23905115190991927,0.016975189911779667
1.7598677533327047,0.4643065707561036,0.396725764065039,0.029173878916090867
1.9543787529960595,0.24740713549637094,0.10667457830030488,0.007164816501308266
1.2982378871700138,1.0309221190655524,0.4983878241031744,0.03723124069311554
1.7711200000529406,0.6836427657394237,0.19516727284744512,0.01366636479333384
1.8109447360480349,1.5364182780437734,0.11372725534230503,0.007672327725844778
1.9613781160374528,1.4747739710699503,0.10909393858244726,0.007338660501954292
1.9919609148085613,1.2215276811263347,0.3466452530069653,0.025254877889346175
0.5603751526610838,0.7841637851363381,0.23201129877819232,0.016441339546404823
0.19060994393987096,0.8368907160928705,0.21804549703323078,0.015385613083565432
1.6526608376423932,0.4299377107868365,0.4538892620120112,0.03368894299733887
0.7268903481404034,0.32915030807542056,0.1794983520326715,0.012496792845409516
1.8974972422949907,1.682783503105118,0.4808054476332545,0.035828877305012954
1.2215807039102415,1.173277476178375,0.20607899397802026,0.014484716036623003
1.4848060385537813,1.652940562212654,0.0876549989042521,0.005808128458402919
0.9150011261253019,0.5728168976884451,0.2553575340381725,0.018215867864466863
1.552959980424856,1.8366655937790326,0.3435810325577007,0.025016302909156813
1.5329884691907936,0.5945598032327621,0.06201609061591041,0.004012315921441718
0.20483623960494723,1.3854957356207807,0.2210520221148552,0.015612503362768895
1.719014652263588,0.7883113603313523,0.3202255090926982,0.023202795721345308
1.2251302709807437,1.083010958805802,0.0988539145105331,0.006604749971278516
1.3491201698770128,0.164784935610639,0.27826916616012465,0.019968300815670328
0.5972063649612929,0.9654127370686869,0.15387951624369753,0.010599959875268267
1.303918160586319,0.5838914218907323,0.49609472583106484,0.037048147830294226
0.48336523888267235,1.7219134508923541,0.30952531582683357,0.0223749536545824
1.466774495051119,0.4942718349744344,0.40149964418280254,0.0295493120283504
0.2485366682961856,0.7120538931547324,0.4971346434175194,0.03713117302548266
0.3254304042520102,1.847702905559218,0.24051552221928318,0.017086374353721845
0.23897153311847297,1.043025649090278,0.29629901045708906,0.021354407101410566
1.999664054685846,1.275056462093822,0.1805967820413389,0.012578560154333831
1.6656714590742139,0.040128891549386925,0.44370541921467593,0.03288154401952203
1.1008528782955829,0.09169520715564561,0.07792183275433691,0.0051214339213342475
0.569444856571715,1.5973922696334217,0.21657596904023774,0.015274792087444937
0.9123642333949895,0.5889607993336257,0.27126969234917914,0.019431838651730832
1.0312009393440484,1.191939749670497,0.15180489159497487,0.010447260329726671
1.0088409279882313,0.2386993849579384,0.16265679445612108,0.01124754979616384
0.4566688415812976,0.075508795959079,0.26383292027934463,0.018862906733600738
0.8460601549072786,1.3240559309882458,0.14336368342527886,0.009827462268305246
1.2430532359258226,1.1574705158941367,0.17263076619888112,0.011986359157456102
1.3132694981565203,1.800364344781224,0.28271789435447164,0.020309751426958088
0.2576173498482828,1.1685649350054368,0.280643317526301,0.020150476165328186
0.0054942885586504175,0.44420585445268457,0.1476093996795314,0.010138899398703953
1.7615718886090392,1.5747297916843928,0.44676495145350686,0.033123977887716254
0.5358049402816731,1.1599816499203626,0.3557681036998699,0.02596602467552927
1.6128877712654743,0.9279395743729433,0.26521704525004025,0.018968712932350813
0.7770446357339622,1.0365347486537884,0.20321396156607563,0.014269549740141326
1.0753159821862501,0.9623329708270738,0.42523554755404014,0.031420488652516725
0.08900075463506152,0.3455265425069183,0.06605155805868926,0.004292031799169807
0.87458472102214,1.2121708498285704,0.22346601253440118,0.015794831771242666
1.3920339242233861,0.6460218994248217,0.1525046693912797,0.010498750399274427
0.07304080592334228,0.6554768666812225,0.22021981914381322,0.015549678934840779
1.5475074089247773,0.9652690145937495,0.40290168147874883,0.02965963139059547
0.7961776147784467,0.6685526412321825,0.3088413216626348,0.02232210147079066
0.9944801042274081,1.9737298006911959,0.15560679521543555,0.010727202075200157
0.5036080919635055,0.9316995446409844,0.07912538570791477,0.005206040782902444
1.471529479752479,0.27648031038642085,0.4893896863078639,0.03651311857632026
1.4548822599775273,1.7206727556342323,0.4240035836790139,0.03132318803385549
0.6908068722378411,0.5113182029213701,0.1308988739159827,0.008916869715490841
0.6914999698417055,1.7355620025123126,0.14509077046236918,0.009954074002241372
0.3999023547395151,0.2412571612439487,0.15579620444137954,0.010741161096456803
0.4635075148060841,1.3896822401502091,0.23605035508162014,0.01674749714353442
0.7243082733986814,0.19762411008153857,0.38950019164907046,0.02860623079760298
1.9907655832069244,1.8388611157812418,0.20629654109946294,0.014501062474105066
0.6400505083164918,0.9886916734029911,0.09381841037225762,0.0062457396922073905
0.7148612302782875,1.0244506879431559,0.2619263624898952,0.01871722712014215
1.3306411731387306,0.024007279567059614,0.4365276837669421,0.032313242329320084
1.0833595082199041,0.7556562246174994,0.27757260677309437,0.01991487214831072
0.15599813930292417,1.7997318209026432,0.4497265180288827,0.033358758214494966
1.6100395772882652,0.9080756628295887,0.44017774794535375,0.032602158528964385
1.4576490200451588,1.572036629271591,0.3879103582697762,0.02848142894287475
1.8375811926506298,0.493313929818173,0.34436306928464894,0.025077177054834966
1.3996731586002502,0.17587693226124457,0.32062785891068246,0.023233961983836465
1.0095958094796944,0.5314373175150255,0.46308869080200954,0.03441937152404619
1.0112522749058437,1.490627643730864,0.38370906673622995,0.028151797928453973
1.145529823123137,0.6455372706919749,0.11753193771766209,0.00794702512516972
1.54572660640236,1.9819645279706866,0.3791661523116399,0.02779564357968195
0.35800382275224196,0.35706198354187046,0.40235645838034734,0.029616727336031122
1.9690480148881122,1.2224870250465236,0.05833171167961212,0.0037580285846525946
0.009383047184592375,0.15261739017461906,0.155859164693126,0.010745801380573001
1.4089136507878584,0.16134379330441773,0.11808328998176479,0.007986884064419171
1.4043288094544308,1.847495280797381,0.2141522229491566,0.015092124467398585
1.0254969162387322,0.8101654782006047,0.3166661920912648,0.02292720688694455
0.8349422672763482,0.09067664811391274,0.34690165630571584,0.025274847629280315
1.3056654356376896,1.229465981413722,0.2220164486716265,0.01568532998971484
1.063271350764226,1.2664718606280512,0.35428904594524263,0.025850642447996876
0.595762112440581,1.3892128924262765,0.21137486187239746,0.014882981776009066
0.1693183499032349,0.8589568448457234,0.15397641336260087,0.010607095325989616
0.2926154610323122,1.547756363476898,0.22076855147960778,0.01559110184308173
1.5502964123073897,0.2152417062004759,0.2141688041454889,0.015093373640196302
0.9352952704562176,0.8466154658711225,0.47360767011651117,0.035255798252696424
1.8234425881853564,0.9799745983148931,0.38980723130328315,0.0286303374521326
1.975159058479199,0.3100748395909658,0.24775986841452974,0.01763709405728342
1.4173996093199377,1.089970811554562,0.1503589288422425,0.010340917479110852
0.9630621044848537,0.03972729231579275,0.47966526747639093,0.03573805773420931
0.9082750986411123,0.7828845730935781,0.3901347915658719,0.028656056689007028
0.5390760471938656,1.5808724866475912,0.2088375362407689,0.014692080005162499
1.6610793922025369,1.3733412765043682,0.1690112170677434,0.011717895849172379
1.6066747381856608,1.9223246971609662,0.26757798242675246,0.019149277095434403
0.3636882862432034,0.20224137664265185,0.4653307076176566,0.034597538724969096
0.9168943739467732,1.0596062284981342,0.0707245962301907,0.00461741354449109
0.728201118392803,1.9720788464027625,0.34248655018023544,0.02493112388782766
1.193221814071459,0.3466270439714265,0.26322243530337075,0.018816251794965388
0.2474962834595622,0.291481315345804,0.48187187509322005,0.035913835651890005
0.2600796285496889,1.0835763401357348,0.3439780429260523,0.025047205209357243
0.894422948748649,0.15926332158040113,0.12136607022362138,0.008224470285139895
0.43071887020638044,1.2598744710582002,0.38280279387799687,0.028080724815411958
1.5492645974930803,0.8441885567302907,0.20977362022611284,0.01476248999888837
1.3194677878219363,0.7828261882476168,0.48235538921697313,0.03595235971724785
1.1993491470764495,0.7308522629026268,0.31453179346737375,0.02276204817994923
1.2050909489446022,1.7937478113258847,0.07779482740931065,0.0051125109872549234
1.7155872722141627,1.0242404372486102,0.29990919577493524,0.021632664263889084
0.5912926296512024,1.2353051361303478,0.35444731748388913,0.02586298772496942
0.39547689105574957,0.8314332608441093,0.10349168919556723,0.00693652388921278
0.5837691970576591,0.45961476562599946,0.44977135788358685,0.03336231374799501
0.6265622100710719,0.3407158948084352,0.11036879250782403,0.0074303730439256145
1.048449009774805,1.600960554513977,0.11369715612672718,0.007670157067339199
0.36623339188084136,1.3438394519327452,0.33824552009736414,0.02460124000356366
0.3071681090665539,1.324599150876392,0.4978143553274363,0.037185446509629475
1.506930662154741,0.8672939496557317,0.3108875006047555,0.02248023357339354
1.195098840954093,1.6518765733777134,0.36231799324941977,0.026477381831527178
1.4485020032960112,1.751184182368467,0.23773140347954547,0.016875026342598465
0.4054706577954623,0.6526967967454687,0.2632695464683682,0.018819851893966538
1.656919648752283,1.4043804831920548,0.23826880793043664,0.01691580854864985
1.2232645520899461,1.0652947825014192,0.24040061958745923,0.0170776485120241
1.8600402362538846,1.3510118563277196,0.2596524234478993,0.01854357168813792
0.06124829753669947,1.3997007739968674,0.34587132823303945,0.02519460763922723
1.7644148742299648,0.7417127494361808,0.3988849694952945,0.029343647310637388
0.5603573910694559,1.3080354190975454,0.2643763455359479,0.018904443051787147
0.1647241224908187,0.7171171976206738,0.4260241282848052,0.03148278104444518
1.4597933230877491,0.9546143047651263,0.27500206286224993,0.019717782201658884
1.723093388483339,0.4064103193128925,0.37281756632022095,0.027298422393050584
0.9590814680945816,0.3609995772797949,0.16662400405452077,0.011541051834366064
1.2553322319355835,1.8346524968028737,0.32781639357057735,0.023791242142225087
1.3941347126111794,1.4591396358363786,0.4243564731061483,0.03135105728177682
0.005800618717753947,0.37080227292478707,0.22020095382681293,0.015548254949385304
0.9705573390820736,1.4727358050904507,0.11583719515076606,0.007824588018983544
0.2363267413110648,0.45896960332225567,0.10178813493900238,0.006814534484899333
0.3188549619321728,1.7238090598409943,0.13945688937912226,0.00954144750082677
1.4641736527080114,1.4235603239273904,0.3619214798489405,0.026446407331321944
0.1765468577474214,1.8931018936619108,0.08300175880563915,0.005479138158313494
0.2823871850634454,0.3311183650873193,0.45018851041643226,0.033395392632001426
1.1524985437117667,1.7571006247236185,0.39914655914647423,0.029364219215637956
1.4166941959897772,1.982720068186765,0.3359504539354767,0.02442283954388618
0.6812332084450439,0.2932627849649698,0.17943610106000663,0.012492159904564025
1.6148425318966457,1.2509967334180392,0.3407954596277914,0.024799550274297606
1.1339890915866033,0.928786183888737,0.2305713021192209,0.0163322773928432
1.4116915934773533,1.0233358007012523,0.4106492710410628,0.03026972615830754
0.9412177326556677,0.5684774774916665,0.36303722108192654,0.02653357183384555
0.5590528543644364,1.8585608231886135,0.49611939379263387,0.03705011713810934
1.5977478207616973,0.5184391705100486,0.16603623324083538,0.011497536669577625
0.44403699069215286,0.6683889950003705,0.30515010579226415,0.022037021277867146
1.4722277547100855,1.51884106242562,0.4022394423023075,0.029607519767167703
1.76300267010233,1.671521400939178,0.06258414204920545,0.004051615956033825
1.477346523588974,1.2174716623194508,0.4613954475184574,0.03428485334569149
1.2233465508605919,1.8979721607843087,0.3140913417787812,0.02272797585410928
1.6284542270914288,0.28567681012849966,0.4501188215651683,0.033389866378049735
0.8991339374921774,1.702184874378916,0.2976671772076739,0.021459831986073253
1.3229089710805604,0.019376589218431883,0.4809079862940677,0.03583704561783534
1.9368964754836222,0.42707864510294824,0.4213034420596613,0.031109998901043243
0.22327039936962523,1.8491516873152263,0.3402428669072399,0.02475656610262385
1.3631569008621294,1.829910426776852,0.31560103804238526,0.022844776161061908
0.590110977659956,1.860997325913195,0.3571114116929528,0.02607084566723062
1.2147249943748863,0.6362478955230098,0.41428358542075994,0.030556190027899565
1.8562882408528483,0.917563806242967,0.43909074688981403,0.03251610099211738
1.1891779248536887,0.06939782067146583,0.37774308411264834,0.027684138593503313
0.209495225479996,0.5710135790000979,0.3258494807935879,0.02363867564376419
1.8533536144184912,0.642916803254379,0.16254862644287055,0.011239554173184698
0.01915561103645924,1.5441582232536888,0.27924220346854106,0.02004295180263781
0.43231903841609576,0.19312682545481397,0.30117482065267237,0.021730267918214686
1.8669292784939255,0.03246264467579518,0.277062437721902,0.01987574617288846
0.784675900672914,1.4640952490872141,0.08708265557992986,0.005767596666070175
0.9500976953605496,1.570392823595857,0.1360392564832042,0.00929169650100616
1.4973412750798225,1.6420704989675479,0.4912537977178767,0.03666181505551217
1.750897074355136,1.688916974488918,0.10981443906254634,0.007390484020620435
0.8554004858429272,1.6904556522908039,0.18701082455079981,0.013056701738857285
1.2169523422717639,1.763639060107593,0.1294092178754463,0.008808434819485204
0.972392282227462,1.949704425437425,0.07456649458444797,0.004886041790850235
1.9023512115109023,0.08041508641208983,0.33157127269741926,0.02408267002113679
0.04280366101961919,1.8230590829586546,0.4488106996941682,0.033286144628237174
1.3955925416317234,1.8517698456281473,0.412477711315757,0.030413825678970788
1.4019925530187831,0.7209108365498786,0.23134872770744236,0.016391152064081822
0.282280940692075,0.6840416878290592,0.1607949673403904,0.011109977615164648
0.9964110701974838,0.604899764229365,0.23314863129107505,0.01652751162196357
1.8697621448353052,0.9663106919524305,0.17760720669618435,0.012356096664092046
1.0885152660832484,1.1328383788827288,0.07131481321155839,0.00465861783115415
1.2382257530943293,1.6702665394193974,0.4030295669508291,0.029669695383941413
0.1075537164521867,1.9742194921789966,0.28002574004629127,0.020103077428441116
0.03374620589171107,1.3524345850487323,0.46334240258495146,0.03443953035350727
1.3800864639157484,0.009658188391416411,0.2937664816240346,0.02115935034579689
0.25926213414497035,1.195799914548981,0.4058220402990522,0.029889504905360346
0.8493780005991896,1.012233853372956,0.21677187343008564,0.015289562766557945
0.10098012228505837,1.543848315815802,0.18341885724748525,0.012788792799705295
0.2130054147713285,1.1129220650477814,0.4620121455399843,0.034333842424037184
1.5260986823130123,1.099125344455972,0.4173014235234707,0.030794193889612173
0.5745774259454761,0.4757912901094856,0.06927243352318166,0.004516136377066244
1.2791900245310894,0.42494460095262165,0.20220827547131742,0.01419407135372707
1.5985813909776638,1.7951105487802117,0.24855730781365415,0.01769778440665284
0.2555934602973109,1.345884671033065,0.3399960631951268,0.02473736969790236
0.3590356891887967,0.556558997534006,0.1564312092773233,0.010787968018459472
1.1045672082845446,1.5883560189305173,0.18919821508953433,0.013220023989930104
1.418284608485366,1.244342001285089,0.3348207879388619,0.024335059003969078
1.5966505003433056,1.9283595413934167,0.3096066213365859,0.022381236662205654
0.33680827414922754,1.6796308712509262,0.4768811240096597,0.03551635305649741
0.612486319381851,1.7222356383601294,0.3072871754435069,0.022202042743693997
0.756617824077719,1.7897220996345151,0.22827616170076565,0.01615854578922218
1.3086173679383957,0.2179191164528742,0.3454625865296333,0.025162780179313858
1.7133655538086017,0.024740742938934357,0.10780803251415279,0.007246227760866327
0.24848801731273307,1.9345077475030745,0.29683731636553873,0.02139588257687555
1.0984901415713175,1.3368693755272973,0.20013804247751882,0.01403877864215893
1.595430495758835,1.6533116202332876,0.11734301311226676,0.007933370152927057
1.8612923963585253,1.581918048421744,0.30354708838509104,0.021913290864383657
0.39736086113024593,1.4498323222307559,0.4667105583792901,0.0347072213158406
0.028546452204756934,1.449177959492694,0.40929293494549573,0.03016286179096406
0.4551985832688483,0.5981192712398042,0.06751605377313939,0.004393838296251525
1.9478750965370983,1.1025105083094073,0.4249238998997799,0.031395872852399274
0.22173562723348939,1.0755256141286467,0.30323085502972924,0.021888887410444594
0.004237971704995402,0.4711310072197099,0.07451192022278569,0.004882219102867385
1.6697600330500546,0.7588537955168408,0.4363627259820052,0.03230018923111837
1.000085377533546,1.068488100062333,0.15329900678099606,0.010557217975281403
0.7516252070110669,1.7170527395871307,0.4152126219435464,0.030629446423095206
0.6683127790948753,1.4117301838073706,0.10911233158849024,0.007339983164697551
0.6507363143865428,1.9148809648447445,0.44554631859333893,0.033027401029191605
1.9525177010983017,0.015604022915033822,0.1052165026341933,0.007060176873801615
0.33053062973392167,1.6972441522393917,0.21949168135342623,0.01549472399875345
0.8869349600260876,0.8002257405089193,0.12387133620669762,0.008406084320367229
0.19940422615032416,1.0797914584130206,0.20634536172115187,0.014504731007133419
0.8594781572770909,1.2014047899467328,0.30649698016882815,0.022141015736767786
1.7073051587833354,1.321429454005298,0.18132013202612834,0.012632425200853883
1.918715803589586,0.02151620013004152,0.45661970407469316,0.03390563261531972
0.8009908079625878,1.75168137567988,0.19991686264090142,0.014022193990568737
0.35705733910643045,0.8958691348647903,0.0913117243784709,0.0060675143031609915
0.9516595306075606,1.7793987574957122,0.15230486354738304,0.010484046899394648
0.6598701865991776,0.033112738279206244,0.3248975071901609,0.023564857196751644
1.121682328268997,0.5060840350047753,0.3903607736832911,0.028673801125087266
0.35997491972672035,1.566392321937659,0.2906476029455402,0.020919292091305233
0.17276142906287895,1.0189919728472985,0.44664456448010836,0.03311443638992468
0.1642318175510249,1.2605550837010784,0.39791141983745626,0.02926709370728212
0.2405558163916015,0.0022538266092564374,0.2663402981894381,0.019054605397996405
0.3923381248998916,1.5966498327263425,0.3821990295662721,0.028033381930974384
1.8207376759225886,0.12201018403777097,0.17246415166864798,0.011973992703033705
1.2209925263878325,1.3150655184476736,0.19740154689330602,0.013833678318207164
1.1664232794181182,0.46481299577798363,0.20840952297701398,0.014659893121684801
1.6457423343986668,1.9406641231384179,0.062197078655149965,0.004024834701257299
0.9695802804387459,1.7301308515730185,0.3751389637724953,0.027480166984626055
0.5632677475340202,1.5346482666758985,0.18803474192677044,0.013133136558532587
0.3295216098409668,0.4543061706844067,0.23034428054660727,0.01631508756326534
0.5155913961513241,0.09866608196859716,0.2673578320913756,0.019132435364115644
0.6112245141721149,0.5425545892332548,0.46411839384428455,0.03450119195332249
1.12383812283414,1.5006587903042177,0.3767900373681766,0.027609478493640996
1.6711352706259162,1.6956848288311306,0.2161256905122364,0.015240845758774697
1.534095524061722,1.9535065000519676,0.3024934644270495,0.02183199044085095
0.1568381675729651,0.824146675909128,0.12228681875015676,0.008291188247277871
1.294054871000018,1.4407174272141017,0.2190970575097077,0.015464945702040997
0.3486422526380102,1.9540878731143492,0.28676742407247857,0.020620885245053015
1.1224804742073553,1.4278681732264924,0.3596316022818127,0.026267574482115908
1.9713470580315342,1.8280493636994841,0.29577767430600144,0.021314244069958417
0.5704364024588917,0.5842953162470785,0.4677480938773777,0.03478970844205692
1.895946591928715,1.2696156679004638,0.49017492124461587,0.03657575045839619
1.228592103716942,1.9786917375869912,0.49975747357567557,0.03734062836116462
1.3082227017435215,1.9413465576490936,0.45024889121381545,0.03340018081461879
1.4742292020952512,1.0805229934730882,0.460950139920198,0.03424948193861479
1.8437524969188348,0.21896392469504677,0.1590364239575972,0.01098013804484702
0.7416069935671685,1.6156347878856498,0.3463662135214912,0.025233146308536444
0.048355232550106875,0.6797420578568678,0.24165455065067154,0.017172889057376333
0.332425231742129,0.6421555613758583,0.10849960735565976,0.007295929737979789
0.12879174257047854,1.453833500144165,0.18289487539206056,0.012749741393403747
0.36082932267193013,1.3654935203677063,0.4647481390547804,0.03455123782041702
1.870487454462302,0.7429699730208008,0.32838107526518545,0.023835054200671252
1.945586751768473,0.9433310515688877,0.34646029044681925,0.025240472879720165
1.2224384068471543,1.0704402690510553,0.42276384712202736,0.031225293218351033
1.236988343979402,0.9154983072977458,0.3251419096746067,0.023583807362936103
0.8235933573438272,0.1327294373753427,0.15326840391626567,0.01055496504919324
0.8086509371623938,0.17228158958064554,0.28687306296573484,0.020629005778449797
1.4097227178578733,1.591862028812786,0.44909475348264033,0.033308665648737024
0.07973819233462409,0.960276703114884,0.21749982444056415,0.01534445643488385
1.9391400156475724,0.7119644412195241,0.3404914694183819,0.024775903389370534
0.3269887064398507,1.729245094696274,0.3924885075698268,0.028840908507791446
0.35849949340973386,0.21352842100331038,0.13134631856488865,0.008949456738964965
1.7640619843718597,1.134916037771735,0.3787058684722789,0.02775957472027127
0.23103500145757128,1.8565647966891512,0.40927330864755895,0.0301613156336823
0.38636008057015037,1.2916625364820142,0.08013748218324473,0.005277257540305617
0.8193265579656008,1.4905466260092866,0.49697863343587384,0.03711871669765959
0.41624613323084225,0.1025529153970206,0.12234647897898486,0.008295512460070441
0.25999057050602636,0.7621763293662316,0.3136464006937159,0.02269355958615677
1.852007932378861,0.8287681112906435,0.25498834249320623,0.018187715882827825
1.1383482377145633,0.40476527024035525,0.28279199350106704,0.0203154418708897
0.9317478137788759,0.9576103379772916,0.39520948546649287,0.029054698981130285
0.12494992184279141,1.7399175894714412,0.37682102752522256,0.027611906006319752
0.12849845732133836,0.44663229005892835,0.176101591517891,0.012244156733577741
0.02976243871783013,0.5597812066604235,0.39707808356990093,0.02920157583536658
1.019961345137557,0.22693452742626752,0.0697088005412046,0.00454655436026736
1.6688574439346708,0.6936615072887022,0.4045749404811593,0.029791326511637232
0.14953441536283396,0.39930152094649674,0.3940903649902422,0.028966756016798646
0.4523918414612851,1.9580649893502005,0.4718410335101096,0.03511523208736603
1.3079649649733112,1.0825361353121405,0.179372796381157,0.0124874486568551
1.413637798509187,1.5630912240396713,0.4980086405740047,0.037200960694400924
1.8885143024934385,1.9338794948110773,0.1052353060286651,0.007061525676292177
0.8870112472384857,0.6678457605593746,0.36892915960814027,0.02699417016742937
1.2147676651007868,1.8065647029551763,0.25703755710811066,0.018344010161926355
0.6106127900906368,0.052403245084894134,0.39268203087594816,0.0288561104948565
0.7559536123948591,1.8267063887790045,0.2509069747581948,0.01787668738836603
0.01076649535287677,1.358588325537512,0.4849474273696242,0.03615892614254064
0.2176207383350326,1.2920063889329167,0.15549490929141874,0.010718956892456584
0.7596967225012103,1.8916497130296164,0.43327981282127576,0.032056301296864737
0.04680447920261166,0.9199029139240185,0.1848398144027621,0.012894732816695375
0.42104585265766925,0.11720152294422492,0.24899506790284887,0.017731106525308567
1.8620958128788876,0.4156593061786771,0.3234957847285138,0.02345619125784903
1.711734013475466,1.4626265246781756,0.4546344791424649,0.03374807500142145
1.193860370870598,1.108239633507766,0.4510956865403704,0.0334673361443007
0.13042758398247067,0.8323486854885482,0.10651815953686614,0.007153586269772787
0.8124054997378998,1.682860062728144,0.28948439267878595,0.020829805878815902
0.21341042575745672,1.207472010743216,0.29788238305781933,0.021476417845358236
1.8701835185310414,1.7906356392787974,0.09350197633593986,0.0062232229210359225
1.744227134589674,0.38635671280414097,0.31882346897176217,0.023094213969643132
0.33500461384142355,1.0878601999813238,0.3954956993156564,0.029077193060263424
0.11630698475811574,0.4817858911883912,0.297871769645708,0.021475599853040934
0.5346486520392704,0.745427739152899,0.3568952921360077,0.026053979589616846
0.2652611827038618,1.9249202082475698,0.40564574305394696,0.029875624574684966
0.6698018951053304,1.103913945961138,0.18572524848591127,0.012960775152594103
1.1787764498020519,0.15606501261264194,0.11129575076208453,0.007497104054685484
1.19187242469492,0.6337520279940547,0.39801640396901244,0.02927534835441263
1.1486497636852717,1.1604183878911303,0.22877962709242777,0.016196645533518232
1.317217908771586,1.0267747539399752,0.16873563697642158,0.011697472112347965
0.17933336350035156,0.5349064834331818,0.4806419237486242,0.035815851108534656
0.6169442782102648,1.6290153988520828,0.3942844213566112,0.028982004162087033
0.6467597310684692,0.03152388374328319,0.10497691559269776,0.00704299230631747
0.3387823806298307,0.0014876173795297376,0.05759922453337751,0.003707603789160179
0.4985761343889201,1.820381605539906,0.055651446333547475,0.0035737343303380276
0.39942904402876445,0.8622542056712397,0.35012751252261004,0.025526177316433692
1.4968613100223087,0.16738947660984915,0.45836077834357736,0.034043852098596394
0.8646670297702976,0.3959995614271765,0.3390245382916181,0.024661813791477874
0.16529271592936512,0.686511474355272,0.23047589265519652,0.016325052948396285
0.3762161893533267,0.5597740053389326,0.3379490630728509,0.0245781910475383
1.1786072667626164,0.35543714357857614,0.08940297660841542,0.005932028078046186
1.6383464050740468,0.05384172653239805,0.4111026294215129,0.030305451247742587
1.6591794248837064,0.2714958755377077,0.2668617812857695,0.019094490465927812
0.9698082017778558,1.4333764078427078,0.4323012766103932,0.03197891470878657
0.40246416686170106,1.8447941208739183,0.3902679600038959,0.028666513177665404
1.4666072213167345,0.1500607229469133,0.24066318406365234,0.017097588391072602
1.7045183101120291,1.8352793735458033,0.4950711401938786,0.03696643827552804
1.7340742945629477,0.3219909294480705,0.39878847140493995,0.029336058753272925
0.7525805051403964,1.6817469517221264,0.31008488343425156,0.02241819740090233
0.2951447759785668,1.2993624825556507,0.35428302328099914,0.025850172684010964
0.1372842418675877,1.0379256862900508,0.41600144363814695,0.03069165547743101
0.9804739076244087,1.6035581437373339,0.1498236823076667,0.010301570805799748
1.1154416382217283,0.5388806015117218,0.1517426614795354,0.010442682192358372
0.010651021336394173,1.1002432754168339,0.33646802687032995,0.024463064285110213
0.6504909264126599,1.061591052608881,0.41734130624384036,0.030797340064674605
1.8006407275765677,0.02606155419981171,0.20912625923810046,0.014713794739059944
0.4579658793986643,0.33073590262472674,0.10078965007642235,0.006743099529796518
1.1761420719353362,0.446160742464526,0.4554302111660109,0.03381122267965069
0.13980297301731825,0.04139778457277821,0.21410666954809643,0.01508869265833724
0.3785398291722353,1.5009792490472722,0.28417592227456423,0.020421739557999842
0.4233463860379263,1.3949779222419936,0.26580366976197484,0.019013567581046668
1.0443303876807992,0.07021885809184147,0.24924046489944957,0.017749787812823506
0.9633603355449194,1.7378748702905888,0.382992867134951,0.028095630069193366
1.5738951808365995,1.9532942935799098,0.26546514318549597,0.01898768223209078
1.99160557512226,0.8032685198333964,0.10909353760427073,0.007338631667312377
0.5532415241474693,0.09680471719848582,0.28721941625872743,0.020655631637951196
0.1187788545339521,0.788659222074527,0.2843371428215163,0.0204341250153825
1.176763257168498,1.1192408792884165,0.2005311991418457,0.014068261694262296
1.1118739903439476,1.9535350898148818,0.42342036017957957,0.031277131788396
1.7366831431612846,1.0770669342042094,0.36248006636348507,0.026490043196255583
0.5478036635119423,0.7301790545981017,0.08977440209063298,0.0059583769959088715
0.32842923032246096,1.911737140785069,0.4158238204152182,0.030677646819535786
0.4743289114208735,0.5480178187882012,0.08665822698424105,0.005737551651642134
1.9517728689798874,1.9410429854315463,0.12933603924150205,0.008803110218580979
0.14668148903027656,0.4456449159240554,0.46603453901978453,0.03465348259253521
1.5607840991448472,1.0646338720656412,0.4472153690548728,0.033159678161760596
0.3386897230306303,0.21584955872625722,0.11423989015191141,0.007709303376404261
0.9597171193021194,1.8781143203428272,0.061215251443286774,0.003956952943613555
0.8314520611661942,0.8959909687559424,0.06850020852763301,0.00446233907166187
1.556048962718243,0.17135321061204323,0.38683474981330807,0.02839701372851835
1.4935748179680377,0.738078315249181,0.2434460234460521,0.017309016948317494
0.7337869058906419,0.8513492104276108,0.4737945953388569,0.03527067347103623
0.01723749525856144,1.9610596027363574,0.1451164175226194,0.009955954959918946
0.32603309922954504,1.5137386364249534,0.24769023228745962,0.017631794932187392
1.6085221272718953,1.3098941910102713,0.24986494753391936,0.017797333397735177
1.989416854633436,1.975626444378248,0.352771069369378,0.02573225869485115
0.06308861102876673,1.1237866832551002,0.3398330318732016,0.02472468964105051
1.3695375620495025,1.559497085888254,0.26760337234711284,0.019151219512452106
1.3035620062133244,1.1758179020239026,0.35064841537170127,0.0255667764029269
1.0230291008173729,1.3374346176433745,0.41137347294930343,0.030326795283349205
0.09474511427593835,0.5671371481648426,0.49171002752163206,0.03669821354072042
1.1415093235036826,0.1427394898225267,0.15145900200881499,0.010421815609626316
0.45609721303982576,1.2899273307306915,0.10251546582711979,0.0068666006494302175
0.9835743949575939,0.9257531881492769,0.2921428553757229,0.021034358726253338
1.9143323561677708,1.9787759625034147,0.3805798951826772,0.027906446473594342
0.044625818789982175,0.28981240954406373,0.2356251468416633,0.016715249526638942
0.4874575682514317,1.195853876008172,0.4929209001487312,0.03679482950499681
1.1148108540425838,0.583304524197898,0.33131073008842893,0.024062441113792812
0.7166566694302348,1.0251525305967943,0.393278070624314,0.028902934916619237
1.2517588293082684,1.9890235803228495,0.13308763930696427,0.009076348384269687
0.2875343224231872,1.5943175639557223,0.23168840068954571,0.016416879888388
1.5383308412504135,0.00789178347124797,0.3954359471187163,0.029072496931093015
0.9763128302344313,1.6001040332358067,0.4155710615850326,0.030657713133593046
0.5456933473902537,1.5850174582468595,0.426124299868057,0.03149069447250256
1.1215968522803228,0.5611719472461538,0.4921318440087425,0.03673186856932103
1.4131055180113654,1.025778513777023,0.3240035328670806,0.023495549746942564
1.0515673613511856,1.5065577520376598,0.46166163486611683,0.0343059981050756
0.567288526140608,1.1772201888149687,0.2712066558279915,0.019427011631914477
1.7222306185979543,0.6460817453742949,0.4619008867878962,0.034325003949843017
1.4578445004579073,0.7353674001697244,0.3685792953032124,0.026966805503033132
0.9706754913696611,1.4177404353215792,0.36159314345691823,0.026420760397353537
1.1500620822808842,1.54655867084728,0.36919697751643743,0.027015118776481065
1.7091095154174814,0.926086577881845,0.22557034278074922,0.015953882545509522
0.8505936662195688,0.21583579702051647,0.09613296777435368,0.006410596984682909
0.48959469833388325,1.1741212087069104,0.1029936708457448,0.006900846978160802
0.8413581199201332,0.8608169100985594,0.0879644455553828,0.005830050240189699
1.937128311094045,0.9901532355639706,0.13906550825745456,0.009512824854686925
0.8002246890456206,1.9997711057939718,0.11670369021251753,0.007887172844968742
0.6070697395168207,1.146797134835741,0.3680104994069318,0.02692232091292847
0.2252314379880691,1.4233454260505427,0.16665135431522737,0.011543076948290966
0.5814351760231538,0.2882313567316406,0.09736546004748631,0.006498495052489355
0.3694470264277152,1.1234086756704444,0.18318227147542454,0.012771159541711872
0.7689334082017236,0.3097335036112896,0.18664844797176205,0.013029657453324744
1.935475976867346,1.9018414783576565,0.36281475159164395,0.026516190482278264
1.5248350444388872,1.1951052206314379,0.405098731651548,0.029832559625271832
0.32330915790389203,0.9770665127503433,0.09691621610204416,0.0064664472265351545
0.5681104928503395,0.32678233823123426,0.23620057768389696,0.01675889092207172
1.7381086161269563,1.2452907939683981,0.08845773827774189,0.005865007019337249
0.6725924376749233,0.173392308229261,0.14670679255319657,0.01007263786872192
1.2294402315093946,1.8676339672311884,0.14040169853706003,0.009610566489599775
0.35792943481247774,1.691509858229156,0.13611853401417745,0.00929748501806072
1.7534064822898554,0.42088579978630114,0.1665050883271051,0.01153224714311522
1.7307204489350863,0.7653983294880302,0.48850546263970535,0.03644259945889158
0.2497367388111611,1.4700700835065272,0.38663451698112455,0.028381300970232944
0.805894069471647,0.125379883180317,0.15180317029160995,0.010447133695353834
1.638386732429094,0.9480673230944494,0.44164899645363187,0.03271866016825978
1.1146728106821868,0.8396636858295008,0.43570770170152007,0.03224836056615188
1.6514911218542512,0.19461725139827712,0.37539256568649093,0.027500026449949803
0.5943633895936167,0.4122007214287622,0.2813077036890536,0.020201475479375317
0.470619955152185,0.3273283640927833,0.31313425051233673,0.022653948853871928
1.918778007316428,1.84308265296376,0.3059965779000272,0.022102375138611397
1.966813063517681,1.8205582617052114,0.2918309327741931,0.021010351468632813
1.811557625149901,1.9277467179143501,0.16463912875159098,0.011394145820862879
1.5684373150969166,0.40876675888123293,0.1854609527890757,0.012941059711680029
0.9890696641808157,1.2963723694832583,0.3556099026342297,0.025953681727433325
0.8856841066670316,1.8319228285560771,0.22519118892422807,0.015925217517185702
1.6965020010788974,1.1657154993439394,0.300069104898503,0.021644994720621816
1.2032041461167577,1.201623459624005,0.11338446274151194,0.00764760897469638
1.9438479612360586,0.16859767162936068,0.4879923576265048,0.03640168204819619
0.7408928605538894,0.6353168740359987,0.24528297022586992,0.017448672040559193
0.19383094781903387,1.4577645485603286,0.44841895029414364,0.033255086644578116
0.9880118433319987,0.2964202944329095,0.28055088691112456,0.020143381707343266
0.7276724431278347,1.9323744994374699,0.19295449572335904,0.013500791273075864
1.003205142923791,1.7211183730689599,0.14675311128803853,0.010076037502393073
1.277813113838897,1.7395308113736208,0.05316011134986585,0.003402978778116462
1.25660794414381,0.6397173531182407,0.2718123475970983,0.019473395661131772
0.7200909070085122,0.1905461320174322,0.1248020565477109,0.008473619822297645
1.3074063149318889,0.8500263652616924,0.2803139374347033,0.020125195525175662
0.5417040688848533,1.4784423023108488,0.3435652979975171,0.025015078220844204
0.7923919244635329,1.0057875781562602,0.17445471163588694,0.012121789630976992
0.9166907300811478,0.9241196730973666,0.1651195183775201,0.011429689609366049
0.13164166777055275,0.7954971525709085,0.11729251488396701,0.007929720530976842
1.9823348126554727,1.8155038312846647,0.12429382190584419,0.008436736663858033
0.79651936546196,0.8355262322724262,0.23074420994011252,0.016345370570820472
1.4106029834883287,0.9322231583033325,0.06986578532997854,0.004557500570212499
1.3470043928920954,1.830988307115645,0.49387085403861286,0.036870638135286106
1.9709683988937736,1.2864100242520486,0.1539134928075842,0.010602461855522898
0.17454672307948416,1.976800141604613,0.44109791697160894,0.03267501948851876
0.11104181234397226,0.3934998889501915,0.453563065112679,0.03366306180740886
1.0346275104093439,1.3976859902043175,0.40466817348923195,0.029798665593242648
0.13876485717969955,0.7058086041119516,0.44988288710937674,0.03337115745762053
0.02907033873349718,1.7866392838246525,0.23296585796569091,0.01651366150723852
1.4727350335838354,0.6735578552925403,0.2642218795941299,0.018892635958947263
1.3590057460946903,0.16774187901644244,0.10778142065203275,0.0072443156629366885
0.27360056310559555,1.4963298624923664,0.07817750245960536,0.005139399387861416
1.3642167902888063,1.7371706864387022,0.15838499080422808,0.010932065478714179
1.5644253331002356,1.856951356587564,0.28077096104376353,0.020160273634147928
0.9619014280567253,0.10762023721204472,0.17644572559009225,0.012269736715850271
0.4220566036895752,0.891233929450767,0.47518310941092345,0.035381181926412326
1.7653969439035697,0.8809439217776958,0.42406214526618563,0.03132781279218814
0.175054877051396,1.3223131202523641,0.35612078439871236,0.025993542411715892
1.4107194327437984,0.025493344056890965,0.4760845481052788,0.03545293717097616
1.2949093763889234,1.1093297053811966,0.23656871737659668,0.016786814946560022
0.24556791561245328,0.875971954745699,0.4499601164366175,0.03337728144554103
0.6018383395174283,1.0480295119809904,0.22908219545615716,0.016219545178998502
1.4248572107080824,1.6618948490971908,0.393829471499666,0.028946256903695275
0.9916071923300189,0.9563464201948368,0.07974545115324404,0.005249664641417455
1.9120935066550333,0.1480417466004027,0.24284304297169418,0.01726319078154968
0.21968913467598106,1.7081130947035381,0.19044585337513303,0.013313237786745893
0.22054415849412368,1.0702439960774548,0.11842370856820783,0.00801150038043373
1.8754491602135404,0.09747734212850889,0.47426020807337826,0.03530772796823892
0.7692970594344839,0.5773562140547155,0.0828297616014633,0.005467001671744586
0.08063262787103653,0.12758351593996475,0.30727239304035,0.022200900994993708
1.9549281630889137,1.0708806082661144,0.1589365896643952,0.010972769881526828
1.2995386716408286,1.8228235310072889,0.1444271362211536,0.009905410996003646
1.3549860494086923,1.4208643782447812,0.34937843604977215,0.0254678017204653
0.010631061412622378,0.5889187510317633,0.08257783733585544,0.005449228502133613
1.0573361483549095,0.5098759928455663,0.3668149463774846,0.0268288341527752
1.9954547325550827,0.9724537803330309,0.3208236030956867,0.02324912542391625
1.0863675615271904,0.3708483201293429,0.34117273436148526,0.024828899862526562
0.6668340227402405,0.13476086917450947,0.10489616431895882,0.0070372009676299896
0.6223825320691119,1.5540230823034018,0.36211089139252095,0.02646120333096962
0.8183512536650477,0.9547824977972468,0.24873301652573943,0.017711158795753128
0.7500562688192172,0.25501110122738524,0.24297537006586295,0.017273246892302894
1.63338883310332,1.0454085675124118,0.26224135863919057,0.018741290867555452
1.9169218215533868,0.6352135792624669,0.1403724190017599,0.009608424016459541
1.7257487260581392,0.9780152582434081,0.43363209482499043,0.03208416413155809
0.37997665180942475,1.6654750274693706,0.4317909664404235,0.031938562116666375
1.117173651687126,0.8023455804348838,0.20355187081149384,0.014294916173513968
0.26251499840409487,1.6324897583044964,0.4123591602702294,0.030404481323452533
0.6891214963658692,1.2294676964010827,0.4807640249407253,0.035825577573839855
1.280834689308544,1.4505932837016773,0.12710214835777608,0.008640669097681266
0.3779893047951577,1.3077101790126977,0.27658714222432595,0.019839299198755884
1.9579509404078068,1.3614946600970927,0.1731447172428674,0.012024510788575762
1.2349632960259547,0.8379735536723458,0.23752131183012665,0.016859084770190817
0.24011341677738685,1.7372127491900657,0.08641313373934474,0.00572020628676309
0.2865322668908641,1.554651483636619,0.407735136641674,0.030040154567396525
1.1458139994210594,0.6009897773132336,0.0728725080098488,0.004767476335593601
1.623298781211988,1.5920472801312362,0.1455279702126185,0.009986141405456284
0.4412367569934992,1.9206619621726118,0.37371636445617423,0.027368780985688148
0.017088387411801964,0.7357981722451818,0.1596212528797221,0.01102330712327512
1.5565990575796975,1.9280485798720834,0.09996446409249701,0.006684099778638121
0.79700807122875,1.756070924039259,0.188664219165449,0.013180140924790754
0.2811144462267703,0.6811823946366171,0.3363132461461226,0.02445103458665218
1.5023114747605035,0.8169933980236375,0.15503427394933197,0.010685015716808785
1.9110508743920231,1.0080527977588503,0.20557479092855246,0.014446834922354174
1.5789140389493854,0.24862889954744816,0.4082165465574074,0.030078071608963797
1.4578031243576834,1.5255930895162075,0.06715918834252628,0.00436901611904956
1.717376746868722,0.9894343833559576,0.3798890563407455,0.027852298035407685
1.3102449682468555,1.8171418929084793,0.3834656794590102,0.028132709501217094
1.6932413092198357,1.826664169277207,0.47287824565760667,0.03519775566525595
1.2679416708827138,0.34845695756057093,0.41588318594099194,0.03068232877029405
0.9199817903765943,1.1590742081943084,0.13920829283579386,0.009523266392381801
1.031230167981162,1.772549078188949,0.22373706783317016,0.015815313060848945
1.2409580919767185,1.048713040492698,0.33177699829187945,0.024098643630680844
1.601588116678448,0.6585597707769466,0.4458380172637295,0.03305051654039309
0.8880209926599267,0.8938149472022183,0.4122395667526475,0.030395054986677106
1.1845540139912456,0.706928888736089,0.42363049722337903,0.03129372547719635
1.28502187386086,0.7959260382816185,0.4580384272822211,0.03401825872614132
1.0285127486030206,1.2811803878567323,0.3715420055039142,0.027198590631086556
1.6174550683561386,1.8286022080395994,0.4827254339523491,0.035981844891041
1.6868711642832699,0.36357066820631756,0.4120506581281806,0.030380165631693587
0.4406700912665762,0.7884884607609772,0.46922753342431933,0.034907350071918294
1.9703932787108074,1.4473059129080705,0.09926551489292396,0.006634152066899326
1.4522736405526258,0.9319988285216267,0.21109471800791807,0.014861896680759759
0.421767407375927,1.9969813299717858,0.4393550579694569,0.032537025067204135
0.9940807685935602,0.8378211507877849,0.3307116517294608,0.024015931962929126
1.0046830383983254,0.8695897023600991,0.190762927708456,0.01333693383322424
0.5326863013994985,0.19700793936296868,0.08406473471186868,0.0055541823642598935
0.24830128739382284,0.8971133700163205,0.10786115500278942,0.0072500447801980995
0.22630611001672185,1.4256415694202766,0.34286822192468647,0.024960825685974446
0.6964579172975132,0.5543854640877186,0.3707983054921425,0.02714039586026825
1.1375464468355967,1.8878903212506482,0.4230309903491315,0.03124638629947744
0.3857250613750398,1.4198236250759528,0.3405158782882574,0.024777802060359733
1.9240900566677996,1.593254333078075,0.19760049516062383,0.013848582909891433
0.37032232934885223,1.550872083795454,0.06312536476648982,0.004089082781746156
0.869495739540177,1.471045530175065,0.25839186055792907,0.018447350575671942
0.9551311090534418,1.704134799262617,0.2100575136215132,0.014783848068893046
0.8642381776095496,1.758553680249323,0.3562192248300387,0.026001223513190216
0.6773795868928703,1.3564787163526182,0.2337166885897617,0.01657056239232073
1.695880469630949,1.6965039295028814,0.09070623345116918,0.006024514146344441
1.8627550470721306,1.6092874010398548,0.22663252197349165,0.016034203771879512
1.908897195550856,0.7028592760695198,0.19217023285856072,0.013442139290407268
0.7635556675580533,0.5935141313360384,0.09372678014111485,0.00623921894057618
1.218429744711104,0.960032474702144,0.4772538277560249,0.03554602673605748
1.4023105780879888,0.8757929703116327,0.24044686980989377,0.017081160773995883
0.9506872264290134,0.9235086098970839,0.3060332100000631,0.022105203687513557
0.9217081538885441,0.9191792505268341,0.08551764766018236,0.005656861236931169
0.8010515582973761,1.1680275917673069,0.13748399124630142,0.009397221453290507
1.7456864659849631,0.6997001539579324,0.05571592799431671,0.0035781609996722546
1.3485717029748232,0.6652157020389655,0.12927501814242331,0.008798670379363537
0.6437365006905191,0.9378085125589022,0.4139950523107956,0.03053344091843399
0.6847723029031876,0.5454471513637593,0.49079472634398563,0.036625192221105496
0.9337859688957117,1.1345269679969598,0.3475723427908428,0.025327088256486965
0.8334568582922823,0.11196248093558059,0.05830760759821496,0.003756368548841923
0.3328288878632424,0.9706685470984422,0.2737306983936696,0.019620350449057865
0.7010293128516765,0.5709934240569261,0.21328332876839523,0.015026674186902657
0.48487105681045883,0.8892296739002228,0.06193724475622425,0.00400686301211191
0.9987845481318594,1.0569383970590644,0.08269553685716938,0.005457531697609255
0.7382903607679814,0.19937635054949632,0.38372396666206443,0.028152966530033158
0.009972724117851772,1.9948556076389692,0.4559156907813628,0.03384975309673507
0.9224237895888125,0.37874275452826356,0.4059793735326578,0.029901892502506005
1.6263615114163759,1.230846895874596,0.18485680290030138,0.012895999741613267
1.1332626328247053,1.6697841838667131,0.2013226312042095,0.014127623744276363
1.941604735367108,0.9421995399511665,0.2723019613858267,0.019510895622896783
0.39962949645757373,1.6016837404658817,0.4832376761604144,0.036022662936530905
1.9719271276400683,1.676104406855079,0.2505312550012656,0.017848072398134348
1.3155279151647041,0.6029370779281482,0.3393185619556713,0.02468467856280625
1.2825112148337174,1.6045106965382259,0.20613039950841305,0.0144885785282133
1.82412614800256,0.6153722395438643,0.41188207349095335,0.030366878565605677
1.3049047430858467,0.5651627102123862,0.050609553411193164,0.003228735589146178
1.1447743215188777,0.40056497013100056,0.3352496013146492,0.024368377485433638
0.5343792964302327,0.41221760409660146,0.22899278839478232,0.016212778259458317
0.20168976704401342,0.4297657204377683,0.29156572491708865,0.020989941024009993
0.17350059546195706,0.8435486992631525,0.11428830863462251,0.007712796328182356
0.7210717638528066,1.208629794892333,0.2083026737887555,0.014651858702366925
1.2772628844286746,1.1423163179068558,0.45407211694888494,0.03370345167751732
0.24250448663638036,0.20710621005326635,0.05381723860930864,0.0034479655688841987
0.04313520834192741,1.8618899420373296,0.3200445559297775,0.02318877985952164
1.6205835684185939,1.3016808543878369,0.39335018120289716,0.02890860020010974
0.5418364158795983,0.38157619040599444,0.31703296820477156,0.022955595589678295
1.7995611796125641,0.40701587533357997,0.13156497353426044,0.008965383987416859
0.8360583884325736,1.6209196064587994,0.4811724884167031,0.035858116626046495
0.006360612065944515,0.04633696984181923,0.3960437422610838,0.029120267909354163
1.0415458361111458,1.3492598921663745,0.2846204248545409,0.020455888784471053
1.5442720014975264,0.7573467419684292,0.14716593057413915,0.010106340266888983
1.8867710209303958,0.9922299830691033,0.15819790436519726,0.01091826193771918
0.8498741607927558,1.518215840893931,0.40311862983790664,0.029676704350126985
1.5900463041624129,0.1641382258328652,0.43374114805889025,0.032092789731917905
0.5197044676993063,1.5379191149066556,0.11130307925937924,0.007497631780791578
1.6298134174597845,1.4657117383592884,0.1269727994816415,0.008631269276448946
0.7726594964567488,1.5142136076101562,0.28784911891294307,0.020704045612721645
0.3791140460700182,1.6665335770921963,0.335646900309823,0.024399249947441175
1.076832122909882,1.6475679288575251,0.3783789269354941,0.02773395669560772
0.2866073759509238,1.423846008397771,0.392183857948638,0.02881697817672883
1.0533428809162093,0.9188894292421526,0.38621651125539574,0.028348500852152125
0.8827041416243575,0.0831994689286013,0.3088005050556982,0.02231894782945183
1.2703459875308816,1.692404618824627,0.413369678056736,0.03048413765610648
0.1382000450873102,0.6656655936071068,0.08099480559109745,0.005337632202798182
0.42452419481730974,1.3862114676033679,0.15179961724754704,0.010446872302169813
0.5981054943315303,0.4539730518018461,0.191110649315405,0.013362923379376264
1.844595272162277,1.1997383110078836,0.43058103196394637,0.031842900141913336
1.1939362885554763,1.0373285046665264,0.1078171724317454,0.007246884483698698
0.08669778170369491,1.1795687522059113,0.07095731674382988,0.004633657429898277
1.4768275688328,1.8905525425658825,0.2411168667618065,0.01713204585812384
0.35402943236384665,0.5457439513297944,0.0660253907872908,0.004290214149960187
0.795801392437842,0.740084813959019,0.47486684711601657,0.035356009418244794
1.2291999381599155,0.5694242398212463,0.49890731975704006,0.037272728007401286
0.22278332889950891,0.4630956994392381,0.3594204097221286,0.026251084900254164
0.4263384171665823,1.8706554496289045,0.3927175923597513,0.028858904040036205
0.5579279303697813,0.02729374746035851,0.053749160194714624,0.003443303167195878
1.978548665777891,1.373980091190521,0.35433588045854747,0.025854295529091558
1.5864084895553563,1.1801672912031087,0.11470426520522581,0.007742808002061045
1.9588616867386566,0.9457671834967183,0.05022484293522145,0.00320250563605668
1.559060913320793,1.256719461088141,0.13135724944393934,0.00895025292179813
1.3721311499926074,1.6113401777346255,0.2319873459257356,0.016439525027652144
0.1813761592850338,1.9629011559280158,0.13913835655062007,0.009518152005681983
1.380639734633263,0.24605940357232559,0.4573772497316416,0.03396576778843939
0.8289434637010578,1.1201589937019751,0.31847422298564365,0.0230671715459847
0.005506711443814538,0.25250872184167283,0.1510274893904323,0.0103900778130745
1.2891862938712697,0.21430439197851148,0.40777477199555223,0.03004327622974483
1.855059061985547,0.459180527122939,0.38380803665808844,0.028159560200723844
1.5064004803782716,0.6414845209532931,0.09445260521767457,0.006290883405871318
1.0832763839617927,0.16191047419934979,0.12842791696347516,0.008737051039614743
0.6659885978353628,1.2341466226301807,0.25838837581154583,0.01844708462331024
0.5348084047612507,0.0408277720825323,0.3355273965194167,0.024389963536769064
0.24929628803908632,0.9490931920509662,0.23745707802169397,0.016854210958602532
0.13478731556310897,1.7135136006026335,0.2997092308484031,0.021617245776539274
1.6544747389727672,0.332192821991975,0.3129207417695186,0.022637436975056775
1.6022457476502496,1.6579087625700994,0.3412458543606363,0.024834588395169725
0.6268500187447041,1.8671948684307487,0.2433149245039115,0.017299052837690884
0.37574074618438225,1.653286708869774,0.2732482105664545,0.01958338287974877
1.7113048215338749,1.7523832199044291,0.16101212093707676,0.011126017664141782
1.8927807245144608,1.0803685680779254,0.20503801215634931,0.01440651341727036
1.8310419070597752,1.6737493785585174,0.15593999412841597,0.010751758845353607
1.6756630438287132,0.9885015005382363,0.19610183866129133,0.013736333725577296
1.3677846910015636,0.8637133537621471,0.36087696377418854,0.026364823917515875
1.3864998504139237,1.5288024343723432,0.1301892636919956,0.008865205158367204
0.9831723451886767,1.3578637428718543,0.17602201399875272,0.012238242112473506
1.8417956027516629,0.4629515273204319,0.0850509378708954,0.0056238651470245085
0.09702223738440607,0.19878762526227312,0.08211990321787574,0.005416930996609186
1.0610993467370198,0.049877104417181295,0.3981005745104312,0.029281966588044935
0.21950044527403412,1.5005585570654338,0.20902969258423015,0.014706531771696764
1.4652776191392585,0.8397775982059881,0.4017255381360896,0.02956708470946967
0.9932360202338479,1.1874767667820534,0.05650665825455542,0.0036324733047856253
1.1595083074513863,0.5766740790480003,0.4835917803578278,0.036050881492372754
1.6035324189031372,1.949723589932277,0.21400550213734132,0.015081071294835768
1.609006106543786,1.3434798679179882,0.4287909465452538,0.031701403280983885
1.1609607983947852,0.4011879176737243,0.1796285958133081,0.012506486413686194
0.09584701378528226,1.7807104807643837,0.46082280927122937,0.03423936831995952
0.7102643786130691,0.010971185972198372,0.3924361387148622,0.02883679482522396
0.22590394071963882,0.6892491968726118,0.40652269282577397,0.029944673172521325
0.41605663473209753,0.44731007200460415,0.05726036601650491,0.0036842915239680345
0.4735663302834996,0.3683545355771467,0.09511688334067661,0.006338190958744505
0.10393660270272553,0.7510899267864881,0.1280189101923359,0.008707309334027599
0.3475082310966724,1.1953692114809653,0.14796051705851193,0.010164682932720865
1.0102473768967455,1.6294384618697464,0.11059188161242962,0.007446429535588653
1.8287963062151598,1.021457998083659,0.3025159756358831,0.021833727261499736
1.0740263124819192,1.3083146057833885,0.23994521798733504,0.01704306760782952
1.9388233266963248,1.485942575930506,0.2892025722969162,0.020808129058300043
1.8869662011306936,1.926164133526808,0.4070748161456293,0.029988151108637118
0.22087311010140054,0.7730504981974049,0.14639320142860618,0.0100496233224888
1.7560575876535285,0.8120123729694502,0.45307951842688615,0.03362469849752099
1.4166984329446237,1.9842394311592129,0.4206184073184538,0.031055927090060713
1.8245455541524542,1.840090775654679,0.22444415057480044,0.015868749202950245
1.8548518055427343,0.297540724703357,0.3841565269890634,0.028186893612362738
1.4708196093474157,1.362166952820237,0.39361481559289135,0.028929391506236923
1.2522484413934172,1.855343759649183,0.42246182913732744,0.031201447605525894
0.9801234655965143,1.8654570164953752,0.11823108345404054,0.00799757069111019
1.8631088647955747,1.563312734316334,0.35591675110189613,0.025977622585799977
0.8347868745436022,0.5742528713233168,0.41039649633177505,0.030249808442296112
0.4105792511360735,0.19880357552204608,0.4616305106259322,0.034303525688040494
0.11753490803812539,0.8229396691438504,0.4375463683371323,0.032393858305620186
0.5327899414106119,1.1526400325517043,0.21924189194457355,0.015475874472170562
0.3398205454071992,1.1161771817263233,0.20944302265192094,0.014737620760481825
1.5586824336000658,1.0748595422592206,0.37296463529290613,0.027309934262505126
0.2401435116035513,1.4910322405394152,0.07126289151726162,0.004654992121814082
0.25704417174434013,0.6845921814849214,0.20158310010513852,0.014147163965745314
0.07022462303233268,1.4834696663759852,0.3209797264416006,0.023261220069707697
0.541674997813957,0.15192198288706682,0.32181019141740785,0.023325561786790093
1.5891271375327451,1.413238987126141,0.2697973952785718,0.01931911778770201
0.3276067905470015,1.6845366447745154,0.1549762108801025,0.010680737926151164
1.1232731784595102,0.47943540915737715,0.4467536757586461,0.03312308420361431
1.2119058775512481,0.4487957038210413,0.14399924664502411,0.009874042862419989
1.6114467612638381,1.3290502133541136,0.1830406006476083,0.012760601255359551
0.4985710308880942,1.053106369113163,0.4063970648131641,0.02993478093928201
1.0049782212045635,0.6902527463104233,0.3576795267990568,0.026115185010510907
1.923675248759033,1.5421577788355378,0.2647380310814157,0.018932091492206052
0.252135508509888,0.779542667464362,0.07678432750856978,0.005041552874045821
0.43423856165280994,1.814713774083589,0.31795241893448967,0.023026771612684172
1.8434335129358295,0.03844440490853751,0.10118576748892735,0.006771433281358454
1.6024824928274681,0.01152952715504374,0.32714739178508184,0.02373934292193412
1.1106321663060874,0.7864172119365449,0.22102493548804797,0.015610458289621829
1.3641241626694711,0.1785730130995289,0.06572619518157981,0.004269434754471229
1.9811164789559756,1.4103543070648759,0.12951633704979376,0.008816229366005224
1.6655291405470647,0.7186398801332146,0.18551028101046635,0.012944739259920393
1.2570631947478204,1.840228866405328,0.4546647792415083,0.03375047941619785
1.9484655099795374,1.251871054780654,0.19321927241997666,0.013520596614651475
0.055602323361112926,1.144634673340354,0.4805188117046706,0.0358060442923414
1.3838820848598916,1.5103743739649451,0.4902498222362956,0.03658172507058175
0.9565011239308874,1.7312388983444047,0.4224946539945794,0.031204039211570257
1.430136888412826,1.0711590125128916,0.36220091114833347,0.026468235466991747
1.8825955480638907,0.4272391797472457,0.2909527762377932,0.0209427732861929
0.692998828241479,1.8558893972465136,0.14072947873245245,0.009634553271905565
1.590317695467353,1.2782363220892148,0.0688539961490041,0.004486980635494608
0.6038355167960638,0.9861283796726299,0.2922082366335021,0.02103939104725186
1.2577645240602016,1.2403461056203557,0.41786262067560287,0.030838466209341085
0.5322347159911758,1.3948183245377042,0.17083496341831883,0.011853114735742725
1.5392531688319253,0.7823074217162467,0.3994449614710549,0.029387687274763746
1.1349510572601025,0.4280686311916735,0.07705205794913741,0.005060346880974847
1.3871326912326956,1.6964660222737873,0.1343641096098066,0.00916943883077637
1.9534420157401928,0.20953418453129524,0.3937463810109766,0.028939728454080507
1.3978450841037535,0.7244080538630195,0.34294416065140837,0.024966735530375303
0.6593095135253964,1.0598469423094439,0.20708898044173946,0.014560616221331323
1.815694651799086,1.5979911687776833,0.3083877378800482,0.022287057534388467
0.4866666894407867,1.1608188138472373,0.1477231003900378,0.010147248297987408
1.130641562026289,0.21497897121297038,0.30430651769018313,0.021971902527375325
1.2100659722677074,0.43328009636922027,0.09612452413009819,0.006409995073459049
1.2254673776016718,0.4334912793350132,0.2744742395760091,0.01967732837686813
1.1404477638786576,0.8831169255267903,0.08236256711854556,0.005434044226575947
0.424345309268094,0.7600519735921061,0.15296210022971254,0.01053241725144294
0.5065998277565207,0.40037762799472265,0.31080786586696785,0.022474077922533673
1.1271548242495253,1.8406081905568656,0.29906906181507675,0.02156788970526198
0.8671307469644645,0.7446377465285181,0.12880133622987355,0.008764210640565427
0.9066192698452609,1.8589882681759222,0.4592393525835041,0.03411361364818265
1.3250800434559613,1.4950064761011754,0.13282696235700425,0.00905734528637308
1.0193045388568798,0.04945114768444636,0.2717239796736799,0.019466627978420314
1.424784447303657,1.242602596374808,0.10174712101753702,0.006811599255832918
0.8752546010743187,1.0869954381480111,0.1599767968933239,0.011049556900238656
1.8859736097964008,1.0950377695219369,0.25269750391537943,0.018013095465961283
1.3042759343831505,1.831996938966442,0.49410795606863644,0.03688956102363852
1.305055139858458,1.6025933460938067,0.40952313370436455,0.030180997202050853
0.2952390601975321,1.1055420755676022,0.3933666814233184,0.028909896530755243
1.4076905154082016,0.03989602829997052,0.1358994479786215,0.00928148883013985
0.6546428704927378,0.3016879291133445,0.463367866365717,0.034441553636305626
0.3784206359943818,0.23588115549254085,0.39284726423423594,0.028869090608733706
1.0608194395904715,0.29054732234486225,0.43650711365601014,0.032311614599276575
1.0480963033265287,0.9318359764853612,0.14605063540304483,0.010024486187246166
1.731006774738624,0.6134057849664964,0.4273899081483234,0.03159068696816295
1.663401015077221,1.534586378477078,0.12391271216831093,0.008409085926674904
0.9907885294036807,0.5014767785649799,0.35734264425776574,0.026088891951385102
0.7530433725678916,0.9816351403164707,0.23801901773408757,0.0168968518393303
0.5266482090706406,0.29380941578855513,0.271351406647268,0.019438096036972802
0.9429370301644453,1.7450746552977245,0.3120390897426832,0.02256926190943535
1.5256596142289651,1.833599252049695,0.49149403353453264,0.03668098102662852
1.748793556197435,0.9388112954000842,0.1978434194517084,0.013866783453877481
1.7333272570135558,0.47550942199966717,0.35294733871670386,0.02574600376416805
1.5746320339905473,1.2669337537225576,0.46181187875301033,0.0343179331941732
0.20988837801093863,1.4559890932627617,0.44846298643260996,0.03325857774652473
0.9880927111275886,0.1616994589111771,0.26978691730756393,0.019318315733250428
1.5844768026697227,1.5983044167685112,0.4890746671139868,0.036487993974404054
0.5610137529788222,1.2357764437074978,0.11008649425453185,0.0074100582758974114
0.8614059621934027,1.569513759741121,0.4493652736820292,0.03333011458117805
0.21601222745578896,1.4547100986426769,0.3383925338999908,0.024612670557366906
1.5719644554582592,0.9786544563034356,0.4390932042042926,0.032516295520379636
0.25496676750451663,0.013617243776299137,0.0917944286791949,0.006101808624044112
0.697992605063023,0.46149155943673037,0.1236677240073048,0.008391314344751419
1.4650839333389463,1.0913672929325573,0.061036006958026065,0.00394456837619837
0.6227301842319353,0.3405874216882683,0.19968518652842754,0.01400482365790789
0.7602730006453697,1.267127310153496,0.43833609367649673,0.0324563639735102
1.33783873528097,1.428933872591014,0.19005675743168476,0.013284163039776644
0.9409423189244663,1.7242512734676065,0.17033612102598406,0.011816118887037612
1.8240725551453254,0.806328856222222,0.17692162568920505,0.012305116728048291
1.461061193657288,1.2961233512197876,0.22631319655035126,0.016010053876847934
0.6486835930683921,1.1968942300585934,0.1963424396918796,0.01375435073609445
1.7641155130484858,1.3362266062113572,0.12348876971228794,0.008378334432337155
1.307067346074806,1.66224324736637,0.42930102709609513,0.03174171832758137
1.1862252858584919,0.6506395703027155,0.2795078681105363,0.020063336597156915
0.6577933984292514,1.0880618643926054,0.32386787891963487,0.023485034009537175
1.577091791698576,1.8847854639867332,0.25199154151795183,0.0179593050656648
0.15156131999663058,1.8447093885197479,0.43212131330795456,0.03196468380036806
1.9555754039900908,0.7399358752544385,0.2930317337407065,0.02110278132895106
0.7913761713550855,0.3534671863750649,0.42076146213768145,0.031067218326905774
0.5243155927729322,0.9635540897422346,0.16887498250559663,0.01170779897301964
1.4291029689416441,0.8137793248958096,0.4686073951001831,0.03485803497857115
0.33526883370064775,0.1481290288186068,0.11448222152361417,0.0077267863968843225
1.67229718849895,1.86778805795529,0.49417422512853554,0.036894850006560356
0.6309503092593203,0.7080868090420478,0.43473385667621844,0.032171315213682036
0.6200351444982504,0.6273501143819629,0.38485768769947176,0.02824189347543859
0.7332328488132618,0.4429227521221535,0.46617512221052093,0.034664657512019845
0.11514809759610634,1.0341039384824242,0.09866095794180996,0.00659096929540729
1.4981731636235163,0.29385254019686813,0.15969227635109406,0.011028550456495038
0.22926634392599143,0.06947084464584186,0.3119270598145749,0.022560599978101493
0.15556471363181545,0.17141310869059279,0.34800019217216344,0.02536041762631426
0.5718738719901384,0.8836352832557788,0.050080560646449696,0.003192671890645087
1.9677527720683097,0.7482474877955312,0.1977484272399112,0.013859666197111173
0.268941266874382,0.8748846601362485,0.054336517582286414,0.0034835421384458052
1.2811560522703151,1.8935575922201202,0.4315665859637639,0.03192082035290398
0.21104165895496552,1.4115992934768544,0.07686157265506588,0.00504697482663599
1.8905499306319202,0.29557411020982793,0.35936898299007847,0.026247069683354822
0.3033535848352247,1.278699982563218,0.3549924085753922,0.02590550807390217
1.662083861582308,1.412973581754933,0.42148086938608725,0.03112400475234421
1.2242941632268707,1.9677129134845859,0.4413811607247321,0.03269744944924456
0.06627724502357402,0.5775052103821097,0.20890530042114763,0.014697176334435352
1.5798435900653263,1.8625670350787253,0.15867285870117273,0.010953307036180885
0.38967235651621457,0.7952911504457132,0.11145387609771548,0.007508491214042508
0.7499156609362267,1.2379397062996584,0.47581690235554536,0.035431631374879424
1.582498356155975,1.7087808030662524,0.2668467700814444,0.0190933422750505
1.6306184685060263,0.04449818932880234,0.48041643367827336,0.03579788923130248
0.512799432377645,0.49869019706406403,0.35326466783612803,0.02577074953665812
0.9949807089041363,0.8037154853050279,0.0664412985908477,0.0043191100983311
0.9017715732626803,1.7977698918459466,0.1943954518074376,0.01360859763508011
1.610991192759197,1.0348381425408968,0.410426350991864,0.030252160835469465
0.12467634565275576,0.26842133334685214,0.44740405316007775,0.0331746340747245
1.9018841593554854,1.5443733437341667,0.38475328219442223,0.0282337033475535
1.681529950261092,0.9832474503530673,0.34085257755433607,0.024803993543792143
1.782272960324944,1.6915671733544677,0.4507084519823048,0.03343662532382809
1.5402621646542782,1.481154618293303,0.3667162770519749,0.02682111960253816
0.25492564496799974,1.4204567426684647,0.15270940966318738,0.010513818397379391
1.882461499015843,1.228759107969515,0.3206728965940598,0.023237450798288532
1.6257406720445926,0.7186192069966162,0.08795368118826064,0.005829287582768968
0.7845632155742928,1.7883256251656414,0.4188666636304641,0.030917684454508692
0.1545894109315491,1.8134290362532846,0.3924859155534238,0.028840704898616582
1.3057448049318456,0.7437607909359805,0.4492158658603406,0.033318268264015544
0.30624636058526433,0.6721856798465666,0.08497937429538951,0.005618806749959166
1.0682432082797628,1.4220916382892712,0.37515609163530544,0.027481508231608713
1.7057561743721068,0.7465694037658734,0.491300559469713,0.036665545649153246
0.3386723525703217,0.9588988778651366,0.12688014019861973,0.008624536104974984
0.9188492654718539,0.7749845963830284,0.12495199230301912,0.00848450281013009
0.9711162405772142,0.12637360869397418,0.3673160927514182,0.026868018943898484
1.1280382605508608,1.772703272645894,0.4496021963982201,0.0333489003773313
1.683814167292285,0.6532587036244428,0.36424080231677625,0.026627619342561262
1.1956587398687528,1.552310658774699,0.4536712738484165,0.03367164718766765
0.8691197816273937,0.3432827754676029,0.23268550511867986,0.016492418512666873
0.761540939915585,0.6039121558252742,0.20357127128175445,0.014296372631311928
0.07744992662675831,0.0244658411305283,0.14579517607031336,0.010005743497018375
1.5690217313770434,0.7042795338478323,0.3159219602358665,0.02286960984628367
0.13029497934663592,1.7875986364029994,0.3137791883944525,0.02270383038474921
0.3999905558245789,1.4415967794870188,0.21563916247207843,0.015204172077997154
0.6143800361215901,1.7391871231805272,0.09302157623137544,0.00618904872906921
1.0563780547410337,0.10121311122118781,0.054864519863424055,0.003519740415964921
0.4333768643541547,1.942713420021437,0.19223709788798204,0.013447139223962155
1.0509530693991687,0.42131914827683836,0.43655187064894363,0.03231515626424653
0.6752157498120892,0.6775445661275565,0.24714400902520395,0.01759023235427188
0.7672329169919498,0.39840340849708666,0.4415659620928245,0.032712084331889144
1.9157780169092626,0.756533721648309,0.3784872209896946,0.027742442079545855
1.6185397747699468,0.2652685084900426,0.3710513180389812,0.027160193272302117
1.4321141316347672,0.3011095957921701,0.4457762706764269,0.03304562337672819
1.5206208275245054,0.7051993303106068,0.25238172697194666,0.017989033739269415
0.9683157779526423,1.7819720585666061,0.09415017618742758,0.006269353067672385
0.9088485244255509,0.5310568755493994,0.19163503551318545,0.013402123429545375
1.5542409048432808,1.0623524851637556,0.48686984890260887,0.03631217826960914
0.32997239793718847,0.7454357263293927,0.4258591770588077,0.03146975038653786
1.3113643008847786,0.2790457868530103,0.419884437272237,0.030997999414076396
1.1622494883655552,0.43556185182889684,0.1498462191272416,0.010303227321558885
1.8268546448983287,1.4570416667510462,0.4557286094271718,0.03383490492345488
1.695682834266091,1.4062497187009857,0.05144398518752138,0.003285675165104767
0.9247010119958166,1.3399651809010524,0.1673876229166878,0.011597601591079533
1.2637448347819689,1.1681358426749084,0.44244696619506435,0.03278185905776944
1.7560530523880844,1.4587453612622958,0.2610989073383223,0.018654024208584644
0.06144480242673089,1.3467186337668888,0.44640883812095705,0.03309575396441945
0.3289642869817655,0.17990492567614003,0.1400668980550568,0.009586069955127065
0.2697616728866401,1.3595730664505596,0.18239235658802178,0.012712296839832887
0.9623829899791005,1.539014130657829,0.21318635379961565,0.015019370594975968
1.2052402649607805,0.5933838556151552,0.2826924346749362,0.020307796274631106
0.022160681745471367,1.6668674764080087,0.2855710977836945,0.020528937252950602
1.582545786924359,0.582220662924184,0.22925146529724155,0.01623235714257361
1.14779923728658,1.5759810824638751,0.2851901201001085,0.02049966140649643
1.525953079697016,0.682065571297009,0.26464450861504174,0.018924942075297338
0.6258934942695167,1.1916036396969607,0.4308726539737819,0.031865955181383854
0.7389671497297492,0.15852111419736925,0.0633724486794016,0.004106194859674586
0.1680468035421081,1.2212196185358495,0.22960088517429295,0.016258806651101274
1.6695919950985205,1.8260842417952725,0.0893777463400938,0.005930238516805028
1.9714962771461275,0.6927382724423918,0.252094023135082,0.017967112949297672
0.506085474360815,0.4131807839545205,0.1630118915385682,0.011273800636535573
1.9344456499142593,1.0168947249637523,0.4308469849015102,0.03186392579382069
1.436359207460903,0.025699931642832574,0.38307901106853903,0.028102385512666254
0.5520980655434016,1.8186066193365207,0.46096861519412574,0.034250949408668824
1.0533502474975789,1.919546684529583,0.05032052266479909,0.003209027886716618
1.4871403427892127,0.9872300908200227,0.3202654560225178,0.023205889914154787
1.0053062270617232,0.08413259304333409,0.39751985583181493,0.029236307306862004
1.8932300365971155,1.7188837321743997,0.3515519617271422,0.025637208531264652
1.9483954198145088,0.3747142092061697,0.20007532370418657,0.014034075693434895
0.3379311384090786,0.37654217683440727,0.4491086589714715,0.03330976816164644
0.38122149392552895,0.7626785817301451,0.15920926974264626,0.010992895497802442
0.09386109256055097,1.4343319882492436,0.24104632870565623,0.017126688157461427
1.714164878570524,0.9414773369206646,0.21422168709972017,0.015097357712619526
0.9640373500590578,0.8647415476041105,0.44455850321073737,0.032949129866138904
0.6924804212885589,0.8604807185184735,0.06548227945435611,0.004252499422031597
0.04271389700028383,0.3249222150449482,0.4770728198397472,0.035531615168110486
1.3383124721175428,0.9553751969446107,0.26084978882400367,0.018634998672974194
0.7048252230921574,0.13096278064557154,0.17610218997891575,0.012244201215057591
1.2423917832314075,0.5958472913337918,0.23669969938922186,0.01679675087938219
0.9044391887664458,1.8999610345939661,0.4697951847242096,0.03495249519634024
1.6250721681880398,1.0125493667480685,0.20639195779793557,0.014508232436812608
1.0399415671162249,1.4890799888556077,0.4514322555677997,0.033494030257687525
1.48828951393443,1.795565269515382,0.42291761127256045,0.031237434007910857
0.24603913273274092,0.8372776136838931,0.33608922170239985,0.024433623880046433
0.40705297868632573,0.4615022411931602,0.225529645094253,0.01595080553404305
1.178902427699292,0.4859200447145129,0.2193548419117195,0.01548439768217457
1.957078584066025,0.14122686418193742,0.09591254757717968,0.006394885369392379
0.5477590297804107,1.1957091826856818,0.22565062511853812,0.015959952528003852
1.8707090348292152,0.006658633253890489,0.24747107192074436,0.017615118078898928
0.10723855714297859,1.1387182401452178,0.3957718743978181,0.029098899238867774
1.9427281586872813,0.7271775009335966,0.48247747684001985,0.03596208748964852
1.5710339457735476,0.26813948802179843,0.09400226136131928,0.006258824544618316
1.5676930415070518,1.109450690124426,0.3977616025264928,0.02925531419645413
0.8859338046685588,0.5519899351110407,0.0690876148381314,0.004503257138887396
1.5834792910476934,0.5673539016101852,0.2214492035913868,0.015642493030196197
0.9743516053588563,1.3917333660762274,0.32645551712878934,0.023685676993141502
0.4004942965514464,1.0420306930975813,0.41720865207762703,0.0307868756323422
0.3800927691361573,0.045837298888907974,0.2586996172478737,0.01847083923441805
0.05386507700592058,0.6852036241574679,0.1671424140074277,0.01157944071334478
1.4574832373363165,1.7793167727459802,0.26438238332452174,0.018904904578922754
1.9449713327239004,0.6413904984429244,0.20340911680093832,0.014284199449962178
1.318555274122272,0.018976140651330464,0.12919028428028692,0.008792505461071137
1.1516862769852543,1.3683997047229155,0.059107861739257216,0.0038115068434533207
0.7613235754511214,0.9483214187940865,0.2109114806497705,0.014848106321241995
0.757149612107135,0.365608836765589,0.23661010910136887,0.016789954767184687
0.3980933606639956,0.5554746266682602,0.3613656585098293,0.026402992089625214
1.9813755064252174,0.39310705298101123,0.19646397443098107,0.013763452243407802
1.5189456606563947,0.42557843318610455,0.35476167143068515,0.025887508653238172
1.6991929883368009,1.983957713874097,0.46784831946863364,0.03479767734073867
0.23170029514622348,1.5176176007640272,0.12369159198270686,0.008393045634672368
1.945600866357494,1.106373602195852,0.4535132916685383,0.033659112784189996
1.3676831216768066,0.5215588822314059,0.3406420754893861,0.024787618599254775
0.2569600695957377,1.332077452599642,0.14574554460252667,0.010002102369123972
1.7231777317904196,1.226774587094536,0.3805412296856271,0.02790341566523497
1.2997558887579692,1.4969779728573023,0.21120173188978142,0.014869950878520258
0.40232383997519094,1.3484488595954045,0.15596684141335238,0.010753737648799966
0.8162759299891937,0.03822162493227643,0.41464174110337,0.030584429981381205
1.7140506835836529,0.43610744818527714,0.37263490547721356,0.027284124995179578
1.351594416173638,0.26629143509745345,0.3077712585768958,0.022239433973264056
0.4668174856279861,1.7968217021049453,0.42495510581719265,0.03139833762673453
1.3369128646502189,1.6306879851651066,0.3823524556264685,0.02804541201791734
0.4739576521916773,1.720489456429398,0.11498408441951105,0.007763001459484517
0.7734487232724618,0.5919343095181464,0.11570932109667682,0.00781535471698469
1.5522699393290869,0.6606577346478408,0.2427817858276866,0.017258535713070653
1.2066476433982773,1.4611141864815556,0.3295728109807216,0.02392753466353724
1.5091709345906608,0.17412623299935004,0.05915508879344088,0.0038147624505441235
0.028176282137606146,0.3071122956250436,0.06126367960942648,0.003960299428185001
1.367536375225878,1.6230553672272077,0.20896111351047247,0.014701373945688186
1.0255162149589632,1.490919552461429,0.22774426171344647,0.01611830055508817
1.2917141111690094,1.0725004680607384,0.1812346791510307,0.0126260610856761
0.5062840340890471,0.20130074672275722,0.40812272158955487,0.030070681479100664
1.0657523952606032,1.0999070884720918,0.28391660718530365,0.020401819193882106
0.8078173825201649,1.3218771112551586,0.057868801082110184,0.003726156463103618
0.5471808576843931,1.528886608611352,0.30889823903469715,0.022326499164537616
0.4894701133334929,1.330230751268497,0.13092348649144742,0.008918662029476934
1.7839394433130704,1.469234539543098,0.37056112853288753,0.027121838378041396
1.9380091205647327,0.61975870164485,0.31572298290265055,0.02285421232501858
0.3424121868895993,0.17811456082610033,0.0658629335305632,0.004278930543911371
1.4292885631585337,0.03384495732522974,0.10453317961824077,0.00701117214855105
1.9787378427592455,0.7353967425918944,0.2962004337210996,0.021346812509005397
1.948945450870503,1.0051201018281686,0.4044094443149238,0.029778299332790765
0.012543033495266753,1.4309087724799652,0.4702454297176389,0.034988305712127056
1.9826858371707203,0.5253001925266267,0.43655605881252213,0.032315487679040945
1.8584809329561862,0.8433185059229173,0.40233169756248194,0.029614778982068865
0.29730074576007004,1.4504393927505097,0.09004838098326526,0.005977817877225125
0.1575811062980612,1.5018913497135327,0.19070431264002452,0.013332553124327573
1.458007565825509,1.1328847315699346,0.4643912413745834,0.034522874578270885
0.3245061779148968,0.6619109194993136,0.3341024273911773,0.02427924952108301
0.6742330236277292,0.6961995406751957,0.4769107191310226,0.035518709282760075
0.053121318193187994,0.4443983482373659,0.4566636348962515,0.03390911972554605
0.6654019686406349,1.9499611423860683,0.33022814688089713,0.02397839954264817
0.1374874910175996,1.8770349243607922,0.39074879385071126,0.028704270671636518
0.23686527082644404,0.9548329588785986,0.15593274185956774,0.010751224314343675
1.905372456980856,1.7194562950347168,0.41194944748525963,0.03037218862909647
1.348727237377355,1.9795937906718606,0.26288895868803,0.018790769747912797
0.6895881490585605,0.8155091303933688,0.37594696220799884,0.027543444244871904
0.1944122018084864,1.174399064711418,0.31771658659043633,0.023008514130859425
1.3036123739273247,1.9279964160905214,0.17886241147253218,0.012449469091191875
0.03627369015158699,1.32795530319278,0.3455401052206584,0.025168816121912466
1.2905987987208756,1.054867126948256,0.20585921938402746,0.01446820343637925
0.2316235195166143,1.4472388401273575,0.4015245560200388,0.02955127198561444
1.650419586362094,0.3343770024422119,0.45442849105926236,0.03373172944728649
1.1943057723191406,0.7871605567798792,0.43663936175928847,0.03232207959440783
1.0014393472444116,1.499555366733587,0.05702112299482856,0.0036678381805132793
1.813225951179695,0.5811550444934463,0.4029160517857627,0.029660762256097446
1.7163244679859722,1.9370481333583123,0.13144758611850965,0.008956833035053378
1.7741317476417162,0.6429748279795262,0.19579414826788938,0.013713295061684037
1.386078884399537,0.4775114364022919,0.2479160648245456,0.017648980564718936
1.606598114406233,0.024166968111951848,0.15593319014566026,0.010751257355377051
1.1287148361138124,1.1704509614692897,0.2679357914391818,0.019176651899298465
0.012887305160276696,0.5866820567745687,0.07274344831447271,0.004758450932257768
0.9714014141801712,1.1278759180668714,0.3152286391062239,0.02281596127315325
1.6021322975047478,1.0383543237565815,0.1915398614934397,0.013395008225205523
1.9557400970705998,1.498678645287161,0.35185245959026695,0.025660635338665132
0.698931774237848,0.8542862129296478,0.1799955515530262,0.012533800194437696
0.284425909520732,0.6960112602847439,0.3654923675256122,0.02672543904983504
0.8218477607198926,1.8118183422066154,0.4509168821521772,0.03345315528951228
0.6028179049202065,1.1813601546898065,0.17456536577085227,0.012130009007843522
1.9771587529899435,0.8816353986399841,0.37147466299653226,0.0271933207265106
0.03885384708333506,1.8200204246418712,0.27452246092227295,0.019681023970508638
1.7339183347807547,1.8706064375017473,0.32037005259746065,0.023213991838647533
1.3391881878832932,0.46925812949139334,0.16537053812948993,0.011448265275265823
0.8673360119220137,1.2056338877562274,0.438809514881641,0.03249383833316553
0.329000752549945,1.7895289225540272,0.18771953766575866,0.013109603681987603
0.513964946100611,1.2264766874956972,0.4013648115324921,0.029538704115246728
1.5445085718595508,1.4288480898030511,0.163516077135335,0.011311079743396459
0.9191608019869801,0.5981898197664983,0.32806957374345525,0.02381088503360984
1.395864173581371,1.2477977391353214,0.08982217971911824,0.005961766886829643
1.4646973361266933,0.9610618152455761,0.2621098471461562,0.01873124396446666
1.8216783955218505,0.4110700465073154,0.37086800290668737,0.027145849364148194
0.7749363675265832,1.0561051442055547,0.2162556789486415,0.015250645037460013
1.9165999446024626,1.3960574764201985,0.1591057298870252,0.010985253282599325
1.4494587959894385,0.7981313856648702,0.4286659460946664,0.031691524171573296
0.5382021507155754,1.4477164487109864,0.149868578047992,0.010304870778272288
0.9879405871248081,1.0514762403919116,0.42283008914052245,0.031230523466498666
1.4052755437496243,0.041094235656062184,0.11225941195432705,0.0075665179467875356
0.2707248641199931,0.1810351559112029,0.3997978160886712,0.029415439333398526
0.3336615071612059,1.9545398720315967,0.30929264778646903,0.02235697450520307
1.5159463839752119,1.4266747414261347,0.4169856561197978,0.030769285099411042
1.3011205079452535,1.3298616013902447,0.2615300297196799,0.01868695259753041
1.4002973304586168,0.010994997260684869,0.47979971097086743,0.03574876588233891
1.5097730982193964,0.8667825383130854,0.31190511000561116,0.02255890288765326
1.5579259186489038,1.9455784380289216,0.44359501611545443,0.03287279795430758
1.414087385956526,0.37699697676757027,0.07639643141147962,0.005014331562914007
0.7003871467386511,0.8149413608984095,0.26813249226679725,0.019191701914646305
1.2009243105251972,0.0016081830115306506,0.22781402647703353,0.01612357880838824
1.4216281138017983,0.7725206320165681,0.11339548410112758,0.007648403644045644
1.941952166683857,0.7549783914861918,0.44484708935782424,0.03297199522058459
1.9194218061492423,1.9838911771697298,0.1981186769654415,0.01388740835372819
0.47439209003472405,1.2481251516448568,0.46765543657052056,0.034782341399600354
1.9100965359888327,0.8100287063564253,0.22244975969448055,0.015718057666290496
1.006214260847305,1.4782510573072563,0.40825705954109204,0.030081262653061807
0.65683615244744,1.8045871827840565,0.42285209381018957,0.031232260894102703
0.31086282806179333,0.36352892648952784,0.19889436996733217,0.013945541249073438
1.0484175976918921,0.46508011082596146,0.33640631660266085,0.024458268061281364
1.678946844429528,0.4954515852090846,0.27774275044906166,0.01992792194115802
1.067430455741226,1.632913857779098,0.06910049966359223,0.004504154951259922
0.8249897506205062,1.2336626044611303,0.3184386144863686,0.02306441446350003
0.3814715379504743,1.068644812393587,0.05056694869357901,0.0032258300765983694
0.9108204543608915,1.989655117371989,0.08675387963690469,0.005744321954009677
0.9263665668787455,0.8882513099274216,0.13737866310976754,0.009389525579191005
1.0649481085306522,0.1325942652893941,0.06943005699604174,0.004527122368808448
0.34087671356627935,1.7644627762288547,0.07862657986181536,0.005170965085355522
1.4729085747333397,1.9350436737112584,0.15763947659789523,0.010877066934371665
1.8460938075201587,0.12512542655645964,0.2902802854023731,0.02089103153731792
1.3585619521559966,0.6359010209098492,0.2530373038876738,0.018038990028698226
0.7855438321170392,0.10990863220269032,0.32242375154004566,0.023373105784725796
1.8864140402432317,0.26798742930121766,0.12126587703931148,0.00821721233203255
1.2524405365953473,0.8081163827522861,0.42227929480299264,0.03118703630862595
1.7145041025645453,1.2795683584417081,0.3512669773064938,0.025614992428019547
0.2516208897181591,0.40071232450724836,0.28220728870069756,0.020270542265135846
0.002940460416578361,1.773272082714553,0.2428707811612551,0.017265298695762956
1.9356202506417477,1.779210048158814,0.09018344019929958,0.005987402856139118
1.6309565099139234,0.9312122706961115,0.4726388513062687,0.03517870765332078
0.7883445495266179,0.6888158126953967,0.17577692184068355,0.012220026729608665
1.0646393298599401,1.3399700420512308,0.3037707763287311,0.02193055372852938
0.05073809387254302,1.5793930705582226,0.3540894338671231,0.025835073126241562
0.1956221996348564,1.8822458293312847,0.4443534622108107,0.03293288461112441
1.8291460784319384,1.3522263501879745,0.4544527501891808,0.03373365442976755
0.11168923483569215,1.9191558393904045,0.389550073173492,0.028610147064700425
1.5411958208942305,0.2426784007317524,0.3641503024251525,0.026620546959306653
0.9380624237705146,1.4953084341127394,0.22926219113763685,0.01623316899894927
0.5471436810860093,0.38879022890580384,0.39116639612161325,0.02873706550546216
0.857464661597628,1.7711410985853153,0.3049280545240684,0.022019879359455527
1.815610905622853,1.0938292594808845,0.491716567747723,0.036698735343664045
0.9531391498397643,1.2596961329155083,0.4994410619831919,0.037315356168259976
0.5700222020434231,1.9073373877478328,0.08241827937767535,0.00543797367779453
0.9191552068625104,1.8231554041467133,0.4355621132552121,0.03223684163947626
1.128426746262838,0.8291439179710864,0.23704453571580703,0.016822911022027442
1.2779769333671738,1.3442160713500202,0.4479896443915167,0.03322105332264277
1.2387108098991555,0.6679879666425668,0.1068449886248807,0.007177052563312126
0.6814359369226692,1.0399638354956178,0.3192043182304526,0.02312370579227376
0.7089788506160688,0.9227109168275911,0.43356579915750737,0.032078920527718886
1.8485831099630308,1.8978641439014263,0.44132795889168414,0.03269323634136443
1.1280365243671868,0.3530222811488144,0.08766992900492157,0.00580918601231866
1.6022379689495356,1.9388715456104286,0.06982045304442408,0.004554339473495928
1.9541031894975862,0.706187970453604,0.2840285002075456,0.020410414566561175
1.445247540966147,1.9318577444875906,0.23332307085626186,0.016540730923501966
0.6074086484051799,1.6001247094572535,0.08955173092964652,0.005942579802257484
1.5596222952570864,1.8484137344959113,0.4871669309634706,0.03633586486794236
1.2559781052919767,1.466933686185657,0.29945794602088677,0.021597871225503676
0.9960543346125159,0.7671107608224861,0.22254628533994963,0.015725348779759916
0.382087755752035,0.3656717227183113,0.4700260690024028,0.03497085842543393
1.1584809399412879,0.47344193907769383,0.4362358318257642,0.03229014833692881
0.14711978281041516,1.8528038772047963,0.3616936837389324,0.02642861360527104
0.6395877873452083,1.5961242774172568,0.271109095999414,0.01941954114344214
0.7763083463604219,0.07283291419166815,0.40833679898947156,0.030087543471176453
0.47573333641529714,1.4619522630118158,0.05606054593082024,0.0036018250227313237
0.24252813684386854,0.15039710987961818,0.06273003756195966,0.004061713564144588
1.636616936168088,1.4822740356322925,0.20954026116973745,0.014744935257557183
1.6117816669093552,1.4842015515803464,0.08586328168996589,0.005681305359709423
1.949521179410565,0.9437185113566855,0.2845424133882401,0.02044989523174373
0.8730702395670511,1.9078927698957937,0.12780404423431319,0.008691687572441233
1.5471932263101136,1.2058619626639098,0.09678692253537594,0.006457225676824872
0.9544620352242095,0.6748905356378383,0.23750667509702528,0.01685797418380165
0.6260240928616962,1.2198142821248419,0.2385176093208412,0.01693469158014754
1.6298312270124642,0.7523859265734298,0.0720245254075166,0.004708195480921493
1.7808893849661083,0.8751105449817256,0.38641806179072585,0.028364315835523395
0.8738881685355748,0.3799969111128372,0.19200894294662635,0.01343007908774042
0.7482513566907563,1.2087370883814539,0.14312095343464673,0.00980967628024259
1.0471286055856008,1.8086855505292831,0.15678817878624618,0.010814286403725134
0.7933147016403115,0.17436761128646538,0.09859418089843813,0.006586200609605451
1.5863222142508282,1.7160937970823296,0.19524086310234023,0.013671873500375341
0.07442383202670833,0.1528187227563249,0.10059241669264155,0.006728994551430653
0.5960378554118233,1.4296248916387166,0.4298656119452405,0.03178634506390953
0.3461736677643612,0.4801856482149025,0.48861285531974774,0.03645116383246322
1.5964009630530733,1.445127745201346,0.16147641328768153,0.01116031762090179
0.7162324039513097,1.7590527366981685,0.13402650336586155,0.00914481191775612
1.1077322227896884,1.0859707352776569,0.4445177951825448,0.032945904556397405
0.6217351182804043,1.3483844115982477,0.3024589730412804,0.021829329323805314
0.8100487228504929,1.0226416491926882,0.3770696056336321,0.02763137805841369
1.9897594170560462,1.1934755732238165,0.36074739746691264,0.026354705091669636
0.58301556232436,0.1233722018698109,0.18512891683223864,0.01291629385609927
1.8821048205891424,0.11177945463672789,0.4275812854056282,0.031605808979062074
1.4593240125693956,1.418715681346163,0.4579106468630299,0.03400811382081481
1.9157307805599197,1.6619456443443636,0.14030897265153158,0.009603781558792258
1.0493634762341568,0.7304406037989586,0.2612909419050325,0.01866869101682836
1.8865749879564206,1.3883895294479272,0.4678560597111405,0.034798292769379714
0.888568074624212,1.0526493751801045,0.16057605009200365,0.011093808806943696
0.8496470779166139,0.11773650832042404,0.07748257265517053,0.005090577379214546
1.7320458152130758,0.8259324025975543,0.466931301613867,0.034724769994113454
1.1416763467617081,0.36511456041905066,0.22869573976554464,0.016190296957910764
0.46871827574954006,1.89033514502066,0.4907607774151621,0.036622484008409825
1.5378344231564771,0.6115411685834697,0.4620404371496483,0.034336089953001366
0.6304858116103673,1.7737325810882834,0.3273994344001368,0.02375889479884579
1.8514500560358402,0.4539599569078505,0.4816747905188027,0.035898133671810044
1.0805822390315196,1.377820647005661,0.2782516407208951,0.019966956436742223
1.8504301470645264,1.6598379161580255,0.43828773715763814,0.03245253639847687
0.6851386657725111,1.9405335039321674,0.12213445762904127,0.008280145673290067
1.3168178906172872,1.809489644364603,0.45793844894499586,0.03401032110239122
0.178967565165703,0.08365704924381867,0.4752072825718383,0.03538310600697378
0.20893491228146344,1.1038851403845575,0.4214472358109086,0.031121349736301183
0.34343470670006004,1.8672392436092782,0.2147096321509308,0.015134121499127304
1.3057343273221225,1.8572628804791766,0.09962658088581883,0.006659951237744008
1.1232919392453713,0.021349647972254582,0.31563628151654743,0.02284750329567374
0.7783065670069833,0.013578018872369535,0.38441316980595214,0.028207024170954737
1.6065193498553638,0.25818442010854303,0.1394575446651151,0.009541495428125437
0.4934915928425214,1.1299853454240754,0.47513597104387933,0.03537742993276718
1.4909343460110647,0.647674320957516,0.1695529497300555,0.01175805132771808
0.6019969526241582,1.581504633256621,0.3481310958335393,0.02537061555690678
1.5741258288008986,0.29890430892282116,0.3362046329181813,0.024442593296007675
1.5988085477522642,1.878155962284399,0.273315221958896,0.019588516933487267
0.410087458123239,0.9071013168153945,0.4115229103397508,0.03033857222867758
0.6985839398104206,0.9796609387819801,0.26815142339786713,0.019193150417549588
1.2750871144610034,1.6392604503391217,0.2274618200373445,0.01609693276037837
0.9458753169261997,1.098989559614995,0.3994528614697242,0.029388308592114765
0.054298559314202244,0.8092196030499061,0.24660013061474767,0.017548854495095488
0.7075233902277196,1.5505147555196592,0.46091624522785496,0.034246789732196865
1.3304151548771228,1.9885974163509104,0.05033474649418641,0.0032099975631084176
0.9540324944785963,0.15225506784395315,0.09840499043075376,0.006572691340327366
0.14618361125181067,1.26463695586851,0.31798587414816853,0.023029361697643226
0.30522939459666065,0.5286390877444824,0.45204182209394966,0.03354237996611544
0.9036754362540551,0.4270951079963363,0.2330289780377937,0.016518444506907592
1.2048014036123358,1.0406186948335125,0.41835062323690314,0.03087696761132604
0.2190184018485397,0.02085066571355787,0.3822342906355328,0.028036146710337783
1.1197068953190168,1.1769736613580026,0.43163524065755987,0.03192624881181729
0.12513111336417548,1.4317732825697778,0.3641910108575063,0.026623728225849207
1.9808482714521236,1.308010893466592,0.12328381538304956,0.008363470279973034
0.7918027121088735,0.8612232096104675,0.4970969184678322,0.0371281609220688
1.148885312695598,0.42699146670987687,0.28454179475934727,0.020449847703480028
0.14207536136379462,1.2453842516960323,0.32185133524053106,0.023328749774098118
0.8256259446044387,1.3872385067266941,0.09408223943786137,0.00626451721293546
0.7268607444569148,0.27883049924766135,0.19555371068981264,0.0136952937664068
1.7695514520988596,1.353282684207322,0.21145002719545936,0.01488863944030084
0.03419328109035713,1.700490804487313,0.46937135839382577,0.03491878806900256
0.8180950275547982,0.10764310772545849,0.09851033272575316,0.006580213155006732
1.0273598540271789,0.9956393492218163,0.38819501362149383,0.02850377178663794
0.7130307156915574,1.4017193324879988,0.076999535355561,0.005056659570570695
1.8075836077706964,0.4990969438967463,0.3420472994051943,0.024896944100743622
1.8103859752153906,1.5093851120974573,0.3921816596652971,0.028816805505486695
1.189137079144145,0.07129653385603518,0.34646273937488015,0.025240663600432756
1.4869206431794095,0.8648619301723484,0.43494302542907165,0.03218786251106645
0.45437768375601384,1.8664854320371305,0.4943266531639367,0.03690701558708251
0.08096929059625779,0.07372765185973851,0.29104541497677916,0.02094990159976402
0.17581160297564224,1.494526901955096,0.2999597834739454,0.02163656498935995
1.6952569139811966,1.667229585521887,0.469618374188445,0.03493843310776173
0.4392541274164212,0.7010954054157832,0.35270980157525866,0.025727481287269555
0.4443023535691524,1.381905081597107,0.10820382120963015,0.007274669548662255
1.382956917926668,1.175972711678691,0.20266105254085948,0.014228049815440963
0.574507494025432,0.4078928896601268,0.087702179719592,0.005811470491409319
0.05281787064877963,0.09985223588279712,0.42143410450369684,0.031120313162054634
1.3396318247964425,1.0543172492006945,0.28136590221800617,0.020205943285069448
0.9895815222242448,0.036358714037735496,0.30987906424108413,0.02240229093410334
1.2720119762251103,0.4086509588939191,0.23682464993475916,0.016806229635395645
0.804657467841907,0.8200126620089621,0.15989546750772252,0.011043552004877938
0.7878198062345598,1.1032677830896478,0.256620881930535,0.018312223221348192
1.6773893506729627,1.107551056382137,0.4121931353616293,0.030391395324710288
1.97011525602883,0.16838323839487734,0.18759612119809743,0.013100390258124124
1.6528189527552684,1.9154123145719129,0.28886821818628383,0.020782413383531276
1.5547059723230874,1.2831373908089452,0.19252715805553577,0.013468830299910093
1.7067646899728215,0.8960314363609505,0.4181551007250917,0.030861541314227376
0.7196067286880103,0.6150974982451818,0.2034704293666087,0.014288802198009634
0.07287175960619452,0.6012389198295711,0.32453628575192933,0.023536851073781038
0.21158765806752222,0.5044756982359095,0.2927653552720596,0.02108227498474745
0.5454840315149962,1.5830559084858262,0.29094623630142225,0.020942270060765742
1.0697962946494788,1.8190206296910827,0.13799369866820252,0.009434469325940723
0.5166499649740355,0.9022086670114506,0.4209779079731663,0.03108430277916476
0.28354068356811535,1.298675553136326,0.45633987809225945,0.0338834213263563
0.3408631457202831,1.8070037441795068,0.25237237067977397,0.017988320835594335
1.576404556474549,1.7456006946997602,0.27068933893145636,0.019387401031301172
1.8318504824802133,1.6315731896966548,0.48192551540091677,0.03591810932052339
1.7646408487236804,1.1149125815159675,0.0758993749300131,0.00497946366800833
1.3752891558145237,0.3226706729251887,0.18427057514292633,0.012852286189665664
0.9315197496991003,1.7048924730742125,0.4300994345633482,0.031804828395816484
1.3966484033010498,0.4901491128059583,0.2178819585829747,0.0153732776611229
0.43992114266018123,1.1713038038859451,0.37275207470819466,0.027293296117633006
0.13428573506415198,1.4435201460399203,0.3476788313494008,0.025335383426589198
0.6690255083070236,1.1897566093118026,0.06188042129103985,0.004002933448876514
0.9527908671529168,1.9441877581772133,0.192785207937274,0.013488129500678275
1.4652447566155091,1.347291758458966,0.3843412111710201,0.028201379783354
0.20155640384036544,0.18974915275323667,0.4282306954851027,0.031657126739820296
0.9569162508507567,1.0512406024323397,0.4706307668586244,0.03501895562043811
1.6001140741461481,0.9888756331894049,0.2828467495993043,0.020319646931535543
0.8412441602905376,0.5212140562624334,0.48999196699924225,0.03656115704914858
1.2399090299697428,1.7757082075606716,0.3740261816750612,0.027393036417639467
1.1845575923551863,1.6670457406270056,0.28906218298566483,0.020797331256401073
0.5474149459139044,1.8031966812436264,0.3217977150928834,0.0233245950770246
1.9562098498303833,0.6230036156257117,0.292300874294059,0.021046521395574433
0.4354463390746308,1.893455458869211,0.22557269933850366,0.015954060717872805
0.05109605347024182,1.7773391016763076,0.25554127195217563,0.01822987948788566
1.965637416647551,0.691736129701511,0.32612344814834704,0.023659922526647104
1.2696916895146113,0.9246119493702816,0.3979151073409103,0.029267383644171082
0.27223965864006394,0.04714867947713741,0.4527250658068424,0.03359657896216825
1.9893929887742179,1.6140007337121447,0.475634407655175,0.03541710445642767
1.128497449509098,1.502497268269034,0.1974122080474851,0.013834476992782374
0.07673262336377373,0.6567429444008777,0.10216804038689623,0.006841726921023061
1.6015037106043595,0.952922841780171,0.2192909536282301,0.015479576631990193
0.619613917457527,1.999650202435068,0.18764015041208865,0.013103677128165039
0.31787260336349665,1.2977118449183984,0.18041697310899568,0.012565172793528178
1.7431352425951405,1.6396971841725683,0.27481519460095316,0.01970345949227322
1.7860334436898564,0.6414733424331662,0.2948795545004685,0.021245065595206662
1.3824796103711512,1.061666125277145,0.49418528138163326,0.03689573241910084
0.3568992455355293,0.01867663948959608,0.23524652029217763,0.016686538025095784
0.6262042398816046,0.6385538790428411,0.3850389597099132,0.028256113788487944
1.9650128265400286,0.9738078136979804,0.17189083957356033,0.011931446667346563
0.449293600613178,1.5379789694406296,0.3063729132895094,0.022131435001532595
1.2048299696822933,1.745238694424213,0.3343371096548858,0.024297481093360603
1.1568976427815776,0.38930227705061426,0.18921456467285952,0.013221245229583388
0.7777474152910757,0.28868548560923646,0.49374987587144525,0.03686098322389013
0.552709191377941,1.549121500802678,0.09178581057844408,0.0061011962311755
0.6741780269010649,1.465470842933515,0.20981398826948539,0.014765526874691756
0.8483942269184543,1.641799437790994,0.3073958348362155,0.02221043538718455
1.3283553003848454,0.7798431882609145,0.13954497450081424,0.009547890143084738
1.146435826907017,0.4102940094110421,0.23055155898253493,0.016330782417362563
1.8756053119904441,1.7765740298480892,0.2513179022579071,0.01790798720175459
0.20239455051744204,1.738977844389381,0.49064782190543804,0.03661347328563444
1.6792779276276715,1.9805645277829342,0.19697271283962148,0.013801554917212308
1.6580715462483127,0.5391002935469353,0.4228774999251151,0.03123426689813719
0.5139272716316261,0.3374312337336942,0.20655838517572694,0.014520738951243773
1.0970506735681524,1.7190168475242993,0.22859167810098502,0.01618242181588088
1.4967433879078917,1.78051132738466,0.33084657786432287,0.024026406379576266
0.020363950310828827,1.493434565499393,0.4524371237965238,0.03357373698346462
1.19198837455566,0.5588881053243175,0.3205374620331913,0.023226959551366617
1.9340147663150744,0.3316123312807664,0.3458364512405221,0.02519189177371528
1.6612176810275219,1.828434386425167,0.2886853736823116,0.020768351407719838
1.0678905087885546,1.9607413542750007,0.49648562815465913,0.037079355378587524
0.5460504449081045,0.8208297854704676,0.3738282345366994,0.027377539077214557
0.4966308859458899,0.8116663670053383,0.2114001279826857,0.014884883530702758
0.9207155443106261,1.2613695757475731,0.47398485840118415,0.03528581472534326
0.3311997924198218,1.4899991494381388,0.4002646058729378,0.029452155003330212
1.5626477418776252,1.1814299076820558,0.05877706956595005,0.0037887086528859133
1.0755860105019768,1.7083404034040581,0.2598876076054247,0.01856152730554563
0.521295708118817,1.5136524642641853,0.36260026147270136,0.026499433248469102
0.4038095293220556,0.7925710915072735,0.09043011751787447,0.00600491178397098
0.908339760647213,1.2041453315279227,0.4298664074320043,0.03178640794478509
0.7825007643520783,0.0072155289366955255,0.3443896055795007,0.025079242821286523
1.1517386304159265,1.815363951459578,0.07811608354535424,0.005135083216862854
1.2750949032223313,1.1800718698848511,0.3647327693624828,0.02666606769124222
1.5630907961667826,0.13310306082021528,0.09749550985637281,0.00650777435429074
1.5364842866920512,0.29654092399383347,0.3776530454239137,0.027677084555613872
0.8099442916968864,0.9004163833411172,0.30800399328407085,0.02225741215867731
0.9992890325861228,1.829910462907394,0.20843097957578294,0.014661506563738224
1.2201574110988218,0.06450656834638102,0.3291367194513088,0.023893690631319034
1.4035480411949814,0.4147747399661237,0.30399094126808834,0.021947545565333987
1.5525827773542493,0.794335376802001,0.2532831659912394,0.018057727523221552
0.16701272758555952,1.847111643156491,0.22953994389522614,0.016254193471089792
1.1069760625353777,0.8965157583551582,0.33948444363329344,0.0246975789666579
0.8145396157661455,0.01935766573044906,0.4169460185882399,0.030766158450109507
0.18784299867902088,1.1742807685089778,0.14487422012520834,0.009938193096278632
1.8707077248253625,1.6378962126986552,0.12338265375559054,0.008370638242917502
1.0300685697685172,0.4456931284786616,0.3518579146037629,0.025661060624169837
0.8003425912402851,1.6085930325327216,0.25361364094882927,0.01808291545865173
0.8687753641174134,1.9433229127339386,0.12703597264431865,0.00863586000643239
1.6979711016758647,0.37737646334866737,0.3659181819755207,0.026758725086411386
0.8750305880823688,0.444668667639448,0.30131614004594415,0.021741168079381007
1.1617226261238771,0.9824319223609419,0.4038013410253758,0.029730435098152774
0.7997835792680126,1.112252319641785,0.09140647841745153,0.006074245235790022
1.0910775261130126,1.0896844751371229,0.1893638543865898,0.013232396830190576
1.0282372692822306,0.5135209004309416,0.3267671189206219,0.023709845718038244
0.5818183519096498,1.3071066436106757,0.4182005826758991,0.03086512969592086
1.2955451539184069,1.5211042077360764,0.4747062685486,0.03534322880750503
0.036804410192016634,1.0614416907706545,0.49693515425848483,0.037115245231399904
0.6806252840081408,0.753615174079757,0.28549056292595226,0.020522748408155926
1.2310416213862958,1.3943559366541571,0.29671696396678776,0.021386609196173568
0.9709755633030874,0.350541774226929,0.471042658031167,0.03505171956434175
1.7914126209713377,1.2941833322523684,0.12416743137034757,0.008427565974779477
0.19568847651820276,1.430718521606149,0.2452689851997053,0.017447608546379497
1.9713318056544862,0.9330921955832889,0.33519613123407094,0.024364222739250728
1.4042363349397602,0.17477711353020475,0.3538549370042169,0.02581678363835583
0.9091503971543247,0.6033514268020688,0.17336798636109374,0.012041086945359157
0.5768539743088661,0.41721146421119903,0.3520757197296319,0.02567804158861837
0.910120666935909,0.8026495012571628,0.3647901312416708,0.026670550886198508
0.10319802053464544,0.1581704675851101,0.21348294553570518,0.015041708884658717
0.7845097051016108,1.57776770164542,0.3965362117956482,0.029158978331597408
0.21277080121876102,0.7963543470003154,0.49432896891598965,0.03690720041379294
1.0775735617354596,1.0361980943844458,0.062331733232191266,0.004034150268442196
1.361263177756991,1.2740132915133329,0.20541564095897302,0.014434879208401105
1.5709795781010505,1.523004852283326,0.16424660555870452,0.011365108536868519
1.6542620999983222,1.6070584524428564,0.0918708572349398,0.006107239727666669
1.4148453878055007,1.4976988076103022,0.1592969889542205,0.010999370269022143
1.5484384864885832,1.8401746708007225,0.3889757667819179,0.028565059575141778
0.18440916803955587,0.5358316486170418,0.4559357884333569,0.03385134822148513
1.594361462813918,0.9862221347171256,0.4602188208943648,0.034191397359203624
0.24218032046668259,1.4140488448964466,0.09415667954635884,0.006269816000582021
0.7410966499348053,1.9146256503826669,0.142230803072194,0.009744468539390854
1.3471361597637406,0.07425574011334479,0.46787257487988404,0.03479960589697572
0.6982002259881122,1.8407006911670596,0.46151538326105795,0.03429438041268334
0.8343786054683286,1.1030654632762142,0.3341676408030517,0.024284315614333862
1.9855710740538517,1.621657987271563,0.27405838467200866,0.01964545989590464
1.6749298556359642,0.16356831113415882,0.35853440961282423,0.026181914699243036
1.2514235426610458,0.12821929613526528,0.30624300632610807,0.02212140356821473
0.806102163194141,0.023293104661522124,0.31931180101888457,0.02313202937598895
0.6218720869781382,1.0238217239915985,0.22471614374478277,0.015889307553115534
1.8790551388638144,1.6342989319046815,0.3015836159771765,0.02176179983515215
1.466378880065427,1.1395832609619754,0.3892625514007335,0.028587573810040626
1.615113120802974,1.7009815557849033,0.1905072314289018,0.013317824565738226
0.2883195082714969,0.3022209571231329,0.1338780355949082,0.009133983191374534
1.5494687343335805,1.5204592841396745,0.25944755840023254,0.01852793175987396
0.26253218201497197,1.6004672776821272,0.14320105703050323,0.009815545624144134
1.0562641486382292,1.1230106713979635,0.2264304725117433,0.016018922932593146
1.6606401374063433,0.5792218938564226,0.44757199481941423,0.03318794621838132
0.8000214047612806,0.5478730543043326,0.14083169828581826,0.00964203443405878
0.9816984478240809,1.4575619426887423,0.2691454434273043,0.019269217099962092
0.3123687134539266,1.6480385105098685,0.4677540188214095,0.03479017952882944
1.5650428035525967,0.019478971836188963,0.10404161139056545,0.006975932837213369
1.4520838557191995,1.5632120191619754,0.15506751375637925,0.010687464705936607
0.32474146299967677,1.352255258651856,0.3433437770945801,0.024997836709610994
0.27955050913065893,1.8516369552417176,0.1311396987618665,0.008934407836248963
1.8034452664767926,1.1239301670232071,0.49846999094449035,0.03723780240039535
0.02310739138363327,0.006185100023414991,0.40275204469813397,0.029647855950018766
1.898906184904536,1.0304466842024882,0.09861918266156469,0.006587986010763251
0.43532824496783884,1.798562183639588,0.24071937814094968,0.017101856121186195
0.4988274478209336,1.9173310006768585,0.09564317686097877,0.0063756879300282485
1.7738327952715884,0.8874092548616124,0.3133000046751559,0.022666768127620116
1.2927515156237734,1.6643362507948054,0.38508442681300775,0.028259680635763756
0.37423008544361935,0.40636846892349565,0.26206859543371264,0.01872809258564636
0.46171395401391235,1.3115708119017353,0.4315522440573104,0.03191968636003202
0.3573247707465159,0.0827312142049188,0.23038257094016457,0.01631798678880453
0.2961291398778001,0.8791789081433803,0.35798464029078275,0.02613900002880293
1.4614464058264847,0.5819968593002174,0.18462623796296473,0.012878805942378556
0.11957354841728685,1.749681018090344,0.20752600157352818,0.014593466155614057
1.0522158006299436,1.4275639052499307,0.24148901361984804,0.017160313970712743
1.3929258161670321,1.7751499298475384,0.22826044891164055,0.016157356817111636
1.7702947191406042,0.7009474461606324,0.1831953226535606,0.012772132233793379
0.6589737498000934,1.233142694348566,0.3921796217555237,0.028816645431362378
1.901527707914607,0.839053184483042,0.4371293740295357,0.032360856922459595
1.83091997705166,0.8048917089219205,0.1888044011103726,0.013190610074924995
1.4197299393275984,0.459334496388627,0.22675002545600487,0.01604309089869519
0.8045613260226563,0.25994825021000056,0.37681841775054253,0.02761170157761754
1.4703642969199604,1.011018641276641,0.08438982274973211,0.00557714611642552
0.6504650443924602,1.6146924700997485,0.38833740385076143,0.02851494854262213
1.4953784997168607,1.3807491032856973,0.16679140785006136,0.011553447386579685
1.6750499339508407,0.9296826491840144,0.18141170947832452,0.012639245674525883
0.6293841087170446,0.28216534058425213,0.21087748365961362,0.01484554781425344
1.861159155655981,0.34412509103595146,0.13830613949375922,0.009457306249733928
0.7210775266852876,1.6692024808975718,0.4532876714507752,0.03364121245951245
0.5789439772086573,1.346675097681466,0.18931346768774338,0.013228632991036774
1.3170543147953635,0.11052606755401495,0.38248893377489507,0.028056113504603093
0.47389496305937184,0.7957229241432004,0.30961400265873223,0.02238180707080177
1.3251748599496562,0.4298179450565762,0.3140212461202871,0.022722553719743348
1.5765014263451254,1.4525755728354752,0.3295208799439532,0.023923504256437914
1.545648927226191,1.3708260959170318,0.4340936559215206,0.032120672477327826
0.1809256923652176,0.13737537984731985,0.47467164801200123,0.03534047336303631
0.9547511027845055,1.6186303484617999,0.13139542392935424,0.008953033508956923
1.0332083149114282,1.186876965675537,0.1498001862267123,0.01029984380010222
0.10967834950961786,0.11889905136235179,0.06635722958733908,0.004313268242953499
1.1519427377980116,1.7915496184371453,0.25920493579336495,0.018509410423952648
1.7182224922102434,1.9719095184554494,0.312383159494551,0.02259586603989061
0.2607235879558072,0.8476187716708565,0.3828992144063588,0.02808828590180926
1.9145786961260944,1.7833700586080565,0.05433516325553801,0.003483449320905571
1.193586682486757,1.2098433582099364,0.35973501158108495,0.026275648760758122
0.5002285747291662,0.419101541433899,0.21869758027690184,0.01543480493796341
1.603222784042292,0.7557236882425353,0.11162782377527505,0.0075210190833037505
0.8701512472582291,1.0226736602986315,0.12858102705506236,0.008748186413699646
0.5128381616285755,0.7369366887037916,0.07652850486195563,0.005023598988176859
0.4195991908583523,1.9478402230405518,0.25589918221676394,0.0182571752723555
0.557347064045326,0.8429455626274602,0.41547636882654065,0.030650245456724165
1.8949625277727145,0.5159063440194975,0.27056991723508506,0.019378257735452722
0.08959797874225695,0.09817855900189487,0.3639249099388572,0.02660293352016283
1.3015505249498198,0.4751083647746195,0.35552475207752143,0.025947038383495522
0.5614719284086029,0.5843481222587121,0.12711411634587533,0.008641538848301406
1.4946667001018552,1.0783410510659353,0.11766016069159099,0.007956293606525274
0.021335769165418794,1.9659649474942014,0.44426920081623045,0.03292620878970451
0.4868448180640177,0.37951999954509885,0.34671861751475685,0.02526059171388548
1.2202662004528217,0.2686240084728011,0.1631136556336602,0.01128132435776712
1.3995684716815875,0.07445552897926633,0.28762619187898286,0.020686905283965582
0.8586390736686285,0.1090038785055305,0.4759130579600246,0.03543928569495566
0.7096750015430819,1.1749298854765517,0.48649132059229055,0.03628199933937816
0.26229699125187267,1.3300503466386584,0.0637162259358482,0.004130011201143614
1.238649297341928,1.7409283942143912,0.4643199640893874,0.03451721023602962
0.6277448673419475,1.2115091692184818,0.2750019854631518,0.01971777626918664
0.5216152205258209,0.2664901776179478,0.39322150428536967,0.028898490898347895
0.8534255376390758,0.44903780863878784,0.06025059943250269,0.003890331768528176
1.1909198061717847,0.7964792755678076,0.24012247039117957,0.017056526724949114
0.41575898728994676,1.379324012915515,0.3588581015237208,0.026207184023935792
1.5232196037315118,1.7225137138777222,0.36590742902968026,0.026757884492671278
0.43199934190084055,0.1286420309183156,0.26660732536085885,0.019075028008526267
1.430755213630725,1.9650312510519876,0.2234365826564016,0.015792608114648814
0.5963005145097049,0.8443660504600672,0.4743501443003192,0.035314885582580925
0.5695286691791177,1.0291582056733666,0.3242724686599635,0.02351639823717431
1.9452406284137518,1.0225354010720402,0.4915316565886776,0.03668398264580905
0.42889499859021774,0.7141031928993566,0.12784260180753923,0.008694490755289698
0.7888278697641131,0.19300134756577103,0.1697225055325211,0.01177062132959026
1.7545681461426588,1.279453754425921,0.16016284238967324,0.011063294224524515
1.9148317192717277,0.21154705452408162,0.18323519278273398,0.012775103746788032
0.06093148164143747,1.3469824470323177,0.49436827631732827,0.03691033765760095
1.9120140480869778,0.7237356865266098,0.4944083277420709,0.03691353430189366
0.649664508866109,0.42166093571653196,0.09094411789235288,0.00604140563396072
0.7630700040821663,0.7478936822988815,0.42411003273050757,0.03133159462048796
1.6765546651973757,1.063633141224645,0.30375334618731425,0.02192920854555327
1.9603574971480144,0.6278902448491535,0.47761944473199125,0.03557513773951778
0.506919441121062,1.063209981800357,0.4508058814734022,0.0334443520961308
0.006370308880374598,1.6216172134973974,0.2144837846379476,0.015117104501424613
1.6930752195950194,0.6267670843295741,0.35712530678015675,0.02607193007084162
1.0725726335087056,0.027404235588608383,0.44959776616193137,0.03334854909400058
0.09934618729962619,0.9075848520899141,0.3618861026540683,0.026443643879114007
1.3213625810663525,1.1027414674951381,0.3988126890117586,0.029337963200799667
1.393062252400406,0.053782459335144805,0.4703585530500494,0.03499730341875212
0.739275304065939,0.6331263976223418,0.2946742822057171,0.021229256354037586
0.07345035866579508,0.9314129622839364,0.17483843805698623,0.01215029432481262
1.1767784848238876,1.9874600663875985,0.39885432271679333,0.02934123725090911
0.0989148535208848,0.15976819697357914,0.43886227427874486,0.03249801475454333
1.294310749620741,0.04918252348415697,0.1353935997726573,0.009244561999533095
1.3448041586982316,0.12915770536870275,0.07416999518120436,0.004858273197359837
0.5038576020420877,1.3012501982953597,0.35930475818453134,0.02624205529392819
0.614284131937251,1.52631618902817,0.2795979350036912,0.020070247850871706
1.5444093614027745,0.437196482031476,0.08998133121022497,0.005973059809396492
0.9621634889016273,0.7187170978218569,0.4886221697139185,0.036451906644809864
1.9697373008729726,1.8411125099308447,0.21577159828927478,0.015214154306357672
0.7314866221361291,1.241022001212381,0.42013014353020384,0.03101739069851156
1.0999714870720956,0.3211143762555355,0.0766626500825007,0.005033012916630613
0.9036122039175474,1.148220203552188,0.14875505567625963,0.010223043704846828
1.5223294240288758,1.4263344787907821,0.24792045525555528,0.017649314682880283
1.4687980828876048,1.123089808836893,0.4903409873245792,0.03658899710263953
1.9797130570689756,1.9105272026269517,0.48472062620868667,0.036140848706464376
0.6686075966819534,0.03471227143638855,0.09198665535857534,0.006115469073318046
0.4618356807743309,1.880211534864382,0.19760805333698056,0.013849149165617103
0.9094213912929359,0.5269718505819947,0.22404972577859417,0.015838940026734152
0.3648057264380422,1.14112706937451,0.41301709057864655,0.03045634262888944
1.1223484872133773,0.7043375137548191,0.2002018023954914,0.014043559765046057
1.7356698697900113,1.0394416749966107,0.4947867918526513,0.036943741728248776
0.38731941728658437,1.3746160311370037,0.3901670300313597,0.02865858805563886
1.4529904776245106,0.23151092457756128,0.2535958944959281,0.018081562812938524
0.7454026500586421,0.7878973582365105,0.06340161008486199,0.004108214770128208
1.52821940431664,0.3314601534970276,0.23161896755132533,0.016411620607836876
0.5798586228313238,0.17144210375677993,0.29287983912375726,0.02109108802161602
1.8402105405338707,0.4473979768949903,0.10548397604435122,0.0070793648025346025
1.9442782321327692,0.24134316432404912,0.2571406486399977,0.018351875264740088
1.9626036098632105,1.5898057644054395,0.45221073990911115,0.0335557790163813
0.6618559844249126,1.110599188727908,0.20863687591058333,0.014676989646906426
0.6960535673309767,0.6901567083666493,0.4853433225211821,0.03619048279894898
0.8941100082411355,1.4275540324471256,0.09636954001635814,0.006427462688066816
0.8929507312230685,1.9370607282226369,0.21874250549342705,0.015438194379358835
0.07642646918731621,1.6483961237792975,0.0905227537671068,0.006011487870934146
1.1095975809160104,0.8984670816188223,0.3110903936527749,0.02249591740627246
1.47863249376327,1.3847114038389574,0.2338655052313494,0.016581841799297385
0.9190319657608761,0.7574798790162562,0.3696958377967809,0.027054142222018674
0.7323519563083225,0.7965343261996816,0.3131802316759874,0.02265750494765224
1.9925456690976386,0.5520475170555219,0.3483743625080213,0.025389567728432635
1.3981189753324725,0.6342764553297016,0.12118279645722119,0.008211194322579102
0.6673232253243597,1.2252304880681726,0.39341795072527386,0.02891392449890479
0.24889803564112678,1.9578867852205624,0.14012553839615297,0.00959036023425143
0.6092302674291334,1.2785898669334945,0.34306301675715983,0.024975985551883427
0.3781626296100131,1.6510315314721709,0.14935197203623296,0.010266902804741383
1.6879547275840425,0.37931782645350376,0.25071489940447117,0.01786205847103849
1.064035579479462,0.3322453806189605,0.3932026081952472,0.02889700637565532
1.9928592284584874,0.44601934587953385,0.449935530899027,0.033375331899321056
0.7008856096792131,0.081415663757056,0.36346035034542923,0.026566632590307306
0.6240285606819309,1.5358078511330409,0.1825674411341055,0.012725342236491861
0.0570347883860729,1.6934120341155938,0.26191337862864894,0.018716235276698884
0.6108625415773725,0.19206469241671242,0.4290526949002165,0.03172209057516482
0.6629159517007321,0.6097609393269259,0.4036718908980585,0.02972024663001848
0.028555211735068697,1.7664804762337822,0.1650226949556787,0.011422525117926978
0.03135266363471656,0.6984802645918242,0.41161938627569006,0.03034617551487501
0.6295623697275126,1.2326704209820276,0.08254500180978,0.005446912242491789
0.8063606897510092,0.4613486227570358,0.2540127961035741,0.018113341038220643
1.3530601431298772,1.3569759472361786,0.10086038636885662,0.006748158640047424
1.7490601208873828,0.17707732019873346,0.21311990396472863,0.015014366111353759
1.20612245874768,0.6923628623280487,0.3315676146788469,0.02408238599965767
1.9770856251516769,1.8097113311229314,0.08231715280656114,0.005430841237367339
0.2714090507060334,0.6990224154418994,0.4375403892044604,0.03239338509521526
1.8986367040011844,0.9751156012491455,0.33200645202268414,0.024116460422864045
1.6140243912214185,1.2460134930098983,0.31456334888963255,0.02276448936100677
0.7728113357875297,1.9350300960697935,0.39123116407750835,0.028742152031310236
0.047087470593129455,1.31955598935222,0.24708736750692323,0.017585922816950542
1.7573580675107177,1.9434165542963662,0.474217524200875,0.03530433098616538
0.6298292874806044,0.384159816955977,0.4752365539258403,0.03538543589101203
0.25185225160523794,1.073151771314989,0.11841213170310462,0.008010663154999228
0.557865886773532,1.193552322975564,0.3824341774715306,0.028051819936891133
0.3448383944225861,1.6107165170403839,0.33423671366450936,0.02428968160268815
1.418756175381499,0.07858754494340303,0.26589217032980844,0.01902033512976129
1.8421024375654678,1.07084194223797,0.13729939701530097,0.009383734214918326
0.23902725268552638,1.7492877799434416,0.1273789996450223,0.008660790180449011
1.9234629122196407,1.3716868125766644,0.1708176411107103,0.011851829929430258
0.9700817954615528,1.4848503981811967,0.328946606558385,0.02387893738750249
0.5598878003168735,1.3614466112918335,0.16594375047265755,0.01149069074500845
1.2849127870469093,1.8444143045133357,0.1939379314837763,0.013574361866751062
1.6454407362203134,0.1999952804957943,0.1892432524790884,0.013223388096072897
1.4474704409474943,0.1767628717007319,0.11747044340925464,0.007942580312358269
0.1896124697172885,1.395662799131723,0.06090127456708069,0.00393526094148331
1.962483050023187,0.9653321541922,0.2652649061998739,0.018972372233515517
1.552285230619656,1.8254618432304945,0.10507268664351002,0.007049861235337499
1.8977211686813706,0.644871164379345,0.41500291929540145,0.03061290995900141
0.20094924460965435,1.0812481144042076,0.13033266275687477,0.008875644044051298
0.5247059799969052,1.3742238679428478,0.43480878717924115,0.03217724288736196
1.994666279788194,0.44091651127251397,0.0888081534821826,0.005889847078707646
0.6515969590540391,1.1163811353401714,0.2590989789821761,0.01850132226313947
0.7193356492234713,0.38498812068753097,0.28045667415798603,0.020136150628367745
0.04710051788947989,1.2240859432558262,0.39994984712860693,0.029427397114254832
1.4642331927894987,1.058691008317157,0.41133273058617453,0.030323584487647368
1.1067846990290806,0.18794156797995898,0.16811214821085013,0.011651272736316288
1.7982369722876272,0.5216678102736081,0.058814672112255294,0.0037912997746576828
0.49741338846569616,1.7011448766959028,0.26950708957728164,0.01929689663006478
1.4126046178192417,1.3527748002153464,0.4378081705657588,0.03241457872791776
1.5394710747749074,1.4112853940820824,0.44626984590565116,0.03308473849493833
1.3165845379320882,1.9898515858643218,0.18534177152869402,0.01293216988276391
0.17894170655630903,0.7904759582270806,0.37079932491297707,0.02714047562477588
1.6826893387351953,1.2612470985192537,0.44010874669623906,0.032596695285186
1.2092617047157979,0.6007539882678941,0.30401045857695574,0.021949051908492802
1.484472931902103,1.24914187614131,0.16505588256579212,0.011424980816987916
1.7325457563499846,1.4347581280601347,0.20890619391097426,0.01469724353173589
0.4493159686149326,0.17867232734703542,0.09433276109163298,0.006282350968017031
1.0536381342334773,0.43174311148722033,0.4762970887525218,0.03546985694377167
0.24751137607792906,0.43878158146187496,0.1631493251469907,0.011283961587299737
1.2345053955783654,1.6439600137777253,0.38707523047125275,0.028415885573492214
0.6871398648279323,1.1027922643069417,0.07003068960020492,0.004569000816232172
1.4348205011940214,1.0358701116665872,0.16530914775787275,0.011443722157975256
0.6347358615592931,1.2866170249545628,0.34401118061892755,0.02504978467631944
0.32174925562084344,0.7062838601838688,0.3177585458020218,0.02301176242753959
0.4149360690558941,0.15090491650071258,0.2765955548016285,0.019839944260919482
1.2555935282613713,1.3847588319254618,0.3686856459459362,0.026975123537477524
0.6743445979416871,1.8371735126935547,0.3213615124949173,0.023290798182917294
1.0627257750781611,1.4000886526304257,0.09334849928107375,0.006212303713452561
0.8063587656625022,1.8583930961110227,0.4066142889706381,0.029951885792655605
0.48574127574100046,1.4059136972034505,0.40506976874651524,0.029830279554181518
0.15409470551193705,0.28667024222851833,0.34155805019733826,0.02485887730923817
0.6254050865226015,1.8395010101166325,0.21039832943623465,0.01480949119755344
1.105054023951468,1.468278773794582,0.2277333571691253,0.016117475550590288
0.3280363624453342,0.21485795074125869,0.21020700758357197,0.014795095705804593
1.784517348596614,0.8823121184550728,0.1565226078851766,0.010794706193463297
1.3814420070885005,1.6969706924020513,0.41258936644691463,0.030422626658547804
1.38193677784064,1.2003095011890732,0.10881367123913438,0.007318508051924331
1.6722541289309654,0.5981056062625201,0.4113377408407145,0.03032397933110504
1.464801160291381,1.1723505754804349,0.38565148321072257,0.028304168064626784
0.8937245618733436,0.7494173976002894,0.3502095535388428,0.02553257130404417
0.8989866305403302,0.8959465026770539,0.36850709865800557,0.02696115885972022
0.12945338339897727,1.6143942474142903,0.46410001694488057,0.03449973161101028
1.6512884672480026,1.9958308246478949,0.4604475515343606,0.03420956347050234
1.9689769195291098,0.626415987763624,0.14187043751040923,0.009718078047322122
1.01759862820898,0.5722938168568312,0.1259474279498799,0.008556778652248825
0.3030929855026048,1.4779833072228181,0.4972718067416415,0.03714212479968808
0.28681530007284883,1.001177653548687,0.2880569611990719,0.020720026936242874
1.7193165299610818,1.9370904233719248,0.3002546687643104,0.021659303961083468
0.10841337388106198,1.2682725499658734,0.302830115285778,0.02185796519450779
0.7995580941942941,1.3869085306802562,0.11589725980732071,0.007828925303565465
1.8970891257973996,0.018204118100236588,0.3669214323187414,0.026837160012815275
0.09129095167817347,1.6744804888883442,0.2230366026011853,0.01576238850974633
0.2814496023873492,1.307859550653596,0.11418201770568782,0.007705128541428329
0.012134761228345115,0.5877768483597845,0.4269578207196387,0.0315565465378784
0.7516551599139443,0.9068427659083442,0.47650040699500096,0.035486043034000644
1.6031887841262136,0.36664327160158505,0.26142014176938977,0.018678559188220353
1.32291070903989,1.6245025911400544,0.3832981073805086,0.028119567609796673
0.41678250350167256,1.5340336578972273,0.38223402481728774,0.028036125867773015
1.5720231104492937,0.024059684797270053,0.47481681471851767,0.03535202725709156
0.6849071545979855,1.8077414790981607,0.19037764389640366,0.01330814061535669
0.06024642168793637,0.2657249288107786,0.3309786169923187,0.024036656961082183
0.5021792551550552,0.05102637086684392,0.19568496235788224,0.013705120244314138
0.058502125656197945,0.11882327390833747,0.32813592917827067,0.023816033368848598
0.6488088912022845,0.11074671786992063,0.1882359049319554,0.013148156637138607
0.7527634112550681,1.3352921832052593,0.11281165685518042,0.007606315494529749
1.4438461441445227,1.9398374148970825,0.05803861453093095,0.003737846350159458
0.42054030660941777,1.9103678559524737,0.10641474083671976,0.007146161852142964
0.7379849714625335,0.8865319761260928,0.3110178825395714,0.02249031214457764
0.8106993821751938,0.7206830186840767,0.1250072007087469,0.008488510302859527
0.7577054009074662,0.19336480794964062,0.44939007686249716,0.0333320812136439
1.772131954245183,0.32947645245543766,0.1628850326056498,0.0112644220333765
1.8460395522655768,1.4760357867316007,0.17393296550231815,0.012083039236357248
0.0651944942035656,0.6227069450858131,0.33858529096468437,0.024627658240711423
0.9862119512777483,1.2562474896923272,0.3826353106194834,0.028067591457936768
0.920902390977099,0.45662120421435337,0.07190405289733973,0.004699777369493711
0.10927645188826673,1.551171099784449,0.23326925903568102,0.01653665290729013
0.7327764920623485,1.5858271423188106,0.2144669989279917,0.015115839793039099
1.6618864654917038,1.377880061627261,0.09294941775232878,0.00618391664622915
0.11152379341880225,1.316356750305573,0.05735881424916439,0.003691063434982419
0.035385625387103437,0.5556429487128187,0.489227499621387,0.03650018311102059
1.046125432552867,0.6186714396151414,0.2856581977181995,0.020535630738333775
0.34692113052249174,0.39949509495497937,0.41388352134854933,0.030524647662458573
1.2574073838914142,1.222794998985077,0.2935124566415064,0.0211397915882515
0.00026749438177442464,1.0284072174188912,0.3980652726418775,0.029279190830643797
1.951506313288081,1.3787777225478812,0.18129549802211015,0.012630590558622697
0.4340864657243324,1.1181902899953537,0.277641799289111,0.01992017905536492
0.18428384929350106,1.4031998690812624,0.0522343005544855,0.0033396631581744923
1.1195121312373282,1.008303402339488,0.151360732997004,0.010414587364619986
1.1927607889737502,0.23094892358118635,0.46412775788246774,0.03450193607936195
1.2791445994030657,0.8681668830604683,0.05253697147338676,0.003360354179953602
1.6278507614433866,0.9714070784667885,0.21675557773300203,0.015288334078443865
1.2113079563603475,1.924703792722836,0.39160277704547675,0.02877133763184387
0.1212463504204262,1.1620472650387523,0.08112806036743,0.005347020278971817
0.14957295283147243,0.3543845958795575,0.15160381244614582,0.010432467831052623
0.2264612158157231,0.7472615883048013,0.13900948139748437,0.009508727929584826
0.18227070733419581,1.5134298681185494,0.4077689086749434,0.03004281443597514
1.539498830129761,1.7124079776707686,0.42044527264118875,0.031042262021259842
1.901803976015264,0.028782642800823544,0.09994231783991334,0.00668251681143618
0.5972437953541483,0.5611890191040037,0.06955031892292116,0.004535505504835487
1.356785830428473,1.3124802852774726,0.16783886421670002,0.011631026616501807
1.231964009881134,0.09221829220417943,0.3070452077785246,0.022183354360243587
1.9589554955773432,0.5104096105957763,0.14183980944067548,0.009715835288508222
0.02035147896749101,1.1140686698850768,0.2340517353647985,0.01659595762172459
0.8824521918543142,0.6101038996350572,0.07671469341187423,0.005036665474987954
0.3130835645384731,0.9864865231935767,0.2487324663984049,0.017711116920790092
0.6405982351711301,1.403668166783797,0.09115813105330536,0.006056604696426791
0.1970541627590121,1.5728388687326367,0.4270404327446314,0.031563073759638245
0.23197400109954214,1.6464968029176508,0.22493485103157196,0.015905839584983355
0.4677830536375118,0.7019101636062539,0.2872430182483901,0.020657446118166074
1.2859215016457157,0.6694151003131505,0.07720631852324955,0.005071177634464418
0.3104767547058864,1.145847813706458,0.1954687571489227,0.013688933753873716
0.015818208888851437,0.6018215618886462,0.2914509135466204,0.020981105517427812
0.8596146150163448,0.954215076978947,0.43526672102544867,0.03221347108597403
0.673792685163862,0.71679298201232,0.38134422007635954,0.027966362703281636
0.11201228874425051,1.9379575933697253,0.1558014737837057,0.010741549451529988
0.8236911538772143,1.6773791713931008,0.4311138885387006,0.03188502750629749
0.5011423245658548,1.012135497071525,0.40821469791158094,0.030077925999119782
0.6815790216784172,0.3547583979172073,0.3720567117313707,0.027238871270381836
0.9906133519643183,1.581234049585611,0.09825135827751197,0.0065617224540689455
1.4092304650640137,0.7697350611023313,0.4731780885895979,0.035221614358684636
0.3330370710271855,0.4590201124432509,0.09722901027034847,0.006488760020095948
1.4446566463597037,1.3239040085027134,0.27422849556824014,0.01965849571252857
0.3138913605478646,1.9849528548227706,0.461674252614192,0.03430700042471708
0.6826316861062149,0.2058554157009893,0.2597442003422218,0.018550578450122944
1.613368802195345,0.3367072228036394,0.22471887820437397,0.015889514243415358
0.9735148998589116,1.263675048689436,0.08699711389985568,0.005761540413538549
1.1987042471319684,0.1810138274080222,0.23376294478161785,0.016574068280579664
1.3621025598840961,0.12393009811761635,0.2713994682382463,0.019441776480414702
0.5857702543252372,1.956786066399825,0.11228903236825463,0.00756865220069431
0.4516328587999534,1.0950565195846538,0.1290790204676072,0.008784410746714103
0.44726603067821835,1.10973326818573,0.31991051550300104,0.023178398011078977
1.9016485401981598,0.12983093879684504,0.41937706074920483,0.030957959434396443
0.6268609603856814,1.6122926491096117,0.40269668395150776,0.02964349949612407
0.011759551019942416,0.515441699058937,0.3628730488618005,0.026520745127197615
0.08829562552284953,1.1106691022717712,0.297580487749614,0.021453151085667733
1.4042762073162594,1.3767485285177028,0.4937441917834887,0.03686052959757712
0.5414759552341459,1.2413236912340928,0.24521427736698226,0.017443448318232947
1.3112486667682786,0.8245036431198223,0.3065805074811578,0.022147466062346174
0.8280646937380438,0.5739417991749711,0.23502997465987324,0.016670118659548216
0.389727119675491,1.4340852603559486,0.184681262839552,0.012882909149372904
1.1423465243618878,1.5529047415414088,0.41068162858459567,0.030272275874639078
1.8733706785954782,0.9904299432840964,0.30008752015051077,0.021646414734185108
0.12086120477827067,0.4198569186691328,0.07930315091951537,0.005218544808153861
0.17762460118193757,0.6406992760596972,0.39555255700449743,0.029081661745615564
1.2528727866807454,0.1274483779417792,0.1737066700172179,0.012066234628732358
0.4544438889849829,0.17213092756873083,0.18540823586228272,0.012937127463818759
0.35903587288837113,0.963201108814336,0.3021200420689934,0.021803180865624813
0.44210063509976005,1.1203605025730805,0.3145597897064414,0.022764214015704942
0.3070493336536628,1.1808288057955894,0.25516210595467215,0.018200965526784265
0.2236942255741574,1.9705214068575132,0.19714442024201373,0.013814416716633141
0.39089414241588627,1.1637714598882716,0.46533339866727025,0.03459775261127894
0.6514851826227472,0.32965302508362715,0.15508908746844946,0.010689054198636295
0.9577121003964946,1.6683066212337727,0.14001093954545668,0.009581976001296639
1.4245249812831975,1.0255907339880792,0.48097152154368383,0.03584210694761368
0.9985155591985908,0.9682745153637069,0.38604063293268426,0.028334700745050616
0.2804548627133092,1.6246443700035238,0.2630562094970596,0.0188035496547403
1.8879912457502863,1.0649367907150418,0.05430275043048886,0.003481227985336179
1.6460691465355997,1.259457421819766,0.269853498375389,0.019323412333049163
1.9843445634528154,0.12466346541772233,0.3946617692399999,0.0290116560776759
0.19656074079738506,1.5628733601291822,0.2414737148273563,0.017159151821848854
0.6060802920110226,1.1517630865985304,0.4045417020138818,0.029788710086423385
0.3538503858664577,0.2474259650939843,0.4375726249783499,0.03239593635741881
1.7954309692971935,0.9884444197535938,0.45377896097961895,0.03368019132362176
1.594978360442778,1.8866929000996349,0.40426657188906495,0.029767053297762205
0.8329893544900975,1.9848140944156958,0.22527066844786625,0.015931226102436337
0.04528044895768013,0.39692388965964476,0.2668265368518588,0.019091794664128255
1.657581724304906,0.2695093369014563,0.46989758051684344,0.034960639101482456
0.7329731132490442,1.3405861516082207,0.10342691387728718,0.006931882860110953
0.28028434749858766,1.8555075692032599,0.39054185459819035,0.028688020366683425
0.12762426580337616,1.2312683821657975,0.15413180585213881,0.010618538990529652
0.09597490558597999,0.7508174998492081,0.465082731348246,0.034577829782014374
0.35859675168411864,0.14210519763445273,0.16162021230621443,0.011170942265867366
1.5561378074284937,1.3259082196207186,0.4820488492125408,0.035927935783910896
0.6790406157083826,1.2306039991965498,0.3534154652680788,0.025782509470884857
1.6724957251679746,1.2793602707311957,0.22175554788388174,0.015665626461966255
1.1142294808191786,1.396911241180187,0.1130995061437249,0.007627064697641073
1.3715596911869865,1.833047276964862,0.26725381433852125,0.01912447822985085
0.4454215283442531,0.2564636706214818,0.25335357993553104,0.018063094099566163
0.7947131407106536,1.3835815013791408,0.3448961731395909,0.025118679605451794
1.6529949009167046,1.186002549295765,0.4331889501646432,0.03204911500337794
1.397167074617811,1.5265562927802825,0.2758032364385304,0.01977919657792657
1.50432287965759,0.2768584408197903,0.3041665144551932,0.0219610965192161
0.4543477497391215,0.11265295913323392,0.059152140096595134,0.0038145591762451013
0.38716591896096464,0.32605756916068795,0.4187926225250254,0.030911842218278023
1.4149450425509622,1.1700610155101037,0.49680391295120635,0.0371047667846879
0.06638120921027824,1.4920116660711684,0.1648064522531604,0.011406525192075707
1.3817425412265052,0.860976474029715,0.35709019194075214,0.026069189636036917
0.5547601782682561,1.5005177406724572,0.4078690450443496,0.030050701216078467
1.8406433423679067,0.6198165691068562,0.37612842574367655,0.027557656597410118
1.6432778059900421,1.6155503897883792,0.08310873067258112,0.005486687195052433
0.8579046976693236,1.7644299692175458,0.2042239041789553,0.014345373527354698
0.45812129199814167,0.5136719742361238,0.3563805417719499,0.026013811054252853
0.37009884173364616,0.5641970756437547,0.23173686565199736,0.016420550978532573
1.525369745605664,0.4546187689594574,0.09801825995556565,0.0065450821763070694
1.5075046475034444,0.3034566655683537,0.3303604220510557,0.023988667123700607
1.4076306293542125,0.6312231237690602,0.475883946106453,0.03543696827903854
1.9014216610783956,1.1508338091404196,0.4359597314365279,0.032268301732549354
1.8128821727245585,0.43329991836301773,0.09857189324923499,0.006584609052400535
1.107455350714998,1.083527075202895,0.39180879705973554,0.02878751877834273
0.8894205316794588,1.6569161183786068,0.27421043246602017,0.019657111487304518
0.45972854871866375,0.39785760730857533,0.3001001467059349,0.021647388380591926
0.17319310930981135,1.0775977557398462,0.273702723177024,0.019618206902666205
1.529267909175937,1.8769500236466812,0.2771945316100872,0.019885876264250483
1.4904281720053556,0.6266550024810933,0.23736335468204184,0.016847099759272642
1.0556421033579508,1.4073778964289152,0.34854684859028906,0.025403006151217954
0.1285169026500519,1.0479061847966165,0.17343586227521302,0.012046126545152252
0.21133642898703475,0.05959140020241005,0.2339087867734993,0.01658512237302942
1.0384388065739154,1.3690652068803262,0.38522418242032513,0.028270644500728272
1.7484883570425438,1.6353857377308,0.19395862301774425,0.013575910072427106
1.3854410387746272,0.5539861444539234,0.1500205615204783,0.010316042528595736
0.11391725570347067,0.6582600798596894,0.1234932762457928,0.008378661284290078
0.39618092135621885,0.6644922598777676,0.3776457100029028,0.02767650987068435
0.16880370697996838,0.007334367624764804,0.26027349201250366,0.018590990871548682
0.6372547402095363,1.830374164166281,0.08925344142282801,0.005921422184976661
0.7437936543333279,1.0376098118157457,0.3050098204842354,0.022026191429592033
1.9067706528935886,0.5909468061321583,0.2934174562333511,0.02113247729294833
1.0862253070841166,0.7127311128574698,0.15393578527363666,0.01060410345805756
0.033586049457336786,0.02655537623847848,0.34218472132401095,0.024907637101825024
0.6847262237860356,0.11285068800851428,0.3388470507494304,0.024648012122202242
0.9011970670138141,0.6465524899238084,0.3603877633003941,0.026326619817869438
0.2144339453454822,1.5721221111098391,0.3162967808171721,0.022898616514330252
1.4645119435135519,0.6035438935506925,0.3268734616490214,0.023718094327812574
1.409727833633609,1.1335354685700858,0.4100527773960216,0.030222726014387993
1.3140410168189658,1.5345113322168304,0.49893780490856954,0.03727516266719122
1.002398334867777,1.9623663718207287,0.3316659923857344,0.024090024467485364
1.9777763494759188,1.2724844368510586,0.15524224487557592,0.010700338860254406
1.4790601397554661,1.6667775303519128,0.181561671589131,0.012650415013515678
0.7894145857903392,0.2648377060521987,0.2257933523816058,0.015970744210823423
0.5482688249072776,1.1125223414486887,0.33027498446545966,0.023982035178901285
1.7873800758868246,1.7372995320965094,0.36439018931475853,0.026639293899169
1.2397364509013993,0.565271762269042,0.34537150163622454,0.02515568803258415
1.6554859269878102,0.8812348037644295,0.4984893924114211,0.037239351780166206
1.9582190126798336,1.9226380256391784,0.070625255467661,0.004610480684414931
1.1654516744091499,0.9818287703209663,0.42578659456439494,0.0314640166949555
1.673811723412038,0.3815488625674488,0.34322520361550557,0.024988608162378828
0.6911810629452357,0.379864564890972,0.2790790141284812,0.020030430735065576
1.4447589762468989,0.5577304168219979,0.33355366266582154,0.024236621527020018
0.04702030825570325,0.03937721962773466,0.4511140712131022,0.033468794242221364
1.9977962469233623,1.71575939991132,0.28660826076938684,0.02060865064375093
0.668187175296344,0.6095221035343961,0.3356756367074544,0.02440148303189204
0.6920918137016545,0.8717265280823643,0.4240865403393646,0.03132973934651948
1.1933299262523696,0.6562736267236664,0.3758575580308316,0.027536442220481693
0.6518010800502059,1.869669954440997,0.27843144524049274,0.01998074954439397
0.2685673380636062,1.5566049040156373,0.2011363610033695,0.01411365093461497
1.4244822846711647,0.9152588945954614,0.11256485839237199,0.00758852828951655
0.3328987846826108,1.929904543497094,0.119756735367684,0.008107940962827413
1.8123722176643038,1.413524690141315,0.12530837144712306,0.008510373969567038
0.29870287365507076,0.6658968946051276,0.3318174569902741,0.02410178513575081
0.4187378018933059,1.1694971217897714,0.3156685390934227,0.022849999400429026
0.4738646321980917,0.7563890106888747,0.20517765525205722,0.01441700236402237
1.087915024534005,0.3047663075099394,0.27888518554165925,0.020015559459050227
0.8069408193333274,1.2249545745191792,0.11874946098780009,0.008035060730190838
1.0445229207901303,1.7518227154073145,0.1724614544498653,0.01197379251698899
0.0238634768672632,0.07047169523005148,0.45110957627707865,0.033468437746137523
1.6421671043752477,0.8678977295651111,0.33624862859692545,0.02444601256506216
1.6917294184858989,0.7725336906943803,0.3475277707500984,0.02532361626737112
0.4048042888743917,1.4814756203019708,0.19391882189681586,0.01357293203745124
0.19097978984194275,0.12929970576093353,0.360578804976638,0.02634153878756931
0.15406055461223955,1.500415239041247,0.06863001690802703,0.004471379301782887
1.6380916941639874,0.5919306496924166,0.40114090216977116,0.029521088665201867
1.678280524315174,1.2688624521251561,0.30358257607293215,0.02191602952800533
0.2894164936556647,0.6921307872734863,0.3499232999054964,0.02551026215386881
1.7906576070026579,0.4726745049246266,0.3248426686090948,0.02356060532831221
0.27757352919834477,0.9805619413665247,0.05122234903383904,0.0032705449992992738
0.29999743170588467,0.16445977835015801,0.366734064291526,0.026822510303329463
0.6344601691662095,0.3997502881114934,0.33041349570754314,0.02399278693407743
0.7818948546623876,0.6475055118787711,0.38814549951174865,0.02849988530027117
1.7604057660602828,0.6435356269191883,0.43978336571300397,0.03257093371291139
1.6492688916450753,1.047277287219306,0.09105957372306855,0.00604960491873782
0.8974953750729397,0.2185150177705113,0.14553428991633277,0.009986604987187658
0.678529192533762,1.3241882116218866,0.053600027318354684,0.0034330911140032345
1.645910804866579,1.892618151571761,0.32928770731543533,0.023905408092388735
0.5801774707349221,1.8017054396709096,0.3313061431601518,0.02406208498783549
0.42907662418876447,1.521091184692924,0.48249090140673645,0.03596315715086278
0.17257920750094513,1.7883213060302197,0.32510787462570634,0.023581168338070384
1.7262308749600397,0.517480788434415,0.06159269366549395,0.0039830397930157154
0.9774447967282207,1.5285133188549274,0.1307076054640482,0.008902942135705642
0.6305489475133323,1.7758320732147597,0.42091744183406493,0.031079530018938338
1.2390431310159842,1.801719684245298,0.26305923100530615,0.01880378053826544
1.7602281048616364,0.8669540118010861,0.1526584619572664,0.010510068736323293
1.4430627406976793,1.207436847237876,0.09893017732603782,0.006610197061969848
1.4680902468952106,0.04329037032447847,0.28316549918579015,0.020344126805597794
1.245222248114399,0.16829472386432331,0.3097507042685183,0.022392371170772037
1.2999031254119073,1.1548373148273905,0.26276500388134527,0.01878129852110953
0.6174372187034549,1.7407868276322895,0.31520505035328666,0.02281413613951423
1.6964613598154183,1.6993264243297448,0.1799907022503398,0.01253343921905149
1.030217872704386,1.4038238160669887,0.10233056006188282,0.006853361700176369
0.682106182562412,0.7618145419406381,0.26143907221123797,0.018680005106898948
0.732725106051197,1.6019739267609883,0.39345362398982087,0.028916727187130665
0.029425632477984687,1.13953002723853,0.4509782324097869,0.03345802089312712
0.8392777633196427,0.9091497584634904,0.27086891939338636,0.019401150792953785
0.5967269969814541,0.5917868439926959,0.194902084648239,0.0136465149288075
0.866391024147823,1.7653134126811025,0.1293648764745512,0.00880520843951285
0.1468283403428159,1.395103627269592,0.1640550740748174,0.011350941546963584
1.534763322835741,0.000711368018819547,0.3319058332235336,0.02410864739565337
0.67715114262455,0.043248243714055556,0.49769943343544737,0.03717626989280254
0.7018672878720467,1.7381801445475327,0.33039122395644427,0.023991058097353465
1.314341992880629,0.7219999283573129,0.13024526573169312,0.008869281791353226
1.293171498666378,1.4918156769339934,0.1541143858644874,0.010617256080046638
1.028273244623987,0.6276028304544863,0.302165966352863,0.021806723796641014
1.2839108893448763,1.852982514277567,0.21246011387641134,0.0149646817114057
1.0263072516026523,0.2493682252757936,0.3405882156284042,0.024783428955667618
1.1938444033780626,0.07453802730874504,0.09911505094608672,0.006623402908689747
1.2852960993154898,0.7271948566549808,0.2238904227330687,0.015826901514297078
1.8053969056187322,0.554883783758759,0.4884101046113588,0.036434994936091494
0.4741259191379592,1.7481295138533202,0.42168978044335653,0.031140496404396034
1.357367610012384,0.6512271585639584,0.49453528545330544,0.036923667358957794
0.5761818157755432,0.02628355822950601,0.2189211381405049,0.015451672026878211
1.5429225216663935,0.4223079207989604,0.3634525871963037,0.026566026000954996
0.05164514713785384,0.879877670912,0.35857694360298126,0.02618523506686249
1.478746309113749,0.36105261426084545,0.055632249027107714,0.0035724165026078036
0.8470714530960946,1.8451842742996802,0.21694552065956696,0.015302656084027817
1.7483243561668558,1.3014781807516775,0.3252297914849297,0.023590621670253165
0.6294505384496718,1.6279128332357662,0.4920406370215442,0.03672459136460174
0.2522838292983589,1.2044163857467471,0.2805232037496427,0.020141256933803968
1.4145649297169498,0.33639705959629906,0.0691176311245713,0.004505348686337856
1.319894268959044,0.2927756671371393,0.26191730585079764,0.01871653527874125
1.3160981489706909,0.5611591165865457,0.26343562664159464,0.01883254361508039
1.5728917792885961,1.7441551363054795,0.10021774256207817,0.0067022053065344004
1.0899298613780912,0.7556372050805553,0.33416660941220094,0.02428423549037311
0.8941276751508376,0.5628392322092706,0.38321620731348915,0.028113144716248827
1.9850070850154076,0.4098915786614772,0.3378029605192385,0.024566832371781873
0.35194307362973176,0.7160665049041541,0.4898491551490055,0.03654976587333693
1.5931668107518266,0.47205976869799127,0.07247888233908308,0.004739952758754067
1.855649371042724,0.018016410406519467,0.4114558780261423,0.03033328947216694
1.6435699760248956,1.9596748918043176,0.49905317477969957,0.03728437663546206
0.6536684949418006,0.8487771816357113,0.331116378733923,0.02404735210649943
0.1390078947055715,1.6341561396134996,0.46588762344423573,0.034641804562058766
1.7293981842236583,1.7893910175192809,0.397591514473242,0.029241941252706162
0.25729449978697616,1.443710265093158,0.07477647618743344,0.004900751854647477
1.880786384906836,0.2350160793458529,0.37989780582534693,0.02785298378375938
0.5589208116308544,1.1263521335069138,0.43849809336293916,0.03246918698548819
0.37794615166676415,1.3848683114038371,0.2505991119580095,0.017853240196336564
0.647406242135792,1.7137024149423354,0.15679421475786204,0.010814731454972457
0.2254622785984539,1.667808561619895,0.13871297379550832,0.009487047915785026
0.6221957923419372,1.731488012798136,0.29245693801550504,0.02105853401928154
1.7831157680738816,0.6424029265603437,0.2687128189529541,0.019236108430255854
0.19718481113425157,0.700430933477102,0.06446899430245139,0.004182192704550428
1.722101321851657,0.8621611684370201,0.11407134958508706,0.007697145509093597
0.979623190740573,0.33920460206880376,0.4205386691180965,0.031049633513522468
1.8354803554405679,1.9725310411435018,0.10660164901484952,0.0071595803335113995
1.109102400427417,0.7153433086575676,0.45873281632541485,0.034073391955695004
1.329621853416659,1.2172224773042413,0.45328009655918483,0.03364061149115057
0.04239556340099515,1.7878621951856555,0.45709605508142614,0.0339434453094382
1.3543854664652586,1.3220368196111443,0.38319579404296183,0.028111543849964785
0.5987264193473332,1.2889035492396255,0.12156583480420469,0.008238942382895867
0.3493616845244587,0.8352278567555662,0.3083442394791283,0.022283697029616602
0.23833357213132267,1.4895543134749927,0.07728763617466436,0.005076887610519065
1.4013658655451202,0.8059723287336713,0.33492679524465785,0.02434329541923645
0.3425739413748903,1.2253939691812044,0.4017835915573479,0.029571652295686597
1.836238128023899,1.6617759728461239,0.4870045062817057,0.03632291449024234
1.371152033263147,1.9128659436097781,0.13069251542656568,0.008901843385457789
0.6739033918460915,1.2493293873669564,0.30556247713402046,0.022068857812267622
0.9056407059852907,1.7980510385124118,0.3977608000774426,0.0292552511040535
1.1100085949074399,1.2578323698701892,0.15424435307937695,0.01062682787225394
0.5293333294540057,0.6706299814218164,0.34082257898416357,0.02480165991395474
1.9884521602330945,0.1726313775186854,0.48461563323196605,0.0361324803233429
0.8806305448355491,1.425114030962574,0.4771594923719552,0.03553851585286017
1.1050665663230412,0.7130224288264047,0.3890657234830368,0.028572121568085196
0.4308551935222047,1.7766788968685057,0.15546870728384649,0.010717026053301803
1.1252382622796933,0.8598798055028773,0.0750003236740224,0.00491643641877459
1.5019284521236016,0.9796960007136608,0.10783306034568943,0.007248026073795065
0.13200728223905167,0.8009406476933514,0.3739338829339068,0.027385810251265186
1.9725656466233181,1.7602103008393293,0.37848358305934876,0.02774215702668248
1.4513566453718245,1.1643269985417102,0.26683577686473464,0.019092501418552343
1.4472640088635533,0.20581349872642618,0.20192496954019595,0.014172813450348098
0.3145349290383499,1.783919344823786,0.4810422904336315,0.03584774457621903
0.2057698384093798,1.410807695401777,0.31983305679025675,0.02317239872940708
1.794819431903271,1.9080383483519323,0.13177929370335142,0.008980997253300722
0.059442689687826844,0.7136137045212216,0.19948154105364757,0.013989556120938582
0.994807440467351,0.5490439339048514,0.19150895239759774,0.013392697515417435
1.93878551077006,0.5519380939242198,0.4192709566252983,0.030949586574327646
1.1422115147249976,1.3443087654713732,0.40968357729066773,0.030193637609722445
1.8998109969121026,1.9142248549418652,0.2661346243769277,0.01903887614100322
1.843242063537304,1.7846823582759446,0.321835535400971,0.023327525536265818
1.9402388889588393,0.8288295765022529,0.05884609968663355,0.0037934654782543977
0.6388008534013281,1.0657908161487315,0.38028994777812936,0.027883719363858774
0.552407124846952,1.5921219886298235,0.48170654572054383,0.03590066361938754
0.9646567893318352,1.940548140137961,0.09621632517466205,0.0064165393723436695
1.1177268091284311,1.035030702902689,0.3400171305111233,0.02473900827724049
0.9971511270204438,0.5857273807371728,0.1713388469106644,0.011890492017635229
1.1364496003245128,1.4646425938208603,0.48294328009150633,0.03599920360627664
0.6771313183997782,0.11390428009553366,0.20933133474778215,0.014729219637640527
1.197185079632877,1.8455266373171255,0.4240310400706994,0.03132535632984965
0.9971532806814871,0.18588568391064508,0.304546935150176,0.02199045970623327
0.5538072745685063,1.099331815896141,0.24115170101257266,0.0171346917249454
0.18041698648362492,1.337697538837352,0.2872580283223397,0.020658600072087047
0.2335492657294025,1.4862712059091783,0.4829063612432105,0.03599626174987534
1.8264792538392092,1.8871314351071156,0.12253157751435209,0.00830892944985477
1.8957261816391713,0.7224917547105005,0.4206372082671059,0.031057411023297263
0.1645556278892215,0.8979138512058573,0.2892311868316529,0.02081032994029642
0.27555465168927085,0.4877005119793736,0.1394254745489158,0.00953914985366178
1.645330249102416,1.0022492702324508,0.20723889678472374,0.014571884570455029
1.0247385332081886,1.5551861070594373,0.31960759982781495,0.02315493735452823
1.2447561253714459,0.062353651111406005,0.3234036090330595,0.023449046644566075
0.9041317138632403,1.0176798949092982,0.20663759147270572,0.014526691309301773
1.1522735757670548,1.541613756687357,0.476326572702805,0.03547220412061986
1.4146544168834778,1.3185408753114352,0.4809278428410177,0.035838627420347845
0.5529139292408594,0.4843633829697014,0.19110504439011594,0.013362504427939625
0.9710884607672363,1.3740124654051855,0.30126001302970984,0.021736838882393097
1.4480779702774604,0.3426262321692095,0.1715973867397017,0.011909673039741907
1.4788619233242848,1.4947664508492846,0.312897226618057,0.02263561845848614
0.7785283800047114,1.1626215971562346,0.41824427376062745,0.030868576809318066
0.5491727659495298,0.7344854391749065,0.43132400062813153,0.031901639847014274
1.8920508776835063,1.1258365281941023,0.4666036395562848,0.034698721673312706
1.5641775586172162,0.6159585955691798,0.06721075376462755,0.004372602248742539
1.7826731590269627,0.5086310103699758,0.18315505420785377,0.012769131079638485
0.24953606346602064,1.0569507508963758,0.26566028390675017,0.019002603340064955
0.2818536471039095,0.41471140732283884,0.17057117428224142,0.011833550306052596
0.26080612613425536,1.8442661593019716,0.43118783028707325,0.03189087358654012
0.1931708377254615,1.2602933695179364,0.31737431069493355,0.0229820177499368
0.5105094518830791,0.5285359007699124,0.14954992153445754,0.01028145003957314
0.08771923137724369,1.0303465580847397,0.4235757556069734,0.031289402694175135
1.3324950016446753,1.8139925528405456,0.4589117049181695,0.03408759631844512
0.7499377590291185,0.13593898560895545,0.4537877484699007,0.0336808885487753
1.0443651045096012,0.31288956177421046,0.09114486909579358,0.006055662770016876
1.5313156290600982,0.3564735133167236,0.31452884566261735,0.02276182013362995
1.0306986493372674,1.2252034902991862,0.3443212122862185,0.025073918642493375
0.739637552352838,1.8334272580143136,0.06481594626868574,0.004206257418065383
0.6166856313130733,1.1005044038102192,0.189031712615638,0.013207587425774646
0.525458170338629,0.40561047331390165,0.4461589945513128,0.033075953426481085
0.7065915331384154,1.5884116552724148,0.3974663641180914,0.02923210172692145
0.274037494394201,0.5350533458436819,0.4109426762187632,0.03029284646641845
0.9623067152296225,1.9835352147073637,0.28040495401806836,0.020132181041549718
1.8965466469395178,1.28039111414078,0.4375615373194474,0.032395058836303635
1.1118678895144398,0.2767216804134631,0.14358043429794393,0.009843346398421311
0.41077519392712003,1.9799007237367499,0.09435045278508905,0.0062836105010716774
0.7404249441651378,0.24789942028676237,0.4886905168203718,0.03645735727874039
0.3281392686542848,0.4587948189217108,0.07449501391992128,0.004881034931760821
1.5768630360700329,0.2958705896879281,0.4272170056174375,0.031577025172029365
1.9676759016708372,0.5582189777523181,0.39359816980712536,0.02892808368244276
0.4029648077007135,1.1229647799450237,0.18762675068768897,0.01310267680595274
0.9062931870415443,1.8115266454419323,0.1664956435487624,0.011531547856756393
1.3713841554930275,0.5045771707991644,0.2959213129909122,0.021325309312695027
1.1384669991867318,1.5728455915761017,0.14661960371928823,0.010066238713181287
1.6648779013771422,0.40117763160661735,0.07126213559901258,0.00465493933713487
0.988807867461355,1.4035740935860241,0.2918228778071146,0.021009731538058775
0.2346955649313054,1.0290666669419708,0.2278117443806617,0.016123406148076662
1.963713271310986,1.0051420270637224,0.4579306050037427,0.03400969834999917
0.840170101458998,1.4710757870214495,0.4215660868438657,0.031130731837329055
1.7081203007967207,1.4403057382964644,0.2964924044414686,0.02136930715259876
0.7006591580608119,0.22348843801585905,0.27865358419953,0.019997791046899346
1.747948990542347,1.77347866919996,0.2275631219263512,0.016104596425886346
1.0597330391815185,1.5753662653170684,0.1249263295361107,0.008482640031188019
1.970128077066002,1.1998537764030472,0.3929299528773433,0.028875586460331615
1.1113224854352162,0.5104838686423636,0.11831056282859201,0.00800331805419512
0.5365775395738661,1.2418632790728614,0.42659987111286335,0.031528265748589926
1.985297381327309,1.1329144716289141,0.44318644324248657,0.03284043237076812
0.31457574066686145,0.9442075735663482,0.40541646675914966,0.02985757369131021
1.9917662764271624,1.552278345403289,0.2150640811900884,0.015160830762971205
0.8169585039880811,0.5716059389866506,0.3608990815572049,0.026366551289738787
0.33086986984944744,1.818155408543424,0.3295025173953268,0.02392207913561806
1.461711703301779,0.6120891223778113,0.0557443707885166,0.003580113711339186
0.47830547536223555,1.066126552852433,0.4801190310369726,0.035774199899321374
1.1575140947954252,1.84058339349994,0.09251504846158978,0.006153029083111246
1.2246381993744109,1.3589316998548835,0.43357794744602296,0.032079881382934175
0.46755993314814637,0.2767234037611228,0.40076334296222427,0.029491386775113516
0.8321536544843064,0.6083839424647204,0.372201143955645,0.027250175151572884
0.00943791888097456,1.9554231597802645,0.22178893432773789,0.015668147755422773
1.7892954786459558,1.5358564528076728,0.38077379458614496,0.027921645665785796
1.5221481888350863,1.6455298031185899,0.46344632010266773,0.03444778740520319
1.9615533076907663,1.2200163278239544,0.20496047622502972,0.014400689709802968
1.8126524076245876,0.10929502064153884,0.43963626189611027,0.032559287410996215
0.39117790427204735,1.1211380241464848,0.28555699680443236,0.020527853629349058
1.3644790191920986,1.2375777402342618,0.46587323330420993,0.03464066073176026
1.6663060613406198,0.04205435342636865,0.1954500731066005,0.013687535006173345
0.5205137308286412,0.46071304507548394,0.11970965826330571,0.008104533805512588
0.4758144804262121,1.619454846996603,0.49651546583675865,0.03708173752901155
0.08204893726581375,0.19429402608970991,0.19606633798798057,0.013733675445413918
1.1343075836699381,1.4735619933050172,0.1741150010523982,0.012096558214802464
0.5760452194838355,0.7239622540222017,0.12425708574758385,0.008434071082361341
1.2129825586093272,1.8880537471277483,0.26943159277411466,0.019291118073801187
1.2309508452892024,0.29940095805359035,0.35833989224698504,0.026166730268479963
1.6410641121768879,1.823177469778477,0.16950016644306382,0.011754138421185155
1.2411567459913446,1.895974700771991,0.2813767100495122,0.020206772991603447
0.2746746095728707,0.9131790016930863,0.38172563028786083,0.02799626494995673
1.7079720010359858,0.25323837106808567,0.05439577356293373,0.003487603348905737
1.3115565115389538,0.08403093860571431,0.15496273667276306,0.010679745231117902
1.47060281811202,1.159735369332166,0.2635710625178978,0.018842893930932633
1.7865945948976412,1.010491491598388,0.41771170715653083,0.030826560379105774
0.11899685868819088,1.860130725126296,0.3552318651474237,0.025924188536174272
0.2735258012293629,1.202981666259919,0.1441461799163697,0.009884813661499505
0.9618588635197698,0.2566921426619173,0.0625249958737885,0.004047522838858434
1.529381137104368,1.059545283369375,0.3472374947746819,0.025301005646418902
1.5958679853155657,1.123610791364781,0.3106219496878867,0.022459707292551444
0.015587255706780656,0.4491691519385437,0.1924374252175456,0.013462119720728591
0.7978702053066213,0.8537724062279308,0.4193926241048342,0.030959187578020384
1.3863282184240393,1.3406469450093872,0.35084730150314514,0.025582278655021565
1.0478565045726793,0.48915486503715844,0.1863530787356973,0.013007616627768736
0.2167046357331428,1.667719901621345,0.20678847846399778,0.014538030911483492
0.2511392204189742,1.5398606559498504,0.21685998215016794,0.01529620623416959
1.5948347792994955,0.3232925271964946,0.44795322179199454,0.03321816601640661
0.688834508287832,0.5301576067775937,0.3675101912293583,0.02688319655571097
0.2466774723251126,0.047104387557593164,0.29398949417860715,0.021176522250787977
1.2561836334801477,0.5853649462299917,0.453188948816622,0.03363338016681167
0.02508333538608487,1.9535307403963174,0.2374033595825838,0.016850135082194496
0.9861686924320396,1.2407097449518634,0.4695811093794017,0.03493546941103942
0.276838591949236,1.4532557094346927,0.45043146899102265,0.03341465945767411
0.6226622429346083,1.8125489978750415,0.4589583381915507,0.03409129922175893
0.7778825752188132,0.4293427813686619,0.4060202660553879,0.029905112220427018
1.8662379524754464,1.855900883936126,0.31217966148148585,0.02258013094037452
1.6677201120888416,1.8440423836732633,0.3934233541564804,0.028914349021106952
0.6156090337322799,0.03682640724937736,0.2121842788827642,0.01494391356768796
0.1440194549595164,1.3400991953039463,0.47266451906079954,0.03518074994072572
1.3572425104603758,0.9922615612626138,0.2638443075313254,0.018863777049496495
0.3624057541196135,1.4270100782641506,0.40690206786193106,0.029974547299115063
1.890782789818217,0.581866189389409,0.4003807718468545,0.029461292576760622
0.5806425670484243,0.4274932030200931,0.13982107285926268,0.009568086096879426
1.2356489848098462,0.22920280337767962,0.31860610237596354,0.0230773828427559
0.023063344546784492,0.9339573633282485,0.14024951225226037,0.009599430890181391
0.9560521974730065,1.0811052504078655,0.2611359226776166,0.018656851229655914
0.13333572132615945,1.7694555628953967,0.24653042492192978,0.017543551793498185
1.1780785773692188,0.5784265438409986,0.4774688621652683,0.03556314793044782
1.163972075460308,1.982262484550501,0.33044603953126483,0.023995313151228468
0.7006912515501247,0.10355670264912287,0.07917205564495551,0.005209323364132115
0.28673802275244453,0.7996716626645772,0.18895508177828424,0.013201863894942196
1.6259500663683333,0.7663063381458948,0.3792586333613791,0.02780289096384759
0.41682194432145736,1.3366216157408557,0.4589211846448611,0.034088349051650264
0.6606681271966808,0.04305326720458447,0.20093543244928957,0.014098579549230649
1.9084979162690885,0.5391672269708501,0.29702210642050253,0.02141012150620688
0.8653886067964967,0.5262898140078911,0.05772550619469556,0.0037162939436764636
1.6087397139556905,0.5089654014825953,0.4239574764395095,0.03131954685822521
1.0199039168595883,0.27882928249818284,0.4675282036067414,0.03477222546301219
1.9506227421874376,1.5466993949203203,0.1724828947175548,0.011975383807434549
1.7821142847247744,1.600972773397348,0.220708031742327,0.015586532958029864
0.17664840965399775,1.3151678157601412,0.41116198487392913,0.030310128717502785
0.9039303172002424,0.7119633206269547,0.2112331508551672,0.0148723156211063
0.5722739909983763,0.9430404467193183,0.28107795068508606,0.02018383834075896
0.9540926275173038,0.22296201948420413,0.1464267528871488,0.010052085511671603
0.976643942609424,0.9704795437003892,0.189569931962145,0.013247791350933584
0.9171756773717699,0.6869986748536965,0.06745920605720968,0.004389883581849789
0.9926395579916907,1.6311074038301983,0.05043351939644015,0.0032167316965811214
1.8791351626876858,0.023707732994690645,0.3007444381574458,0.021697074092935666
0.37058795030444824,0.5252036727453375,0.284825169388527,0.02047161966702081
0.7512973380041681,1.0967511863346147,0.4818485010214441,0.03591197338653612
0.4884584540251973,0.5024346472094845,0.20071437651350316,0.014081999636890833
1.6753698535396715,0.28715241104283207,0.11148060259322291,0.007510415992786375
1.7904657266541757,1.0184608431861968,0.4231889673827291,0.03125886027444258
1.8251832163486916,0.26794401749975294,0.45551054043612754,0.03381759787076281
1.7701779144726788,0.6052578747967736,0.21535954827016401,0.015183097803409174
1.385030116646578,0.34382171426935115,0.4384096625092455,0.03246218724069953
1.2233589623959606,0.4714787739847699,0.3080069110023033,0.02225763755120668
1.7360668090617433,1.8185404106914775,0.08160030470396065,0.005380299431067096
1.0183793810583168,0.23259378838465672,0.3040927334382976,0.021955401944090725
1.310595656405608,0.023612103540848306,0.48000104554833856,0.03576480215496504
0.19589142754878663,0.9325654022360841,0.21872360552901376,0.015436768441106712
0.5858016871293925,1.9352652115040831,0.14435364814039983,0.009900023205685003
1.2926377405608618,0.010085621098711917,0.2851717147990991,0.02049824713797669
1.616898886009543,0.7961852133926042,0.31026034515923157,0.022431758305806168
0.43556321441245505,0.1310874698879929,0.477511758595128,0.03556656343872099
1.3820543544184367,0.36328733813733183,0.2072492519846008,0.014572662932034436
0.44451768260497126,0.8944787756103785,0.08997844199290914,0.005972854786727616
1.8321773941602155,0.3664828531877744,0.4355704508364963,0.032237501299950296
0.8770336857923366,1.414004388413067,0.49172274253531056,0.03669922799103879
0.03153854887127272,0.2513967211985526,0.1863863317397721,0.013010097888604051
0.2339486571596141,0.8573566162920803,0.1563730558875284,0.010783680920399967
0.07624612251529683,1.5568640255987112,0.48517743023998006,0.036177259370168025
1.4793771396058562,1.6633739678550834,0.44158682754348805,0.03271373674568049
1.7295517477376807,1.5604384132449212,0.3940584657988305,0.028964249560070557
0.4297075918778466,1.5804576662267609,0.3446357499821567,0.02509840490623964
0.6013672359446727,1.6272713679425053,0.10470563012973086,0.007023537411801685
0.4716858505229311,0.8406715774094677,0.49616568875271905,0.03705381300395263
0.053783154415226964,1.0164341655388531,0.06742568162644304,0.004387551501831278
1.6582068121649138,1.2379996705919016,0.0609380391895123,0.003937800533842986
1.7756321416906664,1.2074401543835798,0.22725756018853077,0.01608148086095505
1.0013226071188348,1.2714809503589313,0.3472199330881921,0.025299637746459665
0.8785567977445956,0.40286778938711687,0.35580101250145196,0.02596859228881865
0.050162464688564334,0.6639145201504963,0.37831906463442494,0.027729266255084012
1.012793518628396,1.986182474193471,0.15652731253941765,0.010795053041801457
1.5990296601205096,1.5206976649788218,0.26443215189480035,0.01890870890440821
0.8325776787959922,0.9499987192416106,0.16217331793132017,0.01121181475938807
0.7372217202216591,1.713938152085653,0.4069435677429946,0.02997781535008342
0.06362947175175915,0.7402564230694455,0.32408795753299435,0.023502094402957207
1.686274360561325,0.5482035105967071,0.3747810256717371,0.027452138570419265
0.3356667802623161,1.1778803304332213,0.10564948627705868,0.007091239808943242
0.15932410685099185,1.2376077182778515,0.12996126557986248,0.008848609429875993
1.3747190583088431,1.1796668015726486,0.21635909822500066,0.015258441669816667
1.8663464102090392,1.3836674883109081,0.25706624581172066,0.018346198870798965
1.7148516094318982,0.10169715593478901,0.40604162685056205,0.02990679409511339
0.2241163497430152,1.6707486752837932,0.49665774439960647,0.037093096755602524
0.07023300602562488,0.5095024484774475,0.21319722515217843,0.015020189350760351
1.0162908069242855,1.7038192815598467,0.0738306741964719,0.004834517189703879
0.49518107382245846,1.9728730194672963,0.3393331151517366,0.02468581032865977
1.733008178751343,1.623079574308312,0.3604664046659574,0.026332761072238375
0.392972983521213,0.36878973139163285,0.24586043985483846,0.017492589487407378
1.338727492563655,0.37367962606143523,0.4724289491250744,0.03516200680758684
0.37894934700656213,1.7618220504132376,0.14910581211852303,0.010248814460099653
0.7394654278296602,1.195902594693647,0.3634412148421393,0.02656513740068401
1.9658446549798252,1.3592680608018166,0.49278882528410134,0.03678429040739643
0.016387818709477253,1.1739508187928114,0.4721649397460593,0.03514100165514405
0.032180986833897585,0.3520178534099405,0.1156487041394238,0.0078109780416050385
1.1072866122985123,1.3344476104326815,0.4621333807982723,0.034343473606166686
0.29848560630902155,0.2393538363818397,0.2166073125141495,0.015277155241552483
0.23431792406092833,0.35145617648860816,0.18867988642936884,0.013181310969939007
1.6658956130876077,1.072431218862244,0.49116346224758384,0.03665460827490626
1.4515239055325542,0.9431497302355987,0.14517949255737309,0.009960580986138794
0.19791454351149063,1.313771849797086,0.4749676469448144,0.035364032331019
1.9735044948775047,1.3352717775046146,0.4483862283259231,0.03325249252401455
1.1642531735470336,1.6454504936824195,0.1946054276649224,0.013624311771561778
1.0847265560735184,1.7441817754960018,0.18780114369837936,0.013115696056171673
1.1571997505403777,0.2100448770224479,0.2983640651324953,0.021513543953957673
1.134779013375722,1.7952590872405023,0.1413714087681529,0.00968154053491125
0.554354988149943,0.6110866696736164,0.09029025240055152,0.005994983882234518
1.7941500603922427,1.791877260959197,0.4012220166842714,0.02952747004701293
1.4312979025897061,0.033384834233975536,0.12335249900130811,0.008368451315832774
1.82253082681072,0.26793177458459794,0.19286490875104523,0.013494090576874838
0.5861724407802771,1.3381181984015111,0.06506486301134955,0.004223527852588946
1.3419505389605906,0.2928079875077658,0.11679352122751123,0.00789366295876505
0.12047016918366293,1.5862953787089888,0.1246737157214553,0.008464305004676705
1.8524419230440692,1.1144076849846445,0.4518406239054569,0.03352642079397847
0.0122684822943806,1.8559995744244322,0.30370856382049216,0.021925752460466765
0.5460941633934895,1.133361152981975,0.09321581214911409,0.006202864614384117
0.40055806290731266,1.4744790661451297,0.33156486354214254,0.024082172391831604
0.8518038095336125,1.2826647652044747,0.47313655663309884,0.035218309572148686
1.7184673822358807,1.290741921266045,0.17683821606973493,0.01229891530160657
0.9597193535242698,0.43050430479182467,0.49610169582571756,0.03704870426249107
1.8070107909714432,0.2504397536026306,0.44788725383467154,0.03321293662050876
0.2674357891392507,1.8701041654199033,0.4333902954020293,0.03206503946289145
1.7570717074066642,1.9700248119109154,0.058505281404729284,0.0037699836396805422
1.6256889553600153,1.1173383840299058,0.3507902703537896,0.02557783327924945
1.5498812587258455,1.82055684755675,0.4626739698940557,0.03438642125426738
1.965693858326225,0.5103210666357574,0.20433847980290443,0.014353977195033642
1.398065067357323,1.9877142998348882,0.3778445890292071,0.02769209108663149
1.687689778653464,0.5973432116120405,0.3939550489663243,0.02895612375082135
1.3236761100790237,0.10244666373133304,0.3411450583554944,0.024826746768151216
1.7649851812891841,1.9849568409774814,0.1066929888380938,0.0071661383778731805
0.8657940980928507,1.1189526692572833,0.49895447393034975,0.037276493922814236
1.7032377990597845,0.6792749199139945,0.14115876579092934,0.009665974102732351
1.559930039849958,0.9893571292028027,0.3849930025646128,0.0282525085274407
1.3166912483073008,1.476685309298957,0.223347235918415,0.015785857396243434
0.32296739571952715,1.0412773406444493,0.1017403182803491,0.00681111241459692
0.6357142630536743,1.9443453245155364,0.4521889526491444,0.03355405076842533
0.2472258585284648,0.7966316968114648,0.0528818936433003,0.00338394358531939
0.8389717209528955,1.755930083420248,0.2528405412005026,0.01802399537420112
0.16745893318920269,1.1609925378763648,0.12096578105184738,0.008195475978848945
0.10557571069196903,0.9764401846667532,0.365960800173287,0.02676205671023371
1.4009335078132112,0.34144128153017284,0.20675465489138178,0.01453548892063548
0.6558761339963168,0.09727462638389994,0.4325766063194588,0.03200068767127832
1.9117183606106503,1.2094566160818454,0.4987555217328164,0.03726060499444773
1.2787649234968073,0.8373473805796958,0.4725008301833066,0.03516772595905274
0.6643993173971612,1.0350121231534697,0.4283412491256367,0.031665863457905244
0.6335142021565459,0.533549088335729,0.08989814348175722,0.005967156880334643
1.9884517586115924,0.7818206977409734,0.4187642243562198,0.030909601470930134
0.820917991798324,0.027037954020367128,0.3534915791059408,0.02578844533825386
0.5213799369077132,1.5751577024666519,0.25168189131200464,0.017935714724382226
1.3870833328539325,0.046578043773520594,0.40714082339275054,0.02999334923952008
0.8592563148216152,1.3548133549770955,0.2547298127320648,0.01816800387380598
0.10711604071312553,1.72601760636423,0.2008433021092738,0.014091669321795492
1.3739520225430228,1.2994602476219461,0.16032102897266048,0.011074975354019733
0.5876925014581058,0.7191337506346949,0.19795729107256615,0.013875315554209226
1.9227457306924427,1.3463235679148091,0.09185563054300383,0.006106157676040686
0.39637689039853696,0.8497620962016526,0.38582813121204435,0.028318027600392915
1.7925484328557688,0.4612423774426482,0.46270376181100986,0.03438878820398014
1.6678684821913174,0.21624501767914106,0.09167278210766096,0.006093164918309601
1.6519881090916193,0.14353752460403957,0.25259174665209383,0.01800503669085493
0.7908401040892692,1.782610572506702,0.3187794158799717,0.023090802787329324
1.2154758975216586,1.0012812287723603,0.08876597764763591,0.005886856980502945
0.8484413105191966,1.9923163576997354,0.05953461965870376,0.0038409319925923847
0.8432379323698658,0.49174889229583996,0.450750660301071,0.0334399726952071
1.4279266836712694,1.658944808113405,0.12209187941731693,0.008277059930892252
1.057993701262498,1.0278663890976991,0.3354107269250775,0.024380897586205656
0.11780058218905287,0.020911634335018636,0.3922005432366723,0.028818288778570962
0.6474153140879075,0.82049977461139,0.40126408370217176,0.029530779547760417
1.6784825330052289,0.24319349968929216,0.18205207911974658,0.012686945534927744
1.1265262825578737,0.024368904322968454,0.1789756514897552,0.012457895040957151
0.9996599220335392,0.4342397475978712,0.36482349788674223,0.02667315872367898
0.185027280475762,0.4813299847510739,0.12478653148390043,0.008472492997311985
0.6259147641298188,0.9838080293115801,0.4638180347627421,0.03447732405972653
0.3071530878922075,0.08361608569493906,0.3517310510200006,0.02565117016268111
0.10600562765878063,0.6937124109083566,0.3407061843589998,0.024792605550922407
1.8623697658906304,1.1210452453228796,0.10339115384652872,0.0069293208074219705
0.1959572675851351,0.5385286476609881,0.09548879594897128,0.006364687233902959
0.20226973898670142,0.9680784547150292,0.3385845294385246,0.02462759902764813
0.9688976652098678,1.2106039033234826,0.05770098855041806,0.003714606643360389
1.3889306041202356,0.6025759166605555,0.40057766259871047,0.02947678034974009
1.2641862092218068,1.8541833455001862,0.45246661318927384,0.033576076283688326
1.8989888318929586,0.4185286817426135,0.4971420029041964,0.03713176063671836
1.993450644479161,1.8281756447265236,0.24859269641797221,0.017700478022368436
1.3810001727846495,0.4600725059404567,0.08414348288071896,0.005559744460365861
0.8339221549197127,1.5035085724525128,0.2754131642970677,0.01974929385562304
1.7573301771656973,0.6059253444224646,0.4653587043202764,0.03459976392461435
1.8530001919500307,0.9530394042983985,0.2098197789838433,0.014765962511703876
1.4744915336602318,1.8591274825556476,0.2860119145489741,0.020562814736388643
1.5276358062622395,0.37933629062423724,0.47991286285142076,0.0357577783576149
0.24296805126842957,0.6022149110197579,0.4150197070854914,0.030614233767924062
0.7375689073500014,1.4202984277434285,0.3775936217451934,0.027672429099566156
1.7737465352012514,1.1682894597831173,0.32300915028526217,0.023418473413197756
1.2414122955721525,1.3116549634686756,0.4725415465048421,0.03517096554302974
1.94074535296286,1.5763285004527674,0.3590898141589321,0.026225273862746652
0.2373042050802019,1.9616306912207295,0.15725410018899671,0.010848643733174863
0.16933356224777985,1.606712702919421,0.49423124207547603,0.03689940061063798
0.9808360675636592,1.2861953022901733,0.4353537425434893,0.03222035585564406
0.006201337543891405,1.9691434076280574,0.11237962304061708,0.007575179814950121
1.6035923639986602,1.9888891962515625,0.07601325175520979,0.004987450598297713
1.2952302376769693,0.7672052299765335,0.3056195452415276,0.022073263906778183
1.2320449936779012,1.5765328494408057,0.35205371622478554,0.02567632607387723
1.7224120836987913,1.2828654808669813,0.4678440905438907,0.03479734109815865
1.6454827533776963,1.8562302220857367,0.3892756025719866,0.028588598428958112
0.4040698643589471,1.1046509544481051,0.08439031626586638,0.0055771809823428695
1.246334431280938,0.08901888856964701,0.3757018054398962,0.027524244145038006
0.41537219872346665,1.4564022748344405,0.21869592950556316,0.01543468039428761
1.6730767823906934,1.0424527569959023,0.35590480375821976,0.025976690406330966
0.4431050615776013,1.8395938532994562,0.21094902262024268,0.014850931645406617
0.528387579529739,0.7845854816193714,0.22636155490398785,0.016013710964150333
1.6606784257991543,1.5289180609906894,0.39654873592553436,0.029159962830397634
1.256930262808608,1.7503325608048759,0.09742580322947991,0.006502800547290825
0.7403505861681414,1.9626076503341745,0.32192564536169666,0.023334507689549054
1.0488935163956044,0.17703231459563606,0.2077034846758154,0.01460680854047474
1.9180891243424403,1.04024596321306e-05,0.42432463303099405,0.0313485426637453
1.5635450405322266,0.28057655110015145,0.23890483368464388,0.016964083065575078
0.7977435674375208,1.424208564603764,0.44244343971661665,0.03278157974475173
0.7337844571848846,0.5372293396694958,0.23846839623972133,0.016930956396037002
0.9453366927184577,0.5839464385961435,0.07612291618032394,0.004995142865699244
0.8185470263441481,0.08322366147335725,0.175505511234116,0.01219985739016377
0.10979138521306298,1.41691578438069,0.16455409689592854,0.011387855101135505
1.0382934017485432,0.17676821175085644,0.3633684820431838,0.02655945433208561
0.923731452128062,0.6472377815622257,0.2881708686720501,0.02072878580032823
1.7104218070351238,1.343637454993487,0.2136711193998896,0.01505588261625355
1.8274427619234963,1.9678209995530045,0.11377119402562148,0.007675496513366612
0.22152049176401056,1.3554015767561078,0.45874245793697016,0.03407415752270487
0.9606111380437585,0.3562146609037733,0.4056301951032313,0.02987440046493571
0.7456735894248523,1.8806108693486496,0.07303912431093426,0.004779129778570119
1.7509477330334744,0.32718454727789625,0.37829982919877114,0.027727759095911943
1.7244297402337891,0.4828804184988449,0.3801699782195872,0.02787431607243027
1.2076691252409,1.9431753276085562,0.09837248786026034,0.006570370653275439
1.6369364596669307,1.3136730185541172,0.4108333743222684,0.030284233351218236
0.3316740947821033,0.09040104617163913,0.06901007407335394,0.004497854356077441
0.9583383746947216,1.2575110345413678,0.21431960722283944,0.015104734954341791
0.4622785505721334,1.8827058242204704,0.2255091431605865,0.015949255468183418
0.6118031588987314,1.79198485763229,0.1430931278591166,0.009807637500062432
1.0781217137994739,1.7555494452093676,0.2905011730108547,0.02090802581852045
1.8920079538124832,0.8437731512656224,0.06981333359443048,0.004553843035106583
0.21252097771860834,1.5388123788826245,0.45702118626704447,0.03393750205045809
0.6576401918479209,0.7147675775778155,0.30916371301433415,0.0223470116240312
0.7571817452650211,1.3588410459451141,0.2581713038805683,0.01843051839844869
1.2913045257330178,0.912895011514042,0.12216203350858498,0.00828214420125912
1.0988610892425457,0.8364521384093169,0.38449603279486133,0.028213523979161718
0.739535761332206,1.2078708936735978,0.0931917734495172,0.006201154648185169
0.5458092553008114,0.17270991678326553,0.20944777029753847,0.014737977883479794
0.7858651267960752,1.7390624453635406,0.3640850027321576,0.0266154439958625
0.8469360815710345,1.4773664639221908,0.4615558551432365,0.03429759532550437
1.2622676440017775,0.6824608732464541,0.35244330087070164,0.02570670133788673
0.24215563101022974,0.47553364962251243,0.288056486969365,0.020719990471061576
1.740378541596289,0.14130401090035338,0.11194703862367701,0.007544012728651617
0.29392062793445994,0.6732520220378955,0.32186073049499225,0.023329477759782766
1.8014007708555098,0.6761295227338764,0.2831626618272184,0.02034390888890731
0.4700755928781222,1.9169201589823568,0.18646377065989167,0.013015876316796848
1.969358163850321,1.5582650283260333,0.377740395034757,0.02768392791730464
0.5510760406655746,0.4604606037073311,0.07602764276464506,0.004988459993171931
1.4514710463314007,1.1847483277941593,0.43554440850398046,0.03223544086146875
1.6073519574494868,0.1708123753631381,0.17788917948125615,0.012377068158914236
0.8928897784808465,0.7693163064973603,0.2646565305869255,0.01892586109699688
0.21807597813919188,0.8940773055705715,0.479706599442267,0.03574134971833345
1.7329389001711544,0.7219758724267,0.12858157029599004,0.00874822592409624
1.6436057648099875,1.3584266559810412,0.3632789342050189,0.02655245750708661
1.8147951210326398,1.0175593078332408,0.3709313709679496,0.02715080768646149
1.458796671998222,1.166592096828895,0.33399605172822106,0.02427098589150651
1.6189059735197326,0.283221693345695,0.36506704847681315,0.02669219440992611
1.5366720406090901,0.8310015347123485,0.3544100198502903,0.02586007845243742
1.3234312050396255,1.4633209395347686,0.48082770348564985,0.03583065021403964
1.4642562188804014,0.3814111875553148,0.3197914406002003,0.02316917554081136
0.9971221667375363,0.2964343346431202,0.09604716475193589,0.006404480624683533
1.0076358600867052,1.344734044674032,0.14224216316403002,0.00974530054305662
0.3054921199626581,1.6986305842914469,0.35745586881055486,0.026097728727530117
0.06681161481423148,0.38649165152583587,0.2322761097085141,0.016461400832453975
1.775466234057323,0.3758770528828326,0.37024786489630773,0.02709732888751325
1.1068902670684508,1.7340200677973487,0.4128979644057692,0.030446952094676193
1.1397505599151958,0.6578628592730629,0.29736210758221776,0.021436321766699122
1.9718459227569356,0.30557136526345907,0.27054493602479096,0.019376345131644584
0.9562031753843185,1.9471729667632207,0.34516557989507435,0.025139654815490266
1.9963719891864817,0.25910958446717536,0.43275440457988396,0.03201474839426644
0.658090833596571,1.947804685167083,0.08443161829169589,0.005580098936834222
1.9678166351114434,0.10393881037304142,0.38893662556674,0.028561986854409784
0.7819877510367461,0.18974338110469513,0.056604942728836996,0.003639227777897995
1.3010009385659533,0.9782435620570555,0.4257258009513884,0.03145921432403926
1.550599425883309,1.8384368424229998,0.20554537278370044,0.014444624915115797
0.2617504531547845,0.42375780734695145,0.06558409378799684,0.004259567972893327
1.507175340243384,0.7429200679811907,0.07004035781955993,0.00456967512545786
0.009499238994067127,1.6024033394148682,0.2617080782087379,0.018700552729316568
1.1967969772544689,1.1885088363652319,0.10350127114898525,0.006937210435081898
0.1444355997522293,0.46558407359997767,0.12395384027354911,0.008412069620856177
0.8107288344747463,1.0292037992525545,0.31698637110023914,0.022951988818650487
1.1181572232281944,1.3377504469118173,0.44062423027922565,0.03263751064779158
1.4133424059573323,0.8243908884049769,0.26320989547758916,0.018815293545231287
1.3116420863761142,0.6842173266936298,0.06640440235474362,0.004316546159790513
1.3585518610729763,0.5820390930970762,0.3674696765240103,0.026880028445664072
1.188297801858775,0.3915943083438018,0.4164729592998773,0.030728844629896123
1.6989380248676962,1.8982940477122634,0.42550327813780797,0.03144163661320367
0.2803125438879863,0.12704248833099396,0.11979632222336041,0.008110806092580592
1.2258033676285884,1.6466147500924466,0.2524759134683453,0.017996210390925336
1.1121865871015841,1.8295311002115473,0.3257158563300309,0.023628313165251325
1.0147517112624453,0.8350910037213339,0.19313781529548335,0.013514503408438329
1.065389131646447,0.4249358336408904,0.1286413688219597,0.008752575194564675
0.1098416671477469,0.3224631459829028,0.4604124542454655,0.03420677595367275
1.467294885060847,1.2309317734843634,0.35627870331288175,0.02600586456609768
1.175965445311526,1.6837914750013543,0.14109188937267786,0.009661078779358895
0.7646319030014346,0.6501134430713431,0.4592626889869387,0.034115466757421525
1.3421489014853625,0.4331373313963762,0.10542132666887291,0.007074870178689084
1.5127786096504012,0.06400759141633805,0.4891518864143939,0.03649415255675325
0.4949987007545662,0.4417511973842676,0.35169347626618436,0.02564824082984192
1.338599886578621,1.1192496738296354,0.09205564797819105,0.006120372464272111
1.1961166503852025,1.2258558331970213,0.39812901430807485,0.02928420279870759
0.8377997345347037,1.2908856284005907,0.20410368408905133,0.014336346365727625
1.9711922138144096,0.16795987658970146,0.13740801701037159,0.009391670301599575
0.9968291422022713,0.6989844366611124,0.1135419814911714,0.007658967001637325
0.26882659515775575,1.5394315431112269,0.2504477192040482,0.017841710675426056
0.5386026754875544,1.4784920609624954,0.10744425523791848,0.007220092699838061
1.2602661128635306,0.06741961402718011,0.16674320843763318,0.01154987833326548
1.275314135082085,0.7253588789388983,0.3934835630305538,0.028919079376670268
0.7025378170702272,1.9061593414594784,0.28358912057513924,0.02037666374555098
1.1490660249174465,1.9366810314736347,0.07669614733774165,0.005035363835764128
0.9190200703577918,0.711975856423231,0.4340088441583279,0.0321139638748243
0.2699798493217094,1.9781018366960117,0.08789553783329276,0.00582516822657588
0.07838738728691985,1.7786601727312645,0.23252184735292497,0.01648001859506941
0.07494472644807892,1.0708475066961394,0.18727851458199252,0.013076681858243597
1.9341330060584665,0.9031285537155667,0.059663373796307165,0.003849812510911279
0.5770200056689558,0.5111499041546899,0.42909582747119146,0.031725499643632776
0.20156412005318325,0.9045969471494515,0.11792421183087289,0.007975382498278805
0.14835396919447774,0.09340637586295353,0.1070314792417057,0.007190444790172034
1.7944629980395175,1.6927233187405224,0.05950588274476745,0.0038389501113225083
0.2809066407669716,0.8828820620304305,0.05471914952111373,0.00350977184657677
0.06570961196598746,0.21617154236878644,0.34456503013563655,0.02509289934325608
1.863043379903108,1.8663716771100574,0.16349221139434755,0.01130931494928561
1.2016760903609776,1.794889405822449,0.2091123653943755,0.014712749741578764
0.2516503825943639,0.7832940005213476,0.10579302041544295,0.007101539116840287
1.724620976011013,1.1893277138234972,0.27355260498954675,0.019606704647703005
1.5649923452441987,1.833433886763972,0.3217084471913406,0.02331767835963649
0.3430030738092038,0.9127630604803769,0.471218471965924,0.035065705311738235
1.5885723791145918,1.677072626059006,0.2888260982420475,0.020779174021224086
0.0763776647525487,1.4949001880035935,0.39011299778261044,0.028654345447752277
1.5237875264411649,1.8850166345352157,0.21480756793368183,0.015141501078794575
1.206475906402404,0.7704460538233275,0.4877457360572525,0.03638201633867642
0.6904428585587228,0.46602846134676446,0.2795441466934774,0.020066120403924855
0.8930686590749959,0.7569864135064541,0.3142141811758686,0.0227374780949779
0.8238881343185718,1.4073648342536305,0.06201783617469278,0.004012436648144862
1.2308216509883902,1.6130341771412013,0.2562888104444243,0.01828689300059154
1.4291448740308899,1.3254019230795913,0.253098672758169,0.018043666918486884
1.0139077077724095,0.9395642695934703,0.06168495889459199,0.00398941836778754
1.088282373499492,0.8032298300731666,0.39597594664079416,0.02911493911464442
1.1781528903505591,0.34551637999265505,0.07849149535068482,0.00516146866949327
1.067144662209179,1.3623959551554359,0.1980753515735338,0.013884161873852333
0.5414801064437056,0.6165289591832328,0.433311479179001,0.03205880580167472
0.8640359743278654,0.12987349187478814,0.3075564704598578,0.02222284295023403
0.14191899751744708,0.24735488224501556,0.3991531437910926,0.02936473705655214
0.5180274236847118,1.9627390272841267,0.2941558803690353,0.02118933452690762
0.6722202000780684,0.8917242935774228,0.17348894753416944,0.012050068074352554
0.02658930125442649,0.1914973503110613,0.12043426316466752,0.008156986564129927
0.30356098887144656,0.0663667002252224,0.18887585781449867,0.013195946852771395
1.7454809287905149,0.9561688200398362,0.4493713769008486,0.03333059850182121
1.8283073816948203,0.8716052232983384,0.4436286459602854,0.032875462073902816
0.5746990183594252,0.9195832904069285,0.3341954788355871,0.0242864782281213
1.1168164815592692,0.6805777967246063,0.09983973821545652,0.00667518495303377
1.1313919134506902,1.5722803220465518,0.36332753718640015,0.026556255088803302
0.9471361643419804,1.7188392445412934,0.07570317791617093,0.004965705021803282
0.8311405106673238,1.0243727555408468,0.40968590907924846,0.03019382132016562
1.4048998276869733,1.699236299466642,0.38222381312396597,0.028035325179023806
0.5258927568161713,0.3333942666489178,0.1823921370430424,0.012712280482270409
0.2831109485878962,1.788401198541647,0.3260844334883182,0.023656896762780846
0.4265768208412042,1.2173125651293644,0.20800097295915138,0.014629174141567199
1.3689815974815063,1.7380203184764078,0.3384658474325951,0.024618370927602832
0.9132385519512796,1.1087846164963124,0.3415527861904968,0.024858467755490325
0.1755562161423867,0.7710327032373328,0.48874033781096465,0.0364613305010362
0.15988428105382146,0.04637771157048576,0.1374042328845111,0.009391393815290394
0.24772987458271256,0.5733327131400219,0.2696799270667763,0.01931012610286751
1.2765340838465977,0.08528010997143087,0.06549956463776906,0.004253699407885812
1.5307642772726746,0.24199962043455248,0.05961866683043274,0.003846728801518893
1.2824294562958622,0.9640692622970863,0.20736411501946472,0.014581296935976075
0.8092369780507704,1.506639008127184,0.37602088014922,0.027549233493217726
1.1733381101321978,1.473670628662574,0.11671837585953854,0.00788823383046124
0.10090606109340161,1.0521804391059757,0.48679923365160616,0.036306548203936424
1.8837954454157448,0.40544275283877007,0.46343418828400557,0.034446823431654026
1.1396890253519232,0.6669456706773917,0.1966979814655332,0.013780977682685821
1.0534487583434653,0.3079012508225314,0.3071774850353097,0.02219357067423417
1.748976644312571,1.331840441110187,0.40305785494294344,0.029671921547445766
1.3224595578163352,0.1927538421848236,0.33115220130352857,0.024050133245274226
1.6496489887938894,0.893913876816677,0.47779447067763825,0.035589074127194545
1.3776075197622313,1.187708673806974,0.06925066638429112,0.0045146193932463835
1.0646182945235942,0.6413976023923997,0.2802609176419111,0.020121126331940492
1.7896163239960505,1.4024870843855464,0.1937886902622677,0.013563195506613836
0.5027700608092507,0.6609060837445708,0.1392226084571767,0.0095243133046161
0.4147260009814886,0.6542187803153754,0.19228402658944865,0.01345064846015393
1.1496232609214796,0.523541358877861,0.19350133542493692,0.013541697035096494
1.386039658365471,0.45892640524886663,0.3562308894123437,0.026002133685917524
1.8219187907826067,0.7694515118411207,0.486362378971587,0.03627171957943598
0.971118569120164,0.7100051958072566,0.3228996943858396,0.023409990294236408
0.016824836303529267,0.48255404049515827,0.3943130509192136,0.02898425379834321
0.5132359176091184,0.6635838263658771,0.3386399770046532,0.024631910420624185
1.121484504963796,0.009146757654298732,0.2305409331368371,0.016329977818435714
0.23807351870203308,0.11070329786540745,0.27619757100009285,0.019809429021353048
1.0455289936517815,0.4110255602356432,0.07008344874241001,0.004572680576695726
1.6297119267417672,0.642764346302132,0.34825652090652953,0.025380386931271485
1.747856532542904,0.2881080297860048,0.20704398941269903,0.014557234614271034
0.07473850540866578,0.07095362087709911,0.4062196865454458,0.02992081413344829
0.7593385896425393,1.2063173397611975,0.11246639170625439,0.0075814323705872344
0.495087062680619,0.5038956552724545,0.3809278113145608,0.027933718955392137
1.2931422758494995,1.5182963554392455,0.459763170442661,0.034155210812021594
0.44232553703668787,0.352946261228124,0.18762323143019766,0.013102414085587552
0.14860481503734602,0.3425764718438189,0.23536806581615632,0.016695754555280662
0.7663130858537301,1.0522240210897889,0.4830141896299989,0.03600485403407169
0.3189101785216615,0.33518880445298604,0.1320391078894219,0.008999927116479903
1.2925539865142945,0.8213960127594995,0.2673129362333694,0.01912900090137983
0.015234066720389627,1.5544532536514513,0.4992206318188619,0.03729775078590087
1.3858133773349393,0.7737063810454983,0.058915954572615656,0.003798279529684306
0.6637982931600068,0.0835536261064802,0.19333759411572227,0.01352944770303056
1.4954279061478128,1.9714634428333047,0.05766437885984485,0.0037120872624608076
1.414775440518186,0.6134442011638617,0.20586610978495778,0.014468721123051947
1.177197136767546,1.7820876340877245,0.3466734145550941,0.025257071176342415
0.4767249307786221,0.26211737061957274,0.17380303525075988,0.012073390485927732
0.3190421256189613,0.18524865966017723,0.41693802507262806,0.03076552791585264
0.9608739589736455,0.6413251718748267,0.19560671923234257,0.013699262326134585
1.7041840871516896,1.2198326623412703,0.3608480903051734,0.02636256894534317
1.8625707670453058,0.6868830544345104,0.3339259762993863,0.024265542288936542
0.5947422432019762,1.8131238477332925,0.3798709192062966,0.02785087652542738
1.671957634265257,1.223333852402772,0.37899233272022337,0.027782022336927188
1.8039214467534432,0.9089766706460616,0.07723112083361655,0.005072919163160582
0.05600738764776003,0.16558337806285572,0.16663973668437027,0.011542216733358908
0.29272521767167814,0.4688327784387014,0.36342805072432005,0.026564108799987367
0.41814448824811534,1.5895031565371212,0.19714284699812595,0.013814298868772891
1.4518446947606536,1.6990685432308643,0.43842490351176383,0.032463393635403376
0.31262068037883917,1.4042635645298436,0.1699627007460852,0.01178842965991088
1.7085636806769906,0.2993752803076215,0.06804059766180179,0.004430339960645481
1.954619272016308,1.6651249242746724,0.38978665594877693,0.028628721974994106
0.24089656695202022,0.6909764038138331,0.38668662552463723,0.028385390000589806
1.6274363681323225,1.1662690939689697,0.11094628773310039,0.007471941959412731
1.3539012146104517,0.9266211754874512,0.08505676907063342,0.005624277332269687
1.8352241981309452,0.8111485089175545,0.19571149544266558,0.013707106764025125
1.1903762104124307,1.3876948790016588,0.4165649979726826,0.030736104198043693
1.7901142417153886,1.2287533910213966,0.49604253235251106,0.03704398111082239
1.1292852531343842,0.6095833393569363,0.09174882971334294,0.006098568456155651
1.1780432496270699,1.178997390638267,0.48202808760486143,0.035926281617280814
0.27836715451896743,0.23840731170251872,0.3155487958771419,0.022840733709008746
0.6749786808609788,0.1086267663675129,0.3832099142340987,0.028112651194575643
1.6739883028057665,1.8690744353071413,0.17118366340123503,0.011878979940636586
0.09406026324863004,0.23260555299503838,0.3188783397050312,0.02309846284460001
0.6152195487199761,1.5844229144011586,0.20068854454541096,0.014080062237671295
1.2256907720686223,0.41197027256335805,0.16489116765154863,0.01141279316218408
0.3869297927592519,0.7542043138572654,0.12230415858425858,0.00829244503490446
0.5195630025982487,0.2577327747540581,0.3185461137497314,0.023072737943857037
1.508779736156844,0.4922131226446089,0.32205228164286775,0.023344320305789496
0.14570036134742237,0.20098157349403434,0.41610616303593995,0.030699914603386922
1.7691544364623102,0.8360561009455576,0.08550671321190259,0.005656088035866324
1.079615490391429,1.4424945679576175,0.2412589935549631,0.01714284139211405
0.9927439038448354,1.199132301302678,0.22518234708659907,0.015924549090728844
0.43916482938010226,0.12554299828988458,0.16804379789709256,0.011646208821449941
1.3142643044571058,0.9347588794061281,0.2930537388593321,0.02110447538427209
1.9920185390457994,1.6458865282109523,0.1855117876687889,0.012944851647398368
1.6189169050307224,0.23810641485081407,0.4694621573157162,0.034926009177539026
1.5959612364375693,1.8748913689843587,0.46565008517087303,0.0346229236489414
0.9876666958643852,1.9651563621036001,0.08862148277783163,0.005876613614878954
1.1710000230165487,0.9071554719811159,0.35015814091029046,0.025528564372912874
0.8987110222480672,1.4941336201960906,0.2286627810557859,0.016187802693512984
1.0373523574854602,1.6474730798402768,0.2913918597766083,0.02097656102646181
1.759332121655033,1.8946709059167728,0.2891956324805755,0.02080759528578888
0.42627966587923694,1.8944792571672289,0.4506027066533584,0.033428239183631886
0.7691484425640867,1.8267103482490827,0.10938069692866875,0.007359283381166045
0.07718026787918442,1.8275594889629454,0.3497789617667346,0.025499013651990615
0.8524139730877005,1.1233158335640343,0.12766191379685807,0.00868135501949804
0.09157023546728338,0.20557629113211084,0.4453381820861252,0.03301090799697535
1.135108065914859,0.9607374990128754,0.42525450660130915,0.0314219861919094
0.7949831723553302,1.2083830976053125,0.48927846175025264,0.036504247647352425
1.2449602434816955,0.7231411408856616,0.4432319846065504,0.03284403988188856
1.3767418510992222,1.7604890696918543,0.09753008551120396,0.006510241536947838
0.869054624524267,1.732913758761853,0.144125183963775,0.009883274527415735
1.1292145460337877,1.0642785805132626,0.2567146312550504,0.018319374775078955
1.5239803786672763,0.8217354843129381,0.35151395518386586,0.025634245640314312
0.600365272585804,1.8762691452504452,0.4374194913616036,0.032383816893952304
1.3806220300911116,1.4491646783269911,0.15415151538690303,0.01061999052880942
0.3935376420252745,0.4117009396406992,0.16681375850259927,0.011555102424071902
1.9331888656072984,0.5377094315364086,0.19109673972718605,0.013361883680730859
0.2748490528459735,0.22047670307453648,0.15961290168859546,0.011022690604173772
1.5981624384482962,1.0836631713234115,0.08089048905890112,0.005330283629702228
1.3125516712493728,0.08341266648872092,0.36717107171127755,0.026856679324074404
1.936767668746119,1.8377091911332162,0.08615522652904108,0.005701957736721962
0.002928718728891999,0.014255925592172591,0.06178944617150794,0.00399664268463353
0.5689049397702168,1.3882899759510565,0.3376340395745769,0.0245537001132474
1.2491375593757517,0.9494375212726374,0.4886935866560057,0.036457602097219204
0.8760590655874265,0.8888441979161212,0.3068672009642347,0.02216960664467365
1.4694808595007758,1.7310576719118775,0.20608963420503046,0.014485515512994223
0.3547119779550232,0.6155551199151192,0.12809623818027538,0.008712931883836518
1.8233691276698032,0.570056056087586,0.2454852411956937,0.01746405424565672
0.8611139129089929,1.2927103677454406,0.4022148952300137,0.029605588270930055
0.721150832654492,0.9493119507207828,0.33296234047604134,0.024190693089460723
0.08283293960136517,0.4100136895360793,0.4582598278815789,0.03403583690599482
0.6462234653480536,0.5759101592011815,0.23436987365227052,0.016620073576059127
1.9085908781848622,1.0647822478703046,0.05688632310246508,0.0036585697498946303
1.659945954761337,1.648927806320282,0.25873066921780474,0.018473209295302277
1.056224696750273,1.5865956864166273,0.45875550257423353,0.034075193299859516
0.1991512664014099,1.2510768859539207,0.33738230298548333,0.02453413043897743
1.9495846907334233,1.6100656369479904,0.21940354497353387,0.015488072911032725
1.2329893080729821,0.45825656862330244,0.2057483039857425,0.01445987035238955
0.8315461564102109,0.5325531741115781,0.194722767672387,0.013633093752166712
1.3689297714141415,1.8709071066685732,0.45995675405896497,0.03417058440585257
1.129420037827861,1.261803915590717,0.1738351511629287,0.012075775399393612
1.5596491507289956,1.0597454262262394,0.2247218487364433,0.015889738777982915
0.7150832951161123,0.19604666978245056,0.36288332832354825,0.02652154824548032
1.3368071450167862,1.3662273050338556,0.43767436205910465,0.03240398830341184
1.1884971046802502,0.4320811376143432,0.09070498557547006,0.006024425546344492
1.8483764647573138,0.6163715958467189,0.2750464449094682,0.01972118400785545
1.50573109096156,1.5667812197056759,0.08894119723097171,0.005899279990926047
1.8313938463612487,1.1981644428956415,0.47622836935205765,0.03546438632545651
0.12188185811934238,0.028395803180426782,0.14939269775028302,0.010269895613645896
0.07298097210397159,1.0272921529087338,0.43783906308731274,0.03241702378295969
0.4334902857170968,1.3046838981286195,0.1666840541721255,0.011545498196098444
0.1753148002681557,0.7625050120416621,0.1760854922347715,0.012242960135026777
1.351901033826482,0.2878958832981142,0.20424506692956096,0.014346962647225882
1.3043253152027003,0.1466772934974787,0.3861066911246745,0.028339883880557193
1.6513616806999913,1.3089850251371917,0.4178161162023454,0.03083479735885768
0.8700010967062284,1.122825119275118,0.17425557626174232,0.012106998783802735
1.0449745456713924,1.3379176005990492,0.4686278535205553,0.034859661816244045
0.7227629558902888,0.9627802941943278,0.3914509875734732,0.02875941621599043
1.7989270760949534,0.9659922231118434,0.06772456761381881,0.004408345905143685
1.4710588771690942,0.5121039741811209,0.1949250888660375,0.013648236766515921
0.553071107998022,1.1438990448026287,0.09127932449111936,0.006065212860533409
0.30522629703771753,1.0081190605287351,0.06223192414910144,0.004027245221512397
1.7786405528808584,0.06198503902568819,0.4806169936274482,0.03581386521965359
1.519947434038638,0.16140312614732344,0.21694283852732027,0.015302453840869895
0.6725028111989151,0.9071917821510123,0.18178354582044737,0.012666941611939816
0.6289836115604239,1.0949581956061663,0.2206164634989019,0.015579620257297673
1.0182234810630537,1.4635624968506937,0.29389942906413546,0.021169587153661
0.12575097458549434,1.2969784966101565,0.28023138288444266,0.02011885960459858
1.3923520527042395,0.9551018994937341,0.2495181718217213,0.017770930282284214
0.49060983390676194,0.7435273258980981,0.29712280803596497,0.021417881289276266
0.8276718340364826,1.4069346306215997,0.20273007101690654,0.014233229737871259
1.8567507391850122,0.00032992934372422233,0.19300548696465913,0.013504605280814085
1.3074687139197487,0.1316243636447556,0.2678846736081781,0.019172740885774232
1.054082992663864,0.9182083341951004,0.13146872684769806,0.008958372968462445
0.6263587970075839,1.365577654395798,0.4491855860841184,0.033315867460101796
1.088828390920004,1.48121479809999,0.34705921512029686,0.025287119460871414
1.9245258079528138,1.3107966959761088,0.38268593749061297,0.028071561369903332
1.2788897663236578,1.745322780787508,0.22365407586224906,0.01580904189803573
1.8496159363130347,0.686883124676577,0.26405417959711475,0.018879817818465493
0.7459710614245831,0.3177880580576218,0.2804629626151348,0.020136633278932548
1.736866525005889,0.1420986996368403,0.4446631770704172,0.032957423302179184
0.14163117173971962,1.9002414038490663,0.4663218250317787,0.034676319127199734
0.5941034566882462,1.2326428974849941,0.13457332374724945,0.009184702239379347
0.3297322765876667,0.9390089953154039,0.2310872310624908,0.016371347319383407
0.676710020444764,1.3505477681130686,0.49254596071827894,0.03676491120016637
0.8434727819408658,0.927717323822582,0.3088448305976738,0.022322372585374166
1.0881736811628848,1.8790793531185055,0.45952531697309984,0.03413632210481654
0.4408682657026648,1.8986505054086709,0.09358230245701328,0.006228938259260854
1.6702933974502148,0.0066819722090720735,0.1040704078737289,0.006977996869680232
0.21204742562079315,0.38832389390168087,0.24174236081897943,0.0171795598331825
0.8538282037761709,1.8265390997363893,0.3342727756490129,0.024292483141307428
1.121225763957457,1.3818934658489537,0.22851125007488943,0.01617633538149266
1.4686649175229889,1.0448535568397785,0.08785753701062088,0.00582247603556901
1.751870233218146,1.3601102938120335,0.1607340164887529,0.011105475749461231
1.5831517852128711,1.3835805054807464,0.31030560529069856,0.022435256410051792
0.14293619952482306,0.6341356607980815,0.38259292398845085,0.028064267733226633
1.733854780918919,1.304377227081208,0.4758115855430961,0.03543120814125628
0.6097707071204581,1.920423053423804,0.15658172160704148,0.010799064376020311
0.8856034649192244,0.8629846306585742,0.2836823182223624,0.02038382239490675
1.2189124877127795,0.09657449441229438,0.2633357870472508,0.018824913882650642
1.0445809426487924,0.451880375527808,0.4047494183694335,0.029805061092945805
0.9215280222638611,1.9951947984795688,0.2811479587195574,0.020189212447671852
0.4012505774760693,1.3965551523325463,0.2304904915034392,0.01632615836591012
1.0820103331543454,1.8753100387263322,0.12973922527382042,0.008832449294170916
1.4536892635455574,1.1646926490190017,0.22492526472813767,0.01590511493533326
0.8639272676791374,1.370502918758014,0.12580012780362543,0.008546081101682885
1.9391353310655348,1.4101643931908285,0.21958311088308152,0.015501623794119825
1.7726451360694027,1.6133705580467517,0.10442081298454159,0.007003115852188983
0.30341837150279116,0.5028854527771884,0.21324181357766547,0.015023547475583753
0.5737231521418553,1.6985691725579397,0.302362768582727,0.021821906963061792
1.2127667966045217,1.8892141955003177,0.13418549592506313,0.00915640920363301
1.2202600918356075,0.9501039121839769,0.302329993992049,0.021819378376974292
0.16863982096147834,0.5161949714382825,0.3980137072717013,0.029275136317776475
0.8066695112351339,1.6921833383422633,0.24880174525054816,0.01771639038539295
1.7685928273514437,0.061237777829556306,0.37031264311289236,0.027102396964850835
0.7649649794478042,0.20221039737934077,0.32808644914402546,0.023812194342600672
1.7787239367126815,0.9692562831762661,0.2843001457367018,0.020431282742891712
1.6616811850718627,0.5113193483124268,0.14571694590027162,0.010000004313012564
0.20384008590788438,0.10121993721844125,0.49115808555683277,0.036654179336306464
0.6608522750280843,0.7715483356101895,0.24598437808946222,0.017502016107676054
0.16829610546957263,0.31620088540690805,0.21624024336675313,0.015249481392926357
0.9435029734674376,1.4307980202273851,0.4070429693229143,0.02998564316311525
0.10724056360976109,0.8630329302436366,0.32324432329739916,0.02343670060858223
1.4761842667125529,0.43904818935102585,0.3159540008981799,0.02287208932080408
1.5582689877477902,1.7370711743334097,0.3706514511163318,0.027128905408632418
1.1718410184544408,0.38524933156536645,0.20321721052842528,0.014269793621918278
0.3671077457600893,1.5124145883950215,0.1251704362764198,0.008500360034250084
1.6552036055769448,1.958160336962642,0.21393294320144285,0.015075605280286673
1.0895903287704944,0.8362308782311889,0.21174345571889935,0.014910727017651587
0.2565897691900372,1.5854710227992934,0.49511708238054464,0.036970105443100656
0.8296963971738691,0.5561544683576303,0.12529650170326032,0.008509512209844005
0.09975859849579649,0.9545916646241837,0.47725964619652744,0.03554648999747159
0.3062726076003792,1.7228390043840003,0.3605962448067579,0.02634290073901947
0.08684202515276529,0.252579264005091,0.07048818185030355,0.004600915603339602
0.20586774295089305,1.7421280610690943,0.10668752099675405,0.007165745785236175
0.30796788518889917,0.2745215381693935,0.42396265029459645,0.03131995544595482
1.8818599061951042,1.9661236588835693,0.14557159079671486,0.009989341220765864
1.325890262673614,1.6346733327116223,0.09289954770563441,0.006180369930400458
1.8704261503345665,1.6217397947754828,0.2812714152437592,0.02019868970717916
0.28782722703311925,1.2110927060887733,0.12113107958140254,0.008207448312414961
1.0202905170883831,0.3998159177556009,0.4157066747811091,0.03066840808963686
1.1941006690768117,1.9308433559323364,0.34196041983921405,0.02489018402720753
0.5984470301780551,0.16807818981949496,0.06417001828259775,0.004161462785057105
1.2058750178725761,1.3472486433241313,0.1295798718675158,0.008820852698945987
1.0506391115479974,1.3442934814997403,0.25236738915845,0.017987941268792322
0.3868325302851996,0.17010510734019757,0.2141145630573239,0.015089287319800302
1.786991289550839,0.4237473413038422,0.237476850447028,0.016855711203654755
1.0026960812713526,1.570666376552379,0.24230449540217913,0.017222268114767625
1.834171560146425,0.08179642060591497,0.3794127783600676,0.02781497098551493
0.6800126969264271,0.5544875323592355,0.17558092441439682,0.012205461354899232
0.41109332707493684,0.3808619391826664,0.13536636367181676,0.009242574038676997
0.18263898988414584,0.5794530575955921,0.28950052599072973,0.020831046851265293
1.9582132710600064,1.5724827404600807,0.4108331061196673,0.030284212216739135
1.9065248084035833,1.350868946245895,0.13186626306613308,0.008987333488174614
0.8532354441616479,1.8050875713020373,0.482119873635392,0.035933594642500656
1.5528147984565774,0.355288774826364,0.05279194428067625,0.0033777908758028945
1.6081010765069106,0.6551373755967265,0.21941542543517278,0.015488969442581628
1.1795437232246875,1.1568149435322221,0.4325264822067361,0.031996723805421214
1.7114820355897438,1.416605012111453,0.42948709427441356,0.03175642527283811
1.9450657958248225,0.12496871747275917,0.2969459370685378,0.02140425223089505
1.2978447181989243,1.3555276898925364,0.3940714823628868,0.02896527232582661
0.29292828279874183,1.5609426330735794,0.08383755503656017,0.005538138353627412
1.6864689766001686,0.3964113263913607,0.07102351814964349,0.004638278958343594
0.9227678297577739,1.4962192783751105,0.31033935108784383,0.022437864607362933
0.1375477988322935,0.4020783476339813,0.35905634002280906,0.026222660482331288
1.138435988748918,1.9392803534633714,0.37547960073206543,0.027506842343261444
0.7929289779153077,1.8427584812716067,0.36672375461687373,0.02682170423768101
1.4822252098617263,0.5833644546542354,0.4137700730206943,0.030515703406453803
1.1478226492040864,0.26913466770173833,0.29772758064091137,0.021464487179573256
0.8388649927535206,1.5272382426830822,0.2648425627233628,0.018940082722615027
0.4939884287182068,1.8566945325613384,0.14475663854563775,0.009929570835553226
0.6748483715181017,0.6732823979177247,0.44303364345776125,0.03282832868388014
0.8559658057350228,1.6497230249781216,0.46126783472054705,0.03427471664128262
0.030766013698794614,0.9592080662159348,0.26634107747550767,0.01905466499682718
1.1631285257572268,1.0270599969121952,0.33762980258796726,0.024553370727099632
0.7987335951754191,1.3259674495215943,0.33887429817475756,0.02465013088612788
1.1343825004234516,0.8719644145455301,0.094338641289677,0.0062827695979142655
0.3757350277798872,1.6500354388277043,0.144436697397284,0.009906111989059477
1.4599444201072342,1.0064963640328175,0.05224376593030899,0.0033403100999028898
1.1820037679071025,0.5636025554264985,0.1263184819668729,0.008583729965821279
1.9103179103982688,0.08571557947870989,0.41886576909397727,0.030917613870406396
1.4280350510917745,0.9617626583512726,0.39651922246349786,0.029157642834894477
0.7041877743611504,1.0683596423634456,0.3767832206279282,0.027608944528418614
0.4238175002753706,1.4951186394632685,0.1681148696637887,0.011651474365339873
0.19552611868184822,0.34437728325123995,0.14937177782992406,0.01026835826527037
1.3636072523363607,0.5584625952452276,0.34867217225822283,0.025412770429360305
0.12341040700825756,1.799660477629516,0.4240742291518642,0.0313287670930343
0.9421095038499536,1.4644742039379823,0.24276120946090068,0.01725697208675079
1.210540217738678,0.3282744509981963,0.45609480362525706,0.03386396922346833
1.0314777156583075,0.5605274636651163,0.37321816371183586,0.02732978001345941
0.0940668093030066,0.5912162579574516,0.3886360053220045,0.028538387837122935
1.556715671123607,1.1604784284658964,0.2560857457543123,0.018271404459163896
0.5444551242108768,1.8873262365547923,0.38091156405659954,0.027932445325568694
1.5196247939994614,1.62779483137633,0.3239834111395611,0.023493989914662203
0.19964982381554575,1.0945671446096275,0.2328098717888446,0.01650184184993931
1.0450477018285467,1.4693413119401355,0.19043497963614564,0.013312425203391584
1.4698432555492658,1.6407712696810848,0.07867973955762472,0.005174702510824219
1.149013428356421,1.5251363226276187,0.10173359290381034,0.006810631111921782
1.663543436094478,0.5447848592324194,0.20740835066183783,0.01458462212081023
0.5199154893542137,0.17596940152569962,0.10440318200552359,0.007001851826662052
0.32051520067570904,0.8375283379693019,0.39681089356904653,0.029180571052641664
0.12097410996821512,0.8671828022335728,0.26215645791603065,0.018734804783715475
1.7392986906678307,1.4549330506204257,0.12302547648875604,0.008344736883066901
0.16736626641451435,1.2758116405728381,0.17429586935401137,0.012109991472765938
1.5679082841350809,1.1777119238820801,0.4585679093076539,0.03406029811611136
1.6435024858965512,1.2955286532721235,0.1898050427067446,0.013265356133677204
1.563335166633226,1.575500964765789,0.08682871920786298,0.005749619463989294
0.02850429126271181,0.3128372360570706,0.23931359476245284,0.01699511281838403
0.3670929639070428,0.39930408654223526,0.45574407353202673,0.033836132254349664
0.19000566533742713,1.9724823634320185,0.4197412860434556,0.030986702194646026
0.04168833454210352,1.90183775206734,0.426915498599188,0.031553202677503424
0.5339001700519472,0.9931077740801206,0.33432537298511583,0.024296569295154117
0.5960073929227754,0.1495615679503426,0.12093573186314002,0.008193299680754697
1.7801110522043888,1.4657535893765858,0.47082789246155893,0.03503463575875927
0.028842412316856025,0.9342404844398742,0.12550909382505285,0.008524947542719635
1.5395507821023175,0.29276485652733064,0.08512113043115355,0.0056288269206044355
1.097380853054629,0.888851533773366,0.29499586034134784,0.021254023337297867
0.05172446148192611,0.9254203934551617,0.2760391086436616,0.01979727983146222
0.42520430156764744,0.03516645812124275,0.361818167649718,0.02643833726027752
1.4111751328526896,1.1002668302989251,0.3606531394471456,0.026347343918139924
0.8766969670679312,1.5894197379232335,0.4816390080434021,0.03589528288377927
1.8013106461301087,1.3780615492905222,0.18307227421028827,0.012762961738590909
0.3240603063767571,0.1999165627051589,0.22739453630733847,0.01609184275838691
0.8858572078642546,0.1423808302348013,0.23516692845353776,0.01668050292875911
0.44688949543197065,1.836106713811572,0.10682161490084624,0.007175374167801694
0.1307158916979272,0.4546177428362581,0.12581314599778964,0.008547026502401212
0.6238272383981376,1.7344268301911108,0.43935703696502076,0.03253718173682946
1.1580089973151049,1.1695746636032562,0.08852323394596108,0.005869649328705989
0.7194964964576236,0.5164724968367171,0.29716298087689835,0.021420976945974727
1.9691409537290787,1.362118747117987,0.1120226243774409,0.007549457975480938
0.7190519369294075,1.3746789707318328,0.11353979617088147,0.007658809419769402
0.17270228309589197,1.3471905855957054,0.16074225011738252,0.011106083883227856
1.2647033033037405,1.8505779574358117,0.47813715516023547,0.035616361294790046
1.7140839656108036,0.021927994657728433,0.3576552606146427,0.026113291022580788
0.0016581536245257045,1.2012023060959278,0.23165260292690593,0.01641416833847461
1.4618281125731374,0.019174497770956256,0.4379371090244459,0.03242478391830493
1.7331557682251602,0.8418184771801098,0.49320825997781065,0.0368177604555048
1.334134077335735,1.5738630210983449,0.384290986882467,0.02819744026667548
0.9960798395431643,1.5378620942827583,0.3528361505142936,0.025737333514362942
1.352876020063434,0.09940974168083305,0.13018206622163234,0.008864681231847435
0.742435650872896,1.7797362290292842,0.49497962934605955,0.03695913382566471
0.4203151848264961,0.16841839930346536,0.37298267318212225,0.02731134620544498
0.4320790039203588,0.5552702318739529,0.28732527946556363,0.020663770298918728
1.0414670111688604,1.1065328511222483,0.08157929937220898,0.005378818898180165
1.587154255980522,1.3008555963331623,0.06821671049035709,0.004442599562877934
0.7797084711252633,0.7787066474100035,0.3130102369096645,0.02264435806264825
0.20548861741352487,1.6371983586155225,0.46732433830544096,0.03475601709994146
1.1609830229165927,1.4991048821043036,0.46102773248665063,0.034255645055432944
1.0318037008618526,0.4125963308856533,0.390575826275219,0.02869068801755845
1.8845145317711953,0.5046569123444533,0.33419285164500795,0.02428627413275828
0.5823012830537628,0.4464100687398451,0.47627702677880984,0.0354682598432888
0.7337138720342782,0.3350258146566756,0.26364046946936204,0.018848198309309522
0.9426524952918882,0.7676580649287985,0.379351551707302,0.02781017274004087
0.521178292650929,0.5259827948850733,0.12397498143962733,0.00841360336200852
1.8232752613563663,0.17333531611094188,0.42973211754275803,0.03177579284002364
0.983596316264554,1.9868777249509308,0.17377201499889,0.01207108696458132
0.4401747232419366,1.4074988132702464,0.3152532759702697,0.022817867512401217
1.1544692060393653,1.8958003795450413,0.07082744416228695,0.0046245918732268675
1.578945462465069,1.0115438091629012,0.27673822805229276,0.019850884410003596
1.0561439199088452,0.8341448479186919,0.3285570918811659,0.023848711896157167
1.8120831463493505,0.7461757848847619,0.2631114111420892,0.018807767825459256
0.8156475001783625,0.7934101824449387,0.3114723803886518,0.022525447272980385
1.0660531195022456,1.4163703029575725,0.24587122987604165,0.017493410152783523
0.4868510295614936,0.32857402908822,0.38804087950639377,0.028491673526781527
1.1269827187052472,0.7749454306648369,0.06341072791252308,0.004108846343908133
0.07396006304411396,0.30379203394978926,0.4925056941958597,0.03676169822503902
0.1929704648238053,1.6672633231946408,0.3316110384630084,0.02408575758954752
1.1634736789708306,0.838378517138229,0.34439083933470044,0.02507933886548582
0.47368773644854345,1.9256242850118677,0.376592557025029,0.02759400983995666
1.0664616393922957,0.35113017105801836,0.22233689105767185,0.01570953235357369
1.142952892308524,1.2486087808845387,0.12249475560196521,0.008306260277678097
1.6189841598618393,0.36152313069815856,0.4947503314238351,0.0369408315395163
1.3922563692797079,0.22766415861661238,0.14179955716089734,0.00971288784194628
0.8595725040313433,1.9419871483963995,0.2009541774241625,0.014099985541066019
0.39777405703945345,1.8135891661696026,0.31679981416086367,0.022937549056913396
0.9789800058688354,1.4831556736290183,0.28778860576069476,0.02069939280995318
0.16283551954830022,1.8901682310636523,0.3986692483645185,0.029326683293163746
0.2880989151558395,1.815250189463254,0.13997721131582885,0.009579508480905228
1.088147913675243,1.1333028007078596,0.2477333452758858,0.017635075704462704
1.3859301349326403,0.9955771338184749,0.21817026446591947,0.015395024504547007
0.5259443518976465,0.7174471446690893,0.2080913468464861,0.01463596901890019
0.37368486352256536,1.4488701014853897,0.07256170343650827,0.004745743022234983
1.7875138593427717,1.5482959566720313,0.32327309652876335,0.023438930754307415
0.4947140316574894,0.45536220655747384,0.4489969116980336,0.03330090821526352
1.4706137488651154,1.8957942037139648,0.48454542933346245,0.03612688484628862
0.224268934160899,1.619848885212206,0.39917967768289186,0.02936682378634762
0.4390788051232557,1.2364632849928994,0.2708920318955613,0.019402920471005784
1.1307158845925627,0.7944928535002542,0.32580971338720816,0.02363559168010257
1.7224872327528988,1.5715733789600372,0.3209578089053438,0.023259522125939968
0.5751998150465498,1.828004883650356,0.05278415300476197,0.0033772579715582425
1.769493968872349,0.13240745154654898,0.34188548288077253,0.02488435329964889
1.6952952148532197,1.9034710758152606,0.21478544323938686,0.01513983393602071
1.482816573555283,1.3434471117307847,0.09136380772915481,0.0060712140280425415
0.5641368392346651,0.3450229588804983,0.08648516879099814,0.005725303889647759
1.9809281750924126,0.36848999623216083,0.14936275990531483,0.010267695566959343
1.9672146140777198,0.6274826499050681,0.38967970088272996,0.028620324476251995
1.9614408337336187,1.8377005556321306,0.10350334900995023,0.0069373593141615975
0.90296230520392,1.2710744159550231,0.4079613359650004,0.030057970203845968
1.3125290730152794,1.1589821934508435,0.12403280543612634,0.00841779844715134
0.4977325279643534,0.5252081458319007,0.16208390660293348,0.011205206934856287
0.4149208026877145,0.13825838845212335,0.20743977814764186,0.01458698454868134
0.8363556270577022,0.5195461192459809,0.31397943100611736,0.022719319220133913
1.5896416116976888,1.4661561713794184,0.28768319704103235,0.020691288187920626
0.8768986331030644,1.9620032258249058,0.4271239318806011,0.03156967116106249
0.07217219590577106,1.6079089118067504,0.23483379439949853,0.016655244380001894
0.7024642746874734,0.514615876998904,0.3616703829870716,0.026426793568628742
1.9679024310778577,1.633270613515476,0.47082048564509155,0.03503404658353404
1.4752655938633166,0.9830255967182386,0.2581704684688863,0.018430454644398003
1.9312251761198531,1.3139871475392018,0.12181476586037407,0.008256978679826462
0.9021822874115584,1.5086697618033198,0.08473983941924348,0.005601877615501962
0.025797233181097612,1.146526056425981,0.12354047108819317,0.008382084303151585
0.06317964494238382,1.9906193075387775,0.08462920435832516,0.005594059593393617
0.06768192939062967,1.156255836787052,0.1930495207234284,0.013507898943512914
1.015150252491327,1.7670058826260964,0.348651966034133,0.02541119609589337
1.0700064782683911,0.35498274659580176,0.31329296092544473,0.022666223361005426
1.4055163727776065,0.12469918324971485,0.06468703997142912,0.004197315390534873
0.03440495972469404,0.42636340303692055,0.1766742560554157,0.012286725617752603
0.9358753362109711,1.1422774520393133,0.43398271519714865,0.03211189709467478
1.0432069889149633,1.7043379735167195,0.2533069190770842,0.018059537845591746
1.865725423671887,1.2509754338847405,0.2041832640738096,0.014342321876575836
1.233233073433267,1.759788085824483,0.16216729093657983,0.011211369334507214
1.584481398817627,0.4888664578483186,0.3867968848904932,0.028394042332716005
0.7871473251768104,1.2667533582575383,0.15959531235780083,0.01102139209508132
1.9699698303348263,1.4211145738318358,0.3266097789219768,0.02369764177953009
1.975608712403512,1.3734184603377384,0.08466070462434612,0.00559628548664955
1.6463322411193024,0.12126420236831614,0.0757480007412303,0.004968848081334346
0.034730105624763974,1.553421921374676,0.2401697393483428,0.017060116063900524
0.3889677014867641,0.45782371392155574,0.4603040780409672,0.034198168529695566
1.6512340359170647,0.09956084187159142,0.21499638910169838,0.015155729637352802
0.6102360017472361,1.2057813584103372,0.17543928661428299,0.012194936365746036
0.6875370654515116,1.882640922040607,0.26195926937734787,0.01871974090839207
1.0938794825801452,1.885090574762244,0.33784867818945513,0.02457038663456877
0.45977359784270977,1.9487156587888275,0.05158039675422114,0.003294989645187296
1.5348963431010783,1.6338163880337926,0.2394869481901809,0.01700827347843049
1.8124966196881775,0.06338784519495144,0.4804891562826143,0.035803682036998546
1.4006522069445877,1.9577062778749499,0.12238480571201554,0.00829829048375907
1.4014329021596825,1.714577878215522,0.06344114989345992,0.004110953659323765
0.5472051213941973,0.6141335857424424,0.2669653881049606,0.019102415361633606
0.5616827270372349,1.8947145009584665,0.3418137157432059,0.02487876929356222
0.3848260197153037,1.8940451851882012,0.2720079115905758,0.01948837352525209
0.36646627892446926,0.3014516796917379,0.46085320067423996,0.03424178223076961
1.6185806371057159,0.06070145091599599,0.2384360569604425,0.016928501932015862
0.4073882576345027,1.4703417750518375,0.06962442993764456,0.004540672082921316
1.7290619736646526,1.1195180060807846,0.23263357766053233,0.01648848404081769
1.8552910307591164,1.2261920499024803,0.17397933382224512,0.012086482714602576
1.6516193290916754,1.3188703308311112,0.26469845240267736,0.018929065839916378
0.18085746103445066,1.8059204710440202,0.3855496384368441,0.02829617767632875
0.7741292756920342,1.5796397543464782,0.17812617429926392,0.012394696228601298
0.8484372024016533,0.25175367159147544,0.3650558802314876,0.02669132149114656
0.09422310105558207,1.5595572072821602,0.2550425366909355,0.018191848179717827
0.3065693463092076,0.07387614841257761,0.18102662691184246,0.01261056723109114
1.8724110865899328,1.926470770832703,0.39778718922171813,0.02925732594999836
1.5962065751690477,1.6270476250580208,0.19426123023671632,0.013598553398157291
0.5897030799263163,0.13190777647769925,0.38610233361275736,0.028339541974450117
0.9722427110329206,1.1248303692199508,0.11489327507580856,0.007756447732546903
1.0889292352594258,0.5722358688519016,0.4824562387986258,0.035960395259774874
1.0345122514836054,0.9938343947734498,0.3503604993125351,0.025544335755560033
1.2735383804008953,1.6198881837237005,0.30719127892141784,0.022194636050000945
1.0814011700915778,0.40603577070879515,0.42200135575113573,0.03116509352446192
1.9710774213796665,1.0358911663155568,0.25782872750574953,0.01840437603748585
1.0257791587433347,0.3557103898191165,0.2850381272014226,0.020487982418075437
0.4000939475749563,1.8625796020382779,0.09535191420834971,0.006354934499754699
1.502262631093752,0.8041290414367284,0.10251837584651194,0.006866809015218996
1.1318914752543596,0.6342909016144043,0.23245762325715202,0.01647515266909709
0.9333829974822059,0.18093993465856562,0.47647747628734793,0.03548421750498323
0.7387864495724206,0.9049264095900225,0.24319830039008455,0.017290189190607274
0.9491169796607442,0.48026140369575465,0.4841695480926921,0.036096926851250655
1.9920527491863982,1.7990096772906057,0.1786698499026138,0.012435141837982656
1.1667994050561643,1.1227243804253777,0.26930818542387264,0.0192816726652076
0.5930885784717941,0.48616493190827814,0.15403363268472894,0.010611309071022222
1.233258161037998,0.5338658367269264,0.3317008312715155,0.02409272954574441
0.726074220433913,0.13067366255566348,0.22033126323526958,0.015558091091635664
0.7662269077490445,1.9219954837322566,0.35902308755847395,0.02622006442483855
0.9017405827682687,1.3679163747685934,0.4471085015499428,0.033151207577224985
1.9980235267003712,0.9424764104372427,0.45734189444956796,0.03396296107721811
1.283838378666622,1.12133644526373,0.1925645697902182,0.01347162816225412
0.9183011871650706,1.286539342311268,0.16094202397761878,0.011120839789450472
0.6419786938125962,0.47391603801425797,0.23881254056841172,0.016957077443910208
0.4007770420482988,1.8354946523533422,0.4642796980531242,0.034514010356584114
0.1529180017284537,0.4996331865286501,0.26091834839221084,0.018640234539818997
1.5688291773011485,1.5740728274371594,0.13419532213159638,0.009157125981040634
1.127269561110881,0.40294221467445124,0.4326157471818132,0.032003782992552694
1.7534176116068736,0.9673330853949871,0.4989405902891486,0.0372753851187572
0.8767950242053362,0.0426136825331751,0.1256002107823288,0.00853156367698496
1.3632979234733278,1.4053320461011747,0.4999183635475192,0.03735347926957809
0.9926723938334914,1.9244195927286811,0.3592457993693552,0.026237452104239976
1.8975133786791551,1.3208030422481374,0.29666430002512595,0.02138255142115962
0.5369080056756335,0.01596892850307996,0.25480265551843334,0.01817355774721954
0.6111751947175132,0.2699715618867764,0.3179982716951367,0.02303032151395133
1.1656018430831268,1.916922677288828,0.25085558712484957,0.017872773507837555
1.5761545421696965,1.2946875807992029,0.22262094340887323,0.015730988264431745
0.8294363625232977,1.2608330496995066,0.4176550313960887,0.030822089206356273
1.533546460411917,1.8490902577247768,0.4117767682780855,0.03035857908323254
0.43859830346224027,1.872133509033633,0.3607580785118314,0.026355539246837024
0.910173476974764,1.2186702164739303,0.4846111775409194,0.03613212518873861
1.9743141184954291,0.37930855551285747,0.3073783393582482,0.02220908405612915
1.8872239809232567,0.40279887296221406,0.32196363907496717,0.023337451665662465
1.6187534115445674,0.24141330665574334,0.4056552940109728,0.029876376535170373
0.8161525978421644,1.622690952838502,0.3968864180731288,0.029186508211090336
1.8191053235041241,1.309087928255843,0.3149116665234718,0.022791436927039874
0.1080296843481896,1.5786813382609517,0.3070190293932407,0.022181332532385845
0.6794965152947399,0.6538840971147404,0.3700809893841734,0.027084273268069718
1.1258437590409385,1.2758535031478406,0.44257270243833663,0.03279181803639843
1.4806616061473659,1.6966646255210116,0.31177558829717733,0.022548888842819196
0.6526963891062048,0.5470544538411817,0.33169232752566913,0.024092069267423077
1.5226878989085109,1.9749999346531892,0.478868359938161,0.03567458993960519
0.006658344231145641,1.8948097857373172,0.10687286207370986,0.007179054103393735
1.4792401934018278,0.7600295536768527,0.37745273331467827,0.02766139161577323
0.21537689521158554,1.6807522196349778,0.29463551457244286,0.021226270713150523
0.6117753224392917,0.8593715768246737,0.06979831066907168,0.004552795499796129
1.4477230053819958,0.24133683717784038,0.2958214321295083,0.021317614925792126
1.512275694933687,0.7595049618001488,0.18315260477024675,0.012768948527752627
0.5692268690804991,0.819619683672328,0.41695825626031063,0.030767123768094328
0.553346957531694,1.4344896208220568,0.19875792311104717,0.013935314352995725
0.4008686948255582,1.2291413754504832,0.32676815505330203,0.02370992608610166
1.369646311424321,1.3667830158814651,0.4353359053067953,0.032218944642161504
1.1121609380406678,1.1747194485334678,0.20197086840189588,0.01417625733875553
0.39210816194369436,1.4831041517320438,0.33412358017733995,0.02428089276434562
0.4079168069586603,1.6277234680399872,0.1277327611268061,0.008686505356798662
1.8249774498097122,0.8974544105316964,0.3078407819671176,0.022244804386449227
0.6322407647610768,1.6393075637383185,0.07733269590449993,0.005080051800470805
0.42839661455559996,0.8750635969594658,0.4085931610260175,0.03010773685191327
0.03301477548293463,0.22532274962256316,0.49038561348283594,0.03659255686394974
0.9630752487479799,1.6876053610974941,0.1488558833135493,0.010230451277704914
1.0312996050505732,0.4334093696557293,0.40975604394507226,0.030199346943720184
1.001298855591137,0.08171754869579995,0.1713403834137537,0.011890606004619358
0.40754002555596136,0.9480440528481298,0.3659854107633013,0.026763980624240846
0.21409054840753883,1.2449992190047152,0.36308120900420965,0.02653700865974307
1.8601019341818827,0.35336061646274897,0.23815559312559864,0.016907216447596858
0.8370071075935586,1.8355755406749712,0.2780023476464763,0.019947833762465714
0.3218912008588859,0.051448926485798685,0.15583686046829268,0.010744157504175851
0.9976254894583356,0.22966240507891622,0.35129171736344234,0.025616921002268932
0.8529471014369359,1.5562805001008158,0.3122026755629062,0.022581910425268643
1.741274877088062,0.9693629435847406,0.2370875163996654,0.016826171827884057
0.794900564740153,0.9921688664506021,0.20630530480278392,0.014501721001559697
1.0582117627802055,0.20321173507487122,0.3264070782353729,0.023681920077141597
1.8510323299131415,0.07264571205803971,0.19773337318551704,0.013858538299237234
0.5540498351183194,0.33874393280345894,0.20883645142253282,0.014691998420348415
1.208369661747881,0.7541654229511678,0.3730366321294321,0.02731556995142426
0.10714723315220764,1.135740777069636,0.4606606315881671,0.03422648715031712
1.0594202811264957,0.8080223750892155,0.4277473411521121,0.031618930544633696
0.5603436814577738,0.5463454878448584,0.3925574453419743,0.028846323771034674
1.0615822413068654,1.208780633956466,0.07117779296311352,0.004649050055453026
0.6236883200008925,0.9860658684789949,0.19521878548722366,0.013670220832895793
0.7889171437805524,0.5443846872104947,0.343428002856186,0.025004392115298167
1.7553335744867757,0.17234362445153195,0.25519352673520634,0.018203361460332673
0.8373494065810101,0.46984576158801006,0.40713239512848554,0.0299926855027874
0.2397196801647974,0.3222827293305801,0.4791127320932855,0.035694051601157954
0.2983409345121186,0.7910908923054063,0.1858759355157072,0.012972016691279821
1.2999210076888992,0.7965176644294865,0.4660211748627728,0.034652420291445246
1.672626870465843,0.15100571637888516,0.37815633372460306,0.027716515923986034
1.5505698296420922,0.8963841062914717,0.12792241990279385,0.008700293814036085
0.7744033453734811,0.9625562182122731,0.29612447850650025,0.0213409608527906
1.7486424784417491,0.5271211174595276,0.0579186054580077,0.0037295847306020083
1.871707739224636,1.9791109785404173,0.27622825702190046,0.019811781751200203
1.867659774002887,0.4936563481781271,0.4282791074731528,0.03166095257289315
1.38469081793035,0.8914000931238919,0.0553851996147926,0.0035554602309333296
1.5883051553605168,1.2891803380826319,0.35666697347453974,0.026036162253326983
0.12773008184812595,0.8368330871390925,0.24670696724062102,0.017556982048465116
1.2360510800683036,1.1187475335929327,0.4752767967807244,0.035388639079303105
1.9257766510009562,0.9188512758739846,0.11369897028086819,0.007670287897171344
1.3634641297233197,0.5453113905121716,0.35808340255715104,0.0261467090184414
1.2175445503027142,0.9121999139025614,0.2552857030959427,0.01821039031579922
1.412915278261168,1.375175963235618,0.2952422104022114,0.0212729977402634
1.1813175345670772,1.8871625341321794,0.08405000692150083,0.005553142159199242
0.2095489388766889,1.6516133836803555,0.4600034001513859,0.034174288908410885
0.16477716910797957,0.7405362356203342,0.08285156889876079,0.005468540344589461
0.40679263516298136,0.5372388074710839,0.4146334501974284,0.030583776238812595
1.5536352127944812,0.8707222505280943,0.2092104289821683,0.01472012549929363
0.19626276926324393,1.6652911597936704,0.2827676369089528,0.02031357139505633
0.863317884209174,1.042980514393661,0.28263285700035645,0.020303221110202205
0.6667269221978391,1.3621861389067975,0.13800302316961133,0.009435150820759046
0.9078445101873973,0.5747975794910802,0.29336254858784183,0.021128249904214195
1.950924569712814,0.999223081124416,0.4530592153778118,0.03362308776930416
0.17392216175054376,0.49471839990996336,0.3178212041765808,0.023016613217013388
1.715762529574656,1.7498296598381844,0.2645518104393342,0.018917855844129194
1.2945634708966793,1.5846725098299261,0.11168014713597021,0.007524787722757176
0.3455968397242173,0.6690909125732922,0.3482715507251752,0.025381557861650913
0.00338804703722162,1.4466686605720604,0.3046227626482974,0.021996312837141804
1.9673622944588984,1.2545249061177581,0.43021882503007686,0.03181426630293535
1.2871891590713471,1.2997174017000592,0.3636795311810473,0.02658375909689448
0.23121590790397706,0.15021683328783797,0.20033894754452525,0.014053844133828326
1.5834532310235827,1.9108487183708516,0.3940825894427161,0.02896614505728185
1.0181533828342688,1.9235188276825528,0.07679635293411663,0.005042396931960813
1.3594664820659286,1.9551035648492165,0.43951724759626476,0.03254986517061871
0.9699226712701623,1.196002499969621,0.2161395709538057,0.015241892127194465
0.1616267687007884,1.1538195113657994,0.19708697313182816,0.013810113535884643
1.6292447838128812,1.0522012019688582,0.1396912665170198,0.009558590721295121
1.9633008630488316,0.4823899515996022,0.4567877304806702,0.03391897022364731
1.4037996874135585,1.0530463204686562,0.07267623026276493,0.004753750676530042
1.029312062399904,1.397837243688179,0.4002165252170669,0.02944837304989344
1.615462554284822,1.4974995243189646,0.20396615086950592,0.014326019634889173
0.9252094747821384,1.1014688486021997,0.10208337435897266,0.006835666188146097
0.4271523340445902,1.32875373997928,0.46417797257312315,0.0345059264757728
1.7546833719047825,1.041821680164095,0.2781570694062847,0.019959701958627608
1.6810024942281856,1.268584172010155,0.3766864551167205,0.02760136481645437
1.8517177256285868,0.6268802574080778,0.06525492297063144,0.004236717734433401
1.1222371226657981,0.16626302241117563,0.38572407256888847,0.028309863263184888
1.6760526889373433,0.6893645771575097,0.3364629141067394,0.02446266691038138
1.7846163429305084,1.8730369365596715,0.17009746886719507,0.011798422273397354
0.2488757249944189,0.35364999686666176,0.4756614910337862,0.035419260319569094
0.7938638010558259,1.9627297418801903,0.3656556655755652,0.026738203788668948
0.04189219744376649,1.6897514429584424,0.11592580758340579,0.007830986800335919
1.9510174195943,1.3643143851136594,0.11383159202935385,0.007679852458544925
0.3352970956099772,0.7288757790655411,0.1645498756141971,0.011387542813426039
0.7790671396927926,1.7782769150672506,0.08771614842818129,0.005812459982751303
1.7207150706238519,1.9785547251521753,0.2739587730475589,0.01963782678824942
1.1026151344539308,0.8485072559967308,0.18182957021452922,0.012670369974757447
1.7544476931115032,1.2185049025413721,0.2838594189535128,0.02039742621157989
1.9724406669454697,0.15971216886829853,0.19282090883480324,0.013490799662813446
0.730564545071827,1.9844961386324993,0.06776431940728339,0.004411112035539311
1.7826953289362837,1.216311510132455,0.158172084199091,0.010916356972395883
0.7433866889906273,0.4604321323309064,0.49470531092004055,0.03693723812543146
1.224453861227293,1.5389498019603445,0.18352080790000774,0.012796391890077759
0.4840439399024472,0.15816159395518925,0.41527516538154474,0.030634378505377022
1.1358418257414455,0.7305292873955023,0.09047370659173393,0.006008006038992159
0.6372216149973269,1.2565775958936602,0.2948911097579146,0.02124595555693903
1.0306176804370022,0.3115996666166021,0.13210588962197206,0.009004793197941334
1.5777386281564678,1.5776389284547356,0.15279800627911966,0.010520339157183232
1.2445428039922475,0.6443719502794221,0.08227973858129072,0.005428202571389927
0.5246562695343775,0.42915178779303953,0.4503729682710605,0.03341002023428803
1.7161925302855292,1.559839552215571,0.08527226198645564,0.005639511070101137
1.702815238323087,1.7773209034332687,0.24421987566247239,0.017367840742347374
0.5015492451459997,0.5465575721819071,0.26916719202626427,0.019270881613144792
1.0959129121376698,0.34220981541513873,0.45357066503863996,0.03366366478788529
1.6020265060328898,1.2218793006265851,0.3443564678172468,0.02507666315322611
1.1754048409238844,1.9537002756903152,0.41227310824362806,0.030397698701149667
1.459561240188093,1.914391070139533,0.45939276568020854,0.03412579607403914
0.5358403427698386,1.1651633201965188,0.0780955592101368,0.005133640935830258
1.1816886885560238,1.5948409301992248,0.21597579226842972,0.01522954606875499
0.687592259469203,1.9477570830454622,0.40115794385599,0.029522429348899665
1.1307088401970156,0.910693303802129,0.32439350270743583,0.023525781450324582
0.9054852063022751,0.04684956785564354,0.11260617009047957,0.007591505509864138
1.1920436452399639,0.2922910079185139,0.05892742469375859,0.0037990700310619224
0.37989472740491204,0.4472447303908038,0.09417820571332264,0.006271348327730465
1.1841553283975839,0.013297769126798142,0.3867249890235916,0.028388400462358562
1.7298356498370073,1.5627791100405992,0.23701489099685324,0.01682066199658703
1.411542732037617,0.6352624623680205,0.10575568637007968,0.007098860115474708
1.4942865727448935,0.17475193807252976,0.48733105649231506,0.036348951159503144
0.8158746100389951,1.794429942052228,0.2105168741544639,0.014818411225295385
1.3371328836471639,0.5438746107007766,0.18416629727065714,0.012844511451318178
1.7688811893945247,1.5951929499640054,0.11819123314920543,0.007994689110849423
0.44077161991021696,0.8096982563713933,0.06688045632589915,0.004349634926298939
1.6450229711087416,0.45465880687797067,0.05793231297198159,0.0037305283184297256
1.723363770805379,1.200827402491983,0.06859103075547011,0.004468664069576229
1.9624292699486223,0.6853171509744616,0.26693525395186884,0.019100110375435235
1.883611786656843,0.09642532092901468,0.0736456419357888,0.004821566173300277
1.9446137437970719,0.3829973897803658,0.2617968696153941,0.01870733524863
0.054237740327850004,1.1577707962197916,0.3924289920369958,0.02883623344173831
1.9012203118240052,1.3595091379259483,0.35992934005009003,0.026290822512231013
0.6202909219844663,1.6103295323405995,0.3711077387013889,0.027164608133372892
1.5913666203220267,1.984208250748414,0.24524917566630688,0.017446102133514954
0.35528923466532714,1.229610104358782,0.1213568641604371,0.008223803384451278
0.1598333037675923,0.5894919760251041,0.38321703130618057,0.028113209336204672
1.380955441775341,1.4907339418895138,0.34539417080086665,0.025157453110603457
1.2454900838803962,0.027104160299604052,0.11252454288996837,0.00758562293493735
0.5049367873815842,1.7310070731222997,0.18700811617451268,0.013056499598406775
0.9445616971249138,0.07856477233929149,0.30973166865529667,0.02239090010721032
0.6782680932460534,0.49810206727145956,0.11002061100005511,0.007405317697179882
1.9141822033519065,0.3799525911789008,0.07379961119097378,0.0048323428312139986
0.33598159736706346,1.4052796473770883,0.23853896662405677,0.0169363125774947
1.6536345904496546,0.48796093209323543,0.20767607770990515,0.014604748156128824
1.5175402870422507,1.4147896381994458,0.46078818591983073,0.03423661828978199
1.5768213164928169,0.30355636507971484,0.48187463068220604,0.03591405519633
0.44278235098356133,1.6195920277690035,0.4290022716894118,0.03171810530646925
1.58350318791274,1.8215337689600255,0.19576460811368523,0.013711083340817285
1.1115172419066044,0.9494307907457475,0.08518759537309767,0.005633525456439883
1.8777949842489365,0.9839006722840531,0.23368063234313474,0.016567829620107274
0.9512222567787865,1.779952890016288,0.26541426360783776,0.018983791934880936
1.2394817655635688,0.7785971535042568,0.3448296363754369,0.025113499424607496
0.026731041309064896,1.4219941716367213,0.39240731498827536,0.02883453067766249
0.6427238396661525,1.3798333750686753,0.43798965223678393,0.0324289426554077
1.1480857919370235,1.2700155085699314,0.16576299265175684,0.011477311127108075
1.7671216236524354,0.3645489851600816,0.4673176518932674,0.03475548550328855
0.5409794620764874,0.09230786701918903,0.2956796711221716,0.021306694582468318
0.4867310352518319,0.7995698946709182,0.4386360344877128,0.032480105910561934
0.929266796683677,1.718822640487967,0.172164587940418,0.011951760574489934
0.11062384605834463,0.9024326072190576,0.2126096319637431,0.014975939991626925
1.3980091099985517,0.6598085170513281,0.21807761560079014,0.015388035806578701
0.3972334562798705,1.1891408628717848,0.1009501476258319,0.006754578781805719
1.203845306928014,0.7683301004721557,0.49775178944904586,0.03718045054962589
0.22259759576106286,0.3295936344045842,0.4193805261756975,0.030958232899664272
0.2263769086954177,1.5071327538486576,0.2129407791226688,0.015000876360806116
1.8709926481135855,0.5195548751668726,0.2218597496581306,0.015673495708137242
1.3245835042882335,1.6127591147080158,0.2247587175053235,0.015892525606575756
0.6930280448120467,1.7981282947626358,0.34276833438130644,0.02495305218988901
0.9453082297211817,1.6684742150195155,0.32853234592741054,0.02384679174749092
1.625492534528417,0.7865184921701591,0.40022301717441755,0.02944888369584764
0.2407189755282595,1.1821388013162233,0.07736504110845686,0.005082323227845549
1.2284139016146145,0.033466444876570245,0.4282676533443998,0.03166004738975901
1.1771226428378105,0.5839465426263759,0.2797494010427205,0.020081870894422454
0.9294967483663465,1.0869146610243692,0.44323809530664277,0.03284452393649741
1.6197487514815858,0.18620199231447643,0.18473410636651527,0.012886849772454485
0.12748403482526482,1.1708295728269675,0.23569482706752654,0.01672053377122798
0.3137864910227972,0.04591431519201605,0.097080641607454,0.006478175702563552
0.08640604734847135,1.4586419182362909,0.36772900843941975,0.02690030772238229
1.7849669148598049,1.647759557910139,0.44271940421891776,0.0328034378437616
1.9447550968716167,0.17612779607121531,0.14143841194758672,0.009686445806965614
1.714478368681297,0.22877479844119097,0.3013126643717446,0.02174089999156874
0.3867770833659123,0.4293036106339658,0.2848533837093107,0.02047378748407818
1.883888703732543,1.8235357107156451,0.4480198779168946,0.033223450018529686
1.3828210648467059,1.7490179841148934,0.06735245541380114,0.004382457901308043
0.47719365010724113,0.9293598503973441,0.30992921847631727,0.02240616697133324
1.4583227365582527,0.9138889706114426,0.4922731492200278,0.03674314318481741
0.897029573766059,0.3948163092188428,0.14855539143697172,0.01020837585836282
1.2749583560744029,0.9149991711122298,0.3433780252083633,0.02500050227354603
1.7904165080006567,0.853098746569495,0.4406430641452894,0.03263900195279212
0.765991377704786,0.8659027894534541,0.061000658374483555,0.003942126326957173
0.09129313617174306,0.6402707815873887,0.1009690338583005,0.006755929662988792
0.7836855676520058,1.43584543446639,0.2731361928677511,0.019574800878037948
1.803678706600353,1.0563036389531837,0.3396145354740727,0.024707696345435362
1.8205210377432581,1.0762031695949499,0.05892149090512614,0.0037986610830451142
0.2967112273798109,1.4959785972813118,0.34793306620956854,0.025355188341952953
0.06726742343961178,0.9873310920596099,0.16441846410723412,0.011377821351124116
1.2854988949763642,1.5973592674796873,0.0843469293332391,0.005574115837008493
0.19183961835529706,0.3499701221222393,0.4203553506013481,0.03103516486222344
0.5112840645945209,1.2011022836790473,0.33074072696015505,0.02401818906988883
1.7728474959729954,0.8592173572688793,0.05682388984586418,0.003654277542291183
1.5325718228853247,0.5996079348954517,0.19672718196453703,0.013783164690469727
1.11632174713028,1.078993962686532,0.3804491844209726,0.027896200750832868
0.7524970797568591,0.3239062357060247,0.05221114532366495,0.0033380805731244028
1.9868701241837257,1.0126434070766674,0.42910569303957297,0.03172627939175917
1.884174949177549,1.9430469060832456,0.1370325183192961,0.009364237136513352
1.034847034778088,1.4045839696190128,0.20444776289137312,0.014362183747889988
0.8714282617058826,1.356026581403604,0.3272387301807382,0.023746428258729916
1.494793594454539,1.2841925461867572,0.11397365476829702,0.0076900987486272524
1.092440877450413,0.12443367441010156,0.12833039446427516,0.008729958911350788
0.6019749794128344,1.5780381833475337,0.22495762654757268,0.015907561244612917
1.5795492055898592,1.9617476051851546,0.10716344740792869,0.007199922634736547
1.5504536597554577,1.1739146609758175,0.13930130909896726,0.009530068874801102
0.4249923803955431,0.015927604686425623,0.24284439415536674,0.017263293461956607
1.6772791463733054,0.04234966856532263,0.38675216777818144,0.028390533246965343
1.2238722834563416,0.9144322827298816,0.13088208915514202,0.008915647444647047
0.7121983592576615,0.5197865757311155,0.40238320661147103,0.029618832082835122
1.7241933843322872,1.075392778846292,0.40768690902746485,0.030036356210792196
0.48717090725644807,1.3423693381391748,0.06252450455188174,0.004047488838824354
0.4815895337859304,0.8860907320194447,0.1949690578106436,0.013651527827523435
1.133633135337777,1.6517414867400089,0.08700044487896391,0.005761776235341258
0.023982603369368638,1.49805107888501,0.34846974265542807,0.025396998756747707
1.3361861238578432,0.9608169460931779,0.21095506502089378,0.014851386386115542
1.835138175766222,0.227977077405505,0.1004274287971097,0.006717197047388262
0.6979048038314959,0.8023293707956347,0.1709103029611169,0.01185870282097507
1.5206699334470657,1.1196621550145465,0.4516040124209972,0.03350765324340346
0.50718695174978,1.0459795819131423,0.4659265421875922,0.034644898111772876
1.1864066119102992,1.6679550122267826,0.3194534797942767,0.02314300142938455
1.9648983890526686,0.653030732502129,0.20570394242512746,0.014456537551062205
0.9973315375160825,0.9372078503164449,0.17667964864256624,0.012287126519753404
0.11169839305967488,1.2965144078140152,0.2922067657529465,0.02103927783439523
1.4437284910382835,0.8205771637964379,0.09128764610641027,0.006065803959684043
1.2692727204768302,1.6725586820700402,0.4987641371430397,0.03726129303828715
0.032613754241146875,0.06391209793027652,0.4391845511909498,0.032523526870575206
0.548831063675326,0.03523608540136758,0.37244539048130515,0.027269291613868017
0.631722181036892,0.6604667816238659,0.1488514919573673,0.010230128647729925
0.510822794903057,1.1486384304964605,0.1673376676201186,0.011593901609019783
0.7300165751105074,0.6790925333011182,0.319657066247819,0.023158768397447016
0.011697311114336806,1.9020175843268075,0.16858970269087925,0.01168665759149252
0.8443425033010485,1.9086158658823331,0.3663842618637431,0.026795161747494828
1.1977308003885871,1.1396227571358073,0.23469300572596224,0.016644570388521
0.0108812950267132,0.8003601081013603,0.35497844412801305,0.02590441870764714
0.945708472213878,0.38346844222269905,0.2556771211470093,0.018240239624524854
0.3230151649595554,0.17425004180794845,0.15892970920895344,0.010972262088626427
1.718685319873654,0.42793489018074027,0.34064663113398047,0.02478797297521749
0.03519572949608407,1.5886389760099866,0.362115758260869,0.026461583516433147
0.5668479424445743,1.066599342331943,0.43441452753314325,0.032146054209873404
0.6952330302136305,1.8483573189955071,0.41532154101059504,0.030638035651440656
0.15402469541786945,0.6207171897550041,0.09631272752480319,0.006423412152176146
1.4332798180599715,0.7773739539201974,0.1585471385115168,0.010944029909785699
0.008740240121966059,0.7180261600175315,0.16440493617356905,0.01137682062218057
1.8552236149018584,1.535294675789716,0.2694279918531619,0.01929084246062655
1.8588284197210847,1.9635183531036697,0.20958759093895918,0.014748495592570241
0.1257471768512295,0.5238090986389101,0.1944397675010161,0.013611914027739484
0.7809468507410586,0.03657379414982653,0.21308949007925038,0.015012075610473952
1.2190897986091467,1.8559195843440008,0.47107616368193866,0.035054384863228545
0.09745794825420018,0.9582409615151868,0.055157773726038105,0.003539855434841677
1.7179700581349422,0.5452328765080428,0.39123362871737977,0.028742345591977223
1.398043923904874,1.184407901262931,0.33323923709495673,0.024212199157264868
1.0690446136205154,1.8780632060074591,0.33435566925742305,0.02429892295596238
1.402704154055197,1.6196750733672278,0.21128787778842262,0.014876434691511413
1.2889768378609114,0.746238251479074,0.23230534902595673,0.016463616012690148
1.083563468344191,1.6391960413305866,0.4993177257769634,0.03730550544913213
0.00025080886759121235,0.325993884492191,0.35071900545437457,0.025572278503245584
0.5729995234714154,1.5446690714841251,0.3204619061571433,0.023221106855074263
0.9029616663717279,0.8163347054096681,0.38566078051963,0.02830489750654276
1.879982096353461,0.708473846838874,0.14449213107183972,0.009910176261445991
0.23578159580032954,1.8115069846078589,0.1226189442558913,0.00831526277188237
0.7726451365842169,0.46232234890375024,0.150010436296621,0.010315298236057806
1.8579674938650614,0.903521837095338,0.4927313182447046,0.03677970161407136
1.6178223299362033,0.41669523024640354,0.43422549107045694,0.0321311008047768
1.0252524744631684,1.9893188700057407,0.1828623243178083,0.012747315676005693
0.16868769913957116,1.0122603762280356,0.34051539737485564,0.02477776465188721
1.4205233028428115,1.9957479271447085,0.23398334593065306,0.016590773767397822
1.4163210151682055,1.9923405605721354,0.0660187966003034,0.0042897561077967035
1.952318952268023,1.450741423073098,0.2146531401850882,0.015129864866801228
0.7766702001120915,1.0643624008428576,0.2768050167345669,0.019856005883159188
1.8329807928021289,0.5271050660737757,0.19476460051424266,0.013636224701070995
0.28075343526887475,1.8528036469110865,0.14279160109193362,0.00978554638637029
1.6135952407699954,0.7122463562122088,0.12433820586530585,0.008439957243541893
0.6065181500066368,1.6497066247464005,0.12486870487861709,0.00847845733608867
1.937395286675741,1.9164603944211165,0.3473212469260479,0.025307529263479154
0.6393618740165878,0.4709766850626882,0.26632593413989347,0.019053506855481437
0.36483304349508794,0.6722468429392274,0.44034329996323207,0.03261526651859321
1.4111283007448563,1.4943450680040724,0.204609916549144,0.014374361144511214
1.3490003976565574,0.7634280136569951,0.31648658779607103,0.022913306228437326
0.532986735505629,0.8655496183172979,0.3343373922544588,0.024297503047978775
0.12636771874101305,0.38612074383522765,0.3990397582218381,0.029355820076490412
0.20477040912735722,0.40186864313086357,0.2506223715632563,0.017855011605781484
0.029607163684876925,1.1307354143953776,0.16361672937052085,0.011318522845121998
1.0647946980018348,0.8599462322945437,0.07601959610765154,0.0049878955937289115
1.1822581807755206,0.06312852491864218,0.163887138106731,0.011338520783120658
1.521408568286956,1.1114866245707935,0.06215547404854786,0.00402195672529419
1.9777705555872547,1.016257243453245,0.28127497024718173,0.020198962614708018
0.9071674668879708,1.3731219706225042,0.1726396290408645,0.01198701699789849
0.46259547735760465,1.4924812944987578,0.27786276197028825,0.019937126996431236
0.26756312233807744,0.27269592525257313,0.4036205279971322,0.029716204137330726
1.9881125091146907,1.975365608114737,0.060705345830579814,0.003921728544106361
1.508546046115941,1.8218811535495074,0.2918328272022019,0.02101049726875998
0.7545074620456895,1.694318254495485,0.25540183888471574,0.018219246432999898
0.12422674604170503,1.564248923077338,0.42797118369010184,0.031636618923177345
0.02632373118294029,0.6335795787139347,0.4276838843141814,0.03161391620475655
1.726392217500686,1.8874756397129562,0.49282585839458565,0.03678724549631716
0.30966758479815515,1.258198025743761,0.050386720626202496,0.0032135409390602766
0.9932051479418404,0.6713336178157081,0.17848424896014314,0.01242133348808163
0.18030004573536806,1.4064989424377516,0.10453675670715984,0.007011428623188091
0.45638118806715466,0.29166706997004166,0.4443274619536502,0.032930824665881944
0.9491517006041363,0.7983649215564017,0.1318343465830913,0.008985008149226256
0.8678526910515085,0.5336562058282419,0.39613477901269467,0.029127423576200438
1.3207597693829345,1.2553033498280215,0.0739249028262753,0.004841113422438246
0.49961526632974795,0.5972818449790407,0.1597288619896459,0.011031251467165422
0.4417470848985565,0.29568903964870263,0.07611626143701947,0.0049946760556465
1.3994597837806415,0.639859712403867,0.45693999899602966,0.03393105729375621
1.571377182023878,1.3241858850378676,0.3179413404821487,0.023025913928904275
1.641224883467023,1.5207722143051008,0.2732321870037996,0.0195821552531267
0.518259079898649,0.53127769384648,0.16502702726291554,0.01142284568269806
0.9570885730149539,1.578257214867044,0.062194308847775354,0.004024643097215005
0.03552318193574533,0.16032335457719982,0.3339398760608336,0.024266622044555364
1.8257433433318968,0.498425865780445,0.31530540366081306,0.02282190084570952
1.2970248778236406,0.6428274105968002,0.12621215056728538,0.00857600608136338
1.3298494018535036,1.8272662428122177,0.08671682306031368,0.0057416990254194195
0.3450387608791372,1.3737105386265331,0.24792535157689477,0.017649687300510277
1.072789180642064,1.2845888659238203,0.1161240191563464,0.007845301053012073
0.6138307399043954,0.9836743429169856,0.43327921036250694,0.03205625364828385
0.7015021917441397,1.7487472901272159,0.4282332441710798,0.03165732815297164
0.8034954530977709,0.9379489981186766,0.10055528252169815,0.006726339145992299
0.03881508643629794,1.8249229182733369,0.3142037249944931,0.022736669247144556
0.5188357245718673,1.5497109112368803,0.3631815194228329,0.02654484613315293
1.2251365229106617,0.001563171398546448,0.4916021644613857,0.03668960790388872
1.9346885375355969,1.9434606917890598,0.2825209236596284,0.020294625562952286
1.2247992552272946,1.412792656590757,0.22365344133365067,0.015808993951459925
1.523403405833676,0.4396541099564035,0.4779263469476218,0.035599574967780705
1.299393247605344,0.4682367981112763,0.4569963728252119,0.0339355323170979
0.7152619265906532,0.23054583604172318,0.2959671641687702,0.021328841547919298
0.0381647336202402,1.4892321215219657,0.35377522052919913,0.025810566374601992
0.1338853307366532,0.9094348601595998,0.1362896016816607,0.009309976463215765
0.768859848424988,1.9998201264805648,0.2031995640017677,0.01426846899722414
1.817633405486915,0.7574083786611445,0.08264891053601954,0.005454242313408309
0.9062814693972674,1.433270249543953,0.2528188635584403,0.018022343439723025
1.4626208015474038,0.961713501249291,0.24364164007114364,0.017323885382049955
1.551907209490262,1.2377235471369818,0.19023077860058085,0.01329716606434898
0.11108181713980447,1.9178090381279362,0.10447059834348914,0.007006685215301824
0.336630549592136,0.5272048773487363,0.20057482843892965,0.014071533727212312
0.2779147552660892,0.30596032227615,0.34981988488402543,0.025502202823411948
0.5035603509655266,1.286359250875821,0.05276204243264806,0.0033757456919830944
0.5968815406761632,1.8264242437113742,0.37625309453973765,0.02756742101993881
0.5694081340226349,1.2583715307932601,0.16577144282032266,0.011477936582610112
1.4465753505069545,0.23682060203744126,0.25461261104463656,0.018159068101119166
1.9535485177812937,1.6148853490100368,0.3096995349156233,0.022388416840527076
1.5715193942632784,0.5071749951245998,0.46748821089991194,0.03476904579414108
0.5718367888808864,0.31604582484461097,0.3917727698975629,0.02878468910415317
1.5102840819415673,0.42878362589323493,0.14167513271536025,0.00970377730932351
0.3970723167341672,0.2144621325404863,0.18568340418864077,0.012957653600146
0.8365647997599872,1.4390307047962518,0.3139710046517608,0.022718667424964634
1.2197069938822795,0.5339525947588677,0.08894602165358348,0.005899622064795391
0.7035989944672654,0.22403324602138164,0.28812371410011833,0.020725159841669786
0.2129027922382276,1.5342028010315534,0.3794338832188686,0.027816624955588388
1.4824742559691544,1.7033508225650156,0.34836026573947243,0.025388469466860623
0.9800868080306453,1.6287087336311608,0.4801233801242564,0.03577454631454808
0.645429903051282,1.6605224254071942,0.17681095440217814,0.012296888466125474
0.7046150901592254,1.0170349274974668,0.2250951440121089,0.015917956797729924
0.546926174850237,1.7376102086392238,0.10566884164765146,0.007092628599401136
1.5363374074891618,1.5205658086203906,0.4351647339182207,0.03220540242388658
0.12309553888342561,0.6934488270649324,0.09819331371419979,0.006557578549992288
1.9024706779119056,0.31547643204437614,0.1199218690913143,0.008119893077731354
1.4789073861909734,1.8022286994969885,0.2546381181722676,0.018161012809152412
0.4658855284544159,0.17944042543310879,0.33128418393609466,0.024060380093492553
0.49275209803855824,0.5501368979419798,0.48459508316030936,0.036130842410586464
0.3810261738934404,1.2409628476714991,0.3651782316168307,0.02670088467148124
0.32633206387933944,0.7693675319317559,0.11049338746116438,0.007439340296289237
1.931597982053568,1.5538726391119666,0.44950098455106735,0.033340875123508
0.8680246819396331,0.3177082735322445,0.10217898735756542,0.006842510574269917
0.4971365784022981,1.2595466106073376,0.1283907055649991,0.008734344871394432
1.6960514005229856,1.390597269883734,0.2182231187382369,0.01539901150476269
0.41049649296640967,0.49156687174919744,0.0642810337143469,0.004169159418724238
1.9150468576604747,0.057880367805958066,0.15028384875971618,0.010335397660417146
1.9698279958547324,0.9632775911018023,0.45924110825930875,0.034113753063572366
1.142383922819841,0.13370655202180814,0.3095839296917321,0.022379483119188213
0.5702607285759345,1.7491531951630015,0.058789200243655484,0.003789544542909019
0.7293424519601921,1.0406413293993133,0.12786375920325643,0.00869602894868783
0.8306179358198564,1.481162071106425,0.08581141844893406,0.0056776370249948345
1.9871218577227905,0.026307619899486268,0.2524616474245667,0.01799512336094875
1.4864098368614436,0.171744036687272,0.26399226613003957,0.018875085607805354
0.5615018667598006,1.2867618858928223,0.2615920570111336,0.018691690444144687
0.48986480974542057,0.07525888550868087,0.4981750889336818,0.03721425236315529
0.6005820735997265,1.141885272138592,0.07478555830276737,0.004901388158064212
1.9386116511019846,1.1614517881064914,0.1968688755620781,0.01379377732713249
1.7907309672225489,1.6565084130272618,0.4352394977410681,0.03221131731585213
0.17236036433104318,0.7831471167318969,0.08839383451073984,0.005860477771939563
0.901775274840557,1.8275918499801869,0.2386602782487599,0.016945520194999914
0.16591712220637556,1.0855390941861502,0.09562308326612093,0.006374256054531895
1.0175305479464465,1.4860247506560191,0.47917781929732783,0.035699235225152864
0.6657217610871611,0.7398971218935448,0.4097876104807466,0.03020183395620168
0.9603556509986846,1.0010310297907814,0.2885676931033558,0.02075930130234908
0.8996703394731322,1.948389174245599,0.48364649848829444,0.03605524210621252
1.6539878521696392,1.3271741284588074,0.28459219460261437,0.020453719865816407
0.5285529607950106,0.29457210193660055,0.21758044221190426,0.015350536477788177
0.6267403283802275,0.7702962614888187,0.3486301161270902,0.025409493704758826
1.2798951949999031,1.8730921696076448,0.2938098971078615,0.02116269325554964
0.7524726888731037,0.9286457850522356,0.32503304852304354,0.02357536650523503
0.7022013888241889,1.2819450992893997,0.4156263957091393,0.03066207695731131
0.22470999136306613,0.9703796031689442,0.43664631611803556,0.032322629909528916
0.46091328007556,0.37812965867482506,0.35924586274449755,0.02623745705220494
1.796141218682461,0.9581772928098813,0.29250302297519,0.02106208138107366
0.9121430958120851,0.3897351118186767,0.11393170877084628,0.007687073297386597
0.5581577608249022,0.5157743502369734,0.33425207015728103,0.024290874596257585
1.298829545857837,1.309031185824024,0.13779737447549345,0.00942012142331859
1.2201770020635225,1.4779028117929358,0.29100327867052683,0.0209466592995626
1.7019714985940757,1.3189633579174613,0.49195319416145544,0.03671761457869113
1.288605826276817,0.6649034322868195,0.3040974582229194,0.021955766610116435
1.7223952343770286,1.559508149579634,0.055644705144203534,0.0035732715677681756
0.20315186585778022,1.180387605942471,0.31622439614210723,0.02289301461400149
0.25612520700511743,0.2981821773269502,0.19358202458802531,0.013547733577975127
1.3869649542150664,0.5433291477874942,0.2772045922045859,0.019886647810506364
0.3831360890393758,1.5600004197063921,0.48844548326942594,0.03643781626825219
1.7285328789421492,0.08050975890395429,0.2879151529741516,0.02070912299030705
0.32103077279523395,1.220268272092886,0.3223752921497651,0.023369350500642882
1.268198679139009,1.4049161627485416,0.4936117741880414,0.03684996193459041
0.4275343149039732,1.9865622919160537,0.27888764067317295,0.020015747821741384
1.9669169607334864,0.3283410628817991,0.11627422416686375,0.00785614953700602
0.550147218863013,0.9488782896797425,0.3046835633247487,0.022001006119055012
1.4148542033696734,0.9953590571144351,0.16837979288214394,0.011671103270754019
1.7938822137905863,0.8171440145092104,0.15876770220739786,0.010960306050397719
0.5811669802140014,0.11050651210571583,0.409078813770564,0.030145993628342905
1.9648223087561747,0.043781354279568196,0.4886394701151237,0.03645328633473181
1.1801219538020575,1.2612310167829923,0.2616791465688057,0.018698342759129485
0.0436787582761653,1.9084253173816788,0.09562549530373357,0.006374427935947212
1.7041938432252124,0.6051117248764044,0.09533160583300293,0.006353487623604158
1.6837787677940035,0.25792488275655967,0.22563832688201624,0.015959022673960124
0.6904485185097149,1.6967001848288288,0.3933731037862814,0.028910401101145865
0.7360487534609719,1.6751377162034327,0.30929153648326263,0.0223568886327926
0.13274441687699068,1.6257056670056977,0.25013168056099216,0.01781764387313942
0.12559732326517659,1.209240924530235,0.12346305870626866,0.008376469668307011
0.4808662661812022,0.900164069221753,0.13926920801423498,0.009527721216956357
1.2472882249063528,0.676262421602156,0.07380425590324577,0.0048326679492987894
1.444924051637548,1.7905962678397342,0.36507082521526246,0.026692489603170708
1.8396761442954803,1.0416332135736015,0.1941100649015734,0.013587241777548184
1.1293124519645235,1.816670647909342,0.34859944635872514,0.025407104144460034
0.8301194051594294,1.6952369433647465,0.14970163308071374,0.010292600164021084
1.9267866233360855,0.5991135488569537,0.3836381012714589,0.02814623214813779
0.8193467772026128,0.36373188897795017,0.2748147094016038,0.01970342230454634
0.7982124568096964,0.02862073561300238,0.20333742906277535,0.014278817956789536
0.21606764418123925,1.700571010990872,0.2891842611260038,0.02080672066563642
0.9911184677830407,1.0779539261819644,0.37600991702296443,0.02754837485692294
0.21872911237673365,0.3150024382220087,0.4223290547134224,0.031190964868521857
1.9284554365392972,0.2320187473794184,0.21238458935051674,0.014958995140479244
1.208361011348842,1.654568721331353,0.28199572121145566,0.020254297533452873
0.20015924556909437,1.3592382720221758,0.19340565673573096,0.013534539316192046
1.3952426860900482,0.9602901403506785,0.1231116772893047,0.008350987416637333
1.3289950900292555,0.8952542790714975,0.06291606367189244,0.004074591010366266
0.8828627661215751,0.019176539764763634,0.15724421387096027,0.010847914637016471
1.0945622434001614,0.5110084340771313,0.15683064782428147,0.010817417805107242
1.4782093561661611,1.6887770262751916,0.055661930240076735,0.0035744540269799464
0.5763370694019911,1.0173076994204213,0.38956944478887773,0.028611667966199586
1.1114662622944707,0.15354948004384372,0.266554871056363,0.019071016118714656
0.2562023748027229,0.18733580578902398,0.09432946693401051,0.0062821164473036775
0.8069878038156542,0.7006086574605983,0.2874415750887303,0.020672711232460988
0.47729299942676184,1.9749738253381852,0.4956923464666281,0.03701602578866743
0.36259245440221877,0.7513942321276581,0.19130071985112773,0.013377131086334539
0.37953426368169274,1.721164520518193,0.10709232502270333,0.007194814583725058
0.778721874996932,0.28526992925421646,0.17941075452559513,0.012490273556256247
0.5111998157716644,0.11999738475437582,0.17050683262091915,0.011828778599311168
0.7609494899877911,1.417979627803329,0.29047684890702247,0.02090615436762356
0.7983596964022539,1.1830198350011032,0.29226886237127186,0.02104405741070997
0.8858431013940975,0.04774515758854703,0.3846380665182295,0.02822466538984179
1.1953593555415036,1.4469122007760313,0.24413758646734318,0.017361584979262924
0.8916972195687922,0.20708924402083984,0.15468791189627873,0.010659499166632353
1.658167700443087,0.6974073301252885,0.39497760954769345,0.029036476245222483
0.00917872544278775,0.8254990305035268,0.4090007932838093,0.03013984743641416
0.6252699498410954,0.0854579473706436,0.3241267569126137,0.0235051021960178
0.9513743217506219,1.9852571282939446,0.36877256475021364,0.026981921866714078
0.5209401614205496,1.5864328254638511,0.2258198584548729,0.01597274840068332
1.8555781808576497,0.4917696437839807,0.345109558128584,0.02513529303403854
0.29224029486859693,0.8198960036471461,0.449973267828006,0.03337832430740485
0.08600944399176291,1.820691889457837,0.1352253932035499,0.009232285056513929
1.6186959251783564,1.387556079904646,0.1538254534717702,0.010595978857107563
1.86020934607289,0.141238458813832,0.4707423220040637,0.03502782909559742
1.45316735182837,1.919910564254777,0.4674215342299491,0.03476374462600968
0.13140109709747283,1.4971267264746686,0.2768159167560906,0.01985684172399783
1.426124544856396,0.040083762722607164,0.48114527423816095,0.03585594862855789
0.547208553258778,0.9968944924422731,0.39592622825878926,0.029111031246594435
1.091917460470632,0.011747205899593771,0.3493328615500327,0.02546425037415705
0.5232532398832703,1.252920074275893,0.07692228694504155,0.005051236717559419
0.29029542147060594,1.9697265459235063,0.2967580901568757,0.02138977801797449
0.739888472487676,0.398928253505608,0.4185073940786175,0.030889336846058955
0.4570313962434309,0.7009668369313706,0.49429094962492337,0.03690416599437773
0.07302500561721148,0.8697474006795092,0.0543185365126759,0.0034823098353600843
1.5951948697418559,1.1790509079894207,0.32728169685535025,0.023749761333164674
1.376024833088475,0.0697032264020081,0.1566157766130895,0.010801575146372448
1.7288999630951574,0.04779856015873629,0.08824266273320394,0.005849764211219337
1.3126903419065505,1.8133677808457187,0.4382224368685311,0.03244736771541154
1.0763739113622712,0.85670158394903,0.06589206366040334,0.00428095366053311
1.54648548425617,0.9053222542577477,0.06865082643533245,0.004472828647092125
1.0168103498293624,1.5159762571259379,0.12982816241870337,0.008838921927570893
1.496909574297766,1.8109832446940413,0.22918813369982366,0.01622756352396822
0.10232650850615332,0.9629552058236552,0.08326836497359522,0.005497953882154818
1.2603752800817931,0.5853336189068243,0.1219389548022112,0.008265977739473074
0.9407303542589152,1.0407800488892904,0.4976926367536945,0.03717572717620733
1.2841709665535144,1.849686638101962,0.43871578163756275,0.032486418517227535
1.962258594736168,1.210178580775111,0.09803486797096748,0.006546267688698739
1.9175279484811263,1.66001169818787,0.29522255448604234,0.021271483759891498
1.3055612762439288,1.4097371019086598,0.48177585905009684,0.03590618587558169
0.8061968950329972,1.2726329750933285,0.3870316819764112,0.028412468022660828
0.022213549883093986,1.967063304120755,0.11391869142758637,0.007686134407282936
0.982705899718719,0.597529997149272,0.2561963805017731,0.018279842900822012
1.7076286091679336,0.970211921571088,0.34250684300112366,0.024932703023160797
0.2753782277668133,0.9329677616706533,0.09782631352422855,0.006531381673609762
1.0454263077117574,0.11514227752523931,0.4023202083350196,0.029613874932275786
0.9563092733651795,1.9067666045239697,0.20864516112513037,0.014677612704188197
1.3137267942603634,1.483306874856784,0.49083107414685745,0.036628091813847685
1.6993133737916328,1.8739858727099143,0.3240544236513843,0.023499494820161115
1.199104259000378,0.6511759568342599,0.2733054944606037,0.01958777165931362
1.8895558623875288,1.314883636352913,0.35072749267293407,0.025572940039391243
1.638740439281282,1.580885455262439,0.4570297364144466,0.03393818077746032
1.4740024836729302,0.23560373063415385,0.07773792561165319,0.005108513599635346
0.04521815163060072,1.1545911962259559,0.43160395305832,0.03192377492482006
0.007649859615121768,0.8605016495325202,0.2217174653267442,0.01566275055715523
1.4013079365257701,0.23062716062099176,0.37861610922357736,0.02775254133940154
1.112617126534891,1.849004271871226,0.46992496286828356,0.03496281693898826
0.4551041545610106,0.0787285291882891,0.4006128704154512,0.02947954991392405
1.5895289690647216,1.209655734497527,0.2735040210487044,0.019602982174884664
1.3204438823126852,0.4048922887193278,0.075715637612058,0.004966578705878818
1.6505677946776218,0.7934141874805749,0.4077091618301135,0.030038108814471873
1.527365526752649,1.4100652018655702,0.37216311520024487,0.027247198829803514
0.36428187225864206,0.8838357424799568,0.42296746831324095,0.031241370646537318
1.579120025370137,1.8222278773634542,0.43108758431892524,0.031882947823989025
1.5297047359235811,1.0968722882899435,0.1186667517029477,0.008029078280580278
0.9557551302281944,1.2216158874690914,0.15877939636458047,0.01096116904535426
1.3849244131900773,0.6708304962266904,0.3967459020199135,0.029175461976909147
1.65826006952361,0.22018356186852595,0.20830576565491793,0.014652091188198721
1.6984853649176361,0.8852631363258925,0.23496802308365572,0.01666542143249623
0.2379633461342341,1.167139679268064,0.2949361073802305,0.02124942120251569
1.2909048406587855,1.9980759246966122,0.23597683504969663,0.016741921127943926
0.3202251888251919,0.993459235724941,0.3912248846353475,0.028741658875255344
0.044876093126602346,1.3161623189518243,0.11779287583285342,0.007965887534131012
0.03290771555008987,1.407693580630959,0.2949438827463733,0.021250020052593632
0.8610119865833161,1.3428138060249264,0.43835557358272587,0.032457905879391714
0.1256051964592635,0.8080535306000245,0.28843914130069814,0.020749415447597012
0.6214654309955623,1.6972413517701042,0.48346201596103866,0.036040540404837486
1.7788780699141202,1.967206500224747,0.47819748908004694,0.03562116568410575
0.6389652124128085,1.230680634822458,0.15243083642971522,0.010493316955104982
0.2669961199288726,1.7116654766208932,0.39392985791381235,0.028954144427172913
1.2530097142423298,0.3619233576083758,0.4655479923167877,0.0346148089237606
0.6673800793742966,0.9505175507523285,0.41441313167882315,0.030566404330950585
0.24963878807592166,0.01606623779129146,0.3791605485488496,0.027795204438264283
1.0076634880199278,1.5732082768184197,0.2521684108469855,0.01797278054777881
1.7869387191980293,0.8580102274035977,0.1812793677551492,0.012629389250082482
1.5604473528103115,0.25486014281020863,0.18081018975866825,0.012594450247648274
1.5014282620228412,0.9872869667857418,0.08808685899684113,0.005838723708216321
0.2869177970066472,0.7978594645685195,0.10983356444249544,0.007391859974322473
1.165814155013435,1.4640180779626153,0.12480627577601279,0.00847392605986801
1.7438987300127606,1.4876413021976247,0.27206828662396004,0.019492997681214628
1.72833118555597,0.9735151042147379,0.08834684938660056,0.005857147795449232
0.028564845333706623,1.029020954837903,0.3439075783163567,0.025041720239577996
1.2559359779986243,1.6564698990718993,0.43527319550976123,0.03221398331616337
1.9949359599466288,0.12446836928141702,0.4673101056117536,0.03475488554419608
0.8473239699876245,1.9920321597591084,0.47753529959312224,0.03556843783385421
1.1012369664549093,0.9529861165763263,0.36815028522988447,0.02693325289248071
0.32612150171263377,0.2466829452250472,0.4917835017498519,0.03670407560849542
1.4363703354634865,1.2343383156121703,0.20913840757511531,0.01471470845569396
1.5046226705970063,1.6840087724019877,0.21097029074034307,0.014852532251631278
0.6184264933911297,1.6294987762799011,0.15941622663060467,0.011008171890289343
0.7498482687647243,0.5572392068387091,0.49436370595797474,0.036909972882371515
1.4558372989026385,1.6494678433821974,0.34703852091800785,0.025285507623274035
0.4326083995792165,1.4383384055590633,0.1617362602807487,0.01117951699006793
1.719860182524814,0.09105041679402448,0.34882289193866267,0.025424513694633222
1.67421102743856,1.4893534059505475,0.05498951413960321,0.0035283131824293728
1.9097576147642694,1.0931889773573802,0.1986787767750478,0.013929382438635026
0.8818687336211528,0.6785776134608195,0.482311372287628,0.035948852551058494
1.6526877883680764,1.8867186191184782,0.4530667894724976,0.0336236886542332
1.9249313667166452,0.646295159631284,0.16244594048319988,0.011231964115349711
0.2492274950991118,0.6720802456066313,0.3644350835144542,0.026642802434212857
0.4753431609807153,1.2912360011219577,0.4360101520545494,0.03227229122213365
0.6701016690013166,1.9209779310568202,0.17436536855364265,0.012115153499203894
0.841012182938323,1.9684065301752178,0.4904464460659838,0.0365974094233227
0.1957142238291414,0.34501840887419966,0.4156892620557449,0.030667034844519013
1.1484340517200837,1.4832724686392567,0.30798943728645356,0.022256287716069217
1.854277341681974,1.7876072711189923,0.2544511041431481,0.018146754844487776
0.14853096914868025,0.4012000377669114,0.4176386117876198,0.030820793864889142
1.3861009236924415,1.0465078148953506,0.38134174826917705,0.027966168922360726
0.5346894385084826,0.1491561954966396,0.34965789116734974,0.02548957867363831
0.7952414275938098,1.4908434630821152,0.2936353860513463,0.021149256442712247
0.3380905375409693,0.6467145504636262,0.05491417763700468,0.003523146046714975
1.1005309690795415,0.2646807417640078,0.2614943176198096,0.018684224826156906
0.4597761635501072,1.70503394725624,0.3411155844243059,0.024824453814872117
0.19681665072125298,1.4293250131386728,0.14776377920465222,0.01015023539957941
1.5304217948298116,0.4875478877177948,0.09046258460577034,0.006007216513452366
1.8361936798022218,0.14667553413143164,0.09559945610876239,0.006372572402888069
1.894955328475352,0.5848364198557221,0.33783138307093435,0.024569042043422962
1.434834427447486,0.5987554177878902,0.4951177789373313,0.036970161043387614
0.6326751446266812,1.085491860042104,0.11134798887460028,0.0075008657807677575
1.5220356221012201,0.8302978584554401,0.1211337029924891,0.008207638331379741
1.1774832772627473,0.5469949516376216,0.26957213722456286,0.019301875493229908
0.172393742822196,1.4549513308269333,0.11338775240481215,0.007647846167614083
0.08927309452828869,0.8837272109381038,0.16412313036538678,0.011355975329085265
1.9239935016827348,1.530267662902209,0.3788279056515153,0.027769137528952922
0.17183885870754945,1.2702783462095948,0.16129617487706316,0.01114700155964032
0.2728774742492601,1.670091925939478,0.3160931769321492,0.02288285969370142
1.5265741760312888,0.4163907006349963,0.43333494542145057,0.032060661764257585
0.869123416570311,0.05759873091380863,0.2785064292067274,0.019986501872407695
1.8752983045452782,0.8512049727411466,0.44173078608279326,0.03272513751255279
0.37096469682346056,0.5211781543840495,0.29480824580199994,0.021239573601815196
1.9654896899165877,1.703909975017983,0.11866144148511565,0.008028694196763102
1.768067371610113,1.751737089458317,0.3623093301860141,0.026476705072626658
1.3465448494865653,0.424242909598767,0.41333242324716807,0.03048120072337043
1.880342162963979,1.6692298284661986,0.16852974725717038,0.0116822147563331
1.8181980527838164,1.426857418541249,0.2576046108362023,0.018387274756984602
0.6165642160146148,1.3455905407298296,0.3301615242290861,0.023973228207292002
1.517861802616257,1.1896945951155844,0.45461166475534603,0.033746264610362106
0.14596272668533472,0.147316606687941,0.3607725090193937,0.026356666225653212
0.3574299633437499,1.2786377406974945,0.07459027839041954,0.004887707799634987
0.45425632278628925,1.161409646194377,0.2924463893298615,0.02105772204603304
1.0430567785185816,0.6516789120722626,0.13250499885695177,0.009033878010344248
1.2294544376525167,1.320334715495951,0.3130941624182071,0.02265084854802806
1.3194330841376622,0.3808998085008115,0.08974193075854589,0.0059560731796054305
1.7480319137300204,0.07042176200219741,0.3905983226008186,0.028692454566850625
1.3698674128498027,0.13808671542339268,0.47063118390566283,0.035018988793505776
0.10302949676379813,0.49278196376797334,0.29205813324067087,0.021027837875536765
1.5634102459004244,0.7140621271620893,0.39497926181198023,0.02903660609126497
0.21294794765730685,1.2604213387634122,0.38071747370675946,0.027917230786070238
1.103705039932945,1.4331832142090788,0.29122596962646913,0.020963795267251267
1.7774135852850936,0.33870539382837905,0.11090825028878565,0.007469203510699383
1.9123204194263979,1.2216142053243384,0.07642173645866349,0.0050161071001881665
0.6665119256362706,0.3349879400025362,0.12238159966405399,0.008298058098562941
1.9996388197886057,0.2677811777689081,0.14737471637221033,0.010121668303934774
0.3379173179565671,0.4185880440702303,0.25618109279079504,0.018278676846605002
1.238045834038702,1.2782473184300152,0.13481122577484678,0.009202060588681038
0.47641676529518784,1.2356144665047621,0.2504798969752582,0.017844161177086544
1.522329203316092,1.5996601159065895,0.22310935627847572,0.015767884974256696
0.6632916086059186,1.951491987351264,0.21195476162961457,0.014926634194913004
1.342167896830679,0.4617929461680319,0.05022501211540511,0.003202517167895489
0.32452712862880895,1.4234193049847523,0.46384938402306974,0.03447981516416588
1.9882688329567704,0.0119891824516829,0.3133342393736754,0.022669415865877868
0.35090577209677987,0.8671207249652559,0.4112229466894426,0.030314932824214758
0.47405391947265474,0.6198389840062541,0.13980365747952642,0.009566812120922545
0.5451114189415838,1.4717230804821468,0.26316306144093227,0.01881171467940981
0.05437549249269691,1.0309912711168965,0.21334195804966039,0.015031089915305452
1.088019128380712,1.0471991764640898,0.11264055078126894,0.007593983289057323
1.8672794418921703,0.8672361753918842,0.3367970642098265,0.02448863863443156
1.8107538794489335,0.5746379039218843,0.25074652378940715,0.01786446700650349
1.8737989334026832,0.8942393781593909,0.3848247073491883,0.028239306303276753
1.6644322927417061,1.9079851846886526,0.33458047555033377,0.02431638819659924
1.0668277089618665,0.056404598087798075,0.1935095929611505,0.013542314792498983
1.455676324048884,1.7551766497574945,0.31829487921869887,0.023053285595500208
1.23738141623404,1.976161265759279,0.41030557293639763,0.030242644220623328
0.3947811225576645,1.289045143500369,0.46796419052684746,0.03480689035136394
1.0841082752959226,0.5241694127451384,0.4315807932250166,0.03192194370214714
0.48044106012967225,0.7975303792306561,0.17966982736305903,0.01250955522822903
1.894295487629549,0.2305746210973647,0.24986439029195284,0.01779729096792498
1.188039337023434,1.8348233118502777,0.2811246911214829,0.02018742632015272
1.468403445533905,0.9280754113304481,0.2929349732626894,0.021095332366133288
1.9475620773692774,0.8167371623926754,0.3016329342315715,0.021765604136569083
0.6665831823923227,1.7855959538650372,0.3506776069521455,0.02556905171333643
1.0919547479131968,0.8406902926294353,0.3058243126710203,0.022089073986173657
0.22385971877722666,0.9801791020674959,0.17179933527959831,0.011924656951900505
1.5100431143605022,1.8870734114786738,0.4242717293280976,0.031344364542683516
0.5799600983941879,0.08023245974869253,0.17321371119336898,0.01202963294525183
0.7198227230438796,1.5341999765503056,0.2667823178732096,0.019088412445598554
1.9125283259408101,0.8577967483231281,0.36840127612505463,0.02695288240674541
1.0469315096526206,1.3304804508560448,0.4433345028492902,0.032852160849944204
0.22346573374073997,1.7431762051099744,0.08678259530417032,0.005746354551775869
0.9631923445639017,0.31210151484715154,0.28992592448775106,0.020863770174400692
1.0752680550082587,0.3644750006686961,0.3677739872555674,0.026903825083154104
0.06985391562186716,1.0971799197606984,0.390574332575796,0.028690570723378328
0.5663544809816445,0.1365203117453413,0.3357636961320088,0.024408326147533892
1.0392085401940572,0.5184002508876266,0.4774769372028005,0.03556379088111286
1.7946250302704039,0.3978016208259936,0.14032041582797194,0.009604618861219287
0.7831307989984029,0.0337361109995622,0.38589389609582525,0.02832318752584518
0.7248177241731155,1.4991925806842987,0.4276547382206257,0.03161161310658387
1.4685931302645858,0.9095549880950111,0.34408197198344764,0.02505529519540894
1.0673220222525985,1.5586756086457592,0.31539392882004164,0.022828750505927416
1.3883439874126566,1.5787319346384499,0.08914962652846074,0.0059140597581201155
1.718964361076774,0.4304563983624139,0.1656727006247046,0.01147062812618319
0.4266419980185068,0.5595480347577757,0.08944715253993892,0.0059351615228076336
0.5072213039545062,1.1853072860026583,0.3614502572980468,0.02640959980948563
0.9652638381055363,0.7733250094580602,0.31526066500758776,0.022818439229738332
1.8372280027173353,0.01575837670274982,0.1196616187080733,0.008101057087107484
1.8043610957762382,0.3403270331406947,0.4853972715949736,0.03619478319725027
0.8527278586550029,0.6066962873061159,0.3379811924489545,0.024580688976543794
1.145137946637218,1.5477217350580699,0.49737639485459034,0.03715047575368387
1.8138044017103705,0.9877089763903286,0.2958932769005763,0.021323149516209488
0.6106160853198976,0.2218064335684573,0.09789545471898174,0.006536316530329157
0.5436079030464074,0.17588012791022622,0.3796565888682155,0.02783407859728617
1.6784094376932157,0.46086511319272416,0.4679531513115134,0.03480601260677578
1.075253225261099,0.18758074313961504,0.2665368618355063,0.019069638722684665
0.17226267062837497,0.22601726981135517,0.20675696570508556,0.014535662587576789
1.4845602075532418,0.8504617292476089,0.27926223566812836,0.020044488852811782
0.07004296080235761,0.4949226546150596,0.38199511560116184,0.028017393619754867
0.14355268207192284,0.7566045315303949,0.4889603055414081,0.03647887325406371
0.24848566201533973,1.6029117023739758,0.34086138432024154,0.02480467863685804
0.43447697888567416,1.3807531296205755,0.15880881290191143,0.010963339920067051
0.06925155974404307,0.620062865139182,0.34494170959756537,0.02512222485949055
0.03469923272672326,1.1630238903916932,0.3508363873346438,0.025581427930447175
1.464724276089775,0.48766664643566937,0.19906252357460424,0.013958145279478282
0.7727531691023575,1.2539455790359681,0.39273226042752746,0.02886005630047263
0.9473886724839529,1.6363962901230533,0.33661347384970036,0.024474368904442597
1.80925253627694,0.05621856340919851,0.39807026111134364,0.029279583068936858
1.0322896569561835,0.06637331848380423,0.34597480409070724,0.025202665397965503
1.3766485441049583,1.291584751434781,0.31562380032240783,0.022846537500387256
1.9327629562845399,0.2120853236544875,0.31524768976073764,0.02281743528717812
1.4447923730238628,1.044046233637556,0.1749995757075084,0.012162265544960377
1.1296181734457804,0.6313857071776017,0.35486664650368616,0.025895697483862348
0.6427911134447042,1.2502357729731786,0.21776954988467373,0.015364799237872533
1.4490297521736673,0.11196480243169171,0.40610352743091027,0.0299116679659034
0.33735221209289135,1.595684998935589,0.3473431899986162,0.025309238469788702
0.6735029137674162,1.8618730634194118,0.33938561122529115,0.024689892845532836
0.979757146827595,1.036615717914256,0.273017549055528,0.019565711495322862
1.0585510295883558,0.8065921876108966,0.3707853166775013,0.02713937955275412
0.793032611322265,0.04234826756861043,0.40350517480659776,0.029707125448716436
1.0028597412294793,0.42249212927865054,0.054180057583882724,0.003472820353064394
0.3932348631066416,0.03154689920078302,0.1976913618855442,0.013855390709699381
1.62732737733944,0.8059908962372966,0.156961301907477,0.010827051787283397
0.09890005993782869,1.6819817078870805,0.06159497576867308,0.003983197553773577
0.40096302075576773,1.3120453127081455,0.3435922873227525,0.025017178918172255
0.4113115482249201,0.09359436216571515,0.4829019164379429,0.035995907569265906
0.2915957897268966,0.2260224090871008,0.36395447589823554,0.026605243927974503
0.16408868096281637,0.15259845091978264,0.1250238674856642,0.008489720142402957
1.2736795482896661,0.19251499212671463,0.37204555272958784,0.027237997931960835
1.939066085895367,1.9347453125412175,0.18217674195949157,0.012696232769412499
0.28455904467751214,1.5342882556565782,0.32662486266461543,0.023698811719174193
1.9117386054083265,1.9542427675264356,0.4244148261012382,0.031355665831501595
0.6142673576642681,1.276805906134848,0.25526000446515895,0.018208430663855153
0.18621560984070018,1.979410696181292,0.42555571065704534,0.03144577835012987
1.6695398004747666,1.4120712169366099,0.2644875398022196,0.018912942831915153
1.0336444666311477,1.6700349860226513,0.21107372740832048,0.014860316895959819
0.032265768260917316,0.4318793511177932,0.27474093802814015,0.019697768207699314
0.3525971408618924,0.4554001788355455,0.22315416275262379,0.015771270118229774
0.5585626671187303,0.06657250037870632,0.492616889116946,0.0367705708137104
0.9392769188320209,1.3677444766655174,0.38932065585274117,0.028592135481730764
0.3934973360755798,0.465497270105772,0.28618983038682405,0.020576488877943895
0.3005943913129441,0.1623106559505103,0.3625469763877054,0.026495270409236903
0.44759943498669963,0.9467006355235827,0.39536831848647364,0.029067181825049162
1.5420632363927014,1.1822500265089408,0.4542433573125408,0.0337170391614306
1.9426731685432475,1.8589629959355893,0.4971001591848465,0.03712841967261722
0.40886884938577706,0.5474892636786168,0.19915955527362794,0.013965418669094848
1.0830249492446509,0.28362483892911294,0.207613124890498,0.014600015598101633
0.9070963760209956,0.14948197841855038,0.10838272559263765,0.007287528161424733
1.0165303965466705,1.38589844573696,0.21938790129845726,0.015486892402398268
1.0956642574753188,0.25577359802667265,0.11163166634452319,0.007521295843835462
0.13597860694657848,1.2741393013703641,0.26783497050762123,0.019168938162328293
1.8031217518016134,0.6967950076876108,0.37144454424459,0.027190963797459076
0.5799350979804379,0.15645598856336296,0.3292869792885638,0.02390535159274294
1.3732383630556257,0.9371141499753404,0.08003659733502183,0.005270155921189822
0.5403060137696769,0.6533672807194955,0.09185264536415377,0.006105945542272658
0.10517028602026923,0.9407282123257357,0.3845422268932132,0.028217147505908636
1.9486278049423618,0.6828129131521881,0.19018376212104093,0.013293652868053476
1.3908817307562662,1.9123183525144354,0.22846942745927157,0.01617317049084067
0.7878070230405836,1.6195616972799252,0.19498375424979603,0.013652627862568543
0.6243835826233834,0.2906003772592758,0.10631536825206982,0.007139028373724346
0.18987730349716236,0.9650773619007778,0.05890834648294954,0.0037977551988512344
0.3889916465511096,1.7674060945378023,0.2259321356028538,0.01598123813395436
0.4291445321804399,0.2409403966964061,0.47860429232970747,0.03565356051352364
0.5423590087430339,0.28320258102997453,0.3957454310394693,0.029096820858901973
1.2392670133577732,0.5119112477242223,0.46041007648763044,0.03420658710656863
1.640999452747961,0.7612644004827878,0.35345651758156416,0.02578571099456226
0.2049960794054797,1.0999545445670456,0.21462816238201332,0.015127982830474427
0.5541524568018645,1.3674533207612094,0.1499144337448792,0.01030824138086546
1.9409201225742008,0.30151958960997405,0.36038311800790757,0.026326257061003056
0.13657490847837406,1.1429407832411704,0.3162864921636662,0.022897820262888696
0.4435931777861222,0.9410388639506193,0.3515442922222881,0.025636610634896747
1.1488682243045771,1.706203521682536,0.21171007058196117,0.014908213873920502
1.0302403027998126,1.7765309413158625,0.4290979043720233,0.03172566379621432
1.9980019352956657,0.738206150370782,0.15864757728794365,0.010951441432969587
1.434034544581081,1.7364447606109912,0.32304320668761116,0.023421112914063652
0.2563262137590936,1.0465377774168494,0.26125443083282646,0.01866590239442736
0.48617607328328494,0.8464985535526377,0.33413084788408265,0.02428145735404528
1.3702731906537273,1.3169059498630271,0.12516439683404962,0.00849992159504819
0.18275634433301224,1.8687716130198473,0.1699246159207363,0.011785605894274253
1.3559136322536987,0.3055640167502889,0.23808141184376946,0.016901586832555382
1.7740768372493272,0.7325341489150579,0.4478092743533919,0.0332067551185415
0.4772338904418165,0.42697686675966584,0.2729790123607493,0.019562759231699776
0.6036659606227455,1.2604700612539697,0.23388437351384406,0.016583271937086835
0.49593170211723114,0.3808058100821319,0.3019407057622066,0.021789345923322937
1.057957791007607,1.1632385155471394,0.10493904778278604,0.007040276455603087
0.7883711404628848,1.2247912367451121,0.05784021807933105,0.0037241890536344573
1.5321130339701812,1.0195708019175311,0.13055597086941634,0.008891901570594695
0.5374182917661277,0.9413927863661533,0.31872779459011835,0.02308680561481539
1.5440898545879012,1.6544578004867572,0.3654416520886229,0.026721474787972307
0.15153430497028952,1.4660118554177797,0.1798553650738014,0.012523365177540591
1.6386819331834748,1.5446444624380749,0.32903341933040686,0.02388567420634833
0.33434541796835604,1.4224102698492034,0.11631268160826645,0.007858927262586407
0.9447814939131771,0.791141612954148,0.1016009537047246,0.006801139214676318
0.33530685948176164,0.6550947822592035,0.3832137273349083,0.028112950229015644
1.144744722176948,1.499439953899323,0.14104176466853505,0.009657409778797633
1.209319625968504,1.4367347666296506,0.07342936189598814,0.004806430868159979
1.149887843152338,1.536885948021285,0.49240356803257335,0.036753549382534036
0.5253002647094047,0.5670738172367289,0.1415933928133767,0.009697792499358454
1.5090384029068202,1.3784939638798372,0.12217472062298375,0.008283063694733736
1.4556382739739686,1.2736179798166554,0.42495453258546917,0.03139829235037443
0.6301660298614338,1.1439668442799649,0.4379123771931619,0.03242282643314769
0.3580633257053216,1.3879630410033024,0.050404000584965226,0.0032147190692586635
1.2056009621979071,0.7490029599356776,0.43829152153573075,0.0324528359432048
0.36305941304913336,0.8524646485304475,0.1538215384518535,0.010595690570691804
1.940161474106093,1.0196365960678564,0.3979318322121778,0.02926869867093268
0.2994604173149944,0.018878397809298564,0.4341326591874168,0.03212375766235735
1.5993763716454508,1.7290911175146269,0.254669025225148,0.018163369234944205
0.714299716819625,1.7518400498446842,0.1124635220293392,0.007581225576160276
0.6129087154408062,0.8655785125004192,0.16572034798251128,0.011474154733345582
0.08059583494105893,0.7917081164690514,0.3089744531347099,0.02233238789837165
0.2456165977062834,0.48126134974504153,0.32749823654207855,0.023766559529463868
1.5690857732769397,0.8348217754750067,0.40169671423012576,0.029564816889753088
1.5564672959235861,1.0328776765672936,0.05388914166342349,0.0034528903458027325
1.4959595264951613,1.8021272080705442,0.38906046920996507,0.028571709081659905
0.7693815110105651,1.6005720393039549,0.135698942296123,0.009266850813803086
0.6450497722927009,1.1529337977188547,0.15499273493795487,0.010681955323159265
0.9289646966545,1.340082270079919,0.3829041713157319,0.02808867461532338
0.7613551473237219,1.5317216424443216,0.2763825851207446,0.019823614523651497
0.7150477250289295,0.7938895926394758,0.1302467683354498,0.008869391174107696
0.08261996702968433,0.7536995845307284,0.17137230069859366,0.011892973835553912
1.7027825785310318,1.5121414057090148,0.2871052573996476,0.020646855447207707
1.9834971139327089,1.1197486797885325,0.1981381244862243,0.013888865620985489
0.09604296922888711,1.193112169126594,0.33634273724720737,0.024453326632358857
0.13639273208491431,0.09221167455408774,0.2676461329215265,0.019154490873527722
0.8279013632307177,1.0466099569782439,0.05583603845546318,0.0035864075312500646
1.4843613540669687,0.9463108562317821,0.20017176960287264,0.014041307702756653
0.4703155100828098,0.9895638300132705,0.406828980067313,0.029968791805094236
1.5029554307070314,0.9500617840279704,0.3814696142458708,0.027976193275374317
0.07600387232817085,0.8562322276519934,0.23822959601484028,0.016912832644989252
0.36207920433071217,0.6945028560640871,0.1572485358282683,0.010848233372324347
0.3238778203621797,1.8848236113862682,0.27895783630059795,0.020021133421673082
0.7084689662490349,1.8400373145131936,0.28328624480391335,0.020353400530071435
0.8564837426548151,1.5877496596039775,0.47797389964629144,0.03560336146990388
1.8673256329760517,0.43003144823906747,0.42066889455150647,0.031059911988867622
0.5883108666634518,1.7297864121269164,0.25444142279896087,0.01814601675770595
1.582165242143519,0.11166259573747883,0.13807878370432664,0.009440688007964727
0.8011012823382342,0.9541729368535499,0.25112266196162636,0.01789311556155484
0.5103199787815369,1.2286488411713419,0.18421737161547896,0.01284831940886541
0.8734174307155318,1.469560774820581,0.25084244915246606,0.017871772878023346
0.8819896873802644,0.7721094720883641,0.2308980035386718,0.01635701692269356
1.6307561758758051,1.4687732355364365,0.06677183931710878,0.004342083920964307
1.5113918669841564,1.5087124504052363,0.11400286824243298,0.007692205882819491
0.1360021017011961,1.1652381734734605,0.06001620938127459,0.003874155297507849
1.948840950122569,0.3168738433257099,0.05261847231633311,0.0033659271031481943
1.7774997877942014,0.8890063047913146,0.4746537998786313,0.03533905283760087
1.6423658963597751,0.6585328587373747,0.31487696415346134,0.02278875208866382
1.9479737593451296,1.240138459490642,0.3657882424061611,0.026748567389845466
1.9235796173970465,0.729607087125407,0.1617186395067961,0.011178214972944182
0.8341104551675433,0.03937125601101177,0.44496092812501936,0.03298101521353287
1.5016242648180074,0.972787095381564,0.15487831241027503,0.010673525516884457
0.6585245053589579,1.0781282071188316,0.43525824803215746,0.03221280074412032
1.1737764370999064,0.2954134737368215,0.3563208108077101,0.026009150208642293
0.44752334968169016,0.7372221483070438,0.2077605363761848,0.014611097598947251
0.02359829503164046,0.32321610713234183,0.23973631730670575,0.017027206256692125
1.5534895075163109,1.4589756991381235,0.1236261102792695,0.008388295902233507
1.6953800863118893,0.8930009156018237,0.0622315687166029,0.004027220633150313
1.207386848023263,0.3539855867261581,0.3016616307737938,0.021767817744324337
0.4658235691096113,0.6413149116111472,0.22803582032428998,0.01614035999885741
0.6039144814211426,0.05724052140778979,0.2159625990118716,0.015228551555259274
0.14176788242204008,0.5864076440666621,0.26112655111170036,0.018656135480142718
1.1460044381592,1.0001511588881034,0.31611818962141175,0.022884795377677555
0.9834224919632479,0.08985502751083896,0.10249252679374864,0.006864958162712278
1.0666192943336172,1.786314673648024,0.3961369501455458,0.02912759423287712
0.48287199112265466,0.6222968420692954,0.24518105779858923,0.017440922185009054
0.12972224322303938,1.7437470230209833,0.3031853131106394,0.02188537312463351
0.32549591571144876,1.2304382791291963,0.3174295758420068,0.02298629582134428
1.754346488444789,1.0238038050497176,0.4240549874054752,0.03132724751525476
1.3743599556654793,1.2233593631985127,0.41953107559444613,0.03097011327247575
1.1355310651954202,1.2348932609369216,0.18855774984795465,0.013172189879457494
0.44678185033267726,1.53781772598712,0.16945911834348676,0.011751095520321712
0.4507511973935745,1.4948037210197684,0.1934243024501669,0.013535934182177993
1.4710148482102416,0.9344224391349882,0.26481470798842843,0.018937953263779173
0.295043855990041,0.6803307701129773,0.3024998378267715,0.021832482170635374
1.3024775298183204,1.0622225916895753,0.33173327808017794,0.024095248907916204
1.697778452689966,0.2083941519792123,0.10809359782322986,0.007266748059009724
0.10541539339870787,1.7513648706623561,0.3241481878943736,0.023506763572362144
0.3689061601270578,0.1064196703640834,0.3468644356819565,0.02527194867132154
0.4149473356906215,0.6329481892165603,0.3463426280705215,0.025231309530178925
1.7220525615224265,0.5425545683720363,0.4924962305006244,0.036760943093737515
0.5430840446356375,0.3434432435437451,0.20652573200212515,0.014518285109094699
0.5724609494741113,0.14011254404204299,0.35676077612822027,0.026043482249313736
1.4739746208620448,0.9258775832367143,0.1264102610158957,0.008590397132171398
0.25216447559962396,1.3582865608575625,0.2666792381775068,0.019080528242343714
0.4533685361197626,0.6886808032373395,0.34113853721071863,0.024826239448143203
0.9315022233126555,0.13520258795107098,0.42872992291159095,0.031696580400310904
1.7588911606116127,0.28241589759943087,0.08072339651345911,0.0053185141661907034
0.435592195146403,1.0980164202606753,0.15345588929811177,0.010568767862134093
1.3024899619912005,1.2418276768924852,0.3055692355054678,0.022069379607285874
0.7066108715186006,0.4390980338765793,0.13682278405216053,0.009348916637253402
1.9383379775681464,0.001171013499168927,0.35427658394566736,0.025849670420554312
1.0847926015309481,0.10811258242186517,0.12545977904436645,0.008521366863262414
0.8029684260147281,1.040398648156351,0.19830206339539558,0.01390115049955727
1.754549756257914,0.4532609592199768,0.08821000284018336,0.005847449767238411
1.1380439221736867,1.2304691986861138,0.3056169565005615,0.02207306403494064
0.08377531784196357,1.8971170343089496,0.26675868926298063,0.01908660515776381
1.714067991143392,0.41294240993148335,0.11542154101876761,0.007794577781805231
0.4493643059886301,1.440535930079905,0.35708423530965316,0.02606872477005185
0.31331898205503106,0.2946061032673386,0.129186247540714,0.008792211769987276
0.36993998752314483,1.3137516606827218,0.2757124544724752,0.01977223702013538
0.3318485625845038,1.4618182490248717,0.11334655217748657,0.0076448755628742565
1.4165604396495037,1.9296371611789727,0.2641549379555595,0.018887519210975666
0.7956891062164932,0.1562096347776858,0.432679009744863,0.03200878593690824
1.034424598069413,0.21122731393285843,0.4345195614099555,0.03215436292857134
1.492763322096447,0.7100441238866297,0.49287350430135807,0.03679104746498826
1.4716621460912143,1.3551596334463394,0.3846519680578536,0.0282257558697989
0.6932943524462107,0.0853670017017214,0.4884706347180524,0.036439822022516506
1.0485645429776296,1.3516685662851515,0.11983653315158636,0.00811371645695623
0.7184509354909161,1.6012744112058723,0.45573286287822434,0.033835242504420916
1.6644511997591331,0.8860072095136342,0.3633653307165167,0.02655920810099237
1.084971336744252,1.4477560011570696,0.2591427565511664,0.018504663974569135
1.1975246532748742,1.340306118892163,0.30166909872636166,0.02176839381324465
0.6785889192959214,1.2865856239657405,0.2961780063098653,0.021345084670840023
0.12504220374663633,1.81188487356726,0.19458358696581773,0.013622677206605864
0.7265384606976353,1.9732360597306449,0.2884846002915152,0.02075291128744957
1.6829460339971092,1.2880544761957162,0.30861201189002896,0.022304384526601374
0.6803484161758302,0.43496601988081207,0.46955444962121135,0.034933349151499135
0.30364448576146685,0.12387149367591177,0.05644723668835359,0.0036283900277594644
1.6909347208499292,0.579745231144658,0.2651787389054026,0.018965784179769185
1.6882215606540418,0.9343693560858715,0.3138603155755709,0.022710105518154423
0.4983675226028017,0.6747978518714561,0.30557988098151634,0.022070201516428817
0.13012524157071526,0.7689396110244153,0.32866464109420235,0.023857057234088125
1.381494805274394,1.3996889514382047,0.21573675717378438,0.015211528148214965
0.6050059634541971,0.23123456216497207,0.324192032534967,0.023510162527929597
1.9623013508245197,1.0501997466131898,0.23077135631183004,0.01634742624943766
0.6727903474188017,1.734885862491914,0.17222378597090127,0.01195615374613172
1.2827759240993504,1.1180258089379893,0.1351285531316741,0.009225217439164603
1.329895078063505,0.7561195937317009,0.42713744142517446,0.03157073858033564
1.9486243050171124,0.15707385331674129,0.25059501633692527,0.01785292828242088
0.7849516123245215,1.9123558637261888,0.24229265377107934,0.01722136837404995
1.7607538718381042,1.5424115176977,0.4729299521726223,0.03520186991118533
0.8934543109304318,0.325999722522768,0.2906368309254215,0.020918463282141656
0.6951523335454317,1.5572449392574406,0.3193029949344747,0.02313134741598936
1.4988342333343452,1.471387401832111,0.14766475729829437,0.010142964183186318
0.8128548105281022,0.9266171640583878,0.2984040242155033,0.021516624024531573
1.766229402664412,1.5992691831410542,0.08588976159619216,0.005683178366783083
0.759626297076053,1.4425477514907699,0.23245571614544402,0.016475008178572018
0.2134739879143237,1.9943324270854084,0.19155204258360736,0.01339591886920788
0.08370966362382215,1.6109096443681339,0.28754127069797614,0.020680376137650905
1.862238699875654,0.6961877197863438,0.4639367787011198,0.034486759863686905
0.4931519349183935,0.36842599041765145,0.3589974286521475,0.026218061216346577
0.07647515525370552,0.9515759100816246,0.11126918259355534,0.007495190897290379
0.1934398508067896,1.5899463924140522,0.3383799741718615,0.024611694005411477
0.5134916235720761,0.6851284312598924,0.12870951899344102,0.008757532067568729
1.8037684610767515,0.7454966877100977,0.3155829293974368,0.022843374925072244
1.2529092404885043,1.055650998132192,0.1683314007233399,0.011667517600600216
1.7319345419377108,0.820877041915149,0.34070502582943596,0.024792515429730037
1.7486318472118885,1.9301524091848783,0.44948111455240924,0.033339299613275135
0.19981103076572015,1.0158180342062406,0.1678842215563798,0.011634386736951576
0.7255432047592976,1.0221179705010532,0.282487771735546,0.020292079816708206
1.493629765812801,0.9835093334225058,0.3674378896057406,0.026877542835299018
0.0768345086529374,0.25126717471040516,0.38973095617372205,0.028624348728073817
1.2232626269638107,1.0464019282796166,0.0665734251941546,0.004328292449855184
1.5327313771998774,1.6401213864849056,0.39461627222918016,0.029008080828592155
1.4026218682031697,0.9232806893935783,0.18829019490310506,0.01315221045321002
1.7009780973615038,1.1801216416758344,0.21199677533160516,0.014929797130428125
1.505907101913842,0.7067509667854059,0.16748688449254914,0.01160495371126361
0.8014204631137856,0.20491321114214722,0.39534687653273093,0.029065496660520412
0.43050015420635246,1.3765733810911283,0.29687783930196066,0.021399005004409406
0.08128496173043298,1.5029822306571752,0.35096353152111287,0.0255913385269382
0.7258856290675655,1.5901228461965933,0.24835257928823107,0.017682201944416515
0.17310183710236626,0.015378251210572902,0.29506449777345733,0.021259309827720847
1.8373288116258653,1.3757263938020865,0.18001137973209347,0.012534978426869322
0.07344165761380439,1.2332048536250706,0.34025124788186206,0.024757217992108695
0.7004597475623582,0.90487730474152,0.42305614362884136,0.03124837239819049
1.7880925417830407,1.0776667007227445,0.4354562470886104,0.032228465697881535
1.5814622758675458,1.974713354638581,0.12170725090551576,0.008249188372651326
1.2381631028740592,1.4334228971713276,0.48182880693985275,0.035910404319191694
1.9245776861695623,0.7776017710787222,0.49034709070649285,0.03658948395888618
0.583872147374547,1.6765550704080339,0.3327434459508802,0.024173692814398573
0.9744238919941195,1.5445796800026708,0.46509004141252075,0.034578410769334295
0.9847730094828502,0.9210596719051962,0.28742736078752623,0.020671618408188472
1.6632345718565646,1.2123335606480055,0.26426496499940555,0.018895929280294984
1.1706739545446174,0.10681929971075554,0.27505988283820565,0.019722214009030795
1.9604962120835236,0.8424013407285893,0.273229642683262,0.019581960323424026
1.5967435691840859,0.9153550445956382,0.27012662560715783,0.01934432038818496
0.7956407486160775,0.6146031801520355,0.2769794158868016,0.019869379517625713
1.8966829621632957,0.02897392654197173,0.05738577518190229,0.0036929181235887767
1.304616372196143,1.189112548138895,0.06502621554463127,0.00422084610018645
1.0090551333661082,0.4396046499616386,0.4554385380044682,0.03381188352092213
1.121237720316373,1.3676795206956796,0.17265676749462866,0.011988289098496545
1.1785515535474558,0.44631301869067164,0.23590749965275287,0.016736662599490318
0.291982581517388,0.7033307394965891,0.4437175034312555,0.032882501332801004
1.0143239080838529,1.2445873920470476,0.3490949809551109,0.025445714290946022
0.5215790865246883,1.2689115702266451,0.4534070398234218,0.0336506828667864
0.1879720383401835,0.05655340012427712,0.11316038367423964,0.007631453434252241
1.4378297995093157,1.7874611798225286,0.37120311311255794,0.027172071192096272
1.3522116656563279,1.8617747095800408,0.29338359840615774,0.021129870542099704
0.41872539462188096,0.9211018557111916,0.17455311074524804,0.012129098688194633
0.3657463369109242,0.45054761067555593,0.3774345103778713,0.02765996401491114
1.7471451306621555,0.09296458441893618,0.16602983538643745,0.011497063067704726
0.3583606816986433,0.4627133247228148,0.12204489249796464,0.008273654765343709
0.7915094223574757,1.3323260770595573,0.2251055754146481,0.015918745371450427
0.08856679057050387,1.1595100688053348,0.08265667502666194,0.005454790072227647
0.5663720752573518,1.977001264882342,0.4893689470640492,0.036511464467404546
0.31956293920744594,0.023520922784160403,0.419696000784598,0.030983128424532103
0.8011226588307887,1.6329228744984663,0.33633911762176183,0.024453045314650326
0.5375325048909483,1.3406155783956972,0.17907671144590914,0.012465415008828322
0.4022511593732636,0.5929740210398093,0.09671290371416227,0.006451946846630064
1.6468312308883912,0.12074267283416362,0.10111834478563289,0.006766610083762247
1.739466701459206,1.1229276512155302,0.061695482992089906,0.003990145972373058
1.1794931978171481,0.03164148056696736,0.31805321449365975,0.023034575208607865
1.9487439487856717,1.4101460004133002,0.36730503599287606,0.026867154372688308
1.7973794877946072,1.3787292493134542,0.2776101511632693,0.01991775170547798
0.4938593905744748,0.43455095266487853,0.17434224482118463,0.012113435977068359
1.1216949931127898,1.7039167255863688,0.15367514657349224,0.010584911221500577
0.10233271083932682,0.24201318716365705,0.15264752383511,0.010509263721134315
1.0399763514270701,1.5788604442563183,0.12029420211067303,0.008146846111260063
0.4094790652534921,1.5023539033322444,0.054845480588007256,0.003518434720265893
0.23429762718203562,1.357122879968626,0.3292591763764923,0.023903193911412823
0.3008587661970876,0.2580718406529441,0.2753457890473965,0.019744129200764553
1.4833555133286864,0.7865551365822991,0.3819239489339194,0.028011813783381585
1.2026466263226603,0.5466636025561549,0.08864981331609836,0.0058786219003449745
0.9904298221759809,0.20459801606167072,0.11450698385435097,0.0077285730215440355
1.0795944475906232,0.36126074941690756,0.41616095369246164,0.030704235950987736
1.4472490827103957,1.8883279051915243,0.41139119880762387,0.03032819221726314
1.4917796961676273,1.4763842317530267,0.48150613478086207,0.03588469700547478
0.40859090550274324,0.5754015954130243,0.4420520966179155,0.03275058455877472
1.0701749376906646,1.696937630681225,0.0963864407417225,0.006428667683651078
0.7341605470243913,0.6259628221503648,0.48001744316039235,0.035766108243051334
0.5434416240086557,0.8301852250978088,0.1875964103132451,0.01310041184098213
0.6473911425332228,0.8874071072895493,0.19850793047229742,0.013916578287639614
1.1154511946705432,1.9536428517295303,0.1564133990959936,0.010786655030969747
1.8840212771333513,1.2723039126864935,0.28359153807688403,0.020376849435391014
1.962807425344845,1.6100982763363592,0.18566118173681911,0.012955995842035366
0.43006222364828073,0.3469993994511742,0.14274092283476825,0.009781833800780924
0.7790111079772561,0.49032855444728307,0.15712086039030698,0.01083881783082351
0.5687060524793521,0.7595061392779767,0.14673591027856486,0.010074774999616763
1.1517079319725911,1.1965879975093245,0.3785632051777117,0.027748395922939297
1.6147934637225594,0.8059598124643035,0.34351061658754056,0.02501082216224522
0.7541873642856627,0.7907230380853048,0.4752786769495287,0.03538878873451848
0.10022645304178401,0.7104816787129478,0.10916445963907995,0.007343731837833758
0.7618323964449061,0.07484812353379056,0.13527363954323168,0.00923580631878066
1.0157991284246457,1.5622923326404,0.3398768906080138,0.024728100792462127
1.648808394046137,1.0904520273389773,0.25262643208272717,0.018007679718514365
0.5574910920958636,0.5994406072054466,0.3733490217258312,0.027340023708645158
0.6293769037798833,1.2618073039781312,0.2959981004002156,0.02133122480238825
0.8888611762736134,0.15538323863991121,0.19351802926313172,0.01354294592548767
0.009504938227061999,1.0222085010041984,0.11751708390286253,0.007945951475719502
1.271004566412101,1.319341639430079,0.23523595381887258,0.016685736808148888
1.9014036833270205,0.28277487548476055,0.27355888116011057,0.019607185527507634
0.5101934321192838,0.8316759763737747,0.07991209463990204,0.005261392615000813
1.4745303532989775,0.00639524146954118,0.19444927665511802,0.013612625658033674
0.32542116480344263,1.1862045028198,0.09376597712867762,0.006242008291718127
0.446899977758457,0.3151129695285668,0.4290245743396904,0.03171986802351118
1.107216532468568,1.101144347074305,0.32594949405995943,0.02364643179061274
0.1649758032665436,1.635662228795601,0.38462043841703536,0.028223282590728153
1.43445112695286,0.5102096993465153,0.20336200071694238,0.014280662500021283
1.3237660516757723,0.9917936697748646,0.14957012586810758,0.010282934923277256
1.0883971322984165,0.8505614594522124,0.4545579631181256,0.03374200324673909
1.674834756939084,1.0951034905314734,0.07002301922698484,0.00456846585120314
0.15648391676858364,1.7902230517407627,0.25375324808808475,0.018093556629655193
0.5888072186798023,1.8140673686377238,0.15203538693369698,0.010464218509766577
1.777548010632911,1.111309094100512,0.22593268362994912,0.01598127957323314
1.7553297503410576,0.31116389443903714,0.1805729902476722,0.01257678872496973
0.6627970733043893,0.09611873653875058,0.36515351282912273,0.02669895259360118
1.0663494654407562,1.1669010213939928,0.4438072257805589,0.03288960920576107
1.8914768154044024,0.16023893883451823,0.37523560790571836,0.027487735039165784
1.6941015889957471,0.7363340254575241,0.33091807162689246,0.024031956613249843
0.018138642919345083,0.19851561571933485,0.3256773829848593,0.023625329640113737
0.5191500840759296,0.7222533538087192,0.49558335173199,0.03700732502235448
0.03794573362197551,1.5566933887025676,0.2790657352988356,0.020029411909345773
0.3430081282211792,0.930851405946084,0.33549168219125497,0.024387188289019448
1.4614577107899076,0.60557118286093,0.12433323330086289,0.008439596421403316
1.890285739741315,0.7247942700253174,0.37191699205217454,0.027227936501165728
0.11305582351603727,0.6557727139729652,0.4867922979894878,0.03630599523530639
1.8636873431138044,1.0505431534529241,0.3394019289259105,0.02469116185004341
1.9526720467790764,1.1157265367490519,0.2702223572901781,0.019351649051862294
1.819518591487879,1.9063825548740936,0.4037295123127986,0.029724781738300596
0.5443745874261441,1.9322767588161343,0.09190774819318337,0.006109861354394518
0.15778667013993597,1.6352315615759652,0.340179280210708,0.024751620234367323
1.8519331474449916,0.8536140832818453,0.34664575906667133,0.025254917302346927
0.5786891124148268,1.3794624834399642,0.47650318590419977,0.03548626426523777
0.6932737437812162,1.1704860157330605,0.2652813469412813,0.01897362925259981
1.3528506218393608,0.8153242050658209,0.35309740491112673,0.025757705946510005
0.5933732712261883,0.2737434429885528,0.49332066788598733,0.03682673071511574
1.8879562137055657,0.7700101196554394,0.24490855701921938,0.017420201155691296
1.304123394708972,1.1497847292740635,0.2044267088343112,0.014360602681619495
1.9108253141721125,1.0058945364244898,0.12727938084120077,0.008653549706580747
1.0229278391528192,0.6104248878319869,0.09755239740787663,0.006511833658126092
0.26691768913248604,1.8897383141480297,0.0863760511449646,0.0057175822294203826
1.135985749920963,0.28459095618382935,0.41503085425952096,0.03061511278550957
0.7582547350740194,0.9461505192152313,0.46207148998410463,0.03433855684883906
0.32783604021263923,1.622564588560064,0.29735490744323306,0.02143576690740727
1.9473977290300228,0.1839242964108796,0.06248775873078652,0.004044946038518966
0.49671315585301645,1.6049209639632083,0.44460670221114323,0.032952948714288395
1.4112732008681566,1.9999800534417833,0.19987054087496803,0.014018720821821592
0.8280142165925377,0.5697658046944487,0.0911099611820986,0.00605318349150655
0.962698855814135,1.1853819191304646,0.14789954260467986,0.010160205104339943
0.4055815174420212,0.6399164280621716,0.07958492259503325,0.005238368620953799
0.7925598434227141,0.5675175244605168,0.2773387755037953,0.01989693850261455
0.9024300403449297,1.3430933583207416,0.21064181498258627,0.014827812910507105
1.8858218954596764,1.102384954194609,0.0935310424462297,0.006225290984428072
0.7671760772779856,1.5136132134127485,0.31228645116905623,0.022588388163052274
0.24435904054751223,0.9925030519986797,0.07825347910852434,0.0051447389171471085
0.8477534582947763,1.6531417912044106,0.1832335634187866,0.012774982309734626
0.6459973978077076,0.9099380994912116,0.09570459346833299,0.006380064624247208
0.6073557784378967,1.3669508951768305,0.11044700926089557,0.007436002318490918
1.1139423964838744,1.8649182666321495,0.32706530505310316,0.023732975375170204
0.7966250096505192,1.3382341155268576,0.4506915178817974,0.033435282354754424
0.3698331579631622,0.7958400056472934,0.3450755441934039,0.025132644777377967
1.8061474071931167,0.22322298514115246,0.4035988090398437,0.02971449476780529
1.7042524120923896,0.31441265677008934,0.42434826771992584,0.031350409247759975
1.3800960185951248,0.043534559289230446,0.18725859093828756,0.013075194709256334
1.5450701387385937,0.42605303009701667,0.12590741418669238,0.008553872600545062
1.3892832954472112,1.4468027566867931,0.2810783013217761,0.02018386525685458
1.3708022479570598,0.03998832076146486,0.28933233342993586,0.020818109733837086
0.405054079187412,0.6932773343705327,0.481433913561084,0.035878943298560645
1.5244071435213542,1.3654723819148975,0.443544506359939,0.03286879665279929
0.7843658859993179,1.7721031930773146,0.22171994816253948,0.01566293805401453
0.03033951992711592,1.004304159226442,0.22023365686605162,0.01555072343444598
0.8249628472206261,1.6242182155908182,0.24522238534129015,0.017444064880800265
1.1377655920811038,1.1213405610274654,0.07311868210672692,0.00478469484084188
1.4934630744930442,0.847734007403909,0.158394106650041,0.010932738089363195
1.5820596505048008,1.6907040732221772,0.3103351534856644,0.022437540175534138
0.6151763238296033,1.9232177645727095,0.393943939784352,0.02895525087368772
1.8026169133401915,1.311629457529069,0.3377304627249471,0.024561196189971452
0.9651241463814892,0.4699488174523112,0.15407720697431432,0.010614518041082143
0.01687872571358162,1.1794640181312854,0.24360578887087841,0.017321160341383104
0.32709898754382105,0.32443521711268275,0.3120008679774694,0.022566306654411214
1.66883453717078,0.5899921061683517,0.46635111737046636,0.03467864764703853
1.4719231087261222,0.3601086572747976,0.35522615915368755,0.02592374339065089
0.24774809515871765,1.7803354868139896,0.24538371665623748,0.017456333447115693
0.17837305657845404,1.5864114994630294,0.12224142568413834,0.008287898225377016
1.7644143663966427,0.17703033936304724,0.28588827024214847,0.020553312107065288
0.6989106727575392,1.6683998304939291,0.14499878495746812,0.009947327965862536
1.5048621008857448,1.3241363418363574,0.15697498031439472,0.010828060417912028
1.4352595624033435,1.1348753027437217,0.19474749360706223,0.01363494434132181
1.4318132280840565,1.8360668809632186,0.05066356622459326,0.0032324193418306678
0.6638302332695687,1.0556481754391673,0.28833984510662913,0.020741779607562752
0.5012792231628047,0.10752288012346023,0.23684915910054993,0.01680808894269667
0.5725728301600106,1.23822215951865,0.2298591538050121,0.016278358206884665
0.655961177099734,1.200551880947493,0.31005686195669435,0.022416031754856385
0.26688636921986997,1.2209323359056465,0.21248045019742273,0.014966212945541232
1.726946126981572,0.37505735387475836,0.4563359136820641,0.033883106656607494
1.455670915049104,0.4382605627367826,0.4730601108030712,0.03521222666641282
0.3940337848549611,1.0006629621654286,0.1221815893283802,0.008283561504122858
0.1313868107924714,0.673898847104083,0.4432065620120944,0.03284202605472892
1.074003286584411,0.6069101734346223,0.1796491024048682,0.01250801268850041
1.597548211954518,1.2558351888382617,0.4604771587489234,0.03421191496292782
0.24247660100670254,0.8098201704340346,0.4920939589355354,0.03672884579143241
1.0518761106904713,0.059350062218610944,0.38843690631905575,0.02852275904137567
1.859867289381338,0.3996068154250778,0.38009979438289676,0.027868815112935326
1.82903299467362,0.005417646029083567,0.0950375670597392,0.006332541130335121
1.6821468602303713,1.8723987427417006,0.4388177909506745,0.03249449346253878
0.6112745670550688,1.7032461080827295,0.3907447049371467,0.028703949576040506
0.7920892146238538,0.7022099207899892,0.1312980291738305,0.008945939493379589
0.38357851472804283,1.0273898746124943,0.07960541011432806,0.005239810192480038
0.9419089458600471,0.8137714762799559,0.3660040265691574,0.026765435906522174
1.4773237768240817,0.5203542783033142,0.31495807471529513,0.022795027448422434
0.6723183992078201,0.7727104506650952,0.24418828844316104,0.017365439411580447
0.48805276592671776,1.4344530708943826,0.3502201326437246,0.02553339580971075
1.3628258399801263,1.0096124750518314,0.15926564011042665,0.010997056305335205
0.19213707626822218,1.0055283786363716,0.17535574646233204,0.012188728840191574
1.2895560281068936,1.9433810547436574,0.15584432084536234,0.01074470735056464
1.1406501006350942,0.8028014554683836,0.2016612366455467,0.01415302606216922
0.3193007073825993,0.6706074714376884,0.45082947297844145,0.03344622306840049
1.4182190298977615,0.3547165173470812,0.3890010421189059,0.028567043787827814
1.9638814999867107,0.48889897307683716,0.12094763617896223,0.008194161840661948
0.872542521676106,1.544168127566252,0.05852851013871144,0.003771583763487043
1.296071738038886,1.9750869600833454,0.27366024948942685,0.019614952468126653
1.828506650753322,1.0241553048910934,0.31182837173956146,0.022552969790154996
1.2739506666098785,1.2914031559311807,0.2860777342528115,0.020567873396663095
1.6482967164609146,1.6479393185938573,0.3812925337093547,0.02796231069337119
0.9631056178457993,1.2265883655841363,0.2395002700885921,0.017009284878634158
1.715408519655553,1.0614814298749202,0.12306890582618309,0.008347885963759762
0.6487130384951283,0.6598103641465831,0.06085166748363431,0.003931834397230521
1.840081423018528,0.8140754042552802,0.11773758450782582,0.007961890454371432
0.8454544401396862,1.707742859992389,0.4690425602888047,0.034892640032043495
0.8373263901157271,0.7968632880886752,0.47869483525582746,0.03566077094714024
0.16631196325916386,1.040569054114234,0.37482251796666455,0.027455387538219345
1.6675666990913756,0.34439009766680906,0.4461535319884022,0.03307552051740368
0.8910681413631714,1.0980322655243304,0.12239877525308246,0.00829930304823006
1.2398993334336077,0.5786943922238192,0.18484752214315398,0.012895307623939263
0.19044003596947312,1.3403253932578607,0.3452794822889419,0.025148523257485036
0.9722184515451817,1.9733689303060467,0.35389999166199027,0.02582029759326127
0.9665179411763769,1.6582756901725049,0.22543899291420555,0.01594395177363481
1.4299205871681167,1.2757645115426268,0.42838327272893606,0.031669184496320106
1.9937818816238408,0.3619146080027311,0.4921513146294128,0.0367334220993345
1.4694339741484377,0.23335375328919938,0.16339436005334712,0.011302079345982527
1.47833926249409,1.1342477112787936,0.32695819261133696,0.0237246667258491
1.3819593562663677,1.5337084678910973,0.06701599950101417,0.0043590590132641695
0.5897212606922635,0.08363986808419233,0.39643648846318685,0.029151139340529934
0.6955756478785504,0.1840514205861301,0.05120382720509616,0.0032692807963801236
1.9553641615075532,1.6963966880152843,0.49036026458576804,0.03659053481793573
1.1305267733470834,0.24842669863060496,0.1786351579790409,0.012432560750958712
1.5136945472651662,1.3740897544293145,0.38742376981673216,0.02844323881614999
0.1721647430930915,1.2056561908754253,0.1959231719361877,0.013722955549889991
1.6250029638810852,1.3529743447973572,0.32886842959019386,0.023872870826706995
1.4907466618190932,1.1507362899719968,0.2705002040284764,0.019372920404623486
1.8683853545086926,1.0018793251491707,0.2601160566080166,0.018578969787232127
0.429091531301659,1.4541582253631085,0.20610218208889275,0.014486458328931123
0.1956249626690909,1.5751986576763837,0.39509259707372146,0.029045512827990914
0.276164788493509,1.7473742916587085,0.31075924611404887,0.022470319738962127
1.945879665495726,0.4431028447950267,0.24322659316163403,0.017292339466326734
0.18697322259394777,1.8347987226961815,0.2776810750092924,0.019923191453496043
1.1378031245504434,1.0982593765938302,0.476070790333666,0.035451841970805704
1.4110590688284934,0.3268949003681503,0.10113208017958042,0.006767592650504185
1.2096567348129665,0.6144031326453543,0.12196405467824087,0.008267796619813361
0.1921583671061231,0.9444099988531551,0.43948317202935133,0.032547167475258376
1.4932378754500146,1.956643574073581,0.17313196553356386,0.012023564108632092
0.8926736412780631,0.5680565409906595,0.39356632800602187,0.02892558195084968
0.8361027081133505,0.15895632536501414,0.32191222086332566,0.023333467486279475
1.1574617189650556,0.4273178268492721,0.33364104752420537,0.024243409251164385
1.10853601841894,1.5171134937279438,0.36441944414685007,0.026641580195668733
0.45691957358750157,1.3685771539987468,0.2540336132537244,0.01811492791489622
1.1472037386581486,1.4437974468557813,0.41890342986270107,0.030920585531865826
0.806012336267877,0.7985469131088057,0.37371409391808436,0.027368603231539775
0.8265873313698682,1.6591276514360023,0.198335694701807,0.013903670772030476
0.7139370477043556,0.6597252595870622,0.33685157964035606,0.024492875999889308
0.4059783069294851,1.113422107736719,0.35955188127550725,0.02626134991319315
0.411872583608917,1.1209370493200275,0.2824646999613396,0.020290308140377022
1.0089685334270335,0.9131779111263407,0.24601430585059203,0.017504292432891474
1.6573806412791048,0.8730885997607085,0.1915215495162385,0.013393639250804215
0.16098777060680325,0.06801818922640734,0.07365827488604254,0.004822450323685969
0.6822610347857523,0.9568552406790503,0.1931195706107539,0.013513138682548482
1.8059781481553407,1.6473459179987997,0.05376989488285733,0.0034447231548593474
0.6547470803040285,1.9330825780394814,0.38897019128695937,0.028564621878205753
1.054244343790765,1.7936960382561935,0.2126855773660397,0.014981658670358907
0.5312699393540903,0.6342824019986137,0.3847124995273353,0.028230504178021264
1.2227820352211785,0.564985743963903,0.2586776057530588,0.018469159205298666
1.4983363182420888,0.4370059839244518,0.45149578276388636,0.033499068909198584
0.593402897492068,1.634250193802385,0.3715621073575261,0.027200163719387802
0.6094854474348277,0.5331680087001196,0.19320554005805707,0.013519569385597063
1.258110472424613,1.8952891920388282,0.48063013617017936,0.035814912130224585
0.632371022670611,1.6674845658222024,0.3613604451892297,0.02640258489860702
1.9871471738908089,0.5058835982836458,0.37421745287041086,0.0274080116341209
1.694727824643768,0.9792016513052819,0.1231328157359862,0.008352520239359269
0.4086579442018068,1.636511218125369,0.43029856984703,0.0318205702919837
0.7569187279674603,1.9857327591733853,0.13158554509154566,0.00896688255326077
0.059988624574612626,0.9314508109946209,0.26934434036770105,0.0192844398780204
1.706389125110226,1.7991996085901463,0.23054143604387428,0.016330015898966994
1.0525043788579422,1.8134165295943125,0.181225322163228,0.01262536423523733
0.4400574814702902,1.2843172930063267,0.16558110727703151,0.011463849064256248
1.8684038772568299,1.677717489276417,0.1648464447817754,0.011409484153875517
0.6393046680791059,0.8367792297309735,0.3324153079628123,0.024148209675305742
0.18315089002371732,0.4893924250628259,0.08270884219001508,0.005458470382991735
1.9635603515255204,0.7303568850099185,0.24692461845711272,0.01757354052852057
1.0996382107739704,1.605618708126563,0.34041085498570367,0.02476963277313297
1.9026565322584736,1.8236132642356964,0.37237878395604496,0.02726407842984004
1.4580603803587624,0.010131960824988573,0.13492136035872,0.009210097194890693
0.3266362216362382,0.4087490952837767,0.16433365842446973,0.01137154794426963
0.907915151757442,1.276127942846703,0.2700287944787932,0.01933683118826753
0.30285175329055924,0.44270530762880433,0.1307775312122036,0.008908033750425273
0.9973918834192534,0.19443845247395464,0.31438395552307735,0.02275061141057232
0.33138738594103234,1.8308068888282982,0.4948520568036831,0.036948951065562216
0.22017793882955994,0.5430662605906298,0.17977004808751645,0.012517014738520122
1.4777320810490366,0.628084586870399,0.06832382658372001,0.004450057218788762
1.255239583236038,1.4617056467113305,0.30422598150974306,0.02196568638178587
1.11824158390262,0.4212508632626508,0.0517979592413291,0.0033098488033909143
0.9067848511696432,1.7821138399374852,0.13284835457795707,0.00905890466176812
1.7254856437886126,0.9965033237626759,0.386026682133847,0.028333606128900617
1.3827595902067211,1.9516768089360472,0.4861005061054216,0.03625084256896438
1.8386625932904959,0.3281161201630154,0.29887882664202947,0.021553224263284994
0.746693794242999,0.3503315171989869,0.2170101340025864,0.0153075282324411
0.9588663429531943,0.5586234243251074,0.09250877982855318,0.006152583400054299
1.9039861758158072,1.2206807452205624,0.3526828599615727,0.025725380510493785
0.057750921529704735,1.0740535777600817,0.4455486873127031,0.033027588732935695
0.45604443733361233,0.21884510588216588,0.14983262140393322,0.010302227850926571
1.415758933975516,0.20946227641500803,0.16818664331976854,0.011656792066476188
1.713677835042274,0.986825606774919,0.3110961566191798,0.02249636289957467
1.698352437273483,0.25591393991504874,0.3545805899764942,0.02587338335603907
1.724400503000008,0.34044138182059824,0.19291689607534712,0.013497978965052868
1.372675848769933,0.7189025615760081,0.33940918704932954,0.024691726305394388
1.6908524113272123,1.237303109323504,0.16526720326238473,0.011440618175244853
1.4850365218951975,1.8102618564797486,0.1175929797376231,0.007951437405243919
0.39925114246576987,1.9043448066174056,0.34630667245991265,0.025228509410063365
1.3095311564803835,0.5626157963628355,0.2917743252418162,0.021005994835234
1.379614426549102,1.0374810301235848,0.47508979491669956,0.03537375455381988
0.7294962154582423,0.841007707155571,0.170309598928743,0.011814152127186884
0.7634354712823139,1.755223833944241,0.46995950285681426,0.03496556406699163
0.35218976438654104,0.017286287850596826,0.2625805731699642,0.018767206979096552
1.8090751671699576,0.022384768173059344,0.3741804604859178,0.027405115344139284
0.6660444162550023,0.8094602610700654,0.3399728113545635,0.02473556121816123
1.1230968118397835,0.27981734673539727,0.2863917629134241,0.02059200958945149
0.3363786786016918,0.8538953576207668,0.29713779161270426,0.021419035897040268
1.3322333887402393,0.4752384322597667,0.2524669085000307,0.017995524238710644
0.06296309617647955,0.7167998023516702,0.4629574895713139,0.034408947146558656
1.253581928355062,1.6953982029408667,0.18887652251181158,0.013195996496659607
0.575823665029245,0.40656421298355916,0.3668411375020882,0.026830881953532393
0.3032206965491162,0.2716843412207517,0.1186481270421413,0.008027731178945223
1.2856833032271022,1.7774772609756284,0.25005022644929653,0.017811441364032565
1.9369424820354066,0.8257884288042421,0.2567973987959483,0.018325688746522174
1.4695034804952976,1.622646260192068,0.23000169657437086,0.016289149686242572
1.1121209918396469,0.29777007222793817,0.16096114352386715,0.011122252083703642
0.9324339973201725,0.7058836478939461,0.19378673550554587,0.013563049253923506
1.21711295620607,1.0168134946826748,0.17724210478535019,0.012328945922075252
1.130885869506579,1.5959982228182625,0.3820575280456511,0.028022287138628834
0.0525121737759362,0.42437146457938524,0.38367012689739644,0.02814874389064381
0.1881508041726414,1.2342039578838087,0.41832213645737737,0.030874720035971706
1.0981201969184646,1.9943244662472306,0.19661056275726946,0.013774430483459471
0.4450756488116119,0.09156604098359167,0.42504763933242906,0.03140564638556955
1.7275620825986309,0.19610452365524322,0.18078601257968946,0.012592649977665257
0.3810654665803621,1.56196518993975,0.11266946718226867,0.007596067303199273
0.619755767891663,1.6886048423794016,0.12102439837958115,0.008199721418073364
1.0592735923844463,0.17041504377075412,0.315216700610115,0.022815037554180507
0.40068856279113296,0.16150095496696237,0.38390318211313024,0.028167022647902395
0.36326269595372995,0.3918719858453996,0.15440989660683813,0.010639020585448895
1.905596072199555,1.9181704949839098,0.14884939196170488,0.010229974362698008
0.7263297369786921,0.5824159310129089,0.18587042702760986,0.012971605736526592
0.4711693491946627,1.9038362363950314,0.37532294133009375,0.027494574101993807
0.38141982673699193,1.9931537106630182,0.14081668836237582,0.009640935876423132
0.07035437209482165,1.334683206793998,0.36620542417365815,0.026781180400474867
1.1436012421781638,0.6158096424355126,0.3642216607166589,0.026626123455165195
1.0480898557406633,0.45401142065627087,0.3929964437584391,0.028880809917113868
0.7322652323897081,1.0062612602924077,0.21971205217610779,0.015511354778649587
1.0717870296389234,0.7240664411317366,0.256386395171412,0.018294336472254844
1.060482145906665,0.8760348876325028,0.3775714510162956,0.027670692181107036
1.0581761223949337,0.7690005026628262,0.44358354799330496,0.03287188946537658
1.381954339254788,1.424139057491091,0.30484285490961704,0.02201330234645631
1.4442765532348185,1.1814270385887982,0.312857356130786,0.022632535142813586
1.4751437855076825,1.5678900652415622,0.2699570858197631,0.019331341842904064
1.3229715979787526,0.6997123875488336,0.4343645236095447,0.032142098691593984
1.9195663445857893,1.6948427722006276,0.4953317255089673,0.03698723885943135
0.7122223979781863,1.5602796843262814,0.49216774699438337,0.03673473321503319
1.8627606629828986,0.9216368974867388,0.31607516933994195,0.022881466127273965
1.3961053022257428,0.15828787056615545,0.47300690862899364,0.035207993332169604
1.4112493430599418,1.221705032468127,0.05215685365874293,0.003334370103549211
0.6225463494658212,1.149632074676737,0.09038901349779718,0.00600199402959343
1.9000605101273202,0.36350617758012205,0.4099769298400018,0.03021675001696936
0.3184228113939862,0.2666148601704581,0.4759238133779069,0.03544014187020983
1.037868043137371,1.3003026960601838,0.16812148991600007,0.011651964852435685
1.0660218144816906,0.2553147026111282,0.23661589311494097,0.016790393523726858
0.9798641687878686,0.3991046561138738,0.2115404606048364,0.014895446511355095
0.5201952444578695,1.2442543992184165,0.09005310798429011,0.005978153329667937
0.11862375711609441,0.5514994860230877,0.06519903470936009,0.004232838895759953
1.2986602687927853,0.4172155166887115,0.2301332501363581,0.016299109615638893
1.4735040238763473,1.5458840133920686,0.47445066924718793,0.03532288601569897
1.8762870090294475,0.5888875209650017,0.2392191546348018,0.0169879433816195
0.9456601042832262,1.8964610302936677,0.07974128892981996,0.005249371735629566
1.8477341182033384,1.2476970655029824,0.18218339344029633,0.012696728309210559
1.435582026732804,0.7729301886098583,0.46170927467741646,0.03430978249221539
1.9624617295050673,1.697137427062647,0.4111702636023972,0.030310781121288027
0.02285438801344286,1.740386739659299,0.231960701978286,0.016437506663509467
0.9199605964568205,0.52966050293821,0.28535105285620416,0.020512027793097125
1.2328159380819539,0.18047909393254624,0.1446171005195907,0.009919339134999759
1.7237897333108243,0.9153959582839206,0.11652331722702466,0.007874142293400659
1.566281667594143,0.7769560698374725,0.3038087106189743,0.02193348135149471
0.4193756647480813,1.2199033579229255,0.32261755249458396,0.02338812447354515
1.6029309561802965,1.079137137589773,0.3973548044625832,0.029223330904398184
1.0641733635825783,0.8420452985090359,0.3559417525319523,0.02597957330421033
0.7827951390388634,1.7684757600586338,0.053260451860187394,0.0034098455976350112
1.7177956982819789,1.40775289630613,0.06296427036684342,0.0040779284930357595
0.41152813370125774,0.838826776083951,0.3303523907674676,0.02398804370416395
1.4509900822810387,1.6150512431073125,0.22305867585885836,0.015764056108292106
1.2927960380525292,1.7021750789947265,0.07770363449323654,0.005106104724153318
0.36873870537787545,0.47606947698744295,0.15098673854427747,0.010387080907289452
1.1525148976891293,0.07880457255958007,0.45792418446425204,0.03400918860599421
1.667478231668632,1.4577640452119025,0.14779761157456678,0.010152719800493723
0.0474045980844926,1.502840197180328,0.4844294996880876,0.03611764500224371
0.3346739352099317,0.6959578852016102,0.4401546489485824,0.032600329635921695
1.687573902940917,0.5541904717711079,0.3694768833874426,0.027037014021728673
0.868284956201963,1.4608509970207413,0.48478448649171,0.0361459387015676
1.9246470873748356,1.7424209351644997,0.3444784110022448,0.025086156121867518
0.8884865295746023,1.6118325217881972,0.322994754174098,0.023417357665537406
0.11402817778966212,0.9445206203063523,0.44786214712607664,0.033210946381561995
0.5881782218119125,0.01428489399052646,0.17778846431204026,0.012369577287226818
1.8051654639984778,0.15840878420329596,0.14802522862394388,0.010169435345544594
1.167895934636952,0.6796304474337369,0.4908784588736095,0.036631871883275935
0.5369336602505745,1.9214677455481244,0.24652364910547886,0.017543036344232286
0.0017293751384703793,0.4397969483020556,0.49143389929182746,0.03667618346668001
1.2999744055313072,0.4977868716033478,0.45102342132004225,0.033461604791967935
0.5638925464852182,1.4624909994068045,0.05884583517169764,0.003793447249949236
1.4801603832380412,1.3392529774897066,0.1558399297197839,0.010744383714619695
1.051680548345208,0.15135406830854747,0.2181942534872684,0.015396834080056728
0.6792481597041908,1.775587366335496,0.3650977494138529,0.026694594028644016
0.30471497671968395,0.9216668239354955,0.44587536905099573,0.03305347653895881
0.9182167858363428,1.7297308605240644,0.35208419450028977,0.02567870233050991
1.987645674234783,1.5384908469625258,0.2552085822824345,0.01820450950047471
0.6080602080158095,1.3512626751756003,0.4241802523096792,0.0313371401415722
0.6398058401752631,0.23755526306965913,0.24364087824289538,0.017323827475389703
1.1430961191889157,1.9904727228116526,0.4888260589072843,0.03646816682094298
1.046135678494741,1.0584595743717722,0.08694694041394566,0.005757988379611547
1.2785828256645049,1.2970560204320494,0.38745377691253785,0.028445593841658713
1.1302564827844948,1.4072729214598412,0.12921082291590502,0.008793999749625594
0.4310910838768951,1.8998386958765163,0.2235955541834732,0.015804619892380703
1.3816139325116117,1.7383001804852807,0.450867185354457,0.03344921393908224
0.4896837397497369,0.43857343508080504,0.3262775087997126,0.023671870873036443
0.9995603682253358,1.7577411451905696,0.4485903548792693,0.03326867540972817
1.2557927575786652,0.2436353866440486,0.3160369350671356,0.022878507282401716
1.8038766610122916,1.2846706445192206,0.20901167159504497,0.01470517640339924
0.15274696580143599,0.7447857548050896,0.08713867423932652,0.005771562945162923
0.003908942089700718,1.581416404781904,0.42982004614555275,0.031782743235634334
0.3232573897599078,1.5045455257345925,0.09025029118090044,0.005992147550915827
0.27941511180466194,1.9200606217256257,0.38944747112336725,0.02860209167422623
0.20745866762014842,0.5488160481747701,0.4137025881946169,0.03051038298907378
0.8228501707537517,0.28593170039343874,0.05412962591852494,0.0034693648608411396
0.25611932851063224,1.6985919829585063,0.44007628131313836,0.0325941248260451
1.1080724168827893,1.6589679875017975,0.1240111875090421,0.008416230067867169
0.35231086883232776,1.666051575584155,0.10542388590271107,0.007075053780954759
1.8334124383293247,1.9475719579909765,0.3371266008900097,0.024514253522847102
0.7772300483055861,0.2594352721530415,0.23197800127900836,0.016438817138986577
0.2650738750007211,0.513616904359534,0.09647338841710473,0.0064348671488359465
0.7840797226422447,0.9707229626696261,0.3090013148589694,0.02233446341150038
0.807391008063238,1.3945707136729646,0.27910412008045715,0.02003235701258017
1.668544230756013,0.2905325267431329,0.19918747089450461,0.013967511238680999
1.0742654284059265,1.8832470535063033,0.4652591101406038,0.03459184814396524
0.014233836821302193,0.48336938197389245,0.48147569817462965,0.03588227218024204
0.7875765178368113,1.9663501359563857,0.4880991195214929,0.036410195500123824
1.12382826013733,0.7376282988852867,0.46447582771672596,0.03452959665722503
1.0535193953623314,1.7047779332802395,0.21733800757264182,0.015332252975955486
0.8389662988149569,1.597850731050697,0.3152924110464052,0.022820895549516305
1.7218032773058165,1.5236930761314054,0.4572265498225298,0.033953804443201355
0.10724743165841599,0.9759424662472516,0.4180766807050309,0.03085535428656708
0.6372636148446098,0.9327959075053358,0.08891434173319383,0.005897375835366017
0.19125042100044465,1.8773785706934036,0.4487061221929011,0.03327785351649479
1.9870512184488338,1.8794632749752977,0.15119421607736078,0.010402339836946238
0.9119788626518488,0.045021925227960446,0.3269456266629357,0.023723692004905383
1.7781165587321126,0.04535175195605312,0.4748739335475151,0.03535657344137275
1.469815525991371,1.5454036511809754,0.43411939099226315,0.03212270813689232
0.07501337606134473,1.2224476965106872,0.20025619790943977,0.014047638768603285
1.0630753365934165,0.7167009443094832,0.33494096922253513,0.02434439670383449
0.4673850830828623,0.5616781781121609,0.13678346097046,0.009346044376868468
1.379038758469594,1.6402714521801525,0.41024424040900687,0.030237811644859697
1.4773645687637933,1.2667807264075848,0.4247116728031806,0.03137911059689507
0.6060245453717976,0.3288675301394788,0.36085943236465506,0.026363454740729632
1.660730795370604,1.4187037180948667,0.18369460403969845,0.012809346795158315
1.5891594015917223,0.8297541527415895,0.1382018601736334,0.009449683869836202
0.6814022670731037,0.9106725802865914,0.2685042621162804,0.01922014892824596
1.7067916397651173,1.1408090842727165,0.18291424844079185,0.012751185093887877
0.81140277942204,0.6760428907621434,0.3656462862694035,0.02673747061314971
0.48118214260668646,0.6966431295823614,0.09481964077422228,0.006317019560329687
1.2847151568764958,0.48588667593042945,0.48067805576118716,0.03581872933267116
1.5842480873637677,0.6369287201625327,0.2242159985267279,0.015851505868724296
1.8208110416208463,1.5236713949772607,0.49874545443894797,0.03725980100132438
1.3325429892746599,1.1604978201622802,0.22167761459405383,0.01565974116039504
1.7890287325978533,0.556142013039014,0.3828893626350619,0.028087513341481216
0.8898991173907302,0.15752757493292324,0.2254580020883667,0.015945388946982497
0.7096886624309482,1.0062312520801369,0.4399069909300031,0.03258072140714562
1.7350187090873708,1.738428723283691,0.2746384183656179,0.019689910915079517
1.2629778031897219,0.7195713472063776,0.21324689184876083,0.015023929942672033
0.005568425452230574,0.6174034623906799,0.08848683824379541,0.005867069585179999
0.8984958749856,1.6152493545049087,0.08144436947821904,0.005369309171388337
1.491914913920398,0.9060715154365051,0.27522988946508076,0.019735245113544173
0.2895514814095621,1.7272259232847982,0.40734911586082273,0.03000975284248762
1.5305095742868546,0.41150589390301473,0.4228804426941335,0.03123449925244221
1.3442292835334941,0.09714902493866262,0.06736530012971044,0.004383351349523112
0.2916477957841692,1.1452152668150615,0.45224199258760367,0.033558258107206244
0.3625022004578484,0.6570300919740821,0.4805080711447222,0.035805188732790365
1.7293219017786252,0.527901538762533,0.15439245960490788,0.01063773626219537
1.1238321382703773,0.7276631539631564,0.1598285548688517,0.011038611717423083
0.4526359241343365,1.1147854263856254,0.48571363647390586,0.03622000199518665
1.387492442495332,0.9244255799361791,0.24484488168540303,0.017415359496164982
1.6219598637786274,1.0318623910244045,0.43957614255537864,0.032554527802286876
0.06938560664916271,0.4680212905690311,0.21833677005840918,0.015407584884836767
0.7019606587206182,0.8629562348088302,0.14830785686160317,0.010190193223036966
0.7413060532322935,1.9538219716275351,0.46981609997507306,0.034954158651405776
1.993866582746881,0.843418334608353,0.2458165250433989,0.017489249448689497
0.5057722832889815,1.9406220931519738,0.440245465619703,0.032607520201864505
1.9716798754643283,1.353205160029943,0.4696949138098872,0.03494452040909176
1.5813832131961392,1.9760835585672614,0.48776522811506545,0.03638357061874537
0.42574821442472954,1.3643036319465132,0.13749196611783837,0.009397804159438512
1.0260868594258743,1.040371775650576,0.1221995354807593,0.008284862160539684
1.7599781716638707,1.4714510677168142,0.48676539965364046,0.03630385068154882
1.9012118708603376,1.1245843428534064,0.23819677296456826,0.016910341636452487
1.9059307583650535,1.3085880621661192,0.31793945472547286,0.02302576793553004
1.4832394811277525,0.8929996336190975,0.2880509690660011,0.020719566180471608
0.6629120897434078,0.10421062935349523,0.4858659518321113,0.036232144108258146
1.7963205166008709,1.8546338299769787,0.26023730303808545,0.01858822759407871
0.38322539144570045,0.3246108063148514,0.13180547315969943,0.008982904551914878
0.191669436681571,1.199948440998053,0.058595676681219816,0.0037762108132948064
0.7134990919765876,0.8333819492351779,0.344479455454676,0.02508623743085021
0.9222340272684832,1.1057256308946417,0.20759415086921074,0.014598589221408763
1.6982897796241427,0.585042614109281,0.06097974813614572,0.003940681793628169
0.7847975731029273,1.5144907065925188,0.22893675498294863,0.016208537372042538
0.6494727962219582,1.8319975667784336,0.19534305428229876,0.013679523409437493
0.6450497121400174,0.42993067888347136,0.21013027440980658,0.014789322381076591
1.4098650517102527,1.8483811331373199,0.0537375301170078,0.003442506713267831
0.800838848156388,0.4134980072216057,0.39250142411340394,0.028841923134999007
0.9614439447821215,0.541232196251968,0.36244885247148095,0.026487604695602816
1.9387867493658226,1.3644039122982339,0.20553633770512286,0.01444394616870655
1.9208197477795987,0.07984188959491534,0.3944981547050858,0.02899879904235671
0.05682789943475086,1.1902743776563658,0.12505263582088194,0.008491808458943232
0.4079816908448397,1.097435795122497,0.4302043444153911,0.03181312158970943
0.9688140798276255,1.9845649669090086,0.4542446409463809,0.03371714101582024
0.3488904687516068,1.816773094462477,0.2554845236397325,0.01822555185836786
0.40736756086107606,0.9808225256495411,0.11720687201594929,0.007923531173761583
1.1748159435739862,0.5807698372374681,0.49001496763589025,0.03656299168230051
1.9378817572069924,1.3155657523530102,0.11736462497162453,0.007934932124333634
1.9194595742722567,1.3566610907227736,0.31280709125062905,0.022628648033251972
1.991098341059885,0.145160316667873,0.17596595706861218,0.012234075776402297
1.1675026754323252,0.22449971185609807,0.3899864885378639,0.028644412110498115
1.6689766353329918,1.8144172995678145,0.21145073042705853,0.014888692372921916
0.6481802313625757,0.37057597579086266,0.15123236213391844,0.01040514544496184
1.5535762814047935,1.0864436409635516,0.14731314923440952,0.010117148188480833
1.8338473019397046,1.4869527961905185,0.28310159084886566,0.02033921851174172
1.1811013738193814,0.4619348586810126,0.3088733926669958,0.022324579414848986
1.0007763736174926,0.9976336122377378,0.05188246737369753,0.0033156217314671945
0.7151466240327777,1.6553282180868745,0.24492237779647275,0.017421252052865988
0.10503444171807796,0.7265773291599373,0.3279965305285911,0.023805217895033145
1.2483157857699902,0.6142921560904409,0.4035843372130846,0.029713355780201876
0.1496849852949762,1.0874638406296613,0.052166817405323335,0.0033350510385514714
0.5158233474970628,1.0597741042801803,0.4419776785651725,0.03274469070867784
0.13605296213057305,1.7448180115550327,0.46340409101498653,0.03444443196168279
0.36925583567463205,0.12044826208144177,0.123062170727903,0.008347397593745025
1.4458385965077771,1.6098229836332976,0.40083537857991697,0.029497053535992
1.010629517088705,1.378947500367161,0.2969693221688941,0.021406054172844358
0.0027347594761990557,1.2450674425119967,0.2649810790361455,0.01895067234691695
1.8676423531094561,1.3485095154889981,0.1347018788672027,0.009194081907978562
1.6378863909609886,1.5477650310197901,0.08831320675631582,0.005854763516533455
1.8432776604182062,1.4185363028699842,0.3831757850152345,0.028109974691252617
1.5521355366566874,1.1405443581975434,0.11430846605363693,0.007714250532162014
0.3717498079460515,0.7166165958430091,0.23521164673473832,0.016683893700466128
1.4251400015286944,1.946584110672333,0.4582938167857085,0.034038535519099695
0.5314589618827839,1.3713941686947733,0.22334626576197814,0.015785784095732357
1.121641913476226,1.6259868196235356,0.17364097129294725,0.012061356151918227
0.8804340783344917,0.9866778767479103,0.13962886470365812,0.009554026225274423
1.7986083797962542,0.7224858498101283,0.20138577996583523,0.014132360966575504
1.460460044913389,1.0753215707745998,0.10215544167811183,0.006840825033108665
1.823164432093223,1.6528370849695153,0.3537215348191263,0.02580637936210345
1.6096273038536046,1.1680104267316835,0.33009309106680595,0.02396791641276367
1.8998936857023305,1.882570570991236,0.19740832896818722,0.013834186393319077
1.3773602845750343,0.3292404745313755,0.43938897697358564,0.032539710313746854
0.49831720408728386,0.8754301746353939,0.27512949206260756,0.019727549528449947
0.28492894533553637,1.5221559909826339,0.37303761526375356,0.027315646908647212
1.7539297123156725,0.9881088788018764,0.46961020148396976,0.03493778312538276
1.0964593016330284,0.5157475963432314,0.06710004468779004,0.004364903193268503
1.8197433644529166,0.3993257241826327,0.09520962728228757,0.006344797673665604
1.3125894194079804,0.2970979277046668,0.4281105433854212,0.03164763166117607
1.2119658227873782,1.159623027252961,0.14060615139833738,0.009625527789619665
1.8263379669319482,0.3321799236871119,0.09793675331263596,0.006539264274813269
1.8792450410449597,1.6552394453053587,0.4757657501716064,0.03542755952686994
0.06326904377191833,1.1539286294037976,0.34643505466185176,0.025238507540803156
1.128893612457505,1.6549969494334178,0.060822255590384115,0.003929802900267293
0.9835519011138514,1.90724118826249,0.1492275099467739,0.010257756813261128
0.12184201747447077,1.9435838858557304,0.13284585741136912,0.00905872263114811
0.7212417624019836,1.2792434282046674,0.1405906793035813,0.009624395531603698
0.03539234488365994,0.4451053204408504,0.18766843124056415,0.013105788377386102
1.693494289297166,1.401970448084237,0.10311502678291948,0.006909539549053703
0.7454524195633643,0.8533029967511001,0.14484820228393486,0.009936285165589535
1.5053776238279395,1.5398383053431703,0.40633645957164727,0.029930008821229436
1.2329229114052422,0.40210598318956614,0.39454453115769644,0.029002443324799135
0.12608847528041256,1.8059815110143351,0.18825149118218448,0.013149320449573693
0.10822180148373062,0.5341065290587255,0.3511183373742907,0.0256034056210749
1.18103435426338,0.3513104020803004,0.0695710256825073,0.0045369490184337755
0.34680849635717115,0.2551911749905489,0.3241549296715597,0.023507286211168283
1.429064520266791,1.1766957364039892,0.056783526312515646,0.0036515027734724754
0.175210120572731,0.7991140577770337,0.09083572558874697,0.006033708630744419
1.6481251692417744,1.9196710471905396,0.26156504955416554,0.018689627517058795
0.9722417355691377,1.5551175881866353,0.38506710136388805,0.028258321468748432
1.9283418939747587,1.5588732677837402,0.21716963168830883,0.015319555532743355
0.8919647267698321,0.23956095973604152,0.24690883260513202,0.01757233953780654
0.04819106142461682,1.6942151046346972,0.20157285191900265,0.01414639511999982
0.4705741683338045,0.23775151915928672,0.46321833373781335,0.034429672289953396
1.1098425889628656,1.6108931038223293,0.3843250429944268,0.02820011157233673
1.2740007406626017,0.7564452205794054,0.07478355418841705,0.004901247747055781
1.7713678044913546,0.884054673257721,0.25230937771472756,0.01798352112741151
1.7176249343970045,1.9374146794349236,0.1689462887532833,0.011713083687811458
1.6296731366338055,0.7309413928782396,0.42733176678625767,0.031586092918607235
1.9185718523684852,0.06946773771715864,0.2706841505355083,0.019387003785814275
0.6342190287425502,1.9974659514924338,0.07951791864895799,0.005233654174302983
0.15752692495764653,0.31307397304977536,0.4487998136887732,0.03328528155791939
1.8158674495152818,0.4037855983393024,0.08659122038787861,0.005732809226502138
0.9951033394708404,1.9261300564146295,0.37359026087979563,0.027358908798275672
1.4949041960632532,0.12503771365287908,0.3386415690204686,0.024632034210470555
1.8467657552449641,0.3363251442382973,0.46566371701405546,0.03462400716855339
1.6722305678936078,0.7014464157890907,0.05372209396980479,0.0034414496294935537
0.8268874445862615,1.271019527372362,0.10076743039695024,0.00674151041297741
0.28442152518661246,1.9938593509836264,0.3422206387172973,0.024910431935730667
1.4447871524893676,1.0831825916158035,0.4635128373885194,0.0344530727858466
0.8506358412120356,1.1187346142153092,0.46077864452364475,0.03423586044746968
1.7856227119232209,0.4732713524473975,0.4930026790142511,0.03680135526104212
1.7162696678418532,0.7513563983908436,0.3054437858618914,0.02205969411984951
1.1430669230378918,0.8948776387822901,0.052533012556343774,0.0033600834894638573
0.07285994761846615,1.870541321672658,0.4587933755224057,0.034078200519141434
0.2837157468345126,1.56987955562137,0.28219604252361274,0.020269678731683404
1.684314510630044,0.6002950657149062,0.43099732165935506,0.0318758114821185
0.12403999475714556,0.018947930089017406,0.3863011039895567,0.02835513848627296
0.034061066427312436,1.493209444337541,0.16335347522056834,0.01129905621146653
1.345779329950114,0.33276776623371807,0.08615294180385114,0.0057017960949349265
1.4500525912759505,1.3897178709852074,0.4206553703193778,0.03105884453365974
0.8793375204297857,1.3494134106690017,0.3092225472757607,0.022351557753530326
1.7608304707553244,0.6504884596526912,0.42480971672864354,0.03138685429275651
1.9416660678908169,0.33364087751463267,0.0856930724491537,0.005669266876586603
0.5601533108710419,0.050345490129097614,0.44048401396436937,0.03262640816429076
0.9378966028852209,0.7337970100739855,0.3776947412885401,0.027680351183707336
0.9560817723791017,1.34941867658559,0.20635387932788768,0.014505371052674194
1.0227826798795774,1.9447796149882792,0.33479867266292956,0.024333340743227846
1.6245547975584365,1.6152789951357474,0.13193037920614986,0.008992004914630527
1.5237354553797564,1.2783265282840608,0.1124500975929183,0.007580258190338713
0.8165061507324423,1.9943986388281258,0.2002481280428764,0.014047033621693806
1.4817348327144622,1.4721897308556595,0.23590633778356335,0.01673657448202827
1.46092086750155,0.2815352019413291,0.22429853018197432,0.015857743327713912
0.525233068713286,1.2437813610411537,0.3308996337262212,0.02403052522651624
0.9107888384958678,1.6942570168880813,0.4049516089761585,0.029820977679938507
1.6672251667574978,0.11349317552904181,0.32765640811680696,0.023778830268795133
1.6489697231437885,1.5438753120471957,0.3658592272736568,0.026754116421135756
0.31873874164202576,1.8023404529253821,0.4655670456001663,0.034616323341282125
1.3058906001847512,0.16164846819330725,0.15834137499401346,0.010928847332857908
1.4242833480144308,1.512672380117749,0.16837787896930798,0.01167096145592982
1.7403164476249133,0.7598720955272416,0.4456972661189812,0.033039362657948296
0.006048697946354764,1.0479741716882716,0.4483240390149129,0.03324756233792993
1.5405688606709607,1.049074714968867,0.3822403636552649,0.028036622890516776
1.7355594339315006,0.7127808769579069,0.2779556322635918,0.019944250469005616
0.23636910714803028,1.101573414618213,0.3464062656108634,0.025236265488972537
1.6312126288199384,1.2621067643903474,0.30011323533217943,0.02164839766072881
1.765266101290455,0.2117609549615349,0.052182645892599515,0.0033361327957775254
1.5516958682103912,0.3577265228751749,0.4154312153147543,0.030646684593935502
1.5568279566427594,0.379102532601018,0.4151569978580981,0.030625060033708126
0.6683275574402252,1.8701596028023773,0.46320139074382466,0.034428326074836854
1.9598522875742088,0.2852325760296919,0.12867166008483505,0.00875477839399641
1.618038205690465,1.8301565004301255,0.18716162140226816,0.013067956824291129
1.441954608592425,0.4360067706354065,0.1382015893899125,0.009449664077201068
0.5743998717380743,1.9074862956754168,0.2881138049569889,0.020724397881665423
0.49675451314159136,1.832194549966558,0.3280457632154912,0.023809037657909107
1.6844922638804432,1.5936807821675152,0.21433391853849237,0.0151058131795242
1.2650513130208358,0.601868743130767,0.10526944520987744,0.007063974585817464
1.8274911943524956,0.9415847940286424,0.17741258607869198,0.012341623254913264
1.2310385559364494,0.1860972652030901,0.4545030784368779,0.03373764804141024
1.2704584689749163,0.1557822651331051,0.31214901508638293,0.022577761327060603
0.9018171629419207,1.3808816738246177,0.16441855411867023,0.01137782800973947
1.1267572011993376,1.153594108548322,0.145428517837714,0.009978846261580649
1.5383001816614437,0.4503068172853908,0.09517025123691722,0.006341992624245796
1.1203334055806506,0.37628331876489596,0.36448972118456535,0.02664707247327908
0.35934105727173726,0.5241689886171039,0.2883614232406702,0.020743438942538956
1.7124894440899727,0.07415321827530441,0.15678434138084457,0.01081400346032202
0.13912379161536603,1.252793873537323,0.3829079838003198,0.02808897358497182
0.949448194937567,0.3505248617313772,0.2455344682293657,0.017467797971703298
1.9280878184359098,0.1936417609569303,0.06691850630618126,0.00435228034392947
0.8158454862509863,1.1490148329289218,0.3728115194389897,0.027297949078252268
0.5371793225893395,0.8362366370021341,0.053737757370133414,0.0034425222759600334
0.88956239091902,0.5151092960199402,0.2750083703601528,0.019718265658018187
0.564766501464953,0.3662794395772473,0.18907525067034475,0.013210839339400043
1.9546702600653976,1.8263011794214838,0.30136953863533616,0.02174528687861353
0.05202153028435741,1.9615513172485943,0.2887378130579771,0.020772384286627244
0.9409878620205068,1.4677207886160317,0.26037825873197984,0.018598990681678765
1.244797255335695,1.3183978688336286,0.11646224474332337,0.007869730594622848
1.7815465907960115,1.828404748047595,0.31024435657147315,0.022430522574401944
0.14669207106044668,0.769988139732579,0.1958167453910601,0.013714986961721312
0.6177728004858749,1.5433568737899794,0.2719757619995963,0.019485911199851512
1.2811123092611194,0.6564506833756589,0.3887150126434247,0.028544589876102235
1.8756692539336297,1.138328402928403,0.3690303849447391,0.027002087849230243
0.165726973429019,0.7783890629971759,0.26735830173361746,0.019132471291221025
1.825318220078172,0.03255803779101041,0.3517015499534097,0.02564887025375771
0.6430603261672476,0.07505699134127486,0.19285302966212986,0.013493202091424614
0.7082104400102793,1.339219361560882,0.4726499710407592,0.03517959240814238
1.1387246668664148,0.5840232196248984,0.3507549868100817,0.025575083077156065
1.2978968552158952,1.8151913457797109,0.21101158746841853,0.014855640212088945
1.8590907501956255,1.6559548351389217,0.30116511554479974,0.021729519362707544
0.5033062794797278,0.022275438739158604,0.24448254062060198,0.017387809947306543
1.541984551532379,0.5437987986289134,0.11900332017484676,0.008053424427045376
1.8401438464646716,1.4021895826760553,0.35802782628748037,0.02614237093785971
0.09568100271788804,0.933603670037858,0.25252413079104474,0.017999884438438193
1.9296427057114747,0.23224626207061738,0.2617677926657792,0.018705114126880303
0.370431847002481,0.11374969140321545,0.4366197742247797,0.03232052958897801
0.6526403686260918,1.3940340616404432,0.4642625074825561,0.03451264425443775
0.2510385725606994,1.9692842415311334,0.3787095362445814,0.027759862123068187
1.4250954728680443,0.3718774191290133,0.38695935908067147,0.028406792404700218
0.23327590109830543,1.5953874404093686,0.47502980445017734,0.03536897966230598
1.5333805224105106,1.3578493605913697,0.1688794291307198,0.011708128520926028
0.28269306570494046,0.7531177015523398,0.3565754347041064,0.02602901905008874
0.7422362703361989,1.5290401653173906,0.37501662754591647,0.027470587214406823
1.7672452406982455,1.9696798445296193,0.1274544264648027,0.008666272597330608
0.07490208734148784,0.952551646475239,0.2736271845034443,0.019612418974715107
1.1939330946703481,1.5018704576544213,0.06588173109197569,0.00428023604626821
1.349668317387867,0.817751771032075,0.1519756344797929,0.010459822185909278
0.8502215920440357,1.5087700913231084,0.05602787844948882,0.003599581399581876
0.6549041352516376,0.9803837348518942,0.10742218623350291,0.007218507379822967
1.5792827698507292,1.6344824591657217,0.45306105160299015,0.033623233444741246
0.40010704867515434,1.678110853178354,0.45449691423570127,0.03373715890242282
1.8180255461463577,1.59720592850431,0.22547185671097936,0.01594643641986722
1.418257931578969,0.2258811545470507,0.4277774140193441,0.03162130691130875
1.840842325761044,0.052930548936612754,0.18005122594906636,0.012537944567563363
1.9223445044971745,1.740270958817553,0.16121878667769968,0.01114128441406533
1.7059230196970738,0.14137253619516188,0.14144079621352584,0.009686620360936921
0.6815028391262954,1.1807116564912454,0.2533080228157741,0.01805962196643478
1.6870408357105804,0.49399530756778565,0.22923219016097596,0.016230898182618917
0.03779049513732291,1.2478494413345236,0.21915182570278652,0.015469078286304927
1.0641079828945665,1.0065880768470146,0.4915346783941729,0.03668422373030942
0.8082030896142138,0.820675953973462,0.17936723387699655,0.012487034690804316
1.9739409808754385,0.8562968074331847,0.2543852250487335,0.018141732389205665
0.5237924529345632,0.016238200788612822,0.0847516588639407,0.005602712877740431
0.3554247641656145,0.5156753762575608,0.06353692450016428,0.0041175883736173985
1.5846704308099961,1.7461548265998037,0.42956091810172636,0.03176226050753749
0.07330683439194186,1.898512762540687,0.35520809214023363,0.025922333919844814
0.5923527600506346,0.5718757987107177,0.4690808029808795,0.03489568125991341
0.017249810439069924,1.947495730826937,0.14401689009151825,0.009875336157882256
0.11843724698331481,0.22521863645281082,0.45756120873022943,0.033980371782408404
1.5504914927736464,1.6005632132994994,0.33529952010721786,0.024372256329776215
1.7193527341329127,1.4633123884656603,0.10221042623827559,0.006844761199968976
1.2326727261513126,1.761867391392278,0.34497813875373595,0.02512506108517806
1.3687136022842457,1.1475735361289692,0.30700454578208686,0.022180213928835874
0.34856478766693955,1.7958223164479037,0.4283788304631858,0.03166883343218708
0.9527542072499873,1.172755912596766,0.2788597391093937,0.020013607163667877
1.7058731399174625,1.4704663149505441,0.23986780766004184,0.01703718990747009
1.9883236651297138,1.6874170450805532,0.2614509984629538,0.01868091604497837
1.6877358423595463,0.2511240892420985,0.3427745883754458,0.024953538886620125
0.9687819843897303,1.4891932995142965,0.1237146838599784,0.008394720651398726
0.7451478385616956,1.4142406397395488,0.3964153039749215,0.029149474100681215
1.4204081324158382,0.4598097118666242,0.13688432697311942,0.00935341200694014
0.24096869031887747,0.8817204274681107,0.14213653125966255,0.009737564327286313
1.9886167680755105,0.9572302448116308,0.08941792832681517,0.005933088607023036
0.7623151355795081,0.07210784728660413,0.24026228805096145,0.017067143833385482
1.908837284169031,1.1083172790288034,0.3028043734772276,0.021855978979972636
1.1263970630524331,1.1207657284311092,0.31899943627151545,0.023107840046855014
0.5966275845370499,0.7883514215028598,0.4270667105164862,0.03156514999918347
1.470742442968038,0.2870298744236175,0.23642973731318495,0.016776272718809195
0.2322039019295794,0.8070300146902383,0.28178292916201947,0.020237959624922305
1.1175554141996316,0.01398730654425595,0.23698664136576103,0.016818518828905102
0.028313034822053496,0.4206855118900992,0.17570882102325125,0.012214965750723549
0.03834791440234109,0.5715255483032309,0.49637887374983003,0.03707083251022201
1.9538362679846095,1.694455028059034,0.07666324972188145,0.005033055000163016
1.2957575768764988,1.4284793135525844,0.1007900357313416,0.0067431271114482575
0.8256669290445144,1.021815489492944,0.2998250159283174,0.021626173409639474
1.032136183263954,1.477730399059421,0.48765165046938647,0.03637451409440206
1.0297687718323811,1.106110603231947,0.48428658360031607,0.036106254490222735
0.37344162836794403,1.9116138976198662,0.15858339070235494,0.010946704974245691
1.7061894701624134,1.1257338450307521,0.12438012432066774,0.008442998994665477
0.33247210197490507,0.6790650563776939,0.11035217527310787,0.007429177133834491
1.9812596366347746,0.989002924785398,0.437819040984567,0.03241543908922995
0.7320778566326585,0.8447314180658176,0.17068048706947414,0.011841657446474037
1.1273644006765653,0.8378659970335216,0.36995314560437464,0.027074271597597545
0.5482078125675136,1.7752389595843656,0.17227187793646784,0.011959722797307604
1.6900754241817757,0.373045638251549,0.06377298624161758,0.004133944319006728
0.21275196352933468,0.588810724909675,0.20939078374898218,0.014733691331034457
0.9707381166461537,0.5765780666971354,0.1879768910239265,0.013128817256259882
0.77441335450222,0.5680312127684435,0.2877758175683239,0.020698409545789408
0.0591826578646264,1.2394235508829616,0.2805506890414331,0.02014336652014342
1.886756274456915,0.5222038694315907,0.15168939790208355,0.010438763807028227
0.654151801959054,1.473523511894983,0.48270096147299363,0.035979894875098985
0.5751175132128246,0.3142552761941717,0.19939039994078722,0.013982723514499489
1.5565847173261638,1.9844271460132017,0.1863248529393356,0.013005510509302367
1.3088637613956307,0.6483165352130742,0.2325348120845605,0.01648100087665996
1.722787480333699,0.9097940325858571,0.15362342866703038,0.010581103219372917
1.3375678406734022,1.93907122938774,0.154872763379522,0.010673116716227601
1.4390207229756053,1.4391005249185032,0.16444788774831615,0.011379997984699682
0.34012312604537165,1.5742885482017541,0.3333924017717031,0.02422409571496845
1.9943594668754456,0.17794045641230594,0.2927775477215665,0.021083213555649512
1.669488039329891,0.9280504767795132,0.15601792575372234,0.010757502931267746
1.4834440240723046,1.4892817946438208,0.13054822936303953,0.00889133793267866
1.5612299447039821,1.3801608914537127,0.18250630750983793,0.012720787125396848
1.8546687100219952,0.8712250499234742,0.08642547721025348,0.005721079758946873
0.24988006590910095,0.5369446088061434,0.1661358864942533,0.011504913675109628
1.8876068342469707,0.19867375434390322,0.3147349297534705,0.022777763443723408
0.2961831171603706,1.258392531062865,0.06986010334183551,0.004557104347838014
1.3053216144784439,1.9331580734937226,0.05180362543235743,0.0033102358524909844
0.49547224988749394,1.0164884911807204,0.09233957982480387,0.0061405545195850645
0.659255218707407,0.7152459659492156,0.38430975008827256,0.028198912019796903
1.0186859917792872,0.7630846678881358,0.13794904955544413,0.009431206124293367
1.7570784388819745,1.5025307073203205,0.12018870910536876,0.008139208930961784
1.7581817358876353,0.04316991614191523,0.2855250606435757,0.020525399432054253
0.563469401780347,1.5610476821156425,0.36833903310090954,0.02694801441369706
0.9591628199025788,0.7210648072108712,0.21601739141982124,0.015232681858571084
0.1571186655527299,0.8922397508376887,0.2453947222332894,0.01745717039513305
1.3741921493803733,1.9377294692598142,0.05393363226177283,0.00345593781860768
0.9358492874367583,1.3916195581227084,0.23613798763318605,0.016754143658368352
0.7043697446964692,1.675548938480721,0.13500450468155267,0.009216164600645907
1.1862558133847827,1.1115128228914612,0.15816490807390443,0.010915827534622386
1.398537211143413,1.0229640876168093,0.4735701139731629,0.0352528096421121
1.8440302627729366,0.3779070706369345,0.36545165038398447,0.026722256319415143
1.992117896858361,1.2945765483060327,0.3938026923915904,0.028944152849151274
0.9096473297900225,0.04332362216684271,0.20499788957404713,0.014403499799591114
0.3575704177933907,1.4871188052049527,0.15238395717073425,0.010489867156094176
1.5417286654355717,0.44771679131398723,0.33367063605387154,0.024245707603651762
0.2954887153508352,1.6106591780239357,0.33483986756371736,0.024336541414118784
0.9547869302979013,0.8426236085325514,0.19362119538283296,0.01355066409831791
1.466501309742666,0.0731999386387312,0.25492807194078093,0.01818312033626335
0.41894718413390786,0.6997699102604362,0.36847631058442376,0.026958750886424413
0.0924772698927463,0.22127462139923093,0.2189865633567452,0.015456608481319986
0.7784360660478042,0.9888299139671344,0.42787888782803435,0.03162932548611438
1.7306418165254234,0.3334328895775245,0.15495866474676784,0.010679445238337656
1.7195141894566937,1.01376061748765,0.4815988217643011,0.035892081262349586
0.29614258641825497,0.7586144484842043,0.29893560295205446,0.021557601145032558
1.3419274603634381,0.23606756331772383,0.4141728198176579,0.030547456693464224
1.0424324968161034,0.8154328852641513,0.11254666800424011,0.007587217382229105
1.167666641257602,0.981356300822319,0.29223327529306437,0.02104131826495593
1.0651148817395,0.80129001808729,0.42138497321952556,0.031116434799949366
0.6117851869676498,1.456491647448205,0.3011356197276427,0.02172724435891492
1.7626974372198967,0.9099444641817878,0.49183808275325075,0.03670843033835473
1.976954928660151,0.05918316376749866,0.45374712108481496,0.0336776650611441
0.15607414305288114,1.6392320281316641,0.4129555184802929,0.03045148897110515
1.7987307888870865,1.3792391865834135,0.1790117190492389,0.012460578828895796
0.7235827260590681,1.5689731898472414,0.4459428497389778,0.033058824190957424
0.9929271782129243,0.2987249413001194,0.16970845421780498,0.011769579603887682
1.706937375234128,0.22513037685986648,0.4859795132093816,0.03624119704377669
1.5674391954100106,0.7770601741862224,0.12968730064465114,0.00882867048497059
1.8261591726216324,1.71244490214368,0.31765273520065557,0.02300357109531336
1.3230270508787223,0.9454139699029185,0.07762273774119294,0.005100422196325171
0.7737462352162949,1.1038920178373173,0.3805946242292523,0.02790760102059284
1.2044738957744299,1.7282323916979863,0.42047095087845404,0.031044288713078204
1.705124344465074,1.537310578200559,0.3213747786452235,0.023291825995066042
0.9857425609558537,1.5817667099451709,0.48691769999191964,0.03631599340915904
1.2902352642051989,0.3112951005192601,0.26814649796737594,0.019192773550832196
1.4941489957192244,0.8847649171797456,0.41310482275061594,0.030463258541476725
1.1704183677877233,0.12752850860613174,0.07856703495873826,0.00516677895094646
0.6697646627608473,1.1507071861409952,0.49380315170865013,0.036865234991517275
0.4991136727017724,0.39838133811310716,0.4672099548348086,0.03474692322641554
0.0425912567729585,1.1844598480353385,0.4789028560789487,0.03567733715140347
1.5718313724588178,0.11784850870100838,0.490798159492649,0.036625466094878566
1.5486356374762378,0.6923513702061719,0.3445663277446888,0.025093000361839438
0.3136643609491372,1.124962254526182,0.0895136128184518,0.005939875820625501
1.1665617099298806,1.8462461549923181,0.20946014806476,0.014738908955038968
1.0197694552195045,0.32515026153003057,0.45424620785180414,0.03371726534740536
1.4386597479615206,1.328912053015989,0.09362170620333611,0.006231742025665584
0.17646507870564188,0.9010118630405284,0.21537133192316976,0.01518398588880499
0.856463490217011,1.1391753485164267,0.4378851770181844,0.03242067359131639
1.2734869128598487,1.3611369928452326,0.2048035986032989,0.014388907129664818
1.9875835027467739,1.586037086201429,0.451673278547261,0.03351314722403422
1.607143605925996,0.77377898011264,0.22836938222058428,0.016165599815205108
1.2848594215969618,0.09221999021884608,0.1473716569559791,0.010121443685664103
1.4546793748598086,0.17234436850714796,0.1640621976032735,0.011351468431847757
0.8660754651945006,0.07542231102137875,0.33956059503484703,0.0247035013084959
0.6876953377650772,0.8290300094017005,0.26087143888174624,0.018636652068981113
0.10301097259011693,1.5701228447852977,0.39942421127254324,0.029386055321771198
0.8202579099513123,1.7260398866903743,0.31622183658089653,0.02289281652939936
1.371734235912549,0.7428755975195518,0.14811203176886137,0.010175810387524029
0.2509499934136654,0.5027721474282498,0.1984876145355176,0.01391505575143069
0.2980076436652954,0.6700716088053875,0.10363734486617654,0.0069469605745738966
0.94504435916576,0.041078621895832335,0.3085590475545679,0.022300292522322778
0.30787202569557737,0.6123299325373264,0.41691945813842074,0.030764063345956057
1.8650313352857164,0.675958924091212,0.22814892787506763,0.016148918286500447
0.9470437371082736,1.193358674036095,0.2640091172381354,0.018876373575150325
0.4401519153651865,1.568855523496615,0.3281195679581735,0.023814763940217674
1.284718262034787,0.8837651661741412,0.301810365868217,0.02177929117677423
0.8425832157842983,0.30213375907424056,0.0645078870792153,0.0041848898777646125
0.44010726683600176,0.3583374605583063,0.30825220192274966,0.022276586700264684
1.1545004601947597,0.5375787955043447,0.09645856318461399,0.006433810066129389
0.4623308650201894,0.5175494802759264,0.3230791932597912,0.023423902031304886
1.8560887006382414,1.2059387625124975,0.39144261854562096,0.028758758928947532
0.5968129292769648,1.401663757780404,0.16732328601750435,0.011592836437365247
0.7282888415545008,0.48070452370720496,0.05514762574777974,0.003539159236036296
1.1616615738628535,1.8209186297506625,0.2665963751913667,0.019074190496527855
0.7750237954914176,1.095974555395266,0.48567381608353777,0.036216827679148404
0.1519963762026868,1.8277963166449887,0.25832044893697037,0.01844190056155478
1.808848680118702,0.6760465307702728,0.06020796541738696,0.0038873890508183302
0.9479423975869012,0.3476482392977873,0.15527638149636563,0.01070285415651072
1.6854441210893885,1.5046254733870756,0.3493387629648388,0.025464710234071996
1.6711867289593079,0.130112160423006,0.3377706855877742,0.024564323217803052
0.3529857945082886,1.9072294177504014,0.281229628253793,0.02019548185633108
1.325376486260909,0.5335076664298333,0.4843407011536119,0.03611056766973983
1.6457682130259803,0.48981913339874383,0.25094360819862993,0.01787947756637648
0.21304395038806323,1.3450446669394307,0.43186221461946545,0.031944195843102104
1.3167008057344722,1.3864146811080336,0.3342883952343078,0.02429369658270392
1.9923154526377653,1.5743027135800585,0.3584948490152168,0.026178826470530613
0.018185558568803772,0.7525752688346274,0.28195087525377555,0.02025085424590692
0.26344804050982873,1.2858176843710325,0.21511400726712915,0.015164593152374988
0.8918106830998078,0.6959206517825416,0.3715597696948434,0.027199980783229025
1.6950492500133865,1.3721024786258529,0.4278741892537812,0.031628954196580406
1.7898947789625337,1.1760237799549773,0.09582717729264653,0.006388800819854549
1.1218304345123646,0.15868257955462495,0.4122903891267083,0.03039906077283055
0.759035638807767,1.9346080841098705,0.36224374745995497,0.026471581783358122
1.9190142385083497,0.6322225466329394,0.05773664884383159,0.0037170607953335376
0.6405159353663059,0.48215387993853565,0.20376824027047652,0.014311160290188009
0.2572257682781358,1.1994897015408816,0.059014326063907725,0.003805059471523721
1.1655402533982657,0.8054922427558964,0.13711234242342207,0.009370068488392032
1.0099227663495443,0.057106747226028265,0.07931860074121011,0.005219631641785882
0.6669147567059597,0.30770039151770856,0.13418419117463087,0.009156314028251455
0.8840699428273773,1.0537712407580504,0.4988964421352009,0.03727185928176193
0.650876511041079,1.9404013174274353,0.15792754887109728,0.010898316660922319
1.620613690239771,1.0207997315917414,0.4228890687601533,0.031235180347510917
1.017477058588756,1.6429213854285716,0.31774320545565715,0.023010574842303646
0.1659298547378667,1.6696948604299615,0.47252945225090665,0.03517000326471817
0.8171165714760953,0.07910443545946766,0.18330333701221885,0.012780182626279307
1.365824554402331,1.1356398116451434,0.4126498013559168,0.030427390380989343
1.42497638782902,1.3934367427104024,0.05376552649795272,0.0034444239886611545
1.091081909747019,0.5241929777428858,0.10189151873101912,0.006821933678870156
0.8504489714149417,1.2323929914308793,0.3205012925151963,0.0232241577824978
1.1412209430011895,0.38447305148301036,0.24057047719579122,0.017090547801297075
0.7221681300271086,1.3351838197475847,0.14314709597274838,0.00981159176917363
0.30920790948582333,0.8920953725258227,0.26660182616477496,0.019074607408100495
1.3069890903366697,0.596074317419917,0.44293950291148326,0.03282087169833864
0.12561693964485277,0.7623512450681054,0.394743461505135,0.02901807569597832
0.8516200423192481,0.05974935187123709,0.06530274958271567,0.004240037248787954
1.3531861742399545,0.5088042877664907,0.10475638788942314,0.007027177176244275
1.4082882389605442,1.1850763304493035,0.36103540430749015,0.026377198093637363
0.0784208266397306,1.3707800063960165,0.26137755825083736,0.018675306659541587
1.2962773925479385,0.8097386590240134,0.08475249451935682,0.0056027719325460685
1.4402319963514978,1.0233829619336654,0.20377740144899165,0.014311848099538846
1.284438952960581,1.4006711563870795,0.421602979793705,0.031133644204062668
0.1702680152229583,1.909267399718582,0.42708823359410636,0.03156685057097084
0.41980072453355444,0.9801088152752124,0.25335090747649724,0.018062890417072746
1.366247268367575,0.36011899283528703,0.29827212680296855,0.021506457399336588
1.1546825025863667,0.5604620478421984,0.42453365320435565,0.03136505058543618
0.8529461661049602,0.8882809081061931,0.248434859968715,0.01768846445128125
0.2548667069078825,0.4832715299027064,0.2015269318318481,0.014142950107999748
0.8646532112021748,0.9273376454137161,0.05359792191735824,0.0034329469581571275
1.372617904602431,1.5918727022843138,0.12079376575274557,0.00818301835791948
0.124613396493652,1.2091617667096652,0.13927720618953537,0.009528306146314391
0.42673162788941976,0.6476524577377016,0.37573216276014626,0.027526621611873227
1.2087708188524535,1.360947738993427,0.22243629662894432,0.0157170407441683
0.9688765665677954,0.8438766567970422,0.15369079519072393,0.010586063450449698
1.763067910029174,1.78386041299337,0.13591113970195173,0.009282342436176441
0.7477747474464609,0.5443067595699567,0.34680922698776706,0.025267648737686027
1.7000582182743689,1.3120089919686677,0.13575449621716915,0.009270906405866149
0.4701506272315312,1.279326332433262,0.3596445466533989,0.02626858517996254
1.5349200535485188,1.499535764761497,0.07150612129254216,0.004671978509679646
1.2891663785628222,0.35897455922858224,0.06667243471140853,0.004335174100412029
0.018421613800572167,0.8608449838220635,0.1295078351965383,0.00881561071082556
1.1957539050762498,1.0764028219395902,0.24109772168446425,0.017130591687800355
1.274922691636905,0.09881960728107164,0.4866129753097315,0.036291698329580395
1.916666455890458,0.19461966836586142,0.08795988274901176,0.005829726963719915
0.7183676980442499,1.0450127554924653,0.45822227900081425,0.03403285565789146
1.4254330938655166,1.143786236788502,0.13276451687615753,0.009052793452977322
1.890293811011223,1.8381643067586055,0.134890260266833,0.009207827751127311
1.2817467377618275,0.5078668927459504,0.11176040338744563,0.0075305684917751714
1.8351301064216077,1.3059162118504608,0.4809108456293842,0.03583727339652638
1.8811555459893061,0.07518714563719309,0.18046961568632036,0.01256909210964443
1.9855975377102233,1.7474227296422162,0.10582529587656242,0.007103855178933889
1.9978990595997002,1.8861191516388502,0.11756050922675222,0.007949090330401556
0.6589885683443317,0.9565873801623344,0.19830904351430922,0.01390167357528262
1.3009787532412982,0.3014099816127236,0.40948240916097717,0.030177788808874187
0.3842438156639991,1.9873666873954183,0.1409505924860363,0.009650736438134994
1.917811994974942,0.7957416557924581,0.19907772341203867,0.013959284626446827
0.46319469952327386,0.5556572627490357,0.44905463965364467,0.03330548519019168
0.38150638204160825,1.204131726460943,0.39758232178799474,0.02924121850147117
0.5561630675489126,0.8144592541442475,0.36624896018621295,0.026784583957867533
0.30686812287382725,0.08086120314864931,0.28611868578415545,0.020571020821222072
0.39298465131526217,1.524805105833939,0.07181070395891556,0.004693255208059893
1.83994822155502,1.8976927195120923,0.45543094583255994,0.033811280984816526
1.2248133344112946,0.683041422636885,0.2108035612887324,0.014839984746399614
1.470673804633996,0.49428650379427896,0.14282404267534438,0.009787923038227076
0.7763354106814582,1.7702736656308091,0.21275968149701396,0.01498723883742272
1.5979241272662967,1.1946239965554202,0.3841122156474454,0.028183418011661812
1.870492672353894,0.32483425739775407,0.4723416333771326,0.03515505968974286
0.6878177216918155,0.07558269221711345,0.30599119548119447,0.022101959536919166
0.8611489012691553,0.4405658421664016,0.4609606685745571,0.0342503182171919
0.5002029799905281,1.4923877965293442,0.39163317170901907,0.0287737248411507
1.0746282539777512,0.6198095402262735,0.40690412719932917,0.029974709468184008
1.0467255886808855,1.6708902773172747,0.41165922366282465,0.030349315142530215
1.4752083199677672,1.5161851829974413,0.19471908225152507,0.01363281792172234
1.324764597545543,0.2116908356256313,0.0941140908558959,0.006266784421689149
0.8904852401545029,0.029781885373040273,0.3019049425217237,0.02178658702737473
0.3472558616307082,0.5026033307253315,0.4259179436944585,0.03147439273663072
0.280327836685885,0.6377102692114553,0.20070889357597088,0.014081588414795216
1.9281261277191755,1.1784170668865273,0.15983687073028335,0.011039225685532087
1.8172868691121395,1.840628680006424,0.16821874435543424,0.011659170478849581
1.2001598634027166,1.7556943048262954,0.4140994731205693,0.030541673748271877
0.8994209248720373,1.9170894704846493,0.37670897339527337,0.027603128677386735
1.651781814559635,0.017945823048796772,0.07106772282578151,0.004641365057851295
1.3589895821456852,0.03292648634989326,0.3537139467990994,0.025805787566916535
0.5027800041288986,0.5213936320908876,0.19780483673160215,0.013863892629226235
1.2970012929186587,0.6361314002821858,0.18646118898355696,0.013015683671574735
1.4612581480135038,0.8687029113712805,0.39174640921603104,0.02878261867379313
1.945864352998765,0.026317611453658074,0.06722989563405554,0.0043739335229848915
1.8884362627582167,1.3947359979723422,0.24479113994293722,0.017411273221324377
1.580411416456634,1.798263943096308,0.14588137254356334,0.01001206735734613
0.10107926551649893,0.36302899049876314,0.12223599246800844,0.008287504439602208
1.2282763977715996,0.32111125457499456,0.32951304933727943,0.02392289652092497
1.9256113205952448,1.786365196736337,0.2988355590951648,0.021549888809657726
1.4825367090466715,0.6775067233300036,0.2574918897637706,0.018378673934314263
1.9244074584485908,1.7671241981978603,0.21495778452652564,0.015152820531824459
1.5461858677898124,1.4542722790508544,0.11517721061779909,0.007776940599637322
1.5842946208275483,0.42131693644298496,0.13289536189117523,0.009062331297542591
1.434992602443985,1.550475174090412,0.2931189913253992,0.02110949887106693
1.1409966226362054,0.8640899117953211,0.44150091332176383,0.0327069329087732
1.0374374700006566,0.1805881397740321,0.4431297387319858,0.03283594061852873
1.533148713890525,1.7798996170529529,0.09695065466444638,0.006468903616592027
1.8629515261849736,1.7703337756835216,0.16190609763653802,0.01119206694876156
0.6297011890748503,1.2220012671794909,0.08025693536487513,0.005285667043612284
1.8156907238068347,1.462168267466848,0.35248617934117027,0.025710044642171918
1.4411403973451629,1.2394060259696489,0.07826717664014654,0.005145701597978962
1.3582219458949318,1.90680299235219,0.2082437449838,0.014647427730657265
0.43568804751250934,0.9236642956675003,0.4062608749067861,0.02992405727704296
1.9391760231581627,0.5074004351906845,0.26606904591669406,0.01903386109228385
1.9987703416997125,1.393932134789499,0.17977715444377013,0.012517543681310682
1.9337493771205714,1.0500493468596757,0.21253045452270014,0.01496997809087911
0.9010215359854712,0.34514484214817087,0.2093843591518419,0.014733208075150805
0.20003268578322886,1.8998013655811707,0.4849660353257294,0.036160409336054126
1.916847583908204,0.7806852540664335,0.405782642967114,0.02988640301706829
1.2079408391646622,0.5236332376129331,0.359360992837637,0.026246445844140476
0.5483520389532466,1.5726826052013638,0.2739489665936114,0.019637075342945655
1.2584428067518811,0.541853641040493,0.17516677072033782,0.012174687582011071
1.2205973801125016,0.24922663361260544,0.3429731954208531,0.024968995151904125
0.9254902114858732,1.410286953194809,0.2271549111959799,0.01607371600638298
0.9342351590879263,0.766356155565804,0.20299892168815536,0.014253408474801046
1.5203598212620033,1.124583707206999,0.4487424057753705,0.033280730135782255
0.33504108230276386,1.3328845136690735,0.43615883927698396,0.03228405616063236
0.4038612659643557,0.09248058493384104,0.0742610760542171,0.00486465108647008
0.3576815448059407,1.9407541348087483,0.35178355405556205,0.025655263342528427
1.190477294093541,1.8964218528516346,0.3890794812213873,0.02857320162041629
1.1674879775201152,0.6187787750591807,0.2833775880459511,0.020360416221018383
1.2146171902389735,1.952829397563809,0.0794510167203435,0.005228947179145488
0.15306828117257565,1.409744074895692,0.49516669744408587,0.036974065811050554
1.3179177612523263,0.008362292355159617,0.23366721002506607,0.016566812324261066
0.16181209749744507,0.31531087848364825,0.11194986193264338,0.007544216117104814
0.2557339920577131,1.5181801719673704,0.2897419988733567,0.020849621486950413
1.9073993223743164,1.6819116962946448,0.17856642917837195,0.01242744741465799
0.6214871910040585,0.9761373836988578,0.41639975065075435,0.03072307036255672
0.7809761467879117,0.1902493406683734,0.4331818876812579,0.032048556438567716
0.7215574658350532,0.861978461912311,0.38288751741883625,0.028087368642694854
1.0484220827612005,0.12531984135548302,0.42319099222601,0.03125902015954312
0.6281299489242078,0.0954531261044489,0.360965673189231,0.026371752060122412
1.7320801315151275,0.5186979955058666,0.4048263585256892,0.02981111781159823
1.554510826596821,0.708950449462842,0.0947894117054413,0.006314866721030151
1.2165095612178258,1.3211700861521143,0.157588439753975,0.010873302467490046
0.8046854679956474,0.05885479344057676,0.1322308341430321,0.00901389779335879
1.3373776080182314,0.035046934729837,0.20499128521372423,0.014403003748255898
1.1483896032631298,1.0776698191338423,0.4777142639310478,0.0355826876456642
0.09986863335327967,0.7333480305709243,0.27679194684145664,0.019855003654149113
0.12713328613779096,1.7267320423587271,0.32572963851171444,0.023629381949702485
0.715640605897649,1.7937109652014485,0.18868687338129564,0.013181832763859699
1.1865461566800073,1.685495359057913,0.28806575917287036,0.020720703443979912
1.392430722055006,0.6688466453135165,0.059418784541744124,0.003832943666040603
1.8149894250973955,0.8220338246566226,0.41120386418409594,0.030313429018703635
0.5285976178152456,1.9106625384085596,0.3422368663324761,0.024911694658979244
1.9497028651952133,0.047226984529708416,0.1667326149835412,0.0115490939224056
0.20468486580768008,1.836937888039371,0.09574307560983206,0.006382807052384595
0.9027513142415593,1.9902200265513814,0.1774801978790735,0.012346651237599066
0.03902880827886812,0.6518864131095694,0.1618077930629152,0.011184802721476936
0.12446133660970515,0.9031390984093779,0.10823332005106256,0.007276789653910803
1.784460552754755,1.08336506300715,0.19079783855321936,0.013339543005903873
1.4984833805671727,0.7369357601846902,0.23338000167414463,0.016545045377044737
1.919985382316369,1.680380063514068,0.33513966806357076,0.024359835472853777
0.9538000632069046,1.047264761906145,0.41394094068772364,0.030529174662495506
1.8696007684534508,0.16141838622799498,0.4806493282194189,0.035816440936808906
1.6666042675408077,1.871947787738957,0.3914059942678018,0.028755882541363614
1.2533180416649832,1.132930994315591,0.4704398747311589,0.03500377174893102
0.5607360063319116,0.03816622560684069,0.057108948553782075,0.003673877612493416
1.2333559788771917,0.4240853737334547,0.25235286650151517,0.01798683471852521
1.6384373679077804,1.1015284313006972,0.4134659181157844,0.030491724696068513
0.6123805105709186,1.718136194069077,0.3133431538408034,0.022670105320987004
0.8375479121205671,0.9687002713884663,0.25807876767586546,0.018423456627935004
0.7881965329427636,0.8630426191395328,0.057858542236987186,0.003725450324223291
0.0838649524545918,0.9715667895515601,0.48251911596619057,0.035965405276289754
1.412413280418028,0.7606270403225552,0.34510198858952873,0.02513470368337651
1.9619559535921438,1.983114377531881,0.33941877442440854,0.024692471905065138
0.735712116681813,1.1228497513189202,0.15485484227980997,0.010671796464213191
1.1674922657750404,1.4847201732754542,0.25047666042898314,0.01784391469657096
0.2687396011375789,1.9308339796694367,0.20129798762069845,0.014125775087642279
1.5262934961247416,0.23222323214747664,0.43570787787750476,0.032248374505318936
1.0059219165547022,1.3958173132855645,0.266710592747144,0.019082926420810078
0.8687012701436934,1.337244279986399,0.1501214747191847,0.010323460720964699
0.012908197237721852,0.12452916044103168,0.1643680563225856,0.011374092463925761
0.5295532464740262,0.26623451292411726,0.4026718992742615,0.029641549150997835
0.27696015609565316,1.9620446445438906,0.45301070837600543,0.03361923952036208
1.7317516981984271,0.18188627283847425,0.427903074637018,0.03163123677440466
0.05857510168428992,0.793766219029713,0.3881862987424344,0.028503087731493966
0.6112167901219443,0.20825763045329704,0.37739070363538957,0.027656532175718628
0.828964791706968,1.5103225569875318,0.4502315568579218,0.03339880619985791
1.7600686208160345,1.6593748626677767,0.2950072708473043,0.021254902174470642
1.6631904579692263,1.6452453066354407,0.1529855607434944,0.010534144129773017
1.8615655465858634,0.15326705508171012,0.19109130730893797,0.013361477625707342
0.41493541381335786,1.0802612441140378,0.40154375112738677,0.029552782180639496
1.984421676502315,1.5020588152147036,0.397095164008565,0.029202918624261998
0.7419078457598265,1.0177994868447264,0.09340911211519944,0.0062166158982341025
1.2592130829009123,0.5385874661027807,0.4314120755497574,0.03190860358485155
1.5266855183666965,1.3556544890872098,0.4596907340481801,0.034149458334094274
0.34006547024751543,0.1290356172903553,0.4359866268274447,0.032270429804088216
1.6799654444685965,0.7396428696934103,0.25741966403236244,0.018373163116307763
0.9126022011398354,0.6330101734176861,0.4134193247885645,0.03048805151773023
0.1371224197130947,0.41172824698340715,0.1318913113466934,0.008989158457748912
1.7028478550657775,1.6811334631554373,0.3235862513866623,0.02346320353884396
1.8294743909983553,1.8035791068821028,0.061899844006787025,0.0040042765770835955
1.8112090378194372,1.3528131289503125,0.41210130346139523,0.030384157337306844
0.7596429594349428,0.43932082445095255,0.17839850585565892,0.012414954702030497
1.8552243673896762,0.6592057024490283,0.3440898228128236,0.02505590632201443
1.9280928554631136,1.734283875969915,0.20056889629961738,0.01407108883622255
0.5690098021488186,1.830588302953425,0.41468990322368293,0.030588227609330797
0.4252109796355348,0.9813539815286416,0.12428964284319685,0.008436433427665903
1.9345556226600356,1.5826780010680095,0.36872697461658677,0.026978356033757592
0.44254441121302523,1.4795604126397903,0.4968288933364684,0.037106761230719466
0.07165468530030283,1.9316125124255443,0.4313714698985786,0.031905393043441754
1.970153329553048,1.1968699836691872,0.2877035575002233,0.020692853638520026
1.6732707929137256,0.7210037758667551,0.48478022384028446,0.03614559894474406
1.8586082156041657,1.3577791390960359,0.3975358066698936,0.02923756138762134
0.5501529766135633,1.3611085731851358,0.4469658733931758,0.03313990273202783
1.997485712374976,1.1567756385774217,0.3431631356660764,0.024983777515530603
1.819244647548157,1.9966585330143514,0.39323669036537007,0.028899683957210272
1.0178404006999102,0.16060092023110295,0.09227048098336887,0.006135642535469549
0.008006359546984365,1.1483940263125452,0.22855660889374185,0.016179767916478644
1.472353524525062,1.2816208458551417,0.11989968050434577,0.00811828703720276
1.356113309476376,0.8818310619881551,0.11049820369931707,0.007439686940896925
1.2979661086346685,1.296615604758892,0.2636668082833591,0.018850211260218283
1.6476037456192256,1.5851570891802356,0.16766198581954955,0.011617923873545238
0.9940669143507803,1.256899026702045,0.16093636089454585,0.011120421479460912
0.8415293415113672,0.33626051280496627,0.3248744325459793,0.023563068115408085
0.21929098692133753,0.10409066944524237,0.4679484205444503,0.034805636456820006
0.2872816624437198,0.8498695648720866,0.09744061061495289,0.006503857084515925
1.2773186827598546,0.34130242896102825,0.3963344138286752,0.029143115660650497
1.1146456206755406,0.9840372671320525,0.35697365308905005,0.026060094835916307
0.8624964976856151,1.5073135312191484,0.38629225555663094,0.028354444182462794
0.9209319239044114,0.6891298829778534,0.3183450283598143,0.023057168410905878
0.9737566019751871,0.5255334966989336,0.07817598499795703,0.005139292746491682
1.8538868605978758,1.390918250243574,0.12943627170857985,0.008810403354648689
0.39290591960077603,0.30787311940466466,0.10070171215364693,0.006736810488244453
1.3271787069051904,0.1759646373511039,0.16900952194303362,0.011717770213400015
0.1446320203010718,1.4873331686254931,0.4724594994343901,0.03516443750801456
0.6864875535179387,1.1323177321133682,0.38054967013130103,0.02790407727067552
1.0063288232811498,1.8161820781623939,0.43240256972972335,0.031986924816640956
0.19544764205364928,1.7664308599117218,0.45599080344143184,0.033855714716625684
1.8830944118153383,1.9545838759398748,0.06772545507796998,0.004408407658155521
1.2897077374646413,1.2890730419639425,0.2920063031250835,0.0210238487055912
1.91172286161211,0.5027232754389821,0.1790623465576543,0.012464346085914742
0.7857539990602025,1.1960776431452314,0.14350643549581973,0.009837923366292526
0.9085376462165966,0.9752886733777935,0.1758430236039395,0.012224939276222514
0.9152822082985255,0.10241032631138824,0.41938180825373506,0.03095833407161283
1.3273133885936057,0.6951071078465323,0.3296134575690304,0.02393068930661629
1.6678030971426838,1.4685439276144188,0.37025250298305434,0.027097691757191542
0.20325207835441206,0.5669764582673018,0.27824590245361924,0.019966516254715565
0.17441959360519887,1.013346829753308,0.3192811096426371,0.0231296525828008
1.7849704187075794,1.7975054996394064,0.07418950973635417,0.004859639648114679
0.5883096416239446,1.8666636888747496,0.22036016643723638,0.01556027284580085
0.8970823541295518,1.3077824741899358,0.46714375207413916,0.03474165995278501
0.5365942507784422,1.3050203632265553,0.07534956540437857,0.00494091356539856
0.5931863463236844,1.1618422233000623,0.20374220191676556,0.014309205376156259
1.8490692258493082,0.12067326289878744,0.2552894630044623,0.018210677029182363
1.9018199809766774,1.3030026941671253,0.18040012148677054,0.012563918182521287
0.21217145727452502,1.9252944176101594,0.37763688458321604,0.027675818454582227
1.8374839599095028,1.3933479204292119,0.4111552257269566,0.030309596064750286
1.235732433629287,1.2972530729973952,0.10025962185416813,0.006705199338335682
0.8412273165621169,1.7664026375613895,0.38303575316079086,0.028098993196258464
0.24220864477691118,1.1826501918706482,0.474811241776122,0.03535158369919374
1.2575498566468788,1.4697818417783972,0.26455564566793494,0.01891814902143645
0.959906566134086,0.4129987117924765,0.43364286510610706,0.032085016003721746
1.8342082427659885,1.9722790725181887,0.4835146161551379,0.03604473215719936
0.5391534358184991,1.3833847225525795,0.4425363447955463,0.032788938297818586
0.22645596358403042,0.0476104021750301,0.11144834483062088,0.007508092869297791
1.4761475527776364,1.194071378898147,0.2251861457978901,0.015924836266005476
1.2205500049497033,0.8577389228256704,0.48220347035175853,0.03594025527009449
0.8774673905675106,1.2459945748394123,0.17403670905643645,0.012090743693553322
1.3963226330794418,1.9921449926150097,0.0647302132799155,0.004200310118370215
1.104774098836488,1.3914350233425405,0.26758151625786925,0.0191495474450164
0.18864772134191488,1.5460842236492798,0.23014014043895303,0.01629963129176014
1.9293154472437046,0.4873149171291624,0.13627127133164862,0.009308637920273609
1.9493496553833227,0.1334727784652383,0.15033760639004967,0.010339349852673672
0.975564400305486,0.069006766925094,0.42045055367587814,0.0310426788338227
1.9278516629554128,0.4106708353662225,0.182257764523786,0.012702269090003219
1.8369074627907929,1.1133514050801743,0.17675202108875293,0.012292506998214204
0.9170266631895043,1.104976689268318,0.09475014767122811,0.006312070504630428
0.09658136614713753,0.2372228245775132,0.14002977525366014,0.009583354018957341
1.9754870198733774,0.8210561059856809,0.39626670332834785,0.029137793286952818
0.8073598352501477,0.4264901155850107,0.3600732436323886,0.02630205930116341
1.5195373688824165,1.2776209666665428,0.22753452567021376,0.016102433045123512
0.07171758994321586,1.8478635896301896,0.16020485014829236,0.011066396167711722
0.2605503292941842,1.634449646524698,0.41365472075176635,0.030506609217400008
1.6299551228836358,1.7957406615084377,0.3325163461702297,0.02415605610006186
1.3758794167221593,0.2145190844749676,0.1678308394901118,0.011630432142658053
0.7779235427450171,1.8307839647907855,0.1196647033747414,0.00810128032769216
1.1604273424986609,1.252653617222729,0.17663820945855363,0.01228404582131066
0.870533162685561,0.9030999929287418,0.4303376815130859,0.0318236621777461
1.897214818444941,0.6425209930081213,0.06785309497152894,0.004417289891445334
0.7854816947224839,1.8826733193252163,0.30667937696552716,0.02215510133081062
1.7162301080212736,0.6646379614419118,0.1087859417728669,0.007316514376346052
1.8874425762215237,1.1902165858596463,0.4151234356519196,0.03062241341376408
0.24930201177490874,0.9729656513344163,0.4110614212494607,0.030302203890606158
1.072779944779922,1.2501703838624751,0.1567821144344983,0.010813839261111615
1.5345961152211478,1.1337906347934592,0.34103883852569866,0.024818483356836462
0.7675307815393282,1.0620265617333053,0.44990933914367187,0.03337325499379682
0.7015140078701194,0.3261735372512491,0.4095251823998485,0.03018115860457992
1.1244977716582971,0.7697870667443711,0.19074491037368652,0.013335587263469728
0.6265873730582578,0.39794366085164157,0.20632650119767793,0.014503313761766013
0.8441199462419138,0.8462255902235016,0.08684138546107041,0.005750516074371852
0.15811696443244272,1.2468350558460786,0.499282431122872,0.03730268653711656
1.4027046331220947,1.9798452982506844,0.18325920080884012,0.012776893081838546
0.5334758556488268,1.494174327791804,0.4630891335614553,0.03441940670311307
0.8882108242734916,1.8274619459702306,0.2592436030505917,0.018512362126744532
1.2226566750298484,1.9400805704731676,0.4582882182622105,0.03403809101282458
0.07607456560669279,0.9442256896596521,0.3843829896280579,0.028204656848939334
0.8420238392747301,0.5089961787729926,0.44315086210296417,0.032837613866128185
1.5075200613262725,0.9602878281683969,0.17355783967577731,0.01205518337339484
1.2354197068303747,0.4078482802710459,0.20817152415252715,0.014641997423571711
1.712732181222383,1.0575944855766084,0.41740985779498646,0.030802747848094385
1.3240736354163867,0.13629816894280355,0.36966278337828673,0.027051556421046136
1.5905151194728766,0.04466506469673326,0.11596170536577802,0.007833579106703906
1.391322119160928,0.49617651340004,0.12483726045231673,0.008476174993474483
0.5068623644420787,0.8511486174977232,0.20237565120356815,0.014206631383034586
0.34800827726602557,0.0654042320321171,0.21061966359488965,0.014826146010389415
1.3084219234163452,1.7391162142773886,0.08459931144336899,0.005591947332738691
1.3693962522791019,0.40322057913946674,0.0869644320630964,0.005759226685553334
1.75653937487347,0.2829639210691781,0.37224254863284234,0.027253415713830262
0.18047995675358086,0.853667270303331,0.3410396299760579,0.02481854492735603
1.3222188079088015,0.7652275664696275,0.18680036837930558,0.013040994883607177
0.41300515867292553,0.5501645355132891,0.2956481439248396,0.021304265981931234
1.3706484838590063,1.6045910817920472,0.07498230258385027,0.004915173595859573
0.36548937947710036,1.1493979690191682,0.3569819354971856,0.026060741195970443
0.1487754888958659,0.1763061719520409,0.2500189536472277,0.017809060062230077
1.9695629329679214,1.1276323176557135,0.11283673160520476,0.007608122826807238
1.1221247958515632,1.2354928520541255,0.336252198232253,0.02444628999238069
1.1564058435934523,1.4996753459418497,0.07558225908043684,0.004957226609664793
0.4190395778006153,0.20435961634938238,0.22569706888751867,0.015963464113925706
1.6214784571347003,1.5984335539827077,0.2568312792244249,0.018328273375812956
0.6895057775950073,0.5610949432834216,0.46753941268401866,0.034773116657722015
0.662835617683007,0.5715848776279326,0.05387256459441866,0.0034517549105831154
0.37763845347159264,1.6112316501240498,0.21135993121568059,0.014881857967877124
0.5877594004668796,1.5975663014410255,0.39743304136561863,0.02922948187360966
0.4773573134539604,0.14872322431321816,0.39409742687286986,0.028967310901195868
0.8061117604450923,0.6269298938518324,0.30048935494346096,0.02167740200571176
1.7218760454936566,0.8269707223374421,0.45966572351580465,0.03414747215733453
0.5612917944980538,0.6899382494209567,0.45123745866690945,0.033478580271212914
0.09239191388717294,0.15214499468237008,0.09268099699883567,0.006164828337955772
1.872136695820993,0.7501997077790057,0.06076013660115809,0.0039255125275241744
1.113749242463653,0.17407402687762485,0.3392147140667139,0.02467660266805741
0.34822407983281933,1.041218638305435,0.06562561964862132,0.004262451160238109
1.003201043080084,0.03259685494172504,0.30007319025606516,0.02164530974501513
0.24245028149452486,1.08749756172526,0.3225476243020606,0.02338270528620635
1.1519045057378288,1.2365490097558147,0.29587028127384335,0.02132137802889826
1.1882271662934067,1.88340638943396,0.4553358818744104,0.03380373650052901
0.8677578380097848,0.8502232611951492,0.1324330939335956,0.009028637541301766
0.1283080786109223,0.5763622788631777,0.4948020267767107,0.03694495774971626
1.5766553689140559,1.2805293820146817,0.4281181286839534,0.03164823108767808
0.16987831708712497,0.7470004385546181,0.31459654528052583,0.022767057508422926
0.7163412270136382,1.3625680893192365,0.23133290255903138,0.0163899534846085
1.758923295433666,0.5066165411743659,0.2033643419432546,0.01428083825183826
0.8854329312253575,0.3695503636139643,0.27605434066000484,0.019798447637817667
0.7557617959018192,0.34840090605193286,0.32324337601304765,0.023436627187025254
1.204818443675547,1.3871001187120184,0.3235253623476131,0.023458483872983382
0.5117758132913783,0.6896733936068189,0.41457341491443644,0.0305790424500988
1.713894358483211,1.2768377817097587,0.1743671695510739,0.012115287269485799
0.5263558609967371,0.10466617198266781,0.4713206300866765,0.03507383200973045
1.0840938863846894,0.6750109847061274,0.36318098191474013,0.02654480413606655
0.9245263606801628,1.4808119837886538,0.45535380791677377,0.03380515914226628
1.5039550755565503,0.8538849740172456,0.1690824613824486,0.011723176267601172
1.9661636983152504,1.7434224324678502,0.1473682385922457,0.010121192714325813
1.8774359981671742,1.7729298054359166,0.4114000288189797,0.03032888809159378
0.49693959135776566,0.7268029936241807,0.3244316826229261,0.023528741413734185
1.161357478358364,1.6161757857414991,0.43256016129008595,0.03199938717812219
0.9456698086695166,1.7709929384619123,0.18707771408695967,0.01306169412290069
0.886024784925092,0.6831322285498818,0.10314031763573203,0.006911351189474548
1.4362877009264217,1.1277769798964932,0.43315811982181135,0.0320466766667398
1.6893206602235917,0.06587659401312917,0.28005751425967446,0.020105515906233537
0.5152208449498339,1.2572214431364417,0.3033060815718795,0.02189469241838898
1.8842736311913335,0.7183683697569776,0.20173687404703827,0.014158700813102122
0.6459044380273828,0.8748878438833005,0.18980413596691403,0.013265288389574529
0.7332511628757268,1.3249337646007529,0.24545392730205823,0.017461672844552956
1.305658728997452,1.3152544136227646,0.0660706171290155,0.004293355724846885
1.5557596342112712,1.9331977964225733,0.4230739779079855,0.031249780594792952
1.5626135430591985,0.19605588580867406,0.062459378260598684,0.004042982188714562
0.636829465881932,1.0850260218737766,0.19670696098095053,0.013781650212304743
1.8116975681360659,1.9143295103248767,0.3422046738761716,0.02490918966381314
0.02969095703732605,0.7716052411364971,0.17633837067261454,0.012261756500129435
1.106302845936544,1.0970356157190548,0.345855513730246,0.025193376164226188
0.9665977995847685,1.4434867325392553,0.4397622007354763,0.032569258051741615
0.13739524878526543,1.5547953948345898,0.34949237629799373,0.025476680537689256
1.3471592212188819,0.46034423492119125,0.432371899380125,0.031984499437757476
0.8038071930743604,1.4986358246847693,0.37142489494382186,0.02718942615759149
0.1130443290748937,1.2515602124890617,0.26114924849434,0.018657868986508827
1.3760852422415601,0.6247922769114262,0.21014491247434042,0.014790423722704202
1.5467225313230235,1.881960166494553,0.31907388834834394,0.02311360542046453
1.0414526228491472,0.25102522654751813,0.4354663118675254,0.03222926199912924
0.3533008091752712,0.5132155347242691,0.19300270451496926,0.013504397159265427
1.416699271647926,0.2728652248669472,0.31619171327913453,0.022890485293505416
1.3585189318720592,0.13884485261402535,0.20771460711868728,0.014607644702125116
0.886542927301013,0.8795866047918448,0.3501490069844533,0.025527852509028507
1.5518068558527256,1.723620846365627,0.3301935214605744,0.023975711864297023
0.3830088563899692,1.425868359623405,0.35542726108915174,0.025939432388741166
1.305247427360418,0.6997885554101853,0.4924377536052224,0.03675627710197977
0.365247960628007,0.1865382764160779,0.30465854212902904,0.021999074693156852
1.7297518321176104,0.9172522098894087,0.0962372340991173,0.006418029984821102
0.9111418278237686,0.2720946448924808,0.23481054602503781,0.01665348175783308
1.9746149943379478,0.17972343290165438,0.2408562748124375,0.017112253199348535
1.127493333792003,1.6666945955974082,0.4319660144943157,0.03195240360762673
1.5581843398112727,1.9790620275914892,0.26950128870404244,0.0192964526248873
0.22181645680997097,0.4246748300791663,0.32838489813128363,0.023835350823784875
0.9195132916843944,0.27038108930539884,0.28362644376872026,0.020379530575860224
0.16793755066660476,1.7456948488952817,0.2288049636145743,0.016198563027877245
1.96709733366968,0.41695978058008865,0.2653742231288609,0.018980730440860696
1.268672278709697,0.11722811943281575,0.3500731262563412,0.025521938699530722
1.5950396506802758,1.484471378550165,0.16968764186138563,0.011768036644144138
0.25787720510959056,0.40352613535560833,0.15577327432994026,0.010739471138024618
0.00027173654049517104,0.726793168360119,0.26716817089727685,0.01911792685128491
1.060543501641801,0.540127244439019,0.17165386903485155,0.011913863716288314
0.6008348424616248,1.0052315385727997,0.40015442321185624,0.029443488244206506
0.18089417414119735,1.607853724797798,0.24528128581912106,0.017448543949281282
1.1641534600220358,1.830729577013793,0.3797955263556838,0.027844967610792075
0.47411862211279465,1.284665585918979,0.4014390643117641,0.02954454589709663
0.557832979585698,1.1973608534920925,0.19618915375225654,0.013742871995626087
1.0038737330061756,0.004222103527602217,0.3311859150937434,0.0240527506847685
0.882133952901353,1.3686024920543614,0.07593705044733412,0.004982106008222674
1.8233851505636476,1.5365610478945235,0.4938189413011351,0.03686649511253358
1.518532158815894,1.8334445627610456,0.32747578744862643,0.023764817991935333
0.7884438025735099,0.1501359299911822,0.2861967402599421,0.02057701996438309
0.2574227823095747,0.9424547840409958,0.11275438866910151,0.007602187834854129
1.367157554301817,1.0210702941628187,0.18532202894730204,0.012930697305341484
1.8196114232200298,1.3583615424500497,0.4470280564775181,0.033144831392637394
1.590141454330027,1.0247880722020397,0.14607483880037353,0.010026262073679206
1.0349436775268848,1.4344473190463127,0.44636788023172896,0.03309250792796673
1.830013947730142,0.8572333097136327,0.10360012288723841,0.006944293406779786
0.22854547452391794,0.5811254938602155,0.22262798041514842,0.01573151982909824
1.1253398101797147,1.6938630210938324,0.24620964394728306,0.017519150446391508
1.8133456624436242,0.16021044997530076,0.08941336907999442,0.0059327652172543165
0.5019303057024973,0.06645367943461444,0.08230476589612103,0.005429967632159259
0.27853640177767836,0.8022255925696609,0.31470541809224994,0.022775480285069784
0.4440117858578283,1.1651928366916549,0.21361473411981036,0.015051635443875383
1.3458114310414253,1.4712427292686714,0.10082091175139193,0.006745335356959131
0.8085873825697172,0.13587861127330614,0.46851149851811136,0.03485040942229191
1.4397437074884547,1.8028725013922298,0.3292024612505953,0.023898792498919685
0.03451337923667119,1.960319845783198,0.4231829999605815,0.03125838907685542
0.7862086975588236,0.1662349001263992,0.3852448045838947,0.028272262338243592
0.3121011090360537,1.6678311680468139,0.4292227129817122,0.03173552842920803
1.175232825455303,1.347527746975367,0.3798652970826032,0.027850435888692928
0.27430775310914135,0.8828573349117537,0.1392015417107543,0.009522772680072013
0.7207646387624429,0.018053352164130176,0.17376618186402165,0.012070653807157768
0.14443501750578336,0.22350407168433017,0.08641263066509094,0.005720170687447738
0.7129126188793644,1.1933178702874776,0.16098739904523796,0.01112419150643315
0.8456390823943603,0.9313831665277981,0.258815157345716,0.018479658003465776
1.0194149880072432,0.4894043599459774,0.21379475959115118,0.015065195977240901
0.2685074146049191,1.2672048017944109,0.47897269487356403,0.035682899031608525
0.6522823283365142,0.27180874911643893,0.3940094178922212,0.028960395682313008
1.1695194798893547,1.6304510704094437,0.24774124932898905,0.017635677184051016
1.1345439674206221,1.5089681658855003,0.21761620852828278,0.015353233956865634
0.3172729065949622,0.22007729579237667,0.09194977968601664,0.006112848377630895
0.14921410200180008,0.5702917827299658,0.2628255379952634,0.018785923816123356
1.3262905508316967,0.7162960027612142,0.24520375041025827,0.01744264780873447
1.0909828352451834,0.8933610374188159,0.23592312163977758,0.016737847391410068
0.5965612805962928,1.5427804231813955,0.2070447402547373,0.014557291048499722
1.9078140718626766,0.5188841919227172,0.10134709535083174,0.006782975043852839
0.4355468128235698,1.5301422158523235,0.12726289999502777,0.008652351886720632
1.7508516970797003,0.4765453149628567,0.18487514378472153,0.012897367530415413
0.013512550582575056,1.0901584253517345,0.4001659437437748,0.02944439441968733
1.314210375872524,0.6439061436360707,0.17341149947940077,0.012044317658962666
1.3865376340355795,0.24664881603341904,0.3483275733336864,0.025385922454297476
1.96676768601964,0.26402753284513847,0.15544525149273875,0.01071529760327026
1.2549998186371856,0.8842261968373502,0.1381369629021244,0.009444940352440782
1.8276522604460055,1.886333876919079,0.3660934682169504,0.02677242803847529
0.6335645063945052,1.5212075467497994,0.4650413902196418,0.03457454409478607
1.3859086215431657,0.42107829582555345,0.3361548207632115,0.024438722017615305
0.32957225235817567,0.6070353785805993,0.22837226403850674,0.01616581788643789
0.3092922510900724,0.5444224128665449,0.3090685529738675,0.02233965872416919
0.8956608403372395,1.0489706792164475,0.3766832394934107,0.027601112936678208
0.46845659461495326,0.6011716163442624,0.41883381518695106,0.030915092529160665
0.7034024121579951,1.3839157959022752,0.07326154505977968,0.0047946891429629995
1.7445481879054539,1.534466978900459,0.15677293727463704,0.010813162604206998
1.9709678663823307,1.7725314491193116,0.17033482576492526,0.01181602283579248
0.8418695204552162,1.711379027911556,0.26079669193831045,0.018630943750262103
0.9284433311741211,1.817941273010318,0.0845198878533833,0.005586335439608704
0.46968618775476556,0.5457515423491186,0.25099601168115754,0.017883468915063903
1.9949933031588432,0.1923139816434638,0.3839698538587281,0.028172251921491413
1.4792810248347947,0.23691556052583618,0.14260967088860854,0.009772218974209637
0.15860958229150857,1.8838247709762026,0.37481866346389037,0.027455085718356007
0.04913092838192479,1.5694110718768801,0.33950106828419907,0.02469887186827288
1.7661040692308447,1.3417159395734464,0.4000775726165615,0.029437443419625876
0.5750026460482529,0.1596126434592786,0.09102697301973323,0.006047289653717703
1.6366055775700232,1.2807737998997801,0.3079868338493145,0.022256086602404822
0.8350153740162607,0.7188846734098151,0.19783799963467297,0.013866377369722167
1.995412675274542,0.8125555832629547,0.2968265820805054,0.021395055469305438
1.4935292320138622,0.9454306588001877,0.13084590274150906,0.008913012376972167
0.8403933250907873,0.9371315199445618,0.07549712620108281,0.004951257946801732
1.9549228853896068,0.29601942526865677,0.1785637712524507,0.012427249671040464
0.3581798712185176,0.959917778792128,0.052751401009096616,0.0033750178744127684
1.8529002390403346,0.9208962173185358,0.1533737973470638,0.010562724048492648
0.25957785597274197,0.9457314658667386,0.4105381169347035,0.03026096751991585
0.9745272272635637,0.6598348260656712,0.44108106679125375,0.0326736851607172
0.3554296764953244,1.7450298779205906,0.3376950805778855,0.02455844551296022
0.10714115678277869,0.5297191753701642,0.053777870932841164,0.003445269394144937
0.10148478375498304,1.2039593818087717,0.3096061079794214,0.02238119699138841
1.9724760767566907,1.1531889936102826,0.4629983341647869,0.03441219236454801
0.26278278969924096,1.0282571756948669,0.19156482048363965,0.013396874134309358
0.14771161436403002,0.7258430729478249,0.4349917037423532,0.0321917135212756
1.9147764778131258,0.49777872459926353,0.44488924503248944,0.03297533539883769
0.6157192370936415,0.6193429227936826,0.2875074899629951,0.02067777895026312
1.5068477652609802,0.6983564064220349,0.33750107097544807,0.024543363182196104
1.7109588507831248,0.4262933837835874,0.4340575382220913,0.03211781555963765
0.9688506371063448,0.2430903672117144,0.3310759853816535,0.024044216133079013
0.04787988788198416,0.9222042468413802,0.2295486909109356,0.016254855604247
1.5633190247018722,0.8675074418099404,0.40976909205673706,0.030200374955355994
1.7533077354218354,0.9604006997269856,0.4082379967985701,0.030079761155103524
1.0551200821279925,1.8745782745092734,0.39082350177507424,0.02871013740175989
1.4961289093062038,0.1727658975229318,0.42627847772787053,0.03150287457873577
0.65586120116509,0.23014665806566503,0.23358291332650688,0.016560423454358836
1.8725194481212988,1.1491906453906595,0.4921083182630994,0.03672999149296058
1.843667501640166,1.3359651268988753,0.3529439135787047,0.025745736675445715
0.9159796051478006,0.9035405362659439,0.2757532641695505,0.019775365567377596
1.147659610304141,1.6814162741430643,0.05084347578718049,0.003244691389607404
1.622295239519808,1.143183234492061,0.2863931709970663,0.020592117818649714
0.4937790106545794,0.5343301235993321,0.4736371665171933,0.035258145503452284
1.200320625331913,0.7814539991804674,0.19397255580562,0.01357695257387512
1.5023033505566266,1.8379348638143829,0.44416310941731274,0.03291780355540338
1.803292848360585,0.7027994472151868,0.2952419991371092,0.021272981467710037
1.9353331939873781,1.0457310569195952,0.2850626959626087,0.02048987022898887
1.6838504287694298,1.0066680407223683,0.39687817438765816,0.02918586015184513
1.7878641337067078,1.8633808323700072,0.1686380012369994,0.01169023670383274
1.9118987085823118,1.983282092074461,0.3719920986188594,0.027233814470944463
0.3425299849217591,1.9915348856119903,0.2595643845510665,0.01853685046639621
0.8558268947828289,1.0087231417342146,0.0581865565727572,0.003748032542738282
1.969963918988405,0.7454541737571716,0.32661828578381297,0.023698301596409326
0.7294121384930863,1.6217037247453392,0.07117234942308123,0.0046486699731184
0.664285560132724,0.004485782654489734,0.2391552834379984,0.016983094700624726
0.5493168034877611,1.2094338782254845,0.39751180809611864,0.02923567458214731
0.17593116203538806,1.1719845389418144,0.42120428508747104,0.03110217177326321
1.009083027567821,1.8714849295046696,0.35743997371807545,0.026096488160089467
1.0488175649594689,0.6547647252103899,0.16024405885127635,0.011069291473253058
0.8735525168714526,1.021783728578649,0.1392982284014385,0.009529843571644922
0.9882819386655404,1.431397053333369,0.21400187332436582,0.01508079792581905
0.31085923339032373,0.6469877922474041,0.42663088571136826,0.031530716077141537
0.3370031941468927,0.5010210804511379,0.3744501581370345,0.02742623156497695
1.405457689577695,0.10911932203768049,0.18012076113901537,0.012543120855171935
0.782749949726103,0.6252368471600325,0.2671494925353923,0.019116498051021908
0.7773488058557991,1.7208329992148137,0.2776565314179026,0.019921308987590113
1.7961120513083335,0.8135301368519012,0.3228348419111488,0.02340496415114809
0.15913194820092236,1.5004383574273024,0.22204463098267746,0.01568745844592374
1.638184041838394,1.1612288737998167,0.2645047101201827,0.018914255366961223
1.4970064515884292,0.4121893013746667,0.3070709362621131,0.02218534145255973
1.6621623141552562,1.675332362477589,0.46410441019621185,0.034500080725624084
1.2086044881716853,1.4598157859188008,0.10305683088898857,0.006905370963307321
1.0078242381945133,0.8257610279848488,0.2097180748611231,0.014758311403644937
1.4396544789863344,1.663243350270975,0.15533562316534386,0.010707219364201699
0.19616657269153293,1.7084768271896826,0.4099674368249027,0.03021600207162585
0.3329482430855124,0.40865502751147553,0.06365287295906664,0.004125621539817836
0.4876714181042785,0.18510633375063423,0.3179383521836008,0.023025682577881307
0.6908570026802128,1.8360877772901336,0.10486652646832137,0.007035075470502821
0.6468989289354945,1.8957992229884697,0.49154144326842175,0.03668476344322317
0.6314157942508156,0.08919757023312469,0.2570111576727485,0.018341996120024504
1.551263171753496,0.00619375064877703,0.05135962025486553,0.0032799153955835186
0.4975963742030005,1.0078317919840107,0.06385582845153656,0.004139685175687948
0.4313593414891459,0.8088551719990222,0.20305013034493308,0.014257252178212658
0.4626550115965866,0.15953962910334507,0.4167882777763638,0.030753715895685076
0.11687252646072266,0.46524010438364405,0.4728154746442468,0.035192761067782755
1.277047116417821,1.258410720429376,0.18890203563380237,0.013197901990494872
1.601741072931009,1.589733374570316,0.4537502449044903,0.03367791291281733
1.3297248473956353,1.6447507557195058,0.1587132899219208,0.010956290638887891
1.3301493012754164,0.8148042646103795,0.38036798905409763,0.02788983639932498
0.8959355845459933,0.4773609935305103,0.4923481640526389,0.03674912864147021
1.1752260785387232,1.624094741125293,0.19010702114175226,0.013287918706885324
1.9340852739380743,0.47102305519464993,0.14261283488351753,0.009772450744639385
1.3068997483339133,1.577428426667867,0.35371120789103144,0.025805573957704428
0.7941857994464496,0.8766381652783857,0.47449316511078393,0.03532626814979644
0.9453307623462983,1.7680739984930947,0.06729102357328424,0.004378185009641764
1.1785474675087073,1.9090204833692277,0.27065086545334005,0.019384455351969785
0.763437616854769,0.33225938843036373,0.09608883092213158,0.0064074506978934135
1.7070461682961549,1.4578092485162528,0.324277169918946,0.02351676269965508
1.9596415955658342,1.2451689877035133,0.3046045391367259,0.021994906153584667
0.6169242100525394,0.39278129214760105,0.4531542826268421,0.033630629906037775
0.9866676571785071,1.3443272597332054,0.3305825579665655,0.024005910593692507
0.10061947908936819,0.915757435585197,0.29410986089718877,0.021185790828332763
1.097808169420133,0.7050418787090897,0.40372549737899166,0.029724465740454047
0.47879360393745074,1.8487577498908305,0.34952768131146283,0.025479431728643778
1.135321518987794,1.9115728905346547,0.45853900766877037,0.03405800332046831
0.4533147648807627,1.0556814463520285,0.05324741625064964,0.003408953453040507
1.9798510695116398,1.3536599902024948,0.26936310521589907,0.019285876104664833
1.2893963437400568,0.32374384889649077,0.11356833590842551,0.007660867416111936
1.8106098399825177,0.3412040365057627,0.13388455510798572,0.009134458684751835
1.4889841356039948,1.9461267155188258,0.46400622403728975,0.03449227830747076
0.31391285463490126,0.22137848806362914,0.1889737517618254,0.013203258334824056
0.42011920740032194,0.5390781915955911,0.3059046450465668,0.022095276642975416
1.7904666316618785,0.3280971897559064,0.4590110457438166,0.034095484482908965
0.9702086669173735,1.2508028716089543,0.19364990574403562,0.013552812058696077
1.8396239919059325,0.2996613131930157,0.40318831819453443,0.02968218867684803
1.3166481918683932,1.6217550044379607,0.3861236233017247,0.028341212442787766
0.7358221165355798,0.10025304264957957,0.4072189285639008,0.029999500168060845
1.7523443669832357,0.39899247985180475,0.15319860433883245,0.010549826650022878
1.3533517482623008,1.2526737992480503,0.0659685531379965,0.004286266224884937
0.712306280847059,1.968700247628557,0.3082932240966342,0.022279755835923568
0.7251982185703827,1.6850383746421804,0.26672929122651384,0.019084356597700924
1.1831431739219533,1.1138769498045327,0.3143674309551857,0.02274933309014736
1.2452624354941355,1.979501356478856,0.33594810010812365,0.024422656618858462
1.7079600232991414,0.1772785116272113,0.17034378720188031,0.011816687380216457
0.9310305345007308,1.1986452388366098,0.331172159649264,0.024051682750303963
0.02865713129246128,1.5530586617039712,0.18847075108779382,0.013165693110084689
1.9054194801699984,0.17576429832573703,0.4683215109657482,0.034835302207405626
1.2770118845719076,0.047859187355583144,0.27813301670348695,0.019957856925176144
1.7563297978591736,1.02231457553529,0.49292014863780487,0.0367947695365855
0.148830863061157,0.018164138659539253,0.0728848278809233,0.004768337946584995
0.796876829956596,0.34217701020726365,0.16362623718326522,0.011319225951828337
1.9352289750050795,0.2551742024011958,0.10839048070940258,0.007288085587520279
0.893796371442753,0.48920865306648964,0.10315458405546465,0.006912373138589382
1.1700210191659637,1.6038284321778657,0.27857017971545855,0.0199913925198096
1.8508307618407176,0.5536458985176931,0.26043297058391196,0.0186031684747683
1.1261701456175783,0.6520047583509256,0.39950327159877075,0.02939227325677927
1.4924406752678037,1.7721887888176289,0.24115608645135328,0.017135024826758133
1.789326854965463,1.8164532499903585,0.4919033485240827,0.03671363759312514
0.05155418857278238,0.5750238291200946,0.31297309262388545,0.022641485500645937
0.4797805855987187,1.3544926805374657,0.13698085856640002,0.009360463386352645
1.7998456103550675,0.9676028307324751,0.39338411607661666,0.028911266278677
1.2417580487131152,0.6727556784968993,0.10232057230512717,0.006852646640147992
1.9668476072266587,1.534887744751448,0.41925460708060935,0.030948296416456498
0.9305782503540099,0.5153268781110236,0.13233368108330787,0.009021392603289326
1.2704183498486623,0.41244579288903727,0.32918325230373197,0.02389730178855486
0.4123132565499099,0.9161860589783288,0.4595672308281987,0.03413965056958212
1.0368868135435625,1.7495610280347962,0.27145091382855285,0.019445716112387972
1.2095485672454716,0.6318218468153489,0.46104042274454093,0.03425665303949429
1.5072997761458398,0.6225513925742414,0.35433465013911225,0.02585419956403695
1.2161080242199913,0.9988140898801312,0.48349303103072166,0.03604301201722565
1.5013960465443243,0.006436607273500039,0.07975097309388743,0.0052500532354419335
1.094341674109534,0.32100206823371447,0.2501650906124097,0.017820187998011223
1.7072961975201937,0.9610155571864116,0.14317731478608475,0.009813805960791287
0.7845623500892924,0.07300724054042518,0.22172141141188773,0.015663048554606693
1.1969009966961657,1.5388825886760988,0.2608565097708384,0.018635511944802403
0.9151097237132217,0.9309583333278859,0.17188534843307374,0.011931039211876094
0.12643689989211304,0.8286707727497682,0.16425559978146745,0.011365773839666768
0.8585061046519418,1.787935024136791,0.18665668828884163,0.013030272390721923
1.027411321587408,1.0773471496822213,0.42609597194097176,0.031488456589165006
0.6431557078506447,0.9632584597823766,0.4920616245149578,0.036726265902253884
1.4455425393132775,0.8073119891222522,0.4123772452240146,0.030405906792259206
0.8456584676165837,0.29123973728613906,0.0769219711296693,0.005051214548031619
1.1898518727712992,1.2178469018432918,0.43626566486111673,0.03229250895038092
0.2686474065557771,1.4760519656953217,0.4010667473004638,0.029515254885415478
1.3085033467323315,1.3962116854455071,0.38232856652471875,0.02804353885940529
0.24113066235824387,0.6010008014250017,0.14717506385307355,0.010107010756405448
0.8330405963843073,0.6515341273771895,0.13751964450502627,0.009399826575798296
0.32504130301999945,1.7459854560319568,0.44029430710438167,0.032611387352639486
0.7151972470089074,0.2703191501216271,0.41692580817824404,0.03076456424005423
1.438465628032754,1.6861059676687535,0.1919653524096412,0.013426819792999157
0.37861176129921614,1.8835004620700762,0.09340426153237374,0.006216270805637237
0.5855721842677155,1.187493691989189,0.17345000758509765,0.012047176812613324
0.1893944303395383,1.6370443662824719,0.41318149389771835,0.030469302598290372
1.0651463227654612,1.31631897784698,0.3829621831181135,0.02809322384102014
1.655944481569857,0.515259574420154,0.2940422946602216,0.021180588004880572
0.4257444141758733,1.137795144891481,0.2978216955427501,0.021471740590518405
1.3835506365147148,1.8806432171947989,0.38048352445911515,0.027898892460616602
1.2041430289889814,1.3060824615236226,0.08448273989734632,0.00558371077303913
1.8612607469631006,1.863279014961927,0.4522528286471367,0.033559117670716246
0.8876654848837058,0.10017363525560663,0.4508813774954266,0.033450339485425674
0.6938454356076618,0.40834129491676463,0.08662546482994607,0.005735232862274466
1.5319500575284624,1.180374954917547,0.22931215178814474,0.016236950636708717
1.2466150890814307,1.5816821751180163,0.47344251745239524,0.03524265599772322
1.9079263468564343,0.47413741471440685,0.3620562136845057,0.02645693209321583
0.34031439856931245,0.7294924795002837,0.10676521659506447,0.007171324482604155
1.4770542772522035,0.8635820329967245,0.47068343706816845,0.03502314516971416
0.38426136396397914,0.4475024609241096,0.18620559707910467,0.012996612262237119
1.849514383725087,1.8219745055860967,0.209973795898672,0.014777549550384256
0.8997840954497047,0.6655147362646572,0.07331406847407268,0.004798363875851572
0.390938479016395,1.142013170362931,0.4809423641234835,0.03583978421048834
0.3043969307544707,0.11236350206843992,0.3173465441871978,0.022979868365795183
1.3375431243469593,1.7611753247174613,0.45678201561469733,0.03391851658317288
1.3848599726544564,0.620412119908905,0.33493333653608887,0.024343803661728638
1.5849238342564052,0.5548514267966691,0.33991046900987215,0.024730712402526674
0.7792564817671879,1.5324282285977386,0.35927521169434634,0.026239748455117527
1.2476190713825694,0.6877449514098593,0.1855819755621248,0.01295008730392499
1.0034058222508917,1.7688231639440393,0.3825816601764912,0.028063384491786723
0.24653068991693838,1.7693089810512566,0.4052921186307662,0.02984778407905941
1.0692092124323542,1.5978012323824298,0.4806477222664449,0.03581631300911607
0.1612730774215101,1.5673739246039873,0.416556185607575,0.030735409116247232
1.791589964515491,1.8666249170828073,0.061343512621756364,0.003965816449775766
0.9680239360802616,0.5101186834119862,0.3625644975149807,0.026496639223564725
0.9621957610907945,0.8603837314729352,0.10291892900591965,0.006895493667171212
1.3095974413633449,1.6728803937353345,0.15638032884875136,0.010784217080855855
1.7917970528834521,0.4378726126393435,0.33643134906820654,0.02446021361849107
1.0898618705284286,0.5981330572747847,0.2018658047893187,0.014168374273982817
0.8920635328191067,1.6247185322822875,0.09356543255422108,0.0062277379092956974
0.09168589909770497,1.7056486237073076,0.409294016854243,0.030162947023747808
0.7306425465332143,1.754243320299104,0.1823086183443366,0.012706057881807583
0.9168227702199565,0.5380581775532385,0.056593057763392046,0.0036384109560117506
0.472168935367524,1.5193785677674057,0.36418582630256513,0.026623323063927586
0.9156990461683385,0.7212659635733589,0.25462396466227183,0.018159933719129908
0.8855143250301736,1.8854458741548328,0.16905575944644413,0.01172119718088731
1.4632832054510598,1.7514284035508791,0.2707056100023172,0.019388646816551416
0.34496772913619944,0.23683183641718775,0.11985998188254285,0.008115413647372656
1.2711730249818773,0.6253259837277332,0.19163469272071676,0.013402097801962186
0.7064130893792111,0.5288370440054235,0.14633917941140262,0.010045658973785601
1.6058085620538167,1.285900215402542,0.18403387056827825,0.012834638433354393
1.6564836913784942,0.5250840501631173,0.05924807045450976,0.0038211726852764496
0.5067416755215035,1.1417490270685617,0.3108507142734695,0.022477390029294848
0.26350106926404937,1.4366039381446998,0.21291579908269131,0.014998995195895112
1.9088005872321807,1.837249979193732,0.44302866434083493,0.032827934279320015
0.4837650733644303,0.0805805777941353,0.4480507390803476,0.033225896480547135
0.31734321915270236,0.17522393101071643,0.16613695624985245,0.011504992867286491
0.8289704246635967,0.39324604441064404,0.2811662476956973,0.0201906164005018
1.321394036988462,0.15854321653119463,0.18382475358254796,0.012819048801405384
1.9403974499434677,1.5063243625793143,0.4949611827863869,0.03695766142167239
0.011841365217783784,1.474885392714955,0.17291946888158466,0.012007789181433796
0.9750146383332405,1.885304141819316,0.10632324396569033,0.007139593716427493
1.341548154761561,1.1876161241234588,0.47301703265017747,0.03520879890509296
1.4406158555998647,0.08934066524122031,0.43967931004556554,0.032562695532299665
1.970279794204167,1.6206475603118942,0.2665365658284915,0.01906961608328653
0.28347056687763916,0.04467918026899964,0.2951015377104229,0.021262162698022034
1.9207412441430196,1.188175537232012,0.3444198220638597,0.02508159509220079
0.038184057782228775,1.6448832679120695,0.38859325751766316,0.02853503219009469
0.7565229270849969,0.9608121142968928,0.10644207305797537,0.007148123981056516
0.4284533491183513,0.15567737306393048,0.2411408023566327,0.017133863904904265
0.8255989596197764,1.3495095643854365,0.24195317029703223,0.017195575321083865
0.4189052589569917,0.8462014456936937,0.4851589698304064,0.03617578789295516
0.5825275562381318,0.8179100682680764,0.3176677478800058,0.023004733291067166
0.1781290798612125,0.6821637578129212,0.2717371842683036,0.019467639246429892
0.3638110178162517,1.4823387718656018,0.09680751693018524,0.006458694465148098
0.08034366941600934,0.3280766598631335,0.15114966798232798,0.010399063426606977
0.6167477952681089,1.445681840019388,0.4243091878644752,0.03134732286307824
0.23562930882779032,0.3364737358407155,0.16789964558409604,0.011635529379767374
0.5873874484968411,1.410102505145533,0.2763452339125549,0.019820750658900498
1.2960654575748993,0.8305107123287829,0.1296505997876305,0.00882599964708834
1.4704900411383595,1.4503318670692318,0.2443752875554961,0.017379655812665793
1.9123929007518996,0.7901381763457744,0.4991035350171565,0.03728839868161706
1.2359173917763402,1.0879038351924886,0.12711056697492112,0.008641280903973852
1.7584089568439514,0.9827404025593423,0.3610857455596223,0.026381129814494704
0.6926377617056756,1.90467972046873,0.4808094566448364,0.035829196663866955
1.9637415125583895,0.541239182916653,0.19505888068245286,0.013658251199023481
0.4595185885919386,0.5622565376618569,0.08109893740104683,0.005344968414492783
0.3569543109139428,0.8094327477697458,0.4005937132186761,0.0294780429429072
1.3329318860538133,0.7727519455316223,0.3678291475705892,0.02690813868158562
1.816824946107916,0.5512871172828593,0.17743144360931318,0.012343025590572763
1.5492803157159105,0.09130745183839473,0.09668987710200859,0.006450304705262367
1.9186526505359327,0.25091335497334377,0.1695500694273233,0.01175783780426259
0.45559457232721057,1.552092909220313,0.11378102930105737,0.007676205829258239
0.10280685520168942,0.5748709130447829,0.3365582358948158,0.024470075588555806
1.8885987162563285,1.1958833352063896,0.39725598431345194,0.029215561804051757
0.6135067045248961,0.3026358558333535,0.44220469144317875,0.03276267016066975
0.1929513352341896,0.5581978163352281,0.1401825228988431,0.009594529486640413
1.1703282740231502,1.6871738324676215,0.10466333176538067,0.007020504351179214
1.5408491488553238,0.9350781068322078,0.40079490554628844,0.02949386967175846
0.4785689314495227,1.805630223745089,0.3860606638484786,0.02833627242784606
1.5877166542709922,1.4590106691094085,0.17234744716900993,0.011965331158999585
1.8774202708975554,0.8185492430481898,0.3754842623791214,0.0275072074095
1.9300428649253674,0.2540747500336451,0.31373362749839767,0.02270030632888249
0.04025086450461468,1.5425011371579673,0.27419713281028146,0.019656092302112644
1.5805305281064532,1.3341823026511876,0.4132167345775539,0.03047208067934878
0.38123610880783976,1.0634919847039244,0.3316945407886558,0.0240922411174101
0.9806010665607534,1.0566809488238709,0.25585329193688416,0.018253675333869027
1.067236378281901,1.0234225515841109,0.3082362628136771,0.0222753553448262
1.3997239761429825,0.8302155404695346,0.38450818038214674,0.028214476849215422
1.1008108198668007,1.122683466173098,0.12394530819970528,0.00841145064436981
1.1610185066632577,0.7896378411436897,0.07333442959601735,0.00479978846433469
1.1078094504089628,0.8615693783586504,0.4979974682605715,0.03720006854465185
1.0850871535645588,0.8458831217361638,0.39069986567843895,0.028700428438684117
1.4735700275464683,0.18986039407822775,0.25917985580186564,0.01850749593458517
0.8693423878365107,1.3827146675082234,0.11834225941806642,0.008005610192452247
0.4899282161885088,1.6356283924355968,0.11501228818810054,0.007765037003318747
0.314489633544043,1.58794342337744,0.1687394189053794,0.011697752382346162
0.5463431795384388,0.9437187795312305,0.37376053610471666,0.027372239076730847
0.08759051733301604,1.6170956555761398,0.24395444189844867,0.01734766254325551
1.7431352923726573,1.4726391267764014,0.4496695243413598,0.033354238989721285
0.7813577120169275,0.5803779542859819,0.07071199971216105,0.004616534412984149
1.1567599682855572,0.7889869829597673,0.41138335065857334,0.030327573722268204
0.31833707880912976,1.9923938897707307,0.4700553132368849,0.034973184390790946
0.4263204487212391,1.970804232804099,0.10633869272093689,0.007140702683509321
0.8976672788561031,0.6134272091841062,0.4764558920667556,0.03548249917624235
0.8454897458102768,1.2947217565536926,0.38977773179866326,0.028628021295798375
1.5385360835479813,1.9352862898118768,0.4348961962396426,0.03218415781572629
0.32054786888840114,0.9610543185282685,0.39569857625427335,0.029093138216807285
1.6245528391197248,1.0873045145485911,0.0991152874276037,0.006623419802068126
0.5735773050793214,1.1679986935670108,0.4178807993036691,0.0308399003729792
0.6797377565095446,1.0142379078185282,0.34994762105017013,0.025512157571072048
0.4784386894934949,0.1697957814404829,0.23907090586315394,0.01697668944732741
1.9690934097153123,1.1478102095648686,0.0808968062667389,0.0053307286265131095
0.8312605551049559,0.9350870245077525,0.1815954713459772,0.012652932543612161
1.96997823027958,1.7449606068522594,0.3744197492550418,0.027423850621629588
1.199223247112842,0.49431648843017983,0.09632545202603034,0.006424319351169335
1.6680032984343107,1.1943495533001618,0.2736067225516918,0.019610851157020506
0.2559893480358091,1.0974831284423145,0.0797551028458266,0.005250343858563464
1.3230692528437906,1.0991491998632263,0.19817848288218015,0.013891889840991175
0.5456369941147279,0.40126852036840766,0.05467504088853911,0.003506747519443656
0.8964506769918599,1.4814137000728396,0.4139390559738097,0.03052902606901509
1.3229241728727044,0.8825521362368121,0.08643110520668906,0.00572147802080052
0.7015574179883179,0.6877396696265266,0.46766904642032414,0.03478342349188303
0.3027452676752662,0.887559418873846,0.25418200812430897,0.018126240211148156
0.20609706863402777,1.6611780491944756,0.47600148294173283,0.03544632472479669
0.35769464535914985,0.3301782724840352,0.47834347541977074,0.035632790747628075
1.7669243049579002,0.9481765757541571,0.4693994706573857,0.034921023786859864
1.4534081948697402,1.6194692472484828,0.28792520648355313,0.020709896014527985
1.8459894203824696,0.4682689652155103,0.35828374155239895,0.02616234713406586
1.529767365786232,0.04816175108746612,0.36746190995736455,0.02687942112972585
0.335077457822921,1.4170810860674579,0.38265947120055405,0.02806948600818059
1.7381758033998291,0.9331522882037748,0.384686017291367,0.02822842680894599
1.6714858193551538,0.7535673795633919,0.37773176496675565,0.027683251794070347
1.0940450183920496,0.39989818796000876,0.41614880254956527,0.030703277585069928
1.1024901165892969,0.7833780615801096,0.09658648198297078,0.0064429314216819435
0.4576538045537011,1.7110115184302113,0.23900099226500776,0.01697138229865248
0.2653573403940408,1.7671551421426326,0.35773977701564375,0.026119887608631952
0.9733015168191943,1.0022359843481126,0.055635972851817504,0.003572672127655884
0.8781618823564203,0.6747527181416324,0.206430705459079,0.01451114414431269
1.5147094598254554,0.10467404140696512,0.1283271561138654,0.008729723415186463
1.17277730230776,0.5622171893349472,0.3307656236480069,0.024020121807908534
1.226470703190294,1.082481473461895,0.14496356798242252,0.009944745300194402
1.843056226169462,1.5116481823591752,0.2461627985610088,0.017515587168767253
0.09542763618668726,1.5825947370664646,0.3633786608571014,0.026560249661772325
1.1189771520003478,1.6949153967805035,0.23323214742903825,0.016533840519661988
0.43884468775862184,1.2833584652773216,0.3109172181229778,0.022482530722749375
1.1716502737838117,0.8379117325335184,0.3768852735387599,0.027616938551718435
0.5851488545775463,0.5912441256604903,0.2952152097827689,0.021270918042098845
0.9801502194327307,0.35504263450563434,0.179314962259077,0.012483144638071457
1.7631527297615837,0.24936806817338186,0.1372250782422965,0.009378304522944123
1.0548704827252702,1.2311093857160404,0.28343209803513286,0.020364602978792293
1.0846372037784127,0.16346878783792396,0.4688172100374813,0.03487471953172321
0.33946188527262544,0.5136023844378874,0.20310843242297755,0.01426162839270629
1.619844548087783,1.3688610959970886,0.2004471157614212,0.014061955895995643
1.1994102932511221,1.523394804946564,0.06750374181686594,0.004392981773198031
1.0419718865750325,0.5335455363181822,0.42002181232831126,0.031008841038968074
0.27900033394741874,1.858735710129624,0.273907715885459,0.019633914419357523
1.0700643914033472,1.386788982356059,0.40252797790885164,0.029630223916734994
0.9991270831920178,0.07818485323103852,0.2924876074564608,0.021060894776586035
0.11429834472154576,1.7828963660806265,0.42949948113807035,0.03175740435916524
0.6890268553838572,0.6514156022824626,0.34542231415544083,0.025159644433903467
0.8947970947782964,1.7891337465624995,0.3608758878067434,0.026364739885940236
0.9540419450205657,1.626857425329183,0.12472522177360831,0.0084680431704677
1.9208641045376285,1.464410691689382,0.14176019690848948,0.00971000576932416
0.8722235604642803,0.4489606588896795,0.4005692565711683,0.029476119106086898
0.8904158205910773,0.5923948449829306,0.10782840268740762,0.007247691407098657
0.8978091437627951,1.3192840555561676,0.4239236535937591,0.031316875821703005
1.35757183113757,0.17172973820778115,0.14071169291286809,0.009633251615986793
1.5841889159324216,0.7242879604948425,0.22251997478376345,0.015723361376949376
1.4137583794131678,0.3101857328728568,0.4578740160098393,0.034005205613617855
0.911276617892758,0.8032529397869446,0.4117934886296358,0.030359896864464313
1.7454066780826805,1.7919035841721886,0.3720578215389593,0.0272389581274976
0.754253835046933,0.5802436231156116,0.0843623269947251,0.005575203619140516
1.1742355008540846,0.6592114562926903,0.38532081440623667,0.02827822546649729
0.06826999909823472,1.4185080618028416,0.4805171298545431,0.0358059103213117
0.6200599154581292,0.01896397733856592,0.33088883039390404,0.02402968653562139
1.9024833598471809,0.2916448422296394,0.12978145402485056,0.008835522563848312
0.7479163312388015,1.3818480447207329,0.05824314452537766,0.003751929242541259
0.318882414414438,0.39173999613850086,0.33603105588207605,0.02442910348626636
1.7888540593545754,0.839654953727136,0.4985842327322874,0.037246925683567605
0.10823900788483432,1.021760733317126,0.36266967126582744,0.02650485587626458
0.9755759215880153,0.19882239458847573,0.07199532882450349,0.004706155257453235
1.5119393259434333,0.6894329370455397,0.24748531307402477,0.01761620171844961
0.09421627591749182,0.3812305355088683,0.21687201835036285,0.015297113787703398
1.526751224055061,0.6931030516538517,0.1922040946565211,0.0134446713424881
1.3826203055044066,1.6784174696151215,0.3221543454170526,0.023352229075507294
0.3634067712861415,1.9989957525006339,0.47145475977046974,0.035084502236206835
1.0135565410444076,1.701903299676598,0.1890327430355384,0.013207664388572887
0.9084499951925851,0.4199010560501524,0.17231108517864252,0.011962632536983204
1.00423131794871,0.582699546372075,0.4455925932087013,0.03303106796763119
0.10532870099733227,0.5725369096816681,0.061529121717778246,0.003978645255256208
1.48911285488861,0.5914039797431014,0.17909349333665797,0.01246666379370419
1.9932880788949765,0.03050120595924466,0.2692583564410865,0.019277858916210668
0.31720039653674625,0.9712671682261231,0.48698739727624063,0.03632155037942653
0.8803890446932281,1.0319202245097319,0.1564475515613924,0.010789172799913331
1.3843271099801187,1.3180277799699474,0.31349650502458837,0.02268196588924168
1.551109292658061,1.9021791361820586,0.3277584778701665,0.02378674892081214
1.5568900830564294,0.5469970497269689,0.19215043284465055,0.013440658737499058
0.7930655452476654,0.2641203722232397,0.10684011111207556,0.007176702321969376
1.5286562908952859,1.4739253733909154,0.08873846676830305,0.005884906621868629
0.09942736281590392,0.7911506714508245,0.054726029453262666,0.0035102435872162766
1.0375621899761047,1.60128443803148,0.33547792893978773,0.024386119572680904
1.5089426174945713,0.933580184862012,0.3914194525239063,0.02875693952006798
0.8265475965732763,0.06321602060219833,0.3159520298905891,0.022871936793396882
1.1714058927445343,1.2833886083067612,0.13470685463737753,0.009194444963700844
1.1719395180283294,0.44880265555661136,0.43054382312679,0.031839958564861756
1.7231080880437433,1.7142202596658664,0.349127114315303,0.025448218129187464
1.4046821226675197,1.0132733056279177,0.12951820419541293,0.008816365233146698
1.4595286091700368,0.4594872129633403,0.3828216565121095,0.02808220397147778
0.2989160321322426,1.7417791368815427,0.406447378165981,0.029938742700907076
0.7057626603487497,0.5011162159733418,0.3271304406223519,0.02373802799490168
0.3252384493258964,0.31349542239792605,0.15674128219810624,0.01081082861047186
1.8008920832968103,0.9964400752880591,0.35235488354610284,0.025699807383470132
0.8514516513565016,0.5984675149413279,0.31377169388869924,0.022703250695370776
0.38856721720822174,0.21301556979257263,0.2870513180784248,0.02064270883770134
1.71215784096241,1.8060322402663735,0.48969623788695243,0.03653756890835672
0.530157455392664,0.10895404822157584,0.377825762332353,0.02769061608115583
1.2797609343945007,1.0842973762154264,0.29374385262952696,0.0211576079697355
0.7144066760861052,0.5701102725837055,0.3714650158760717,0.02719256579410994
1.3211693712083057,1.297804016151929,0.42888968287322016,0.03170920680922673
1.4763753214814592,0.6416536545354738,0.4678395131739399,0.03479697715087275
1.9789017534560578,0.32898700666394665,0.0758645902316483,0.004977024153261304
0.704186314244214,0.171601574463788,0.13923096567610052,0.009524924477799582
0.3308690319643133,1.6145367902970476,0.19896556710370372,0.013950877773220884
0.10308688139026256,1.5694739230511614,0.11899067489450467,0.00805250962719619
0.933808608670442,1.8988137717951143,0.4275180138300385,0.03160080941244211
1.9381428997354742,1.2245408162114215,0.3063452108804919,0.022129295793130003
1.7970969490840822,1.6259470034311632,0.23044513481511536,0.016322723995885746
1.5195302482808648,0.5890630804334409,0.34894454359146365,0.025433992391186485
1.9592072435007986,0.4603275299744647,0.09075063143912092,0.00602766648757255
1.0959035270502302,1.5642189330928307,0.35864931257754085,0.02619088453109841
0.3969211470576999,1.5524795632023825,0.26288530364433527,0.01879049046633146
0.9089482012330099,0.8426070597744142,0.09952119392092984,0.0066524203777990855
0.29781227837443924,0.8971436014063126,0.3134915184810268,0.02268158021105759
0.70010474026031,0.7583959715890598,0.06879954034025995,0.0044831871789907055
1.921854905202431,0.4759561635946603,0.1633540820549465,0.011299101082051169
1.7572406822443278,1.3777134839008889,0.30444497869268317,0.021982589837274615
1.9220795675462574,0.6661974402442206,0.1632279292315775,0.011289773329675231
0.3930487673538978,1.3548588813767646,0.45291946381950504,0.03361200081218125
1.8708476676833865,1.9265599500446078,0.37746296574466864,0.02766219323540369
0.8793457459073846,1.1892093193415196,0.2652908127628314,0.018974352988721643
1.2324753687046828,0.977105824922258,0.11277556563486024,0.007603714168208493
0.5610650665826924,1.3696124656821143,0.20140418194021886,0.014133741444341597
1.023157452367621,1.026488622619058,0.3239907603617104,0.023494559624113922
1.8639139617871996,0.40942200165750653,0.45994088196444033,0.03416932389428548
0.4151092120172213,0.4079908051667698,0.25979002462773954,0.018554076996601
0.8205529230380406,0.4918735247600705,0.32487474376833425,0.023563092245824077
0.7365077935931923,0.8260078905328998,0.3934711707815111,0.02891810576620369
1.200883071101958,1.1789322925681405,0.39398425937120235,0.028958418895916004
1.5210352666187652,1.617029104121831,0.08120079958325997,0.005352145357076069
0.21903071042568167,0.5507548349342819,0.47946520629801426,0.03572212365574893
1.3475231818081022,0.3623125375065761,0.252698993466417,0.018013208972421604
0.8731336311566766,1.5449360402556205,0.2385347669264291,0.01693599382397331
0.6798715335935073,1.208116467946359,0.1612419251319077,0.011142993775140641
1.2069437802194536,0.7875390151896684,0.17426460120038587,0.012107669088948498
1.2511552459011062,0.5401886433284206,0.38574225553753944,0.028311289869787516
0.26445189408675907,0.24507960817506946,0.4291620369798106,0.03173073268973434
1.5779944763085492,1.2263132234291314,0.1424386138131814,0.009759689149908614
0.8548202179794313,0.6111805341577241,0.4104823475912017,0.03025657311041125
1.5859384800690364,0.0013302557809955484,0.05756164406047498,0.003705017918199386
0.04867697560017614,0.2767195054973577,0.4812260430187781,0.03586238303868121
1.1335525081054825,0.5263606167797101,0.1338602436008795,0.009132685560366524
0.9972972498327206,1.3167556889051288,0.07556521227816966,0.004956031421860006
0.9302683716734466,1.575370846533579,0.1525415767817753,0.010501466520444262
1.7612223848166206,0.4233676467663494,0.28560167332416203,0.020531286916437828
1.9551684654552686,1.8325993713167368,0.42749625196192154,0.031599089854143676
1.633905185493326,1.3521608093443356,0.3606270614993904,0.026345307358390548
1.7682581531594896,1.436129736573593,0.13553532632169532,0.009254907054450704
1.460391456777264,0.21783145715495333,0.1666150482428016,0.011540388718102429
0.5018996051148061,1.293685331389497,0.08641104451372039,0.005720058445854551
1.1296067410206836,1.2836822959573613,0.23805140039112205,0.016899309298785012
0.4887246989196632,0.8508765975992478,0.36539448798507546,0.026717788156437577
1.6527603985297437,1.9381138465354695,0.3550874820400464,0.025912924831527448
1.0442365139000696,0.7198715873286161,0.341911654297066,0.024886389646606992
0.17101063234150393,1.604576353111652,0.3187526395811294,0.023088729422369406
1.3809847388681726,1.3288570558461883,0.10252832218194197,0.006867521204628896
1.3519785942172893,0.6003759003099849,0.06048746759172895,0.0039066836784725865
0.04443326006838544,1.8029426258371033,0.33157555228586194,0.02408300230376996
1.7249758268948652,0.2130388728890844,0.3779912015696718,0.027703577836963953
1.343131668215135,0.7485437801997961,0.42157214317313346,0.03113120992887375
0.21173423601827457,0.46266780426000276,0.12578030804033824,0.008544641773810981
1.5810086628140017,1.0636574594180859,0.391307252091967,0.028748127647711542
1.530775354618966,0.7434110217422945,0.39416241824334447,0.028972417602452925
0.3330050062543797,0.8040546941512283,0.4738705884387422,0.03527672099946655
1.37530890844645,1.5398747062867526,0.20951444982602319,0.014742993648171505
0.36984074289631774,1.372407419847377,0.10184025982786611,0.006818265006469367
0.7181286808922653,1.0506072780633822,0.057045728420066305,0.003669530137996511
0.031370766819085905,0.17284603439297053,0.3463268249491493,0.02523007882581517
1.521797687963624,0.3674672277382469,0.48151888709756635,0.03588571296089287
0.6875024333942072,0.6405310675479112,0.18988849111395711,0.013271590804243841
0.4451185219455138,1.8402076792791429,0.19714277557975396,0.013814293518998476
0.5632788420786603,0.995965166641231,0.18211995977839168,0.012692002509514324
1.60294685258519,1.4082129694513794,0.1455492528520189,0.009987702598553817
0.14212346554015354,1.5296383310616826,0.38178731770453994,0.028001101386387478
1.7805324689668012,1.7651993486006778,0.3398594559673049,0.024726744794414116
1.8450417244902058,0.9614855535501199,0.4420201237812417,0.032748052327362095
1.6232217035723289,0.013325486368931827,0.35544145960715956,0.025940540111437056
0.0385112744206082,1.699406847949655,0.46732543592217246,0.03475610436493512
1.6289634126642893,0.25107959986443196,0.3972069577875119,0.029211707457416514
1.5750155431789261,1.0718309206238286,0.45824692452804133,0.03403481242353742
1.2805472655683379,1.6589075599286833,0.2832915861969011,0.020353810775746436
0.9439081961477211,0.4059664123764246,0.07534447140507705,0.004940556488233501
0.37117935339883945,0.7212475277597536,0.07513645430182722,0.0049259764110117015
1.2122426871498566,1.4828120315142987,0.11358406782416983,0.007662001857536191
1.966298212944602,1.6808862141085752,0.05059921965243262,0.003228030842625837
0.7099495701574103,0.7082043619671115,0.3085566799558501,0.022300109603683956
1.0937039261194381,1.1587341364284993,0.40410445555819047,0.029754292833509614
1.6787481004286715,0.7405989886399331,0.24570445301180383,0.01748072574753096
0.26583768367974137,0.4672318351017213,0.174358497259606,0.01211464313014553
0.6902139605938293,1.2775950501484221,0.47557361019586575,0.03541226495069312
0.4800100539636203,1.6842620748398143,0.17850652041404325,0.012422990388736479
0.03723095480487193,0.637904824733327,0.47085857348360455,0.035037076287507705
0.7482499250129555,1.6763585721978296,0.45200670507045365,0.033539594425489344
0.3626141644574501,0.6262939904543088,0.3312783973066025,0.02405993082609793
1.7067818641173413,0.16692952615751455,0.29571472699510787,0.02130939502464103
0.14851670659634375,0.24821443705534474,0.36534604515796504,0.026714001606318344
1.1537057880604302,0.5749549733703048,0.44879166621273076,0.03328463560614981
0.5479927689996253,0.16084149618640242,0.33760804802310757,0.024551679517297895
1.4609553218020492,1.4738768012312267,0.06615312706701068,0.004299087526844502
0.8417121098474551,0.6955224829851605,0.1770572820107813,0.012315203078273643
1.46942219200344,1.6188989191905636,0.31423898428757413,0.022739396770650157
0.07572711689936917,0.885477551325067,0.40239691150132745,0.029619910487722525
0.30574271703214295,0.11553622509020212,0.4136941120225407,0.03050971474274057
1.6500976121194935,1.4320890411316183,0.3612245638810846,0.026391971911787902
0.8591061765786066,1.0805777798396747,0.37109858140388363,0.02716389158074501
1.3764528747984301,1.2122532534067194,0.402643990273717,0.02963935295788603
0.5784551288492807,1.187732862911029,0.15303016181002443,0.010537427169442335
0.374584909616948,0.26229879004352274,0.35537190823965525,0.02593511396665837
0.3711829688922934,0.12758866317741768,0.26342979681616946,0.018832098094882736
1.0091716763899934,1.0637514253177178,0.22755415463702283,0.016103918025228977
0.028655635571369853,0.902786988213425,0.3751989894573994,0.027484867488550637
1.2585666609444444,1.6922534958284394,0.059143184035679294,0.003813941776607601
0.9921445697535687,1.7304317280753532,0.34064037103995154,0.024787486013072117
0.5989070869716981,1.914489681463149,0.48763984420297135,0.036373572687401164
1.1792353626783407,0.25574471309247837,0.24658272538090475,0.017547530421939222
0.24218648313233038,1.747561424929925,0.20571098314631847,0.014457066504005717
1.8525534670236128,0.7776701203478564,0.37505950163310403,0.027473944526570815
1.5084738800607564,0.934202907885838,0.32853385022917975,0.02384690847267414
1.9112413790827445,0.9229726827823219,0.09129929802946687,0.006066631622772381
0.787109708261891,1.0872673900660377,0.40571278158185897,0.029880902639522842
0.008204661793957957,0.8518987088709682,0.47422046881505114,0.03530456533164683
1.127788915110817,1.9382288112422772,0.12687657370964547,0.008624276949573836
0.6029825576604646,0.5309390011553832,0.2995312677901463,0.02160352436126769
0.7642816733416369,1.1133810145838845,0.3305483624152969,0.02400325608584732
1.1573591800071088,1.9736263346291176,0.46166171027786146,0.03430600409557418
1.5398067073606823,1.361663149355158,0.1410743875944271,0.009659797683587028
0.9803474891129205,0.949847289736031,0.3389137698560025,0.024653200230895803
0.20621453359492126,1.200331981091145,0.3477178898468996,0.02533842602163184
1.6884595571870333,1.61536558171894,0.09588205402083348,0.006392711975932395
0.0076182641255151395,1.1447418038643853,0.4469481373777481,0.033138496975746765
0.7797938116804102,0.6988008311736049,0.3228824586961802,0.023408654501213284
0.8424995369141028,1.5441366558930705,0.17974771362941067,0.012515352341727001
0.720578391346377,0.7933608446499507,0.3061826074042176,0.022116739655264946
0.23249604662868983,1.038445400890703,0.4814546978736317,0.03588059913326419
1.7842499659227504,1.8756480527749124,0.3482662497146555,0.02538114487461576
1.6330965129856048,0.6642512329722521,0.18368408530797464,0.012808562696319983
1.5387373925422028,0.3310392583138193,0.21219418402179974,0.014944659312300452
0.9688668787308683,0.8412172966094613,0.3353202019492239,0.024373863384444517
1.420824765247663,1.9881608696829438,0.37800961479145206,0.027705020491643393
0.061870771961477056,0.2537732539579092,0.30120649723535353,0.02173271114637076
1.2324654552660808,0.1692569016343941,0.2618086984109371,0.018708238828167526
0.7421352556673042,1.7124246574747695,0.22003185403327263,0.015535491392126139
1.8547743657008962,0.8842419716351204,0.28093803278514845,0.02017309793956348
0.5035555292258329,0.6575248817149904,0.36256495877928946,0.02649667525927551
1.1517877143282644,0.019904999183472327,0.22467027865297123,0.01588584076250295
0.5610041991757915,1.7579264834093888,0.4292188786776547,0.03173522537022649
0.6580729710598998,0.8733313675188519,0.21251877194776397,0.014969098429650444
0.14801663828502054,0.918501840404744,0.21508155251216382,0.015162147381034313
1.0797625690345258,1.4037281794318126,0.28051414492595483,0.020140561642483713
0.09592603117861831,0.8687371897158958,0.29479694542280815,0.02123870328712362
0.8489489323963983,0.8124951072287914,0.06667088733960125,0.004335066545000584
0.34710959550678444,1.582760084296452,0.15323063206210844,0.01055218439820999
1.54806424413305,0.9515561068578329,0.08403978829616868,0.005552420438107531
1.1048287886306682,1.7261668001273884,0.19344630741640145,0.013537580362139517
1.978654469374142,1.3109549670538116,0.0941807076243201,0.00627152642631617
0.9318441406679296,1.9867072789141211,0.3700305450766015,0.027080326803225835
0.04737662037534163,1.9468627658448938,0.41151077266982206,0.03033761566539496
0.021812089146061808,1.1377488035234313,0.3206809938173079,0.023238078047935266
0.9354014445893772,0.8409626232686411,0.4302273318899713,0.03181493878357203
1.6759522417075587,1.4139019587673665,0.18841745059974008,0.013161712914446082
1.754130351320085,1.9778864200698514,0.44302403899093384,0.032827567897538726
1.099702487224163,0.8473453381222933,0.3850533719448382,0.02825724441028587
0.3670935132424955,0.8350829732269434,0.08766465514761335,0.005808812444198376
0.1347032418312648,0.03939329697118188,0.48687608843767405,0.03631267574264799
0.27456523971161806,0.13116566730655266,0.31795972787394355,0.023027337465308002
1.13636570569976,0.30445891469017705,0.40537853764900084,0.02985458760686153
1.8179053786933879,1.3253072135200645,0.26823439454221093,0.019199498982703924
0.5230833683820668,0.9966045422516472,0.47352768036210535,0.03524943291626051
1.516354124370084,0.27192492358325104,0.12968876448166605,0.008828777014119167
0.6533641831308428,1.3473889239623225,0.16003453097000392,0.011053819781169334
1.0732657094712474,1.0982495131631067,0.2559769932842573,0.018263109829567675
1.6847189866421306,0.5168059428524168,0.2501999993369399,0.017822846269618775
0.49201865149937896,1.815728642329885,0.10011527604237094,0.00669488014042049
0.7236629875998617,1.8102944979903162,0.41632758658470054,0.030717378554337208
0.7019831119472233,1.1925799822434584,0.30192215484346585,0.02178791484061008
0.22278913851871418,1.792683529415445,0.3621361640889519,0.026463177563638265
0.8595092984258879,1.1065942295579048,0.10419947933041987,0.006987248749982729
0.8545979077105568,0.7308924955959155,0.19902956728742438,0.013955674968025012
0.44655878623654854,1.1659111230597206,0.06577413970325319,0.004272764104917466
1.531287022455945,1.2758386611072416,0.13477244878460048,0.00919923110936598
0.8461968934629123,0.4571547738098567,0.23964960605501634,0.017020622749599434
0.024822280644172245,1.5320955093220059,0.20639355367689932,0.01450835235898999
0.29158588118031514,0.9584166538725376,0.10524835290483228,0.00706246156278056
1.2341295908506804,0.5527567031711997,0.2091544047929531,0.014715911664979646
0.408622639587759,1.2624100953519766,0.12834211295767686,0.00873081109564057
0.9042598575855123,0.6654860964741396,0.17611198094444913,0.012244928944190336
1.1736854105418428,0.7999881221121039,0.4290211104271014,0.03171959424855949
0.7780411658798034,1.2434175645455263,0.303785045320081,0.02193165495157135
1.1224458421312324,0.9068260957862182,0.47380250285875725,0.03527130274809445
0.6427286929312892,0.897193088161006,0.4959072778955241,0.0370331835926734
1.2512031441082287,0.44715946219334923,0.38786962667236585,0.028478231977207332
1.0021984596952165,0.14874609819381224,0.27413417917880273,0.019651268057439043
1.0861061112515584,0.07177991696227348,0.42132008543053395,0.03111131268688233
0.6186578529824163,1.6488578489705537,0.17802892648689034,0.012387462578274807
1.4268710048009672,0.84156875070528,0.4055403712888759,0.02986732858624277
0.014366665082403252,0.5321028166757233,0.09339522049633617,0.006215627588377029
1.6348474849831947,0.9780527404372505,0.3538411772610767,0.02581571047873049
0.5608120358438968,1.2340114107949942,0.16949524530393983,0.011753773613830716
1.150238400510529,1.43400863834878,0.4876803873866248,0.036376805522675595
1.1606263423460805,0.9436850244004227,0.3081182126886133,0.022266235670530956
1.4623127098655595,1.9077345987084946,0.14383580715174688,0.009862062981857782
0.005795374212888671,0.5199009366051359,0.19627060030177795,0.013748971002490997
1.218742293626605,1.0034360297530247,0.17650131097970873,0.012273868781193319
0.027748323367548178,0.017483843629823692,0.3496211460929378,0.025486715190798967
0.08529419774276015,1.4029676024850164,0.18262989917159456,0.012729996139277144
1.2310789184065942,0.0038782084585002874,0.32120851070879713,0.023278944383319088
0.42527881092546393,1.4809495488720696,0.2723862059160981,0.019517348456842894
1.8101530955317378,1.828136841093389,0.359036115679715,0.026221081543019494
1.0410786569124788,0.647604351786069,0.1532034692970583,0.010550184785884743
1.6307153561801158,0.9208741891273378,0.43291970919364137,0.032027821446583254
0.011523199123613548,1.3472288419275396,0.4509761334498593,0.03345785442677958
1.890078247088341,1.7801785453507601,0.40511203346896113,0.029833606799181622
1.10413274162544,1.7659697830077044,0.1972723666472766,0.013824001086796843
1.4880122414064612,1.587137330799063,0.43050374301722105,0.031836790016490826
1.9764015498338912,1.9193566493747134,0.43506768012748775,0.03219772417997999
1.0941643894163273,0.03518344219612657,0.15877647657951333,0.01096095357325551
1.6525148196811075,1.0959151774582125,0.186974066743411,0.013053958326464917
1.3795463212417216,0.863328668625057,0.40289175886190853,0.029658850535898264
1.834716641816338,1.9454125208533801,0.27573213707400096,0.019773745920969202
1.2539759663796568,1.1816906921398962,0.47230831909042603,0.035152409122783196
0.48838965081527785,0.31476236871979846,0.38449507696780305,0.028213449003128357
1.6895634663474717,0.3216190232426748,0.4123945842192406,0.030407273468136656
0.6939551746679955,0.6544322434770125,0.24530936555205135,0.017450679289946328
1.8891395293514721,0.062468107879599666,0.1068785212981701,0.007179460486087199
0.28701913650501965,0.4598967234961755,0.4549750021690658,0.03377509728492685
0.5537392082856245,1.3024577008318434,0.09766372192484696,0.006519777872735991
0.1645053165246939,0.2287524643111618,0.4093937379177402,0.03017080311704109
1.0989262013754462,0.36258006538101006,0.06198259565146372,0.004009999381098179
0.38340152738344835,0.6200572470039767,0.17188714565012136,0.01193117256948669
0.8110664711204809,1.3791660844703404,0.4108248444309128,0.030283561192615917
0.9414213720120947,1.8883163778232526,0.23111560067984277,0.016373495849749033
1.1915147460281286,1.8355071774706315,0.4521766629567109,0.033553075906022294
0.09190391528000408,1.2971789159554907,0.0990825748800672,0.006621082963220679
0.7324750314884447,1.1086629847413052,0.0703472892651409,0.004591085369856189
1.31606232221022,1.7356836981332857,0.07812339751449981,0.0051355971886219015
1.436641297110795,0.48708131624004336,0.3040699969040795,0.02195364710944677
0.38061738539245704,1.804942620862676,0.30367775639757294,0.021923374913940575
1.024590459161276,0.525428141520395,0.36801649599995023,0.026922789871859896
1.4233572703664978,1.7665018189790096,0.1866672227218078,0.013031058530285014
1.9494453769777946,1.2668593843758738,0.2446863198301965,0.01740330336032869
1.9930331728750912,0.7537627368944193,0.4350087580276905,0.032193062716942424
0.050634102101781986,1.2235865985451306,0.3723527840187854,0.027262043474642422
1.9439511873847355,1.969858537998686,0.4293269729305532,0.03174376908721087
0.9704843428121162,0.3613232884083606,0.29297476887691537,0.02109839595230285
1.3679549460500493,0.3105573639427228,0.09679324243841458,0.006457676408815099
0.22247965980555473,1.743477895205853,0.22251685976412477,0.01572312608087664
0.522494652807272,0.8782611201288966,0.47611371283034576,0.03545525886318864
1.5414085932258568,1.7115887533477496,0.38891496562389516,0.028560286483172246
0.28951295198947524,0.8425584164915665,0.2137165989978258,0.015059308383916864
0.06868602563622273,1.3636354702851925,0.08331612566495614,0.0055013250312301995
0.6553891357510899,0.2466112165671035,0.46716954268503014,0.03474371036028673
0.687147885910693,1.2737617634199354,0.34963468297497424,0.02548777009519805
0.24786373971720854,0.23428298976159656,0.1724152586619149,0.01197036392540631
1.8335085077233721,0.13799239361047744,0.2252933581012797,0.01593294144802484
0.8296685838007631,1.8129032807061722,0.2673241233025406,0.019129856690905972
0.4456642611741668,0.9516616481336542,0.060937437875480435,0.0039377589959815286
1.3429525907880986,1.2328055272601657,0.152553606674902,0.010502351844728076
1.7381817687611572,1.83447837401177,0.23191844557107644,0.016434305638464552
0.201753558753061,1.7735549520945442,0.13847933178622562,0.0094699667543064
1.2653167069962163,0.8829637141173694,0.05619422798076243,0.0036110073293544693
1.3139933112270343,0.6706466817256418,0.3570081396435803,0.026062786177291658
1.0807237521783057,1.6684106097029578,0.26694059529143965,0.01910051893759077
1.3100512383623224,0.6305843052344602,0.14409335105969562,0.00988094100680821
1.9723030758601816,0.31304160337649667,0.16981877528797884,0.0117777586636614
0.6471830437057029,0.3617734017495544,0.4658679478551236,0.034640240607426064
0.3455615003233612,0.7173004157441172,0.057720431570488916,0.0037159447047999416
1.1830980132948166,0.8782722520505,0.3316736463107809,0.02409061875766515
1.7725580680172695,1.6462180366040442,0.4518564249178902,0.03352767412289824
0.670576605805939,0.5147259050188524,0.3839727025732191,0.028172475356476864
1.862906104595172,0.4472129189980989,0.12512284650752925,0.008496905248191145
1.227237730131764,1.1992975069434935,0.3872684182518882,0.028431046671301377
1.7174249718840746,1.9693343389233111,0.13071937198463685,0.008903798896934744
1.492143610332814,1.3551774556803131,0.4458796986354442,0.033053819644497495
0.9701826283921899,1.307169153802454,0.09287646266064675,0.006178728185869606
0.1014152614639614,1.6602866553503448,0.16478631102475838,0.011405035004350118
1.5792064736375497,0.07320085503383233,0.2841241840670891,0.020417764972806486
0.6191103660903361,1.6852997499663012,0.24031711064397265,0.01707130692469814
0.48316660467387096,0.3983841721193664,0.0841929859819131,0.0055632411192874575
0.20759933774365158,0.8223209379248131,0.3538499069742255,0.025816391332362874
0.657525025047565,1.292226655234647,0.16082076512564303,0.01111188309020482
1.593321157331242,1.1214460551052174,0.4271036150699995,0.0315680658888911
1.993499336671382,0.7087315664615623,0.1294041249762483,0.008808064244816912
1.8698914030066545,0.18369906847112238,0.3130288973298205,0.022645801179468853
0.7851999184995788,0.06025034025896803,0.2572594666131145,0.018360940445758093
0.12377494918605159,0.12854887183722052,0.3583482191719175,0.026167380273935545
1.6669328240884826,0.8073530471585646,0.35411718369862855,0.02583723751842855
0.9915576736274958,1.5583042729455794,0.08460487328381713,0.005592340333562241
0.4492256573796265,1.7862378826481486,0.13605536226014292,0.009292872459315194
1.0510811368256199,0.09914916312782274,0.48341421790680356,0.03603673136620708
0.5933164184873305,1.376062590867936,0.30033781300116424,0.021665715595217325
1.2353091920960038,0.36764625625476444,0.21934231098801515,0.015483452083126195
1.9632762771343193,0.7313918106588198,0.3083529546347661,0.022284370323519695
1.550435487241429,0.579307718493451,0.30947162929087446,0.022370805007822993
1.5694423751010245,0.7492793396983151,0.11136045728337493,0.007501763663112438
0.9522773344032007,0.6270844833990332,0.1959576816344908,0.013725539495453569
0.027524971812894927,0.7469208727466339,0.23865001186515222,0.01694474095845641
0.9988631771247405,0.6765461737186023,0.08862923304810283,0.005877163008974892
1.1941800768607034,1.5633533893173688,0.06269078163040485,0.004058996453271347
1.2011235773012319,0.9654963250805968,0.12448601199982201,0.008450682893488612
1.3370871721635202,1.3463378354386417,0.3716735025526193,0.027208881155152385
1.4507878652546953,0.9424885044666547,0.4573490728182609,0.03396353093733393
1.5046510124001373,0.24534060379532652,0.4284420478452118,0.03167382940984992
1.0989179416246406,0.48215601712456047,0.18100872254355993,0.012609233932597854
1.3776442714392194,1.4232280998378803,0.27175348154127227,0.01946888737051069
1.853139793218666,1.6968738786495527,0.2965923621490537,0.02137700866311733
1.654694456389032,0.7560118105857678,0.40217837787049643,0.02960271490288719
1.518645493983648,1.2001547049363435,0.424512547012481,0.031363383642582114
0.45172658445530534,0.6408638219000609,0.05337227086677717,0.003417499001605365
0.39011538623524444,0.09395165705063735,0.11036964206312289,0.0074304341851034175
1.9568860636710614,1.180122633582788,0.0782960322870684,0.005147729649453976
1.1441505379519572,0.806746261716593,0.14055067167012267,0.009621467786676424
1.3286112774487577,1.1145305368006424,0.25171322278785185,0.017938101585455016
0.15078432719031332,0.048215671585496,0.48928579781725684,0.036504832745230226
1.80807707593233,0.42620132688605894,0.4755375734890045,0.03540939643239642
0.4981377902175481,1.958039884652155,0.4294929397025362,0.03175688730874182
0.49646765901177736,0.29421496335587216,0.4668492261107644,0.03471824507677658
0.406928145498628,1.0371934814979775,0.4712872591701209,0.035071177333585196
0.308036891343374,1.0969027774648688,0.48675362755810675,0.036302912117071776
0.8495111895978467,0.04951259306086819,0.16812702777765867,0.01165237514744744
1.0932723894976386,1.7041011620189312,0.17140546378420793,0.011895434120293298
0.8841537546640228,0.973882441222883,0.296225252738387,0.02134872461026561
1.5956174507633716,1.6396055816718167,0.19054126972933466,0.013320368290240733
1.0892931015240817,0.9896300732311893,0.4361802830396277,0.032285752930132576
0.7389497420250566,0.7039609448471078,0.2062348227084197,0.0144964248483929
0.7267846880623852,1.0518451599487033,0.2483204039551143,0.017679753070150905
1.6389083368359798,1.6617868540462433,0.4666607505263799,0.03470326176297248
1.338077869123099,0.29122860747974477,0.12623453276096136,0.008577631880636318
1.5032899744026187,1.2233038670162784,0.296879198177242,0.021399109710795963
0.15205328191192757,1.3934648989064504,0.41811034077198567,0.030858009922155868
0.953502603475817,0.025804132771697352,0.20532428226609145,0.014428016420723958
0.665595196683741,0.25377416250941054,0.27683757141341786,0.019858502263872743
0.7618748982766956,0.6136576356000614,0.3344434761509251,0.02430574459263844
0.1827473605977843,0.5938435689387189,0.3593181733212694,0.026243102683501187
0.490474708788482,0.2592544372188239,0.24813208433187572,0.01766542044623926
0.4052071721222308,1.2629724194792629,0.36748410528107356,0.026881156721875805
1.9762906346850755,0.6434343178057653,0.31395610422188086,0.022717514850207995
1.628881839748016,0.0900112017410244,0.12993576451182592,0.008846753360397492
1.0185939922681897,1.446810260383755,0.11654260114500915,0.007875535340753416
1.1434353186581747,0.09916921446327387,0.0684766238538116,0.004460696693757014
1.6477369879918233,1.1368257381362439,0.06032036685754381,0.003895147619183006
1.401405335508074,0.7010813010468095,0.09325357330262087,0.006205550773538055
0.6869088893881863,0.06273053092991021,0.24818437135148397,0.01766939982982683
1.1185566979977697,1.2805157997883019,0.42670735897218837,0.031536757949426765
1.4504783141071067,0.9992445363179168,0.392549045638612,0.028845663946304657
1.0407481295076553,0.26967258116925885,0.1448802499697164,0.009938635277975052
0.7585860952970949,0.5911401153051914,0.46667206106777565,0.034704160909523704
0.3623038208962259,1.577512214145187,0.1569356070240704,0.010825157091339216
0.15804679382438502,1.6636734067263572,0.31530268654202254,0.022821690609943105
0.13878873784928847,1.1721350151765135,0.07093384245174941,0.004632018758058351
1.956349214072264,0.08749067029157787,0.27285561273689607,0.01955330588428476
1.0678291424816484,0.3550443085446091,0.05406800447330975,0.003465142965420706
1.9811839724402334,0.5509741712328422,0.14923358876471246,0.010258203497839055
1.4600965131599786,1.1230087306355414,0.28119281037505095,0.020192655495189293
1.54421471263893,0.3657093752937217,0.23998563018185137,0.017046136123397813
0.903460630040406,1.803793923844772,0.10594108847473932,0.007112164767104482
0.9788453434123527,0.412819146124658,0.26616047830243217,0.019040853318149826
1.3328023564574107,0.5325558822377356,0.17404478495534076,0.012091343458978988
0.9051383611801647,0.8980109473942492,0.2420595429087844,0.017203656961216143
0.9187778111280431,0.8358615411141341,0.47620643812310354,0.03546264043428018
1.2733935363382194,0.5763958018206476,0.12248031779559336,0.008305213715122283
0.17194175798592815,0.477914289615605,0.24314818633776691,0.017286380520569137
1.1055111688867414,0.44149888026378803,0.49182217176170206,0.03670716088096797
0.49791362348823043,1.3660889110043086,0.4240582438234405,0.03132750468390492
0.23149386109956938,1.3189662508870876,0.4527779183801326,0.03360077178110005
1.1087939344441826,1.3322367922942087,0.11598627293909856,0.00783535325034938
0.47434361075203246,1.8615100437521415,0.37079588736640473,0.027140206654259664
1.9655845067337474,1.8685475548338988,0.17898944917446286,0.01245892172258965
1.282827402766354,1.653069980343271,0.25086348256624996,0.01787337485153693
0.4449711482195875,0.6114235229425542,0.23462062324521177,0.016639082832203715
0.6866243230731093,0.8103547010149947,0.28821217684978506,0.020731962233172738
1.8990410026172109,1.1148788991264171,0.23090542706291634,0.016357579098618815
0.6013182662534491,0.9944330003958473,0.357718164431409,0.02611820071549679
1.7517074103281758,1.407056412442531,0.07302505437733231,0.0047781456312072385
0.5717535899696935,1.6482616437472026,0.4018881530595959,0.029579879206947005
0.5221436261072285,1.6871662396542328,0.10216180233796207,0.006841280364703358
1.0066048707700654,0.2827003111216353,0.4198195084410299,0.030992875322757286
1.1960464489277256,1.0255701604002667,0.48341854006734125,0.0360370757991686
1.3996171097662902,1.61166078235806,0.2627503528885183,0.018780179078025594
0.5914782425693479,0.7490121726433108,0.2509648701754924,0.017881096993102544
1.2499301910340115,0.6456197238593062,0.43103494061229,0.031878785697359406
1.7761157642406897,0.40513881580117705,0.39481774806159264,0.029023913431508005
0.3315218521325347,0.8686769505064864,0.31158105272045883,0.022533848753010864
0.1439828521779476,0.4433155956056909,0.35580832605468743,0.025969162909710856
1.8896137546275513,0.7279913406687708,0.3388555462557377,0.02464867273279986
0.16666803240905304,0.31664151149687925,0.4064198705393372,0.02993657669795744
1.9477995849390661,0.7073106899710988,0.2196551935400765,0.015507063703549361
0.9152914224796966,0.44201279521738646,0.2616213015799798,0.018693924266486077
1.101138557265255,1.8788029062170069,0.4208425016738459,0.031073614849692188
0.41666807083630064,0.7612193668290153,0.24684029691308162,0.017567125390354706
1.8258529412010558,1.961277856256728,0.16045913694710429,0.011085174449120355
1.5344092289593356,0.2282673080106583,0.42879713437594547,0.03170189232643482
1.8811735142426564,1.1726202310874314,0.3952173059535493,0.029055313592831124
1.5428386450562377,1.7923098988104507,0.11412899518295505,0.007701303701111236
1.9661841165804361,1.68395376484618,0.39635907886429966,0.029145054467657864
0.9413342087220857,1.692655614345638,0.10081750794352337,0.006745091915152134
0.9018280226957249,1.8177341631569788,0.2175602098067081,0.01534901057267288
0.6112679295466203,1.583184848383211,0.4552140140957513,0.033794064965209626
1.3760260531242057,1.2464102372825596,0.29512375904081795,0.021263874229356793
1.607061748492658,0.16635511743031928,0.20171727548707347,0.014157230402825391
1.4978791458381384,1.199157983826406,0.21439933315705967,0.015110741628858625
0.24886288712622573,0.12592340717979233,0.21193017102678086,0.01492478295010073
0.6918850995732839,1.1669731256501181,0.06219112774840549,0.004024423042386727
1.3421539825738162,0.544393538018227,0.4054687654692933,0.029861691097795937
0.8975821785297389,0.2842404125105431,0.20197907853757502,0.014176873368247217
0.7456320433625179,0.37856336613973385,0.1701195979007108,0.011800063120768473
1.0643376096152388,1.0740263836296664,0.4823295164180222,0.03595029823034229
0.3630842728399817,1.1077419665991761,0.08758554647175752,0.005803209050710983
0.763761751204151,1.3214225749212518,0.24582525968193147,0.01748991377778242
0.41827368602875126,1.8392673964442154,0.35520188752604276,0.025921849877367537
1.0569564948457377,0.487314244074208,0.32715793269552473,0.023740160598484928
1.4774373867352768,0.123193581799931,0.11001960556339789,0.007405245353278477
1.549731939079377,0.4779296780812645,0.4186075964570515,0.030897242990998282
0.9260372853392929,1.530677590349159,0.3654100323171236,0.026719003191799796
0.7137729816372842,1.65093953789152,0.35164080314747903,0.02564413446280859
0.44545482808297887,0.16127926705330875,0.12235453952231501,0.00829609670473356
1.5687808791404492,1.4142307191474939,0.16873611919567016,0.011697507848475812
0.5160799771856013,0.3148444200998719,0.24150995686414684,0.017161904899774674
1.8260701547871423,1.520292538262882,0.2022533589602309,0.014197454389749006
1.9177940591842806,1.9942384282823888,0.379581966259261,0.027828230277703935
1.8049893226522373,1.4324009052755449,0.07943497566188681,0.005227818624748915
1.6753618323455493,0.3128638617662669,0.23344260052269172,0.016549789461289214
0.21899292815958393,1.4456924127303672,0.07199065853153283,0.004705828908075289
0.058091094715880365,1.418288476160537,0.2584282184942184,0.018450125391798102
1.465307125585046,0.9246372699923413,0.26328229395164143,0.01882082602741884
1.5905888927378697,1.5073865836613174,0.11336530250253357,0.0076462274831798445
1.3411330058429711,1.7573742939490906,0.213817478979828,0.015066907385677404
0.20233364121942055,1.2604652067897755,0.1459487045638655,0.010017007394182357
1.9902228067768193,0.14346060686361684,0.06216675803608612,0.004022737275842921
1.321548776919777,0.7325852152616705,0.3730614670410749,0.027317513968641953
0.6080745195830359,1.6919295376949735,0.36562899844501867,0.026736119236245172
1.2078744361818434,1.9485794335882838,0.40682191245985255,0.029968235251209854
0.5193093891719094,1.2838649925756622,0.47332083323417656,0.03523297300771241
1.23278857894602,0.9996840169454011,0.21244966042643915,0.014963894617250636
0.910246711261091,0.9216412486400558,0.055635048341882196,0.0035726086637913558
0.8563513418351902,1.064794781346323,0.44722228737879277,0.033160226530154636
0.06317342161186912,1.3582722045751832,0.20175477424525656,0.014160043809947509
0.6433671013027877,0.26740818097695884,0.39658004148690906,0.029162423712344454
1.3257481315827222,0.16016496600884977,0.4323620826410092,0.03198372314289447
0.018193179142316662,1.1343411375372254,0.22173321174866756,0.015663939685632677
1.168681334082624,0.7198103512591227,0.48304183336108697,0.03600705684076581
1.2912451561658322,0.5305395732003235,0.2557550158675807,0.01824618020611536
0.2555509429456071,1.3980259429244681,0.39136038200593426,0.02875230028389648
0.3682664837770342,0.45162545964462164,0.47113028249336025,0.03505868992014151
1.7497601969280243,1.1758199134356273,0.22460372798191802,0.015880810504201016
1.8831360663177603,0.6501214212586068,0.29892137831544857,0.021556504563411256
1.714197107923133,0.5756147393654982,0.3036685610308446,0.021922665269614734
0.4727200644721765,1.3140723595466324,0.18584414586021314,0.012969645070234744
0.67781953433917,1.1348942685245333,0.08539782678376728,0.005648388787730489
0.8115709391545809,1.6338290780071814,0.22485867568807394,0.015900081382925067
1.9325403638488685,0.23431531857864685,0.27037941451261394,0.019363672831985205
1.3188873622569615,1.4629270827666943,0.06879465600363155,0.004482846940405115
0.11762793613340716,1.8182597396793496,0.4746872040888846,0.03534171146766502
1.4364055912100135,0.42273696004418926,0.26928250387700725,0.01927970707668604
0.4296819072555951,0.16138160968716853,0.22501133108632276,0.01591162095595966
1.7386231415491646,0.690009567245325,0.3438694426986091,0.02503875179296333
0.03715270840137297,0.9246991545131282,0.05487734792456789,0.0035206201700287427
1.1323188155974564,1.9391966746052842,0.10495718545126867,0.007041577267045746
1.679286034069325,1.3281021565175415,0.3102171149428181,0.022428417124270374
1.8133625980517512,0.29479453985752,0.48887659690085533,0.036472197301524414
1.686623241554515,1.2456719638771252,0.19251362288919693,0.013467818072414402
1.6676841857473261,1.3052178460946693,0.3443849220230903,0.02507887822046559
1.7474666493310225,0.9324017302274861,0.20611550730432943,0.014487459555912914
1.6317697342389863,0.9301401630277835,0.4422837902804202,0.03276893494937991
1.0238060023744244,0.8205363333601445,0.12223377943125334,0.008287344044636909
1.4647974042589433,1.2463771885069188,0.24266301476174396,0.017249510262911844
0.866809462376243,0.08437159606029732,0.32398205772440214,0.023493884998430536
1.4224396806246111,0.4558359356823485,0.3610932289482771,0.026381714280644713
0.7402338547624172,0.50730291266097,0.3682123513897644,0.026938106881332517
1.6207825022956222,1.645715728370189,0.16708588347336917,0.01157525415991043
0.3830243402587359,1.2790446893149687,0.23442801163340776,0.016624480875155882
1.2014937752170205,1.6218376665120222,0.44945375518764324,0.03333713027226837
1.7360294930102709,1.8142608810204446,0.4648102160550163,0.03455617133458898
1.8290154492487947,0.09709838404168192,0.40576375524810526,0.029884915928952104
1.33033537024765,0.7378090976888365,0.15011591065912672,0.010323051694464118
0.806435543376621,1.2946385534241207,0.11633828689659598,0.00786077673081297
0.0933651264065185,0.9462222960393327,0.32221056675240456,0.023356585656827248
1.419817919582428,0.6268704519562474,0.2391662017019937,0.016983923537055336
0.29628370074314714,0.37665069989757227,0.3336532147736899,0.02424435436665537
1.3640894512456356,1.2248578489816817,0.30474477905895264,0.022005731505092906
1.8795564059312144,1.0048985685122231,0.491227160691527,0.03665968999806689
1.7175287921229578,0.6760843424065781,0.3592361052832802,0.0262366952467161
1.3637358834829787,1.7141897765412817,0.135976849337953,0.009287139953384174
1.2044202973140459,1.9677006776306796,0.09766795277237977,0.006520079802034395
0.9964703306328515,1.40579564398903,0.23201584195233665,0.01644168371040904
0.40401653705218954,0.5441570632928479,0.4270342573028572,0.031562585831556834
1.821104750200263,0.0533225247778526,0.21140031851302254,0.014884897871789043
0.8325334551863997,1.9573303850780917,0.40574868204806186,0.029883729173054104
0.126385464374009,0.2842311868078409,0.2008409018091485,0.014091489290434675
1.153620617949705,1.4712605553979352,0.23508742009346256,0.01667447430294586
0.034040393165742255,0.08911439287309109,0.45699455135883815,0.033935387726279305
0.5740516737539045,1.8205129477305686,0.08614155532862934,0.005700990518783182
0.7135898978542599,0.5378713200514444,0.30041767132797265,0.02167187395303925
1.6974005641489283,1.2366029343265477,0.17308331403525473,0.012019952292129862
1.9054072604135996,0.42817072280514745,0.437721474647169,0.03240771705661608
0.36064530413704454,1.2735195850080339,0.4542622862921699,0.03371854114913937
1.0118676973400782,0.9349260714685541,0.291105260814232,0.020954506666836528
1.3437705917776872,0.2633948104357595,0.3844615429567631,0.02821081856980101
0.7718646517021788,1.2151393043521355,0.1571247174000776,0.01083910226179229
0.5477836290640976,1.3250938051428507,0.2836243884970633,0.020379372707795017
1.0628807113500278,1.1563722491192765,0.37847075191518,0.02774115163390494
0.005562241950306079,1.3632540780221127,0.28907791418168677,0.020798541176230416
0.4932115806031683,1.7811526636738475,0.29450170107083196,0.021215965441624227
1.5146401128028961,1.856838192748538,0.4040908938696963,0.0297532253849366
0.3351180013508859,1.0468617701289031,0.15734362998107534,0.010855246520049627
0.12039349458310245,0.6508627031060163,0.48264449214673966,0.0359753953126402
0.407598329737473,1.7902627765065575,0.3810761944816344,0.02794535095168713
1.2029278328656077,1.6571214589094998,0.181376443086869,0.012636619088339776
1.0108872062068315,0.8637839823634565,0.4769853991475064,0.03552465500405946
1.5282246935654624,1.2056188450947642,0.3135127872610962,0.02268322522209014
1.052505440702698,1.0774285947611495,0.19680983005640046,0.013789354843773319
1.7329626080384692,0.6687523497688062,0.2713709028115865,0.019439589001896927
1.3758274740603447,0.7951958886605268,0.45236583217664367,0.033568081688285116
1.1257105612440417,1.644846301360536,0.1754752320174277,0.01219760738377483
0.06263533737174765,0.8587369415320418,0.3785975097858376,0.027751083933731307
1.4571285473872961,0.7761498178920927,0.42357300688402005,0.031289185636695714
0.0438083000014704,0.2442531468146909,0.2170756067650907,0.015312465287206763
1.027546066839802,1.0438129135213121,0.3759736133044743,0.02754553154796029
0.1714171303463965,1.9828676463577275,0.279383113357336,0.020053763835640247
0.6206613857271244,0.5611536940751343,0.22442979892656117,0.015867664494725053
0.8829373527618363,1.7951753561241846,0.07190762325709867,0.004700026837205546
1.5397335491293662,0.23052261749076486,0.405911353497223,0.02989653691949353
0.7521093476204002,1.112616698192205,0.48186625378447384,0.03591338778889345
1.2073828705852343,1.3186792929934452,0.4485786795860569,0.03326774979407658
0.3293450536771019,0.8072244053319668,0.4613552981435115,0.034281664127880675
1.665082610750019,1.5452308054286563,0.46103351577785623,0.03425610442059279
1.1554689410427939,1.824518269565112,0.3214154096921001,0.023294973956174053
0.12450510080402966,0.023693569092583466,0.34221232031433235,0.02490978465547986
0.3920428361235988,1.9611272464172935,0.24502076533311895,0.01742873331216562
0.06521599691721369,0.4868787728411217,0.38187050827873215,0.028007623805589892
1.8316396978632896,1.2658159403666203,0.2720106226571481,0.019488581165766246
0.18864228687978435,1.2156191586782474,0.13712061195835523,0.009370672612142519
1.839978527255664,1.6836357349734243,0.3101910334890409,0.022426401353651898
0.9228843467555174,0.23506363662795682,0.3167133127496604,0.022930853928693432
0.012731930853847828,1.280201119651036,0.25609944482952013,0.018272449314782797
1.8985535812282694,1.7457450044285372,0.49925114513148794,0.03730018780030896
1.6820137762123981,1.092777841513308,0.16744612409799503,0.011601934628308877
1.7085763535530258,0.4206438927979703,0.1813297278175124,0.012633139861725281
1.6568362511266561,0.6897769395982742,0.06249468023854506,0.004045424996990438
1.7704868240849732,0.3460058618427848,0.34577832301644507,0.025187365380729125
1.0555846052559674,1.079419607526183,0.28962841495656505,0.020840884224232307
0.5783969464117109,1.247391162611768,0.07962863325024036,0.005241444282249055
1.2476658130011993,0.1035988273427737,0.28735913438174154,0.020666373075803768
1.8362328445280476,0.4664824279896902,0.2676074363162654,0.019151530421376017
1.8143679686115042,0.9851912939303531,0.3954587794277833,0.029074291394439556
0.7551615515842953,0.9802276128518712,0.1277486255932504,0.008687658671500242
0.33491736222768864,0.18846729868249956,0.26064209278460254,0.018619137589025718
1.8008439700494958,1.6412360998252937,0.3449409941374693,0.02512216915688918
0.3117722771901317,0.16114457639968793,0.15789658225372016,0.010896032271908948
1.8528906861802776,1.7593946156488496,0.3309055088856733,0.02403098133127745
0.11523125013014224,0.1688873198438261,0.07530264643850468,0.00493762472112835
1.801010916943118,0.8714247760965623,0.12213512012384478,0.008280193686421515
1.6366342099537083,1.3116246382592798,0.06221360661883414,0.004025978050999965
1.313050126098652,1.4454805867933664,0.13763332221440952,0.009408133122312872
1.8487309890014132,1.0817312467499693,0.2955192946831071,0.02129434066324481
0.28606242943838156,1.9582399675119473,0.2645101156480924,0.018914668578046277
0.7863826593673324,1.9662301568168283,0.12821398236161766,0.008721493561451191
1.5817711903113243,1.851927777412364,0.3075881999379596,0.022225293801343735
1.6105859115251235,1.6164053396287663,0.32760246429270357,0.023774645333093737
0.4227267270626791,1.9794771952178432,0.4977476802681213,0.0371801224281449
0.08124186814526135,0.6028854927605953,0.28556161108908507,0.020528208224723617
0.22917240200733047,0.9275148922937719,0.08627170208377748,0.00571019864547015
1.371089607314103,1.500732321330928,0.06828591881934384,0.004447417905304137
1.5672749143309193,0.3120436560579065,0.09571546171024312,0.006380839141324869
1.9580792999331524,0.9619442911834808,0.0706642293269746,0.004613200538216081
0.9938152337566122,1.2123682409166967,0.47854200388538864,0.035648600195094825
1.307941631959661,0.5487279624847776,0.08683605714604536,0.005750138896020622
1.7696575923392908,1.4779889702651923,0.32144810304759697,0.023297506950756396
1.8895832929644536,0.5773285780436799,0.10660603395845498,0.0071598951561665965
1.7768023721212303,1.083073085950296,0.2598595993638584,0.018559388900003897
1.4806733741850575,0.9954214683800131,0.2659404712650536,0.01902402871888457
0.9099582575613943,0.9515014193666345,0.3738479729024398,0.027379084374337604
0.7140293595870035,1.9890845750320183,0.2004486425750498,0.014062070397124173
0.9703777582156325,0.38799170936186633,0.28834678363783756,0.02074231317211144
0.03821982184737904,1.7827847578783298,0.2755457765216122,0.019759459510367672
1.3993639876510093,0.3870542229496239,0.15060724757514246,0.010359174998454243
1.1262038685472735,1.2208463543758157,0.34697780743782086,0.025280778787793362
0.1514485984124576,1.8286424044162994,0.14184286163977075,0.0097160587861224
0.4499675682038351,0.9540255900662451,0.3046753038298299,0.022000368554293947
1.533945373682438,1.4619290539235255,0.08290283362111292,0.005472157575784693
0.0757226446357373,1.6774846981134728,0.1783079812539149,0.012408220430080703
1.7850043317402888,1.0295791275792734,0.23757726334880763,0.0168633302279542
0.8378732201574683,0.4589721794038255,0.36911804498476275,0.027008944596595207
1.4433998581956264,1.6340510645553967,0.11021625885244533,0.007419395959774068
1.8026241091211193,1.0333227837707395,0.12676150973170888,0.008615916208967235
1.1130756476456365,0.026365949860308602,0.11219763129838262,0.0075620665605729345
1.6870753879365454,1.343933283575902,0.19307771222350872,0.013510007654950923
1.1725125671749344,1.2232400145082376,0.33431751508769453,0.024295958832183905
1.6292261463068947,0.8889908800750328,0.3084854483645385,0.022294606357548628
0.6383226244154105,0.554004329228613,0.23982756369969882,0.01703413426947075
0.7716126828184353,0.31008683418675287,0.2141777847873006,0.015094050214999892
1.8107832430589645,0.8439026857177889,0.2698772396989081,0.019325229687831017
0.9145668689399653,0.6758664214860177,0.18788034225173528,0.013121608872420771
0.14494999439153622,1.2271823899289866,0.29560185037000813,0.021300699932911574
1.176583889571247,1.0355882962225333,0.2565327328350161,0.01830549903874329
1.0847979365205358,0.22533532205488838,0.16296554495085544,0.011270374203306427
1.6782590306394918,0.6474889877886065,0.22344877031907506,0.015793528985075828
0.16419120224711814,0.798493782987663,0.19231176247603704,0.013452722523103457
0.3994988476878989,1.472670272855884,0.4438682458275027,0.032894443317079365
1.9658379581405014,0.4253188298681505,0.28537424182354487,0.020513809718211012
0.8934825320351423,0.9031263166027201,0.1501790094343667,0.01032769028789713
0.581150548908631,1.5125231302665643,0.3923187379297352,0.02882757288681758
0.5357472153098812,0.2032958446526718,0.42640754385305035,0.03151307108266895
1.5875534759117218,1.1876488684966624,0.42650524097031534,0.03152078950852596
1.6137879164449767,0.4096334521283036,0.2572981928062702,0.018363895111283626
1.8414945569748749,0.826107382037139,0.4001466951910199,0.0294428803789252
0.014753211528840904,1.3664295222158611,0.17480444904674422,0.01214776931429962
0.2163939477128658,0.3287763166071431,0.42796778346858866,0.03163635022771495
0.04020132393067155,0.893935004217711,0.316341369035145,0.022902067271547644
1.2776023226677622,0.4789957421132456,0.11486240386925022,0.007754219833316157
1.2191084463082942,1.6677712321783609,0.1648320134427655,0.011408416404203476
1.946906465606302,1.3512534377388088,0.10968952213638218,0.0073814974212923715
0.7183291966963077,1.5542561529002799,0.1566833642865826,0.010806558288230678
0.5373926908694704,0.9969694196627401,0.2709024555502797,0.019403718592802578
1.2182578783672555,1.1416530377126923,0.4028461541225968,0.029655261713901853
1.816750011429082,0.4263024403787512,0.12558203565299866,0.008530243928065291
1.3119796887299955,0.8853836880039709,0.13256114615724432,0.009037970191879312
0.13585390173590706,1.6151365168618548,0.2914543666890422,0.02098137125644257
0.3938866827026519,1.3514696526640528,0.25065291876699985,0.01785733804277171
1.715727801440688,1.4899804822969263,0.49421726654425685,0.03689828520015296
0.7761618558416399,1.094453015692887,0.09062678049856035,0.0060188731020065596
1.2329324867092526,0.6638747879154296,0.17887464073412968,0.012450379026912924
1.6809445040197049,1.3988010738975778,0.38028783236688113,0.027883553554786857
1.5928853287891058,0.5153207150332357,0.33377088104969865,0.02425349445317832
0.3177144234142686,0.7899649298011295,0.40274312565276765,0.029647154088738435
0.3271063627619304,1.653364215421449,0.38709443900827895,0.028417393008344432
0.873350057582114,0.42643859514706706,0.29795526739199857,0.021482035209622653
0.29112370516982145,1.5827679290545995,0.4390794289529731,0.03251520503182325
1.3401770953490828,1.578215025926892,0.4603738817467899,0.03420371244366804
1.778775715643672,1.9251115564207855,0.46690218147242063,0.03472245496402421
0.15482576741645948,0.10450871276543139,0.12383231219145208,0.008403253398671607
1.5748233699053478,1.0720011630389106,0.2689179504490716,0.0192518066469366
0.8048364137258939,1.0484928130220572,0.2487398269953277,0.017711677200194294
1.154942542739235,1.3226955536774205,0.35272958756538275,0.025729024110168235
0.0478552136126662,0.6421280980091351,0.0707312495480561,0.004617877894740412
1.701475075676073,1.2534283188537645,0.11855984284470279,0.00802134587667035
1.8157996574280495,0.3657826574314922,0.3118987132747115,0.022558408314015257
1.8236659374725255,1.3052997401783433,0.34079985153425596,0.024799891923951975
1.4505279774568878,1.10415690825847,0.18744504825658398,0.013089112761644836
0.29324702393718804,0.24436587885879035,0.30204841829288265,0.021797655364295475
1.2234491078808245,1.085904993204321,0.18309263162780443,0.012764478897060037
0.8069356366312037,1.8095924583679275,0.49324066890794843,0.03682034670495195
0.7598853744958836,1.353903041583388,0.42198017937499205,0.031163421728837872
1.845908181647214,1.4316816443698686,0.1156412896840284,0.007810442712756897
1.5663599845719607,0.18351561405489347,0.09806932404228708,0.006548727274178558
0.9357695389772127,0.14962987797924376,0.417474744113776,0.030807866551071334
0.11141861611713377,0.8871355060648936,0.20777804273839412,0.014612413716439997
0.4116828111583837,0.3243388039967494,0.3887387701846869,0.02854645484935136
0.24118985454468111,1.8088332775220508,0.13070962732573144,0.008903089354098065
0.07202288213670127,0.19592237738403973,0.3923127881476961,0.028827105531098275
0.10794308853544976,1.406325910523291,0.42342076663210926,0.03127716388379161
0.2120973094973353,0.6402458739392649,0.3285232394374597,0.02384608513692555
0.11942308694706671,1.3704264525088758,0.27269016275714913,0.01954063162349882
0.39855517627538495,1.0268578810262607,0.11861932189135851,0.008025647762181084
1.89467989504498,1.4241411566357656,0.1715851860314585,0.01190876782659897
1.4684704684193801,0.515493108911919,0.4284242998893758,0.031672426809603804
1.8598435324588514,0.8718026754856603,0.3152748532478124,0.022819537029319548
0.8690570198090244,1.0271656157537596,0.28004390579698407,0.020104471537080382
1.9401318192720811,0.13160759491813656,0.22536891763007139,0.015938653860282162
1.8006778678904338,1.0273543621464383,0.23967615570029177,0.017022638500277486
1.8053242075490434,1.0520368850878385,0.46200337935914026,0.03433314602708181
0.7300927347829831,1.5154966257257794,0.11927425544078477,0.008073026357291886
0.6884907349283533,1.8324197326516596,0.4752972154652286,0.03539026434121156
1.4519340039052828,1.5701172233998042,0.4535101474538219,0.03365886332331478
0.520157574605584,1.3737619868266389,0.19080807002949407,0.0133403076939676
0.3013358870494216,0.8261652932760288,0.4432842827700024,0.03284818265729524
1.645943781487549,1.652841137342982,0.26323120717209075,0.01881692211243984
0.15632607846175017,1.9716820358456182,0.30164127715822964,0.0217662476957832
0.24074863284789427,1.1225890436628827,0.38639088172980457,0.02836218307559739
1.5483565857638402,0.3785479607222082,0.07483141524041831,0.004904601029124418
1.312907176500269,0.9325478719506677,0.22228622165439182,0.015705705235964422
0.9780266561538324,0.8927101221243399,0.13380681773391595,0.009128789100594423
0.8332637450473175,0.7471288824327371,0.0672158186482598,0.004372954497535647
0.13959751635591777,0.987846558214625,0.4282851633382129,0.03166143114920089
0.540586608355035,1.0912585645715538,0.08785326236606517,0.005822173200845903
1.2793522827172383,0.09410604933451494,0.4489266215054138,0.033295335295154285
0.5831832472078027,0.49850144204755553,0.29522288459480256,0.021271509186183032
1.5572336420532997,1.310408850416557,0.4671668311105202,0.034743494784075055
0.33079211461692526,1.5475402851606352,0.39482825773735586,0.029024739330098047
1.7851545599447094,0.4858663683864357,0.19239268504830065,0.013458773953252427
0.8275957626226425,0.7851308135456241,0.3177179704447562,0.023008621262271538
0.7313631431202299,0.9582009450061488,0.29873071907686183,0.021541806931550986
0.9207372614784439,1.9202361354494273,0.38003028607289036,0.027863367169820446
1.5377828370066304,0.867550157920862,0.4988645282664104,0.03726931053402665
1.4824981056082343,0.9213414180803883,0.3885202786100832,0.028529303499652006
1.67047435679156,1.840025336830647,0.08561379988726457,0.0056636606851796535
0.13021826941771697,1.4014385889530359,0.21681396283644894,0.015292736318053706
0.22417138207284792,1.9120011666650614,0.06695947604968366,0.0043551288735833695
1.2002464319499397,1.8013099206687417,0.34855932424718244,0.025403978149767227
0.7361916559730488,1.7649473801790503,0.46985724041488725,0.034957430693673186
0.41813526290735537,1.1539986422515829,0.05013651970223219,0.003196485620488907
0.35531380819749736,0.04983301934918538,0.4489403204528119,0.033296421404106144
0.48225619934842134,1.4126166874468091,0.4841624176372564,0.03609635856452338
0.5856190047210126,0.5157725728681468,0.3198686214961942,0.023175153251356308
0.3579493500581097,1.9413425188601376,0.2576269293246344,0.018388977729012605
0.945667396750687,1.2504331990690807,0.17343542836351067,0.012046094327970443
0.06675018613541228,0.2612411605657139,0.2672765955682021,0.01912622092662738
1.7166344854699886,0.6638152938101951,0.46896665594978587,0.03488660383426149
1.142979847876737,0.8241179455045793,0.15821189060116386,0.01091929382596142
0.7559875976741786,1.348167156923822,0.4740469373464953,0.03529075509764998
1.0979115260054761,0.8043194805774636,0.369043902143256,0.02700314515393726
0.09356706436919238,1.5063842416582038,0.4231084077758449,0.031252499192454486
0.21241867086459365,1.6992497102753688,0.22333984205985824,0.01578529875121188
1.9263472052923327,1.7895555350035997,0.4352791809366164,0.03221445685493667
1.1158014004719368,1.3199261912298317,0.3867055480879659,0.028386874890034667
1.7112333995909121,0.1467349183821276,0.11746359881728713,0.007942085594711228
1.6510046093687207,1.9488208224185886,0.3485943824498327,0.025406709603728265
0.9904135123447453,1.0600746793528684,0.4313996924446153,0.03190762449547806
1.9503708517325544,0.7710358664331893,0.24793764548681518,0.01765062288831553
0.8307112313824696,1.440406649727013,0.08909366933282359,0.005910091586742526
1.0227925051887405,1.6896159918810898,0.1575301957904888,0.010869006507764357
1.8956339045523307,0.6351035792278237,0.29581948531389063,0.021317464953369884
0.2115787658489212,0.24212547733268908,0.05433453650033787,0.0034834063668674115
0.31357196594732617,0.5175692195159896,0.40233269539501304,0.029614857498336575
0.5725683045340952,1.8743321454202346,0.24110022723796848,0.017130781997445468
1.3585244237406993,1.0870351294825071,0.20449866000552047,0.014366005941741684
0.6356303084383479,1.9041505622932666,0.16026862269979508,0.01107110537725479
1.9171997720126297,0.14721877354110102,0.17997103121614944,0.012531974941350351
0.3519600185746925,1.5439130539089136,0.17560632857373693,0.01220734917918962
1.5421354110341192,0.20305403457008708,0.07427828997458068,0.004865856542644787
0.9598555277967256,0.5552494072777392,0.05593670764865989,0.0035933202093102485
1.4319729727349704,1.9383807494279515,0.15817054886174498,0.010916243698649252
1.997377792704097,1.685927625729629,0.43230660178916436,0.031979335812706795
1.6138052752259195,0.36436951043787236,0.3952649508750414,0.029059058023043906
1.2280941000633188,0.9795960166327073,0.24418778777109684,0.017365401349547515
1.2057799076854991,0.8163771312716863,0.11688766489360097,0.00790046502274644
0.5262892129335874,0.819119477573599,0.21005630473975578,0.014783757117215648
0.06751889645409026,1.5764303872932026,0.10272113591533466,0.006881328225694792
0.7389253424079716,1.4837301645504404,0.42496193888133044,0.03139887733248673
1.812931803478824,0.7280847364423477,0.0560708090890632,0.0036025299215153355
0.37920055754259985,0.38270372340918724,0.19684302078790167,0.01379184080423542
0.42130096958485397,1.0929511025943095,0.2367646309762258,0.016801676550458035
0.8673242632901426,1.0014883362691378,0.4926748511681145,0.03677519584088134
1.633602247180672,0.733146101287649,0.2029419995320801,0.014249135996698139
0.7706903770598719,0.6448611581646753,0.42277903085084023,0.031226492069781436
1.3868820511618483,0.995825702728367,0.45167421219451376,0.03351322127852095
1.0657726668319012,0.6494297491078649,0.3021785962451131,0.021807698164282244
0.15565227303081675,1.0842122789458066,0.2951140217726329,0.021263124244381103
0.17807858339658367,0.34628111996262234,0.3803770083270727,0.027890543354044423
0.9745376518160276,0.6278513384315874,0.2535497097830855,0.018078042615926066
1.9006261135215836,1.932612605982378,0.4262081648452635,0.031497319798077454
1.3957928791394523,0.42130202273175144,0.20451067411037915,0.014366908168241143
1.8978864246778322,1.4310148371402522,0.25959908247580255,0.018539499418181688
1.9893100130517924,1.807914760452345,0.11549807665334741,0.007800103096935742
0.9183732713618671,1.6348013179099963,0.4168504560736505,0.03075862046489615
1.412242579289546,1.0725837171149601,0.422136337631417,0.031175749974645697
1.2996361395526406,0.054954595864512346,0.3363864266987401,0.024456722198065158
0.0648324775450142,1.1819798141130433,0.1631539053147004,0.011284300225403682
1.1463934151964639,0.32746123432352636,0.47131765392387254,0.03507359525369273
1.4163316902960825,0.743470737145784,0.29706502069709434,0.021413428337389025
1.9690847306688204,0.45892075774485086,0.20801310009195068,0.014630085923863318
1.9309298561295214,0.7332560320974049,0.3609651901182347,0.02637171433230092
0.09638470894078499,1.3224912520416177,0.0807977896714481,0.0053237539744791515
0.35714904466471564,0.8517329695062938,0.37484969176110744,0.027457515339087205
0.8529087636135364,1.9126809889597856,0.197699453777767,0.013855996970504538
0.2174020958597085,1.7732737536526604,0.3605598231244446,0.026340056418139482
0.8176483429735106,1.740957881245616,0.16398776370121262,0.011345963078298429
1.9027483701039922,0.24823902996251035,0.4627030519061128,0.034388731802344814
1.339717833627133,0.3461680666659086,0.35317048013936747,0.025763404487040693
0.9549745505897658,0.5781591985437071,0.12567524357268578,0.008537012165253722
0.08916635364613934,0.6738137708096228,0.35188379638364264,0.02566307843396022
0.6311013079152406,0.1877850513188668,0.2024897695007264,0.014215195336287106
1.2018673835311398,0.09489001950965004,0.39100127470132506,0.02872409802285397
1.9267584391391983,0.06609030675320393,0.4502280811207597,0.03339853057427259
1.0012977981932012,0.291703997034944,0.3490249234276256,0.025440255448677913
0.23942621119384233,0.3936875294317401,0.19677949527608934,0.013787082817176824
1.5665644966369647,1.2382886567585418,0.21283704876825665,0.014993064867592543
0.40622122053188914,0.9025698469949617,0.28335462009208434,0.02035865213421829
0.6825700026875574,1.282813997545113,0.371487967193072,0.027194361844477617
0.6059154011250267,1.5948332079263243,0.4075370281169928,0.030024551944488897
1.6348609089397752,1.1155675526696247,0.12449209445164816,0.008451124289461367
0.17750635104570955,1.7160363255662245,0.25281175996865524,0.018021802116143494
0.24093395571175802,0.8131609274475498,0.4361641953304995,0.03228447996576549
1.3449826415212813,0.8742057563735481,0.3266839337731541,0.023703393484764253
0.36102428497950045,0.990436443113599,0.12024325079586362,0.008143157426252112
1.733736223678718,0.9970848695312766,0.48852570107749593,0.03644421342806436
0.07660918383322257,0.4020290311936663,0.2757839380919178,0.019777717108319534
0.9778769402092327,0.6165989393198184,0.37341911344644285,0.027345510659978936
0.2294270025243237,1.9596462011165736,0.2375871880475623,0.016864083295850693
1.9231821934507707,1.7881004993980405,0.05637510710260813,0.0036234338911617556
0.10944869736661023,0.5369450848168627,0.15413331901733268,0.010618650429398364
0.2925520478920933,0.7728422447440364,0.06981087655301191,0.004553671706715609
0.6411747859760246,0.7419750668896399,0.39740096265620206,0.02922695984197245
0.3629086967654285,0.7373669247685801,0.4712440646364401,0.035067741202147916
0.029018891728592733,0.24901253797356282,0.2522347025790518,0.017977831410909573
0.8085923630110399,1.7018013479546281,0.410164327891588,0.030231515170148427
1.5836527338549946,1.853605823607927,0.14974255635496012,0.010295607976375494
0.6353162196702797,0.81528494202993,0.42098067027510966,0.03108452081645575
1.140705354339449,0.4126456251040298,0.07409896816316774,0.004853299943635461
0.5854160146457366,1.314462627042388,0.21142108312473284,0.014886460815053284
1.9270292405493452,1.543766747584527,0.3374691853727798,0.024540884448684956
1.1842071996863826,1.9516271694681646,0.2352261462813482,0.016684993140743044
1.3061840267383276,1.9611884846540464,0.3515786922373598,0.025639292385337145
1.4475027345504505,1.7231227096417956,0.22021795739956318,0.01554953840691877
1.9163170723885605,0.7275815552159695,0.1824307887735434,0.012715160314432086
0.8319851221173991,1.4007954161455352,0.42398426480834184,0.03132166238289077
1.2718601483043994,0.20972145576607337,0.10352212075912831,0.006938704322422717
0.10237158326729712,1.6449729627407401,0.4194584393882733,0.03096438126270691
0.56251231567397,0.04893532127705691,0.08533614894766173,0.005644027911375263
1.4339301295812734,0.992373869574279,0.4805602042833299,0.035809341508570035
1.111446535446039,0.42295519592411224,0.1076536326936129,0.007235134380911498
0.6922408718314759,1.681976541716416,0.14853142440855457,0.010206615270464386
1.6721671437990642,1.8463039726564485,0.09841206469226335,0.006573196450374111
0.1811964697192392,1.0207916716264662,0.21521211885696606,0.01517198693917778
1.0163537329964043,0.8075942762129071,0.3769765252985328,0.027624086624184616
1.6607689656148326,0.1843906336406118,0.4245253352141736,0.03136439363941832
1.0491971446662727,0.9995059741150873,0.15667613973348965,0.010806025625251733
1.6063906712433036,0.16447914348081571,0.41051047027845217,0.030258789064719613
1.7421184184438112,1.5369674490036662,0.4396814681530722,0.03256286639024251
1.7251157453179935,0.8792921241645026,0.32219040648147473,0.023355023434970715
1.7206596040608635,0.8091842224354475,0.20856203744761775,0.014671361789226043
1.4956248584692413,1.5652283149133468,0.32822609041324224,0.02382302884560081
0.6065137721626659,0.30267731827040656,0.2390567974019765,0.016975618463912354
1.0391499236857207,0.5616545183250776,0.28631334478523607,0.020585982213473894
0.45429032916239387,1.1410405369780083,0.12690300145382452,0.008626197307456816
1.85704195676862,1.3396244808574362,0.07236430782599962,0.004731943274472749
1.8338355643507693,0.3229908589672368,0.2990213153502728,0.021564208816440115
0.08509858990121844,0.6636010606590654,0.449351482366752,0.033329021077542875
0.9490120946642207,0.20644318035562637,0.4290567821342556,0.031722413616815805
0.7977910695504293,1.860521452291087,0.3104168277706021,0.022443852818967967
1.0922933640225518,1.3191994997232197,0.10600056506106365,0.007116433210515599
0.11713246621954965,1.8474207576419777,0.11232987858294904,0.007571595376331788
1.3068861278538508,0.42229079683489257,0.227796481118466,0.016122251353460418
0.08498097833275953,0.08862017356777074,0.4449198855827329,0.03297776319718651
0.8144512010928933,0.9938540512029357,0.38343620926568145,0.028130398263585796
1.1946505088372084,1.3787041746304591,0.4288862798695523,0.03170893785412742
0.9887560368468549,0.9451611234147348,0.18399705733971516,0.012831893925402212
1.145417498173831,1.7672412746675286,0.13758238414255475,0.009404410966734155
1.425719927724057,0.7411851424388061,0.3224096550458846,0.02337201339510852
1.846155295907944,1.4433670472689224,0.3648622902355857,0.026676190638676028
1.268823917652867,1.6068803252080919,0.3906518493275162,0.028696657841543797
0.5251570589674512,1.7622071112124693,0.27662501316822347,0.01984220308919147
0.7051584377250817,1.739575031243007,0.05568209081974138,0.0035758380317897583
0.1793063247988953,1.8268609951063535,0.0873161259078673,0.005784128184713442
1.2520657071173893,1.240783534701786,0.3464375297929876,0.025238700301223587
1.0114868758815638,1.6792021871039122,0.1780675133311082,0.01239033277719487
1.9274695479910946,0.4207733789068564,0.11628549052452875,0.007856963283222463
0.8717588962047418,0.9115680171069562,0.3188753793718473,0.02309823361208523
1.3370601488807914,0.6720337117481565,0.15299535627313318,0.010534865163203382
0.368840204194693,0.6385905765648587,0.4363626596032695,0.03230018397864209
0.08131554610183334,1.4610687531233966,0.4679791910177163,0.03480808306520796
1.2197340452727743,0.7851057042944725,0.2868217923507562,0.02062506454571704
0.5976876534641546,0.7169058382639169,0.056977854571684215,0.0036648630104049932
1.7732044373876044,0.714849937814793,0.11902109227691225,0.008054710128841952
1.4250282163048116,1.1197718883126948,0.05512766091858168,0.0035377895811132373
1.5599048105512328,1.6220209436146966,0.18646132672650745,0.013015693949977545
1.7984232887971892,1.963985720478053,0.058365494171482984,0.0037603552473154224
0.8422764472727093,1.542036243703668,0.27027629532958325,0.01935577831494176
0.22023376838352848,1.7434301500981186,0.4961961301553626,0.03705624324561092
0.39849237046459507,0.01303155012771784,0.3194726781217308,0.02314448823454389
0.7057466374424404,1.725714725421117,0.2373228127964364,0.01684402372927755
1.5605873689571361,0.14506939912266614,0.18611433180691173,0.012989802791701026
0.6767089899226657,1.114558662274001,0.28051674738355326,0.020140761388588183
0.8035955866497988,0.09715247464313093,0.23913992866560213,0.016981929080658393
0.18987836242494494,0.5235702841791832,0.272170865429857,0.019500854408929846
0.2179230934026426,0.3512257343438363,0.10844725077935184,0.007292166218312999
1.1210712781164154,0.6814834608570541,0.15556054210507309,0.010723793506140882
0.8997915676200432,0.5707031366168485,0.10414414160630088,0.006983282028608612
0.8644345292886613,0.01597055261417135,0.14275244236128964,0.009782677689774737
1.771050496786733,1.22688752607826,0.44409561676513654,0.0329124564310143
1.2946714513214819,1.0415744465441004,0.3418031805230685,0.02487794958350119
1.9635131281468508,1.0059570626073526,0.07310495119672272,0.004783734334799095
1.3452805568819552,0.555093662563747,0.08384779438704246,0.005538861418295115
0.13774582578508432,1.1856303713051246,0.2950427669223154,0.021257636097177082
1.1005610214513293,0.2656623605715256,0.06150793101631139,0.003977180475328938
1.0674993529616823,0.7330574788756241,0.40910873226323086,0.030148350528175195
1.2011829311523994,1.0869156060404237,0.21563152042465317,0.015203596078581856
0.4208382601445817,0.360739085469844,0.38520754273376057,0.02826933909844878
0.4446417121199244,0.7412383311911652,0.09512292821896742,0.006338621558646458
1.1422696764497622,0.4811000357500401,0.19067842267032076,0.013330618217657854
0.05668878034727798,1.0573674109195992,0.32938202437709446,0.023912727785995742
1.1449579929048876,1.7655334469367585,0.26743353268880526,0.019138226431227638
1.7345386233138014,1.8559620213601205,0.11191898319367409,0.0075419916617846475
0.8055080982030638,1.729477092618028,0.4060037222105662,0.02990380961984606
1.6533353610755261,1.214640578774106,0.15648982495156905,0.010792289307651992
1.0128923685613667,0.5775098224468322,0.11720542553095925,0.0079234266398632
0.2872467695960865,0.6822346614686603,0.3738123737159185,0.027376297353329172
0.9188456464056063,0.7721316748220899,0.44076898102321654,0.03264897242816171
0.2412794565573093,0.052237638227603744,0.12996866548386687,0.008849148029118663
0.3312278986606607,1.0959759864277767,0.12091195842015487,0.008191577926973436
0.8055295532104085,1.4621095951886947,0.11185799101117129,0.007537598006253331
1.9043742276567281,1.2474623023465061,0.49835881730784076,0.03722892427651316
1.0370698428174008,0.5910632706227044,0.25358141982455684,0.0180804595492911
1.7854428685033763,0.14520728105294278,0.44890210675832287,0.03329339167077925
1.8403522004320005,1.546499586688469,0.45841575696832154,0.03404821730336742
1.9315206852823914,0.8991281074309221,0.11362430988925395,0.00766490379538539
1.8363594063753748,1.6651295876086674,0.13649096552341225,0.009324681536080503
0.2140105992875081,0.6241514828268162,0.052007079872891264,0.0033241354566205207
0.6479309667917439,0.9127417101437154,0.2621972068558285,0.018737917825567538
1.0048117576382332,1.3296029822937474,0.05907455552833748,0.0038092109805856937
0.219175871669669,0.5183793365962437,0.11219238873316398,0.007561688833899089
0.6964360918633032,1.0554914690428583,0.21397372002281273,0.015078677066744683
0.37766977194614926,1.096134801333241,0.3754331857586077,0.027503207477720303
1.607398450722402,0.45265479477816717,0.3425023104041929,0.024932350307519804
1.2124794959351533,1.6583446045566073,0.30437209905950097,0.021976964477058162
0.3354689171265104,1.7990292144991251,0.49160207803519546,0.03668960100860158
1.1046830036889197,0.25559351370350347,0.2315768661575055,0.01640843164981214
1.4555193980291659,0.5334435479422031,0.119869349228157,0.008116091650775403
1.8553673651807447,0.3782126934581629,0.36645713249084433,0.026800858833356124
0.10901866448417352,0.9176404326647749,0.3122880683718741,0.022588513210367533
0.8776916839196687,1.0611790473319975,0.47756994115659984,0.03557119609630946
1.2395047743584289,0.37536608139389527,0.12834467454862258,0.008730997378626426
1.8129123690012057,1.3146586087122714,0.48580669835129553,0.03622742057133205
1.181059676612398,1.3432120844221331,0.30294767073992435,0.02186703581449469
1.790652996588567,0.14638140236462727,0.4111095945238434,0.03030600012591588
0.3449724674498915,1.17114849491862,0.442205602545547,0.03276274232138935
0.8267245191633406,1.8498542885363187,0.11550787072056899,0.007800810175460296
0.7963416786179991,0.806536569206175,0.07219347456311931,0.004720002572477451
0.7709044021542941,0.024597436790471106,0.24118143692593874,0.017136950363832514
0.9152221452769325,1.131472279599768,0.13211244866758165,0.009005271134952477
1.7590540711699385,0.35718396912214034,0.1536576248729894,0.010583621084492538
0.5430033640267853,0.5451089506620543,0.12605159981724356,0.00856434456865615
1.8657304001917219,1.4173026803215802,0.10509115460173957,0.007051185851207136
0.7688101919021615,0.6243951112374642,0.494565740549004,0.0369260981416867
0.5843313323802997,1.3645968370763102,0.3531054870636185,0.025758336203605472
0.022352675098644248,0.4758175841640757,0.21476502722309448,0.015138295556280604
0.26203622675068505,0.35831207896171513,0.20550396211318078,0.014441514018964987
0.679970899997399,1.9945064005991822,0.2124115597123643,0.014961025840629789
0.9882980521278588,1.4381212447819969,0.49162721632876377,0.036691606605013374
1.586358870432668,0.29112766099403276,0.367099963651297,0.026851119289529934
1.5216598789176274,0.6120313736406944,0.24036792554984632,0.017075165740741024
1.6328524505983166,1.4376219155789418,0.26401862317249014,0.01887710013717417
1.4763607809245425,0.5017969667903976,0.15910936628263925,0.010985521676985315
1.7971218584329247,0.884942628651914,0.4671604456426417,0.034742987125500585
0.12356609798288076,1.5181511392637788,0.46732963468588434,0.034756438183855196
0.7882183077878211,1.9531286289495342,0.29216832357766176,0.02103631897553169
0.6213203088549402,1.895931207646293,0.19856613729813954,0.013920940538333138
1.0655559300175956,0.18242458516002613,0.3553715171084693,0.02593508345223272
1.7663213238721214,0.7157257615374562,0.45995241151449673,0.03417023953440173
1.2550636118317444,1.9857200183885941,0.44304136494175744,0.032828940316737124
1.6703759410960217,0.3450752085065427,0.21984142072574536,0.015521118403535731
1.4012670813488064,0.5162974841636361,0.4948678168197912,0.03695020901033134
0.8031090743577478,1.6110691739483838,0.0781919200495341,0.005140412607768161
1.0354300626637212,0.984179494860896,0.10581743606666538,0.007103291160572884
1.3477946719925709,0.9832904298802425,0.12871875336413935,0.008758203739428733
1.284764768612562,0.17731404782120896,0.42260482285147094,0.031212737424844213
1.4597164561279423,1.9936556055745498,0.3299655331330327,0.0239580155455217
0.28826593186352256,0.13254523562896292,0.36521849492068253,0.026704031764180094
1.0715481778331655,1.6958913732295176,0.1687753556011964,0.011700415589289354
1.3802665908844023,0.9084847190289742,0.2751571655918696,0.01972967071936008
0.9540896088274369,1.2684208122257796,0.21464295792604632,0.015129097648526612
0.7144689522163052,1.2576619926910668,0.2119371585408577,0.014925308986904568
0.9385015456396026,1.1150542601073645,0.35864676448312455,0.026190685613467563
1.8977303676173574,0.702522539046506,0.15657659850433212,0.010798686668750276
1.6334979225470274,0.6333402790555265,0.1592184189731407,0.010993570813560987
1.0660860320750931,0.7834729335975823,0.31573518009442786,0.022855156164623185
0.38132655765276957,0.1660455462184287,0.3406215536096172,0.02478602224065435
1.9013029175036218,1.7714742708752018,0.33588981219075287,0.024418126867565063
1.1618685660568298,1.5552568095463124,0.05381021519740278,0.003447484546374995
1.738620020993667,0.33341184273743707,0.4443686202823969,0.03293408555683192
0.7260483334541392,1.9573674837723871,0.21575605306493023,0.01521298257741385
0.6101729491767214,0.35509842546761594,0.3639765012998014,0.026606965093455653
1.9993822577914562,0.24401014993965586,0.21733878875739837,0.015332311887690613
1.3479640431385558,1.8598103762806775,0.1604947107153809,0.011087801623974498
1.8012221196210254,1.6088627727895979,0.2095362564435671,0.014744634008543407
0.9042688920455926,1.3106125966446893,0.24454261377655606,0.01739237724026554
1.08680400854307,0.06418718503925791,0.2026995561125578,0.014230939541355412
0.2270274690634999,1.7862232318561695,0.10269286230272895,0.006879303494640112
0.8801067494415846,1.3547992045766963,0.3537674518663751,0.02580996048461828
0.49818385181635017,1.1257756774944356,0.40719938989096943,0.029997961453330745
1.8649807302873933,0.16312193656675356,0.24691267327973926,0.017572631736596064
1.3948335041066826,1.1884219061419363,0.07717839842055399,0.005069217231833135
1.6955570713775192,1.4775476204203963,0.3535401244326126,0.0257922312743541
1.591628205729654,1.2778550547368768,0.1574983357261644,0.010866656618706477
0.7424247802955786,1.0462706718879038,0.3884365550596328,0.028522731468839078
0.878275095466154,1.0526630280727434,0.31867001410437223,0.02308233157251387
1.1359064498957372,0.45939546727130876,0.08371724620892532,0.005529643050393517
1.1173884299798502,0.8020077547277418,0.3796613129321292,0.027834448834069644
0.3777733028283292,0.610039281361586,0.38541987357199703,0.02828599698537537
0.1662984228426807,0.291378460601714,0.46719352595199287,0.0347456170871751
0.5671879421712165,0.561142820104336,0.0691915767463048,0.004510501515659027
0.27765814128231403,1.7527290222080054,0.41604204070116424,0.030694857314732697
1.9752361116998272,1.02993918173024,0.3169253843728693,0.022947268298181753
1.9237009757186014,0.08145804484277641,0.15361153011626782,0.010580227138679513
0.9980034363528425,1.225559123288243,0.09689844196584341,0.006465179479075675
1.229233040347017,0.7847878280164511,0.3526496101802735,0.025722787868572423
0.25119334061922305,1.455776931123768,0.4177856020935574,0.030832390042249642
0.7480371776946755,1.681875690175439,0.22702713650511042,0.016064050863594092
0.6045680239711606,1.2553724778619764,0.20526012192728904,0.01442319687632025
0.7093627411847032,1.0616929583391945,0.2879326134778243,0.02071046554679046
1.0313868828944248,1.671454158488887,0.20450111357236306,0.014366190197620855
1.3837146407639216,0.1436427367412736,0.14088450558496482,0.009645899398834637
1.3504324995072658,0.24138455882368293,0.26326882763862547,0.018819796962742216
1.658446592825819,1.2319530570999933,0.43793661189480393,0.03242474457120839
0.24753496466356162,0.42770442382901797,0.3310424252267724,0.024041610681024665
0.49829373928780174,0.45453364381584827,0.38330667967889015,0.02812023988529483
1.6805337499587818,0.4078716832184186,0.09102263279666663,0.006046981420307353
0.8624868226577431,0.04781403407609042,0.20036626037542316,0.014055892351969456
0.38304053985542574,0.06657550150735703,0.1319689126504222,0.008994812491369332
0.370099579981777,0.8283884732032794,0.3535154232855993,0.02579030488538489
1.279025809480377,1.2906956655239654,0.4490284733656928,0.03330341058468952
0.2534285607998348,0.7568119658396162,0.12404460880644298,0.008418654788904831
0.36867016959722654,0.2671221504031045,0.241909863277403,0.017192285148237594
0.47305768788961,1.527866501767315,0.42389542958502074,0.031314646944274084
1.775138674490746,1.0174824910507074,0.38250329690934187,0.028057239758038838
1.856547344621644,1.0089486428530594,0.44082420678458684,0.03265334543128948
1.191513527436409,1.11443557478289,0.31615046835620264,0.022887293382578885
1.0305836364506442,0.07334239514516461,0.24405093679051898,0.01735499788228161
1.4293166896436587,1.2161526334616675,0.2373887041813863,0.016849023117448538
0.15023719368536836,1.3124423978473474,0.16062080435170742,0.011097114147136112
1.996888153155282,1.7631603708111279,0.2314336117398499,0.01639758118462103
1.4854897029716747,0.6660345374015553,0.1972313550868981,0.013820928894556222
1.6178742147177259,0.10921415030766823,0.10825874830605609,0.007278617234865155
0.29732189413014876,0.4331004756529959,0.10417916984495249,0.006985792907590478
1.7550448136867491,0.30595194201760023,0.4155512700893668,0.03065615232349681
0.031211465929622983,1.1595094725569912,0.3704145308655286,0.027110368518485316
0.052415043095330516,0.047543066420691726,0.4725543058833371,0.035171980743763875
0.12726970879805766,1.0615060990470961,0.4689402941607633,0.03488450746167747
1.0792792019372504,1.3901773368775672,0.4815699130224512,0.03588977812826087
0.7476840968228176,1.2734702102017625,0.2802040724711125,0.020116763605420376
1.1552118028026461,1.9198606442610915,0.3320887695934389,0.02412285248530162
0.013211512656785551,1.7861089218850217,0.4258274186732516,0.031467241608192816
1.3460167824195575,0.5208319627627496,0.4253514524265412,0.03142964383183459
1.4303598833372047,1.5200374114016777,0.22087884911098182,0.015599428889317857
0.8743807892966133,1.6682627305684445,0.40051889661775875,0.02947215765927386
1.9926984188752437,1.6087930095706722,0.18468710764025892,0.012883345001324917
0.04558350627150154,0.12049905482038858,0.3582326138702755,0.0261583561382334
1.1110983380272872,0.4946802259820049,0.20821272982756017,0.014645095675353294
0.34692807508293666,1.2332732243293179,0.19764444767086747,0.013851875836325318
0.6559629493700052,1.9903129403278896,0.43721254065330145,0.03236743864619713
1.7203053787063194,0.5208131089119514,0.40033084888407805,0.02945736563217374
1.3550246422134753,1.8139828946755705,0.2318928410518944,0.01643236605379059
0.6180295102459397,1.7785988329308136,0.3030292097990228,0.021873327539490593
0.4218894631251311,0.4577874903190855,0.25113495201785613,0.017894051683375968
1.1109042634030384,0.7754961501061497,0.19974432469194275,0.01400925751582823
1.167807491904764,0.45482012136084715,0.09185392555352709,0.0061060365154556
0.2462393723331251,0.6412244245059899,0.20959123187790046,0.014748769480894153
1.8334159850014038,1.5165509116189373,0.455768843683329,0.03383809817897581
1.8673303423118275,0.886872888652535,0.081844056292677,0.005397481859317075
0.7735102517586236,0.6658920120224203,0.07527099554674847,0.004935406191685357
1.6228444223014822,0.2706722881427046,0.479277196819021,0.03570714986541577
1.3375631328459094,0.30291253079717584,0.4906487255383989,0.03661354536996191
1.9474893427565272,1.5672164699740079,0.19252681939734545,0.013468804973295409
1.3603800554798273,0.741903467805989,0.10604362503540628,0.0071195235895939206
1.4296952864712842,1.019397793748347,0.057828711187593244,0.0037233970365517567
1.097238892491767,1.24737383773426,0.33732409258619306,0.024529605381815082
0.4511694423329424,0.390099219136707,0.4252542593723819,0.03142196666373299
0.12560290238023875,1.6906681659226483,0.10426802811821367,0.006992162669000042
0.78792481154828,0.6116290695447111,0.15120337845964887,0.01040301371743397
0.49204230472333954,1.7712420273920815,0.22204240950919357,0.01568729066947367
1.3690404170808153,1.9704064409302624,0.2050614028431535,0.014408270316666751
1.2864312990754432,1.5459835368584445,0.27284166232496143,0.01955223719544659
1.731479969862117,0.051562483317542096,0.06697037162277607,0.004355886437334382
1.480157495715063,1.7493867030490606,0.15843969749677897,0.010936102039896372
1.0929368253883232,1.2182371308364046,0.36617321207815,0.026778662141980436
1.157137876297018,1.1808885759162395,0.18015014172590804,0.012545308024712844
1.7623264466866508,1.4872938673244942,0.4181567195831722,0.030861669036534253
0.7763251029960161,0.3350076245147373,0.24957262895558913,0.017775076420146505
1.8427431894219781,1.3930646100180144,0.31555411725027166,0.02284114546999314
0.38589987352577393,0.03623818980595095,0.21276608832730082,0.014987721288936176
0.1260853416659551,1.299674078499653,0.4438927721785221,0.032896386349006844
1.1415559574117562,1.898556876436448,0.12038301427646134,0.008153276038260694
1.4172222913717187,0.5418517227596602,0.3691318691469088,0.02701002592950936
0.06695905204700292,0.6538959689113879,0.2620231594348848,0.01872462159251988
1.8346613761670922,0.15965178677436032,0.42229565173363415,0.03118832768969615
1.1801406157179803,0.739748994251294,0.24108237031342306,0.017129425675378493
1.0892288977820475,0.6028859183889159,0.49293595436676757,0.03679603078964378
0.1261052317514031,1.6345168748227767,0.24350786885688297,0.01731371760689487
0.23482478452352762,1.7525800682889645,0.2873056375935168,0.020662260235154634
0.6043991373118045,1.3241448920460481,0.22086638746276416,0.015598488068507582
0.6697811050973606,0.4408771191768994,0.3411832657800553,0.02482971917242642
1.4974903994980273,1.5386974448915203,0.15799141546060474,0.010903028158982779
0.9077369039374126,1.8456351754153788,0.15777077308908882,0.01088675172236173
0.8051371205874098,0.75662354821291,0.12689357334354184,0.00862551221570389
1.1234083453455264,1.5819679078978244,0.46773114667761,0.03478836098828678
0.5038612824418605,0.8440035101276031,0.28513233948715994,0.020495221549054022
1.995500257499565,0.7564343832070595,0.42160640930602594,0.031133914934123482
1.3767306597699664,1.4276483141318708,0.4352340483694782,0.032210886189939704
1.2072587306413056,0.298943587733816,0.2694259823525046,0.019290688654290622
1.378858372630673,0.017539058400900753,0.3560016359754499,0.025984245704809977
1.541902419388863,0.643360776501338,0.08557412703571468,0.005660855137644022
0.15829866791156944,0.007870542307321093,0.16753980904490937,0.011608873857255725
1.0411932610959396,0.1989489108626461,0.49421036836372034,0.03689773464564697
1.7287157380383555,0.06880273042423624,0.4531385930516107,0.033629385169937055
0.19558923878455858,1.2458078517650828,0.1658487927733379,0.011483661890583531
1.1034130787846688,0.5750809496819707,0.09287859867275144,0.006178880091958858
1.5041690496736324,1.6736284336873828,0.3142961222244185,0.02274381678685248
1.8597743458876905,0.9164036435690996,0.1301646574001526,0.008863413997206396
1.0528026657327338,0.7382345745806345,0.3472161840996517,0.025299345734048677
1.9417666002525695,0.7811251345974413,0.2077271695966904,0.014608589126275788
1.29959227807878,1.8145739853792864,0.4275107165456214,0.03160023280198958
1.2689173054934688,0.46086017326918527,0.08536770010135687,0.005646258680377718
0.9552810559894938,0.6734847395779455,0.077809850070028,0.00511356637243155
1.999430381348506,0.28866470136100797,0.1379285434709578,0.00942970745177249
1.2673131471131918,0.1833406891162468,0.2598296439194899,0.018557101844776155
1.3855215769552087,0.09512788133193917,0.16619813835792271,0.011509522132619684
0.6954842299558814,1.594610729171617,0.08783616052292562,0.005820961640823376
1.7024946802307477,1.9981797425011376,0.16693071226739017,0.011563762951587194
1.210035075890912,0.18355090153003006,0.4386633363696366,0.0324822670577788
0.482477763223657,0.9083096639364532,0.27929322085114483,0.020046866329179545
0.8356301858284794,1.146420926830079,0.16775983790268467,0.01162517241195318
0.9945614090776635,0.48558529262908245,0.44086550632065363,0.032656615723273955
1.6785202710134586,0.7918241529625776,0.41823011065611604,0.030867459374341766
0.35268455430394585,0.1300985254695186,0.09612426604825824,0.006409976675967837
1.2787271994821878,1.1566817474590527,0.18764249967400504,0.013103852506823013
0.4020964555806019,0.09701712509584559,0.3671645860030873,0.026856172194776116
1.501710392530095,0.015292965442596618,0.31591975203171124,0.022869438964502012
1.0725408749331804,1.7394183394115155,0.42793215110374555,0.03163353446274669
1.2362638570672668,1.2664905764205379,0.2657032188398233,0.019005886389236767
1.9607695321521403,1.5751662956412933,0.0805007287919064,0.005302832778326236
1.1091639867052074,1.0287112091324686,0.43175184769789543,0.03193546895199159
0.027930423360570167,0.5685907952024911,0.25205030898111835,0.017963782422493062
1.6905810089588376,0.6764612274573953,0.14649950285434915,0.010057424435106575
1.6543847773214428,0.6664226536620228,0.4938625415636583,0.03686997473590791
1.151359215729809,1.263672407489507,0.36700952006298243,0.02684404749147283
0.7887270532432433,0.39564565423686004,0.11891005721195644,0.008046677645043054
1.0603031668710594,0.2796693232392218,0.41763237789855817,0.030820302074849978
1.5165150110911234,0.13569373044567112,0.3332832520795164,0.02421561783642028
1.3762170485461815,1.381236163615672,0.38076908384697933,0.027921276398752484
0.6600117620546602,1.8484710650095795,0.40887125774298505,0.03012964324019131
1.4260821893787445,0.7804570713732037,0.25858635656573203,0.018462194708919983
0.3058649466976324,0.8931848484604654,0.41999036198473366,0.031006358959582144
1.257210577500463,0.32852738586025,0.2868823929329256,0.020629722989275272
1.6068887747626637,1.4900322787429736,0.4497896748476575,0.0333637661812224
0.7232385261070569,1.895351884480829,0.22728674201267773,0.01608368835613254
1.2618375692946286,1.841081424250621,0.1484199336064252,0.010198425553467153
1.6118402113610077,0.8999419239517068,0.3796099304790097,0.02783042187891922
1.1605718635439828,0.47642339739266815,0.15258939275533098,0.010504985503088626
0.9132773306281121,0.593335857243813,0.12242562766249838,0.008301249433472761
0.4012855670492148,1.3254063693488305,0.2116720620891469,0.014905352729624165
0.1977622795002396,1.3578273826918978,0.32459154963641124,0.023541135639044905
1.5244235142707299,1.5966174217171225,0.44852649462533845,0.03326361259783712
0.7957649009391063,1.6614017786130373,0.07207640265940617,0.004711820744079442
0.3554269484307757,1.0463510311186697,0.4478413550215453,0.03320929817228933
0.3828075993588427,1.059394784755651,0.2504161723585751,0.017839308243072862
0.5338626792589498,1.2952214633664971,0.4516386469000695,0.03351040033875963
0.46241001488464506,0.48301863940293543,0.4733083519028683,0.03523197981873228
0.8835428668045295,1.491805619624127,0.378684433468628,0.027757895099671984
0.6255185888235058,0.9610453084588066,0.09155094773162056,0.006084508661179093
1.2125652209406441,0.6906634042853805,0.41104489837628333,0.030300901833089842
1.4262376665625531,1.471035409789407,0.499147354792007,0.03729189839315997
0.4038673624069522,0.5017925494532542,0.35374360517422143,0.02580810065008819
0.29755020857629244,1.5308060818800902,0.45375680902032345,0.03367843372658383
0.8041761694491658,0.2379280497790408,0.06546831343715225,0.004251529877957152
1.8976253408277353,1.3916411068279577,0.4153422657297412,0.030639669995795045
1.8847848852936095,1.6465138433821087,0.2705736838743233,0.0193785461167951
0.3952412179808069,1.618340844517791,0.3952847183415455,0.029060611563946497
0.3689768220062202,0.9091672511603444,0.18079968331639762,0.01259366791973459
0.7837507420226455,0.686591290878485,0.3190028205677799,0.023108102115869687
1.5813415670598259,0.10578209826572871,0.44950278220270196,0.03334101766117518
1.882869145416949,0.13755992274121076,0.06226666302029174,0.004029648458588991
1.8638338317802232,1.6650814364957398,0.35673474634345803,0.026041450972357043
1.0776509439371358,0.09877694984177587,0.09235275453097738,0.006141491090094526
1.3016867006279242,1.7655025246767473,0.4880579035889428,0.036406908826669075
1.0978772009887274,1.0598580301673908,0.43209309172218585,0.03196245216690451
0.8091851673086672,1.5842114669849527,0.05854980893306744,0.003773050980876673
1.8301814620547892,0.8372871838356832,0.34796732265743124,0.02535785699825767
0.2150953945637022,0.5947584893116549,0.1195902270087594,0.008095890505388394
0.3285763944472313,1.9637642375501105,0.45296435525713347,0.03361556217388898
1.8599290876407895,1.698278745676567,0.4260295293487314,0.031483207718372375
0.5168457659703742,1.4633163823763173,0.31051859859654085,0.02245171889376436
1.4745329042853406,0.34143803463327616,0.30070303534788057,0.02169388101864465
0.16650488456298707,0.5568254216287689,0.20021304583067256,0.014044402879997418
1.3825279274615687,1.9027068585101101,0.4569093267232247,0.03392862250731959
1.5032786981926596,0.9780009357983923,0.32215174868211416,0.023352027856244177
1.7146053217223274,1.0891928612519264,0.16678924983036322,0.011553287588766276
1.3390608278566014,0.5097780268321646,0.4973317960223042,0.03714691469558547
0.29970287795717265,1.5394739372390627,0.46508615898201167,0.03457810220248933
1.0275663362792038,0.25139357266142404,0.24624841261187852,0.0175220994064353
0.8706623143806522,1.7111343560335952,0.2971282199949408,0.021418298324742235
0.6384359265979922,1.4543687228467126,0.4959680674503745,0.037038036467295726
1.61490846533417,0.6129288501407597,0.35431132166506174,0.025852379944783
1.5615977452859955,0.9588354510450623,0.06952429920783243,0.004533691655507167
0.44204381360512945,1.0839981773497112,0.22853161805828665,0.016177876725681307
1.4425648239597442,1.1170621003585695,0.1985131838070241,0.013916971989784404
0.9758633013078535,0.03790912369656496,0.3559560757321471,0.025980690865755857
0.13022618301708078,1.3849944893581214,0.27423167591159847,0.019658739431642258
1.665858521365912,1.3475510457123934,0.42771429100527925,0.03161631892575894
0.36365363582575805,1.7640133713449546,0.11725615252269704,0.00792709260746473
1.678967638452385,1.5926028294628733,0.29887863206978005,0.021553209263822603
1.8185719959302986,1.2813826901796193,0.1247665453769601,0.0084710423995023
1.000049036681138,0.29545579613761874,0.27829338979753365,0.01997015902394859
0.2839293478987599,1.0287120748866891,0.2984014878277949,0.02151642851736877
1.4128609860803414,1.7087232970402202,0.3578103602268339,0.026125396778277146
0.27739613845609656,1.5700661583382138,0.24199613151621902,0.01719883926251346
1.1257343963538113,1.4142543714371305,0.22592614369210912,0.0159807850537802
0.20790151913081756,1.0140497237635526,0.053001664266913405,0.0033921372472602044
0.15933942777709809,0.8297332716754093,0.44963492883417805,0.033351495812690715
0.7119869366762968,1.822022571458693,0.3543222043047497,0.0258532287888467
0.8665788922282003,1.49234333229584,0.3427119699818334,0.024948665841667314
0.35735713839686123,1.2642811600818784,0.3198142104962875,0.023170939073707698
1.8909745930916655,0.09758468041157409,0.38617449157441414,0.028345203782768717
1.7873801945767787,0.724180232170335,0.35089157653702024,0.025585729771224277
1.5955953152928182,0.5095171190303074,0.17321371116876816,0.012029632943425423
1.0754316024021138,0.33410627797203607,0.13744551868118574,0.00939441038118645
0.7182667348628946,0.3230092296415705,0.4400044755401069,0.032588439622939086
1.03694812978778,0.01970943779184897,0.21251579544996502,0.014968874309240822
1.4495684061483762,1.3942446437194627,0.29982430623461126,0.02162611868783133
0.5686699330915885,1.3505029893006348,0.13601806243375758,0.009290149038696007
0.3007859984809893,0.15384637450602812,0.32269863464777526,0.023394408154816325
1.9662505505431174,0.48904393125762335,0.26853440218036095,0.019222455299003367
1.3823304277852275,1.1454118656365486,0.28055560214946124,0.020143743618809662
0.9814243026465068,0.1937863237755324,0.1393854374835953,0.009536221637192949
0.6434396403142142,1.1667955832822674,0.060843655564345754,0.003931281002483638
0.39993940976205056,1.6758221647541387,0.06861784858012589,0.0044705318141704965
1.150073035837501,1.8910884262345964,0.11283152059629029,0.007607747226579734
0.6806199107964019,1.27608910940589,0.3336017800026162,0.02424035908394266
0.8902124633151611,0.8996403786267639,0.3099465829590735,0.02240750894947742
1.2750091278894489,1.170288998985081,0.05460836601544202,0.0035021762480481364
0.916967346268976,1.3030370019889834,0.4595103464566742,0.03413513327063447
0.13224808447914982,0.5715114871963376,0.34696310890813753,0.025279633961186272
1.2104599051702674,1.664660287445194,0.34222452744670034,0.024910734529972806
1.9958345637362453,1.4859522342848879,0.12360294034004321,0.008386615306221572
0.18387823990913588,0.6912757505164171,0.24879977033817174,0.01771624005484626
1.340090530581765,0.5011640464880323,0.24481795076779195,0.017413311785357696
1.0143999038632683,0.2225097912419436,0.28084208394798266,0.02016573291222652
0.12433302516745459,0.11516362121244117,0.10565641525337,0.007091736976232956
1.0228198948897045,1.3640836109672776,0.3602746143987038,0.026317783966360853
0.542391816846086,1.1857007603333718,0.25982355099463156,0.01855663666092572
1.1303294657009406,0.9662615784783211,0.4380356816065461,0.03243258585736752
0.4721927812149973,1.3705571929028324,0.15179505823240122,0.010446536901519895
0.7386362500651666,1.5011581089230148,0.14787457650673635,0.010158371686343223
1.930850773554551,0.28541618945058467,0.49884084781357796,0.03726741934155249
1.2978160940529486,1.5119714295437254,0.46159019896808057,0.03430032346697768
0.5597022988698288,1.0225559314685462,0.21894436829829755,0.015453424773904148
0.526012324211879,1.9535972717953516,0.1371085613030067,0.009369792262735007
1.91322237707844,1.7728539472353133,0.27787744254029545,0.019938253035975056
1.6142621798251104,0.33362983546751157,0.32042182435772476,0.023218002084263275
1.7998935821085726,1.9397401125979055,0.4449585050165421,0.032980823217337356
0.6910481586175568,1.1449241866477369,0.24826414769455762,0.01767547144187299
0.08980338143496325,1.9753325896786524,0.2384583635057052,0.016930194936143683
0.06964707247236657,0.9162961678410446,0.060994189176768084,0.003941679414401876
1.131773901703651,0.6403668596331655,0.41158166144193636,0.030343202399169263
0.002738126944199948,0.06226615382604428,0.13327777191037968,0.009090210487578097
0.3494849693404998,1.7626974552582764,0.14742495703041034,0.0101253569522593
1.1989300031030652,0.8841395750760788,0.12870706145294053,0.008757353316284
1.2051786734928955,0.5823211509920785,0.2552588031079947,0.018208339054564246
1.5921165369659882,0.5770751375637853,0.4258511648824531,0.031469117457223195
0.7911252573985972,0.0628183470884045,0.08167057785025233,0.0053852527314876535
1.1125205717700701,1.9557541624087966,0.4608413875443817,0.03424084394300722
0.2716975439731386,1.685978058290308,0.3234272053511916,0.02345087560103786
0.3144118813000609,1.1867298096238972,0.24073258217945515,0.01710285892852775
1.9354805315386812,1.1769910394525211,0.20777278326374632,0.014612018311582011
0.4012893353058533,0.7780600008245149,0.4451334749851861,0.032994687234569574
0.13300671131636155,0.43359124857479814,0.3488531112448064,0.025426868262257173
0.361575287178578,1.2455791365287274,0.3359244975586128,0.024420822378335663
1.2783844346471929,1.5519699736460353,0.4976894832266152,0.03717547536652121
1.1857044021330438,0.16431845931836753,0.3355187251555142,0.024389289710567787
0.9342045870099487,1.8101374152742111,0.1354008168108401,0.009245088775206689
1.6780102037124613,1.6464895764732692,0.05596588804201683,0.0035953241076301574
0.31989857016156287,1.0126738573910787,0.2555332479268568,0.018229267571235237
1.086042764121752,1.7062906569457388,0.4738180702633731,0.03527254159762618
1.9421083990855947,0.48105632551746247,0.3866437202446312,0.028382023160439307
0.14461774063435318,1.5425123269375567,0.1597538395827124,0.011033095514315527
1.668619151816462,0.5010875176356504,0.21361303705042256,0.015051507614792856
1.3919096375093214,1.4539495544647991,0.41380403872384686,0.03051838124170289
1.2856365047565084,0.5701388739176765,0.19667238008284055,0.01377906025363624
1.3455618605995583,0.7581500707951163,0.19816575719404095,0.013890936248438904
0.5037743779662007,0.016028839420884067,0.19087371148994692,0.0133452137239962
1.9171610560152919,0.8295577732638832,0.05448872973083184,0.003493974874556826
1.9733820225146892,1.6113160106912134,0.3296253973644054,0.023931615977260384
0.5159150881172117,1.0898366623922597,0.3226046067037735,0.02338712121447817
1.3819655516137126,1.9501147577780589,0.4893886085644901,0.036513032618152724
1.0527598508215599,1.629481711911719,0.1183746276881412,0.008007950946996027
0.3691803598895318,1.6414451207256993,0.2585684751166231,0.018460829946359725
1.608184461841615,0.06877370712986663,0.17208527013063976,0.011945874448256299
0.11695057458110347,1.101427709021604,0.44701820108480755,0.03314405024640554
1.616885757212147,1.2292727986365297,0.06385704984477117,0.004139769820485832
1.844038939660863,1.1846358642448458,0.17598163465513494,0.012235240977155108
1.666216369972759,0.5403753078764157,0.08233511469587905,0.005432108042331917
0.2315042547139412,1.3998543243897594,0.3954326239119923,0.029072235750367322
1.4637627200996213,0.8817735474889441,0.10137370107090551,0.006784878599463007
1.2913500403274114,0.7446995143082349,0.15991989247181698,0.011045355381997798
1.5928275959810974,0.9815896421082733,0.2288080482303454,0.016198796475808838
0.8503537288393843,1.6864670078812762,0.25154070501920844,0.01792495927521106
0.5019169326793693,0.09259187296162952,0.4970095319917282,0.037121183714158006
0.06288960870730897,0.6602222475373356,0.2047865489469432,0.01438762662161193
1.772915924665897,0.38867026300165386,0.44488619902698207,0.03297509404978342
1.2145375632225235,0.02739286503711602,0.4306788820450459,0.03185063584906569
0.8545962044869602,0.8186716411706829,0.4883250603393378,0.03642821299150157
1.0645200795052638,1.7061418706608098,0.28541246000021414,0.02051674656457325
1.6232970973260368,1.6797603701213024,0.43632993277534443,0.03229759434749233
1.8872849934265852,0.39258802479778354,0.0912418196885243,0.00606254887377534
0.8883101050668833,0.2011101809114173,0.2962413916825008,0.021349967989172495
1.2519063497434713,0.8112933438257741,0.4678459614903924,0.03479748985743143
0.20926807043944473,1.297979616194815,0.34984016275953894,0.02550378310408689
0.6817074655541671,0.04381582996693023,0.06374583469579866,0.004132062864357766
1.611457522813956,1.4853272353415632,0.4944525010742138,0.03691705995075374
0.8462656648473803,1.8149612045012924,0.32794127762284425,0.023800931095105494
1.009030982493273,1.2377264782181168,0.12029410284039653,0.008146838924357757
1.8967159727683476,1.8616776396289003,0.17706234595342168,0.012315579604035667
0.9489933283039127,1.5343707767846377,0.2680195764298692,0.01918306238106372
0.4350357788608119,1.9719022528214414,0.45278066516873167,0.0336009896860253
1.5550726123012037,1.8600838867055935,0.4957555722396264,0.03702107299825783
0.33449180849925875,0.18744281407586527,0.40707557517168613,0.029988210882300498
1.5190250808889774,1.4119335706256309,0.31346408728435504,0.022679458585878876
0.329583323322008,1.5856261855324154,0.3465620268790123,0.025248396116410558
0.32664431964040364,0.823811549482576,0.12364196476660158,0.008389445895684253
0.5455924696269243,0.061771406224975234,0.22522889237216115,0.015928067847951356
1.6425413290122626,0.4756450440870048,0.1399845802773989,0.009580047582572271
1.9289775054431826,0.21198588805095464,0.16432149443509575,0.011370648144886124
0.1970976474890005,0.2973836985778162,0.4507494986849954,0.033439880571835806
1.6252367856916705,0.5018957081165445,0.3710981153401216,0.027163855111588642
1.1217513538027064,0.0392868684616936,0.12136281459207793,0.008224234442027871
0.769129563021391,0.9994163746088884,0.17957549907222337,0.012502534558853856
0.21304504899807597,1.614200708787634,0.10741363419247191,0.007217893052677257
1.5641802535307152,1.252945348178942,0.36602113532476377,0.02676677338032938
0.5703656360585085,1.8978514640705375,0.4113634767828312,0.0303260075104111
1.7285554495828883,0.44716846164549984,0.3740549482464715,0.027395288608188108
1.57412888750474,1.754867244035783,0.16803315990782197,0.01164542069048793
1.9386981653316753,1.1377474640857421,0.12229244433245746,0.008291595986984139
1.547317803808724,1.1579333269555687,0.22146668563687594,0.015643813118494533
1.5219993428061078,1.7321379164818997,0.12266585432864176,0.008318663468962095
0.49498044327569946,0.14844934693994483,0.07988650983283305,0.005259591907181382
0.26064181189514035,0.9122559566970103,0.23436931370932496,0.016620031128511615
1.0673214484091318,1.9742892853541398,0.34494806152130664,0.025122719392907774
0.1996095920470009,1.6828363120071523,0.2580532913826571,0.018421512471063568
0.5392823972404854,1.1570786429796314,0.3368944664317832,0.024496209529859276
1.590708019042279,1.2837866660724033,0.39143854339832673,0.028758438875218
0.646263559167638,0.6907019076911074,0.24893412085737282,0.017726467018792935
1.8911363741379181,1.147624542329519,0.3574443952276291,0.02609683324614188
1.56458803181171,1.624162641851211,0.2676907975748678,0.019157907943036317
0.6016479793893983,0.9608328981347034,0.3909553341421354,0.028720490239514306
1.636465194546045,0.36156224658927916,0.3343105642314007,0.024295418836092497
0.2085952340862962,1.003724452481385,0.13384111839911098,0.009131290707227612
0.7457052272864597,1.9531528284327344,0.15965418243828733,0.011025738139722449
1.471245349038938,1.5840678213365973,0.16732544333523208,0.011592996218438564
1.5254172143375964,0.17665263468407333,0.1943319045766534,0.013603842129337318
0.12670309487908993,0.8600575066075113,0.3938671337171202,0.028949216068985078
1.5632164100824055,1.0606320763999253,0.257933053003569,0.018412336971529223
0.9022565264117763,0.045963704924216975,0.41515283891519367,0.03062473207052016
1.0773334010465563,0.32247353228681397,0.1427607576755685,0.009783286849866967
1.5536502896591413,0.3140611504156823,0.26043830035637683,0.018603575459048727
0.4234300215403799,1.380519199403844,0.08880094042373118,0.0058893356947278845
1.6405440924480756,1.7928976947599202,0.338318645661314,0.02460692558804728
0.5002794781102651,1.0544202379211864,0.4642210416357846,0.03450934905634447
0.6761544141523079,0.9003269636739726,0.28198429153649346,0.02025341995561993
1.038854316544904,0.08976746045725803,0.20751859569430514,0.01459290943188513
0.8035396625082023,0.9605231956525213,0.08569106572080382,0.005669124955434613
0.12854310870627095,0.4376066623538206,0.423135674133588,0.03125465216700581
1.397010543409555,1.5663174241072588,0.3756693593787355,0.027521703110821687
1.2681221008394643,0.2696865871781706,0.4449907232061245,0.03298337604737947
0.9663686629592105,1.2543436076800794,0.2075217254720308,0.014593144707162378
1.2006504859793143,0.08028358296684845,0.12220652083734447,0.008285368431333989
1.0603821685036243,0.28677725777771235,0.3160160776688321,0.0228768931963109
1.504499574617815,0.42566480502627724,0.22663006157496413,0.01603401768825016
0.8902704560551966,0.6141705239317847,0.3152719430167595,0.022819311853094482
1.564704133075976,1.9229543472411468,0.38136324892940077,0.027967854500807292
0.4292208790192167,1.3258887212760424,0.2187400761455987,0.015438011092823499
1.173428593711709,1.3277758063608716,0.2211026350385198,0.015616324746176385
0.5840844525878481,0.7594826689148055,0.08585722623541431,0.005680877043957287
1.6121948987765085,1.0505636364710311,0.41560408264169724,0.030660317273546362
1.3469419006613657,0.6382922040879007,0.05848613902950315,0.0037686650398359475
0.870163137201386,0.6531688863259693,0.29460321806809914,0.02122378345887763
1.6216056572235875,0.4180337753343928,0.3505063164358343,0.025555700821078546
0.4530212777696192,1.6839443351733199,0.3755477464321258,0.027512179049194084
0.036115849184357396,1.016033891102538,0.3055156087008067,0.022065239253111157
1.7784177312767822,1.439116157551055,0.46013129957020815,0.03418444645648838
1.368984086641273,1.1278422578824256,0.24642107130528923,0.017535233174985624
0.3908367467952525,1.118327358233445,0.41952799490424325,0.030969870161659824
0.5370125425540133,1.799993887818705,0.3369942578624247,0.024503966290716894
1.6974571966089784,1.8072910201812267,0.2820347867316374,0.02025729702787782
1.9145637589499283,0.43133319020078065,0.08414239012654802,0.005559667275113259
1.6207029355699263,1.628131167688265,0.28508909740312816,0.020491898871565536
1.7977511380190636,0.028142237179260343,0.25970067691816173,0.01854725560693586
0.7856876426523491,0.605434762130816,0.4842960407231496,0.03610700822235291
0.5499466351046096,1.5721459649349132,0.27085274662295455,0.019399912482473608
1.3277995792846093,1.3441721507294622,0.0625469637654608,0.004049043060754445
0.7631775600769388,0.5701038527028979,0.4869007788369787,0.036314644292349846
1.2210004932968426,1.7989061375397433,0.4156852834882301,0.03066672107751231
0.3227003145268823,0.29484050206541856,0.17952671434947448,0.012498903707601953
0.9762689498774222,0.8767399406248599,0.40753902045458584,0.030024708854325136
1.2906142575185922,1.0322452614941207,0.15330729563376175,0.010557828190575208
1.0548993330328311,0.19173613009636314,0.30624080603137865,0.022121233663685853
0.7599004801944051,0.36148277921906824,0.3396915851473198,0.02471368870536238
0.17753511433300284,1.541453165799622,0.10692717544723854,0.0071829543483455886
1.721293164633392,1.9244721143624433,0.06626711008773369,0.004307006512899118
0.5703882045100774,1.8392135838029133,0.32326963891179206,0.023438662761795775
1.1943139857627179,0.647402272145791,0.19467949719398686,0.013629855253222356
0.31086313268365395,0.2889364099968088,0.28679407579949834,0.020622933961925823
0.9350322683013328,0.674164562920369,0.14501728985775353,0.00994868505520685
0.5070667110104912,0.28598846720605064,0.3116128877258081,0.022536309962030033
0.5826680994032196,0.45486170772433576,0.309509362422952,0.022373720844260172
0.38597767740620137,1.6598237443755754,0.3464718767054997,0.02524137520982845
0.5409959642707234,0.0024414560702301635,0.49713647669194305,0.037131319401484626
1.1621336696299807,0.828115847033887,0.3350814985920943,0.024355315677848734
1.047606959831273,0.3601968824173154,0.2801036712509558,0.020109058208835053
0.7809004970191846,0.5975831525395456,0.46612259545565937,0.03466048214739025
1.1571320690007418,1.2675002419748238,0.11599848589383319,0.00783623521670445
1.5486564137585699,1.2183402839132398,0.4530573673850549,0.033622941160336886
1.9500972641352403,1.5593348448788262,0.4099591336247943,0.030215347871617535
1.4348544370913558,0.39416642558481074,0.4279682921894494,0.03163639042831791
1.0780261484350369,1.348306474447916,0.41309879813648875,0.030462783618901833
1.3377757647820305,0.07580967122164117,0.4891952714534706,0.036497612735844724
0.5047978532238355,1.3637630493847483,0.35415066247257826,0.02583984876415804
1.8550327394842387,0.4107641061690639,0.2625768193476949,0.01876692017308557
0.7924923696488557,0.16930016469626308,0.05954997939985553,0.0038419913255924713
0.9043267946773192,1.0843166511795561,0.23047726843172012,0.016325157121302863
0.398063034178781,1.1404274888070993,0.25149452194740746,0.017921441179309317
0.25251183288005885,0.5885993885366145,0.20647631112373765,0.014514571247367178
1.7592986395884362,0.821674036118335,0.10112791364894527,0.006767294595143595
0.5688388566004132,0.41765610138817677,0.21869682837603144,0.015434748210232973
0.14664906480704532,0.10839368326988907,0.11226611462341166,0.0075670008940202
1.9150991326779998,0.8145198020677658,0.2584445915800988,0.01845137498479499
1.8781132490935537,0.3703001928210474,0.4392111756851474,0.0325256345791345
0.9894044833646414,0.9608202662746241,0.18410528962212502,0.012839962990468143
0.4844399414414524,1.6878661268670399,0.3489609643724281,0.025435271861882863
1.764273685927568,0.9240994609578219,0.07522168552625463,0.004931949996092013
1.4544965561714551,0.30372711068596825,0.44149964816697407,0.032706832717582
1.1638099957334427,0.31006831176468386,0.46371114476517233,0.03446883035344566
1.393234597399284,0.19827991318297689,0.2740315878962279,0.019643406475426086
0.4560905283483949,1.0125071763272573,0.09925822151415303,0.006633631001307974
0.4564249743770139,1.3035346831337091,0.1180545355368003,0.007984804999832621
0.7199027866050545,0.31669593341298174,0.2841488049357002,0.02041965636840006
0.8333080725798623,1.632475477432905,0.05360052791520745,0.0034331253896989515
1.0780045107693665,1.0845829210467186,0.36554620017739364,0.026729647015833802
0.9472098303814196,1.1885154727552463,0.05448532970923482,0.003493741812518695
0.6548046391429292,0.012903727541864196,0.17509140206923857,0.012169087838927818
1.8880722413841105,1.971015410178921,0.2937344271399516,0.02115688223331047
0.16287517423185416,0.5009489829310727,0.10160841483048423,0.006801673123435391
1.6732739654926383,0.34150293770329276,0.20204796526851837,0.01418204220080894
0.34011379822720333,0.09546668159356186,0.3376770744076644,0.02455704568585932
0.649511746547278,1.1772918895966757,0.2983329014936002,0.021511141861353566
1.7812959885669892,0.9756324144533077,0.05284058918743776,0.0033811181913077654
0.6673115672509209,1.9725118083101445,0.33516230542286535,0.024361594420838233
0.5367179848203247,1.0488668938386834,0.05591090950150956,0.0035915486392641325
0.42920419650455943,1.5593277493431001,0.16845600073233863,0.011676750119263505
0.7706958188754389,0.05084908424543122,0.4103421936486972,0.030245529701327628
0.2617661507282385,0.3689831491347484,0.229917489532678,0.01628277457152812
0.9572268335705667,0.19331720195686075,0.1876567406594536,0.013104915637552256
1.488707125818456,0.7481880056125307,0.4901315932150499,0.036572294349023725
0.8780067411149852,1.0204547080424762,0.19492948293528262,0.01364856565884671
1.489753720551079,1.300985720522296,0.498620923488075,0.03724985581673083
1.3222940401935943,1.4378958979501013,0.34626186256534386,0.025225019771715883
1.958773901202133,0.8152809783578556,0.1044711911413787,0.007006727716675172
1.2989067706263393,1.1123722408652381,0.45082814552587286,0.0334461177918964
0.2112147482022364,1.8519617329588451,0.22905133422886692,0.01621720937598236
1.3743415851625733,1.120265297089676,0.23701282880227426,0.01682050554691132
1.2513854631987018,1.8253138584756987,0.08427924196115266,0.005569334162121086
0.21822158722539675,0.21196624844657208,0.18873495725032408,0.013185423760824565
1.8429253392356806,0.06321167174269426,0.07987142550376558,0.005258530261799942
1.1338299833545986,1.820182056819453,0.05961481277285081,0.003846462971363915
0.6994822787712336,1.1533220719511554,0.07453934705355529,0.004884140204568327
0.15942041070994883,1.347748219488095,0.3136903316067937,0.022696957499882844
1.7543732560037353,0.8739321069593462,0.37682209168567676,0.02761198936409598
1.1633803049889526,0.5021107634881463,0.10535237785169355,0.007069923830075405
1.0505339694662819,0.8490197115703095,0.2888587106347767,0.02078168217354252
0.9745825549306846,0.1868823749357149,0.24024749520660016,0.01706602051281831
1.737861863197461,1.2396532604291672,0.10926606245411766,0.007351038733859929
1.0513495889961004,1.8430332300295889,0.19432852049201882,0.01360358888710297
0.5998733307264141,1.0681127478056152,0.3697851330267905,0.027061127742845838
0.5493981356656383,0.47306158687401156,0.29892480176694897,0.02155676847801385
1.8534970707629934,0.5617820960017852,0.1660378451166738,0.011497655989061783
0.1460851530860301,1.308470248965038,0.4152681865446468,0.03063382816216258
1.7798566722087508,0.10871447300463033,0.12241759871042364,0.008300667455278753
1.2643813218385007,1.478213639687913,0.2763104604800626,0.019818084466407364
0.5429583563922429,1.9789760313367883,0.25091429733571263,0.01787724510863987
1.0239559857005192,1.4593214645236874,0.43696031195001855,0.03234747778429713
1.0640906281859108,0.004550082177085635,0.24914778879738914,0.0177427325287395
1.2792327526519134,1.1169701494436295,0.13063167597196376,0.008897413573677078
1.206707396880833,0.5113933150070866,0.2291859687109432,0.01622739965586621
1.6546727586286354,0.5504144124317754,0.12802749630965576,0.008707933622586761
1.9780388406884517,0.8976370655081483,0.43780108624811437,0.0324140180260434
1.7482341358456315,0.0888115140189889,0.16174738445467118,0.011180338971768858
0.9313987164359674,1.6280941553292057,0.2607842824543174,0.01862999606638563
1.9561478681527267,0.6624869237245747,0.3516430044901881,0.025644306077411857
1.932328465669614,0.837210347829713,0.24855576698470488,0.01769766712653175
0.9695428376671453,1.3060817219023835,0.10569953091437735,0.007094830657840484
1.6361659387178558,0.17911968001334544,0.3471927350363865,0.025297519268344466
1.6397160200512197,0.513852979979126,0.39067621781578077,0.02869857143052999
0.7321360628462759,1.137924379857798,0.17159278485646204,0.011909331609435393
0.18125948711144502,0.6428930136947923,0.18069419229811695,0.012585813049446948
1.271528793253797,0.45333601105092214,0.367307183746191,0.026867322313782596
0.19469114249610708,0.3289352193312223,0.16964559865327672,0.01176491973862659
0.7680772515064702,1.907114889096106,0.22490130542119907,0.015903303808221286
1.455780002783485,0.6897515683566224,0.3633795745991502,0.02656032105780615
1.3016046122170852,0.029435006727532853,0.0647977845894148,0.0042049974965566094
0.8003469164999233,1.4967938319466663,0.15384550471267122,0.010597455358265664
0.559237285259087,1.130281179695025,0.47174677704532936,0.03510773339226359
0.07214385460744088,1.1503644380618592,0.44356059354195604,0.032870071050045385
1.5920131166603961,1.1770061190425085,0.36567708307996755,0.026739877988792873
1.5502998463471571,0.07475566297067648,0.35935278420456085,0.026245804947826804
0.2188680094658242,1.66872520898004,0.11847664320016264,0.008015328623457156
0.5816089770881971,1.3645737201396648,0.1466571181533374,0.010068992023239251
0.6388245912809234,0.7648534418348312,0.37999863019620056,0.02786088605883316
1.4356240866112286,0.842808432414585,0.16102754922604134,0.011127157331421176
0.8722709024299811,0.8345943152330517,0.2441795689002677,0.017364776536283252
0.3561214084012152,0.15649489236735925,0.09062355241486544,0.0060186439199603
1.8607564356961606,1.0613186549466873,0.058972886459142365,0.003802203283568221
0.6658913157930391,1.5369302768739503,0.185684166629753,0.012957710477233455
1.928959622175507,0.5807744307525484,0.07421411658391039,0.00486136270739195
1.65760718548205,0.3267105850942753,0.40709882903853,0.02999004213911336
0.2165799507313768,1.9294517581136976,0.09948744746256397,0.006650009001806076
1.3734033564321806,0.12582607359052989,0.33479352382922484,0.02433294070236967
0.9226125642316096,1.790978176162096,0.3190097746263267,0.023108640616392857
1.6848123287451529,0.8519841967027382,0.059004783567246276,0.0038044017511481413
1.1233455595090398,1.8933684063660383,0.07895869310277075,0.005194317366837339
0.40657776200047113,0.4313505707416001,0.43915245774830997,0.03252098622844185
1.957561303542805,1.9854108211936827,0.30300259768131566,0.021871274079771984
1.3005715790816146,1.55574867158019,0.3371503918932485,0.024516102864579437
1.160929213713536,0.8590163876217547,0.41818778639288173,0.030864120107045933
1.3410901844174397,0.09059793736989619,0.12747640367879848,0.008667870058639735
0.2464720060466079,0.39258575852431044,0.4167770245912065,0.030752828259767155
1.2326281184015735,0.46093552887734424,0.3452525305128139,0.025146424773581127
0.8520953056212424,0.14396046560743403,0.3447311537656562,0.025105832245233318
0.5603851113513496,0.6930790507940401,0.45335447147303454,0.0336465121957147
1.534016266651439,0.447901362806137,0.247542473321255,0.01762055120615651
0.3218165074791661,1.467335833450945,0.25390576127841286,0.018105181990677826
0.7449050147734999,1.6367839768140844,0.10822460201720357,0.007276163077716927
0.3891191175892563,1.9722228502651922,0.20860886319768984,0.01467488307261205
1.9969107942254805,0.6275163964520425,0.3974182984818574,0.029228322784734133
0.7162881170466902,0.9621919206391101,0.47518820767672826,0.035381587726075095
0.6890271930031173,1.220876518200082,0.344175273606815,0.025062558070467415
0.9643212247240267,1.194130123931273,0.4869845838535376,0.03632132606393783
1.6556639345642756,0.028226303398431796,0.21589705632395773,0.015223610980697402
0.007911945258845643,0.8136027255837386,0.3801116932134439,0.02786974772992685
1.9444659643329176,1.9569647296858377,0.4603625185381846,0.034202809956814004
0.09701886542518912,0.9826647135000621,0.31280678253498617,0.02262862415962827
0.02742177762268483,0.46780559276509703,0.4351388517309536,0.03220335478755407
1.5980165400452535,1.2817953108719848,0.3576016578822698,0.026109107333715232
0.6533867521844852,0.9420076140378073,0.0783086104254392,0.005148613690553647
0.6958063912334289,1.07481642930099,0.06707483034206985,0.0043631498312915965
1.5875927040612432,1.3895940218122926,0.2402725825901456,0.01706792557008
1.9051388033159689,1.47019324332988,0.19238501439192712,0.013458200330222757
1.0116691814878502,1.3212481772694549,0.4740638891472197,0.03529210416516613
1.4021410228116187,0.23201339695384227,0.10371043679125785,0.006952198221589869
0.3784415987491305,1.688458536000067,0.49189397776013966,0.03671288994016825
0.13251974733723215,0.4796150763989939,0.06436411227699168,0.004174919806041324
1.8959285739540785,0.004433698883294479,0.08600351117389841,0.00569122468533443
1.2742932729788794,1.5576989612543348,0.4921563653181563,0.03673382508648999
0.05088587074911244,0.5287869435478547,0.22005896870584968,0.015537537946805176
0.12449711618959425,0.4063297190252404,0.4343073036407005,0.032137572392678566
1.992518931425867,0.4493581739730155,0.4626650412138382,0.0343857118780936
0.35914142660787185,1.3188891729745407,0.3873231171246649,0.02843533945458843
0.6656761723184608,1.4320291788923394,0.14086468654467182,0.009644448832099375
1.6791794439142085,1.4336627354761655,0.105082031498936,0.0070505314938775375
0.12464934562572472,1.6498699973221431,0.27592014170329654,0.019788159041709875
0.031841089473853,1.7532923153775581,0.15659703714311912,0.010800193538502359
1.9694281993407179,1.8513160384920104,0.11699945253753423,0.00790854238954831
1.980503890938556,0.6937401754095456,0.2467194226905693,0.017557929607622452
1.23844049897751,1.4564443883995752,0.3423166742980622,0.024917904835152292
1.214113522499872,1.0557333628780303,0.25275777779570835,0.01801768848059226
1.2500728451887717,1.3476530727777043,0.2982123377223894,0.02150184897157875
0.260194163932425,1.257079755334647,0.42912269944116166,0.03172762353513867
1.0688370232330202,1.1684213701869908,0.281451984555923,0.020212551801990355
0.386049704201195,0.6847064621566967,0.4285432776308343,0.03168182955836058
0.8816040145211212,1.1920228427110615,0.10503860290481543,0.00704741661847456
1.3884800198369678,1.5661065929566405,0.16575692374921347,0.01147686192695458
1.5831487246741673,0.6105225870455859,0.30950728219378865,0.022373560093435507
1.115302511332782,1.522681728090992,0.3512350342312601,0.025612502367082967
1.4556987427256194,0.32919267320587187,0.4869796085085538,0.03632092937760823
0.8247044353636599,0.16361218810711575,0.20757449909956155,0.014597111904300197
0.3607335498300599,0.011568372275887029,0.2470745922780348,0.01758495083043309
0.09223965241513077,1.8390992210440422,0.4889158052149844,0.03647532424302779
0.6594451101879228,0.6886972264850699,0.3611721338208409,0.026387876944356493
0.06344113756945746,1.9998768984257913,0.3646512881211014,0.026659699498672477
0.18213331954228806,1.8477986368048809,0.12217116380544879,0.008282805915159641
0.7384916029906792,0.21096945128998223,0.2858966105824502,0.020553953091367216
0.7900545141721145,0.0331688643553516,0.2679082653114312,0.01917454587518034
1.4652392628881779,1.9002673678124382,0.1262685706073147,0.008580104362107014
0.5215181744997259,1.7846221212125946,0.2122612555777419,0.014949709102844846
0.058424511727869,0.06680805025433201,0.06292905234637845,0.004075490234823774
1.8575701704498995,0.11370487911905824,0.30484471445997013,0.022013445893719768
0.5382387710222929,1.2698605956506903,0.18121554846348203,0.012624636353327511
1.6366150682695768,0.1285491883598604,0.1617919414203584,0.011183631391111677
1.4259833923516425,1.6918541798871118,0.4468249413096315,0.03312873256371531
0.17234923712063144,1.6022410081848657,0.3236609150184551,0.023468990992419805
1.9172240329654167,1.1192097021503349,0.4911689092232675,0.0366550428209881
1.1216967683565906,1.8327987745125367,0.4447574920776837,0.03296489610923177
0.226283227688024,0.28163331669246805,0.3498668577817468,0.02550586349081675
0.17206573571021222,0.8428885321119244,0.23820448432656494,0.016910926865385895
1.2955944249188915,0.14043873952642305,0.2155747828982194,0.015199319679394115
1.432241456928899,1.4114809177162524,0.3557189237363787,0.02596218758282011
1.9385830118162466,1.8512959693701412,0.4561125476080247,0.03386537757844132
0.3693493730378483,1.5325128466581721,0.19746743033853686,0.013838613988354105
1.7753444828491884,1.6548617814054225,0.4305214362709599,0.03183818876091393
0.5520463215587912,1.7021456884133288,0.37007450408603687,0.027083765894547925
0.686373553626882,0.6341915353584584,0.45655431057085566,0.03390044189809003
0.5658743962936186,0.7115268312463714,0.24930501821069917,0.017754702260582057
1.7721656612129657,1.695437430946799,0.4046590313925954,0.029797945943885604
1.5365943581790535,0.4352630405110913,0.4886772039667192,0.03645629558384884
0.9144334681784247,0.11180356435309236,0.22820563298150603,0.01615320899097891
0.4010479734066017,1.5065327613854502,0.48760213399373564,0.0363705657646906
1.6420797748478306,0.835626140796194,0.29313581012595685,0.02111079368555887
1.958144288644353,1.0951521759540406,0.2962472854196823,0.021350422056504666
0.7482041907179489,1.2697316456076844,0.2284554846213116,0.016172115387392588
0.09214401404556272,1.480062646739174,0.1724842962022372,0.011975487825696197
0.10233887647389661,1.4578914448378362,0.3175014159752237,0.022991857038164813
0.4483218121231738,0.3183036726366062,0.09680877881271786,0.00645878446307151
0.26847828686341013,0.30013406435266754,0.4684706856920987,0.034847164078588816
1.0411576074095958,1.6853515338360594,0.05824466188547089,0.00375203373298621
1.3604767427835114,1.7793303651361934,0.3103750227292015,0.022440621673573496
1.5933240625452147,1.118445565617346,0.14569713215992364,0.009998550755358689
1.7212655515359025,0.05460017045086896,0.13060835891422115,0.008895715861521615
0.5433497688154028,1.0161025483018227,0.07216212630876316,0.004717811640716319
0.6589739546067492,1.5103277145245626,0.267009180159705,0.0191057650839834
1.3263198093032578,0.8638793844444008,0.19399967507268528,0.013578981750078819
1.2271497108074587,0.08527925467101927,0.12649836927585717,0.008596797953199934
1.9388339533593597,1.685779737096714,0.4372925725949692,0.03237377237588122
0.41715716312387574,1.0160828700450535,0.15418737378322597,0.010622631407086464
0.2651387979857347,0.07137112124968903,0.24020076506128374,0.01706247200867163
1.9171426932890787,0.31999741996727993,0.4385444478319346,0.032472856212689125
0.09961547565275608,0.10718587391018208,0.3228385056991851,0.023405248097174806
1.6062943917874792,1.0003798610597656,0.4201761869064645,0.031021024556301027
0.20163706702441742,1.6528832299950362,0.46636079181840645,0.034679416694847864
0.6583752105020246,1.2126949329869487,0.15447485403998445,0.01064380511652305
1.1931094623012297,1.6313012686948063,0.3966076970781172,0.029164597686910904
0.4478099564571314,0.7626656659459521,0.2613427416316455,0.018672647393718232
0.44891801384822205,0.10479308475715521,0.4846337298519798,0.036133922691370335
1.965857928435175,0.648370204586719,0.3999989289613559,0.0294312576415724
1.6291915024692383,1.380226994447485,0.4218900473250356,0.031156306205654818
1.166919672951075,0.4915468551690114,0.27085858067240337,0.01940035918114477
1.9030632896846968,0.7611959834684212,0.21477394235579167,0.015138967324660298
1.7383641781647863,0.881815683185935,0.4881656382570044,0.03641549993007408
1.736116802490957,1.4204014921114405,0.24802454602410184,0.01765723626075611
0.7058042375980325,0.6812916119433534,0.06372027098475269,0.0041302914885719645
0.707622140076386,0.31301445902432046,0.26234741110299625,0.018749393065346166
1.6983678499696124,0.24607705507338373,0.40973722921185185,0.0301978646056407
1.5567687876306573,0.8063512913968007,0.20496933171883658,0.014401354836388994
0.7418563810066423,0.8268200173271265,0.2613348007478777,0.01867204087872303
0.6587196610092785,1.3940709570534784,0.270771826083035,0.01939371666625807
1.4060066181352668,0.0415308774147618,0.19789877346134016,0.013870930941569342
0.9083390073965594,0.7722091680538794,0.27885140812233344,0.02001296799824648
0.7077380309188033,0.1259834198652925,0.18897837135213363,0.013203603368248409
0.8568287550114191,1.5119308331843608,0.13867481584582075,0.009484258118637815
0.4735301702643788,1.7319402605322947,0.4808531795888691,0.035832679656329615
1.1572438384724584,1.9804614399760672,0.2089067951501189,0.01469728874955065
1.3794863096563554,0.3429557398649721,0.11716004764242069,0.007920147337115883
0.5896331806360491,1.8973630123447585,0.37536596031138847,0.027497942950099587
0.1783739118476655,1.0142797214031285,0.3182488420230588,0.023049721186122855
0.3063379837711735,1.8268573192181357,0.4119739926110887,0.03037412316157086
0.24527725566448688,0.8098297030693826,0.12518735628900596,0.008501588366818453
0.896904636473687,1.8868151927115975,0.11339582225570813,0.007648428025974788
0.7967334791338063,1.7016552184026037,0.29831606509700276,0.021509844119475725
0.08144270559771516,1.0643777525625502,0.24887331944549096,0.017721838676521714
0.6394813969328892,0.33826705922539646,0.24140514553532438,0.017153943125152202
1.0754788787372445,1.0719982151702685,0.4761380523664625,0.035457196448076364
0.4314141373407596,0.745362101254486,0.2594820715568899,0.01853056652396288
0.8282953623915721,1.1572345865051592,0.10501223897453399,0.00704552573351118
1.6299686278326062,1.7587254904812077,0.3148581151915748,0.022787293798659923
0.58683510083188,1.0397830645941786,0.10646485012318915,0.007149759130416457
0.9262592800041332,1.684901759546592,0.31467359992241734,0.02277301870078863
1.8756448861345754,1.5038419643490877,0.32995315901349587,0.02395705509783428
1.6276637360896207,1.2276858238051762,0.48718895628728887,0.03633762100491325
1.5794127741338642,0.33967600058025016,0.15349813764859932,0.010571878377748797
0.7707026723357808,0.3014406972883801,0.3885705933354116,0.028533253091604576
1.3812978579026465,1.238943766587189,0.41167970630921735,0.030350929410251824
1.3991613638016565,1.9791269340177793,0.34609025378608893,0.02521165576655258
0.4337944488187342,1.4698348432464263,0.3171371955931072,0.022963663268947943
1.513235603329691,0.9393570561783313,0.306606848636825,0.022149500260816923
1.165089333612281,1.281586014135241,0.05802629294056028,0.003736998057519086
0.1554936648409866,1.0935534679189303,0.37029989509051464,0.02710139958826471
0.799799651557294,1.0186712870898105,0.49921461132752937,0.03729726994702053
0.8229962244907225,1.6524539019728082,0.25956561343823364,0.01853694428319937
1.8234496936112563,1.3298371839214902,0.31304711552051073,0.02264721010188683
1.2172538226672447,0.9402378062615799,0.10155113803067764,0.006797574537144382
1.7276505167096625,1.8790786383001121,0.4663501763013401,0.034678572838988904
0.7529670384801639,0.8680300323033683,0.3441680581707601,0.025061996394679504
1.0781703734958348,1.513495399163446,0.2681864850305249,0.019195833153689515
0.26170633085550143,0.014841564690471376,0.46591763263184066,0.03464418991277882
1.2831869758642391,0.37467690320357705,0.060104474609976366,0.0038802464271737755
0.6375812997039976,0.475239153022295,0.11223917149793083,0.00756505957381134
1.7992307556867237,0.24347469693992219,0.312729642341913,0.022622658798780025
1.862562731921603,0.05910359343439886,0.3048659296841054,0.02201508359894019
1.8372753861781084,0.24283808129637485,0.41148070732020875,0.030335246239637754
1.4981749424381032,1.4222397570574974,0.12614937283739253,0.008571446134604551
0.15415122235802192,0.4432403441177233,0.421404636534499,0.031117986993688302
0.21571600785895195,0.6034246252419555,0.3290016070467641,0.023883205504761387
1.1714313806649945,1.4732813535685982,0.4289021544069639,0.031710192493406696
1.7250125369313132,1.3587228275836993,0.36417471312540806,0.026622454594153116
1.5834276126093396,0.9262126930025234,0.2948436677303359,0.021242301686657885
1.071751885320478,0.5337554364168493,0.1104349422748408,0.007435133837264004
1.887760659754806,1.032080773529578,0.1720584141863528,0.011943881527445894
1.4785695157845207,1.4074706672491053,0.31930106026073174,0.023131197591332628
0.7081040446848226,1.4294019940500173,0.38738271423155834,0.02844001670031659
0.7072311173613737,1.3721538708891534,0.44410915906578075,0.032913529319102845
0.9896688868115311,0.40914437252816205,0.07768114846812399,0.005104525170271438
1.7370829287947005,1.3007235367588077,0.3486628716324828,0.025412045786195832
0.6613121643870041,1.4432272715637262,0.4629914485382565,0.03441164528074255
1.5463543660126444,0.7170489457293809,0.37087861482662354,0.027146679704546005
1.489906504852977,0.3847130536972656,0.31959908073751153,0.023154277577728023
0.5591994606206043,0.4492405939854045,0.2560035788990878,0.018265137511199726
0.5814623836030632,0.2604640021330151,0.4498285718204637,0.03336685050804941
1.8932062134092946,1.4534529289276257,0.49520502515168136,0.03697712521970594
1.9582538431772656,0.1429659217026824,0.18504927357119028,0.012910353890229941
0.12494406241865774,0.9813259791347135,0.4236387587628746,0.03129437786980461
0.2659602932659362,0.34270795181860336,0.2857549388102648,0.020543065295738423
0.40895882839888253,1.6658620302467486,0.18580937439146678,0.01296705102739906
1.7450330725792886,1.570789572308626,0.22215583352913487,0.015695857149472105
0.6411961860941775,0.7026576008104297,0.3287893030841947,0.02386673068276201
0.13900553872748822,0.8894744141862978,0.4093985483753667,0.03017118209150749
0.6170919110031687,0.6616757056866376,0.26861154115166586,0.01922835819022377
0.29686473841337646,0.418218199831043,0.2152313271376336,0.015173434521504393
1.3461174888018268,0.7388611379152006,0.2013341075248718,0.014128484654283275
0.3522762432568336,0.7862326567781113,0.10543580055106265,0.007075908555051878
0.45206285289420145,1.532491156697201,0.06682929986535419,0.004346078446796905
0.15785256306716433,1.8669498362792158,0.4130016761224281,0.03045512752032731
1.8351932431043576,1.0825245125099674,0.47598639234778883,0.03544512343864795
0.39621423911491394,0.5841475219466314,0.26013694228930473,0.01858056449834903
1.9926604375023607,1.4950446215377653,0.2662588406254335,0.019048375691035267
0.4855894991521379,0.9387803174831377,0.3377552505269146,0.024563123253809792
1.474273281513088,1.6331344840629118,0.4308279780040671,0.03186242312076385
1.4934595889161857,0.10765514024222123,0.3745822156163797,0.027436571507206176
0.7865450238486185,0.9720051846196831,0.11580798741215531,0.007822478976599791
0.154551009751549,0.8240320618451789,0.35964965603145344,0.026268984121410287
0.540285261454313,0.30388497052876207,0.21324385975663868,0.015023701582309326
0.8704039944177933,1.9690793408804026,0.19306403700177072,0.013508984751905036
0.5187391650595921,1.315279379125879,0.3123739024405007,0.0225951502403111
1.5202752824456176,0.5212761356236646,0.3319659500337442,0.024113315432847924
0.29936361190722693,1.6761981506735957,0.3672189389395202,0.02686042216866862
1.7632614216886637,0.3481816774503603,0.24557174342737798,0.017470632792643
0.6525853031020736,0.5577370478907626,0.2437242751279482,0.017330166557199544
0.3349390492340283,1.6393280417450697,0.48585518732818994,0.0362312859864037
1.3847429715117237,0.8451205403076789,0.050557274774740264,0.00322517036819428
0.06555399934924977,1.7058951753554092,0.48168083535385964,0.0358986152649604
1.9715756009851217,0.16365122833986367,0.24510517110326718,0.017435151581466
1.86633458250572,0.5078577130758539,0.18852082823818544,0.013169432674855906
0.23274583196254706,0.7131674495849873,0.08346311384047035,0.005511700906953043
1.6182599965214874,0.8124265558357469,0.15949171774787485,0.011013744560334755
0.5286293491126999,1.2789057948439655,0.3136181418259718,0.0226913738716926
0.9308743243173381,0.8718197228173568,0.050388106308709185,0.0032136354124710476
0.30144834473144844,0.32081915501381886,0.2295207226918184,0.01625273846711816
1.4559652882248233,1.6811996779791218,0.47639575930937916,0.03547771201084943
0.2703231353598772,1.7402855277416844,0.16905246898677956,0.011720953300999837
1.0651285983648004,1.9891038398241558,0.1925132923167563,0.013467793350613879
1.6172509861616613,0.00873494402345476,0.2944841260383591,0.021214611973790657
1.521113869995292,0.7664742354291816,0.2929584328855879,0.021097138355044065
0.9681807543420464,1.4939321777609196,0.2771092074951269,0.019879332841807037
0.8207032652825685,1.221959479488347,0.42121440210416883,0.031102970371720075
0.411433977279126,0.08308463130835486,0.20584710995483035,0.014467293638791083
1.503479786023853,1.2217562344373163,0.46496424406164966,0.03456841276924142
1.1267960899648033,1.4025882247387287,0.40429361758275906,0.029769182146704057
0.9406630908142442,0.7830403100224073,0.20827487385980537,0.01464976836074244
0.11209066105054899,0.3952690921329942,0.10114247920033667,0.006768336554618503
0.8100819821228757,1.705285632766737,0.4352316140088181,0.032210693596117175
0.21681437113538848,1.929011348812831,0.46804924862701425,0.03481365349654675
0.6189335487162091,0.9621761772873825,0.09888981738368693,0.006607314306875451
1.1177746396539108,0.13145552994454324,0.20143012874702299,0.014135687934498356
1.3954100345109839,0.641856517196888,0.050181647822394766,0.003199561412767427
0.7972889038182991,0.7701808423308891,0.16756251445519815,0.011610555683657053
1.5714601108155075,1.871773189246404,0.3090848492234512,0.022340917904346218
0.22596839750981124,1.6344060027302258,0.2757929487503506,0.01977840789175308
1.0016347140606563,0.1687807438962723,0.23886916779527156,0.01696137578055654
1.9651028424254111,0.6020980812652046,0.114582324258859,0.007734009064103003
1.2231678581940089,1.4055910990715024,0.18294052652735732,0.012753143382099437
1.907417545810864,0.24294040901213987,0.07431230292832848,0.004868238457963412
1.9564427093445882,0.7582524302387017,0.2833614693839047,0.020359178202915936
0.6591352962839403,0.7567331211759796,0.26818715811714233,0.01919588465505891
1.410637194905421,0.625264321443479,0.27286613770446894,0.01955411216514792
1.4772410594187573,0.09294440912984525,0.28094359005412195,0.02017352452053486
1.0158415639160443,1.3215725556010274,0.186599713508183,0.01302602066019281
1.0313210658831804,0.0063579897724537204,0.28156906296769707,0.020221540102627823
1.4233709069177714,1.1497042474516044,0.4888652580851377,0.03647129301150884
1.7839390147621075,1.1345344503475883,0.40869882477456665,0.030116060133961692
0.9357541548800934,0.17013248858162533,0.45513538055915964,0.033787824632622844
1.2671395831681898,0.8888911569883458,0.32262373823260854,0.023388603850243463
1.2779040295312076,0.09930785526387975,0.21265089844049284,0.014979047334376447
0.23258926502011756,1.929846611926063,0.28600118308193867,0.020561989962930745
1.1858198977740428,1.5982811858504542,0.1789744515452823,0.012457805753702447
1.2002785169369026,0.08595403184934702,0.1014026050516485,0.0067869466274643785
0.6348412793901561,0.061513240030345084,0.46570832944879387,0.03462755317887027
0.09692251451963729,1.3003767935098618,0.3481636650291304,0.02537315287155383
1.574742468286467,0.014789357651990409,0.4779794957204833,0.03560380707296517
1.650826759034265,1.14294021335612,0.2319734570483356,0.016438472898820375
0.7660121238951298,0.9647802991243923,0.0882308015661008,0.005848923662536017
1.0679959434974422,1.99987100659674,0.07794306177315516,0.005122925492996382
0.7112622396018549,1.6735436082080035,0.42584970851089343,0.03146900240988708
0.9056982680375829,1.8952635210805227,0.14933999398807968,0.010266022585115823
1.0396139744444093,1.565963163752089,0.09857253740772098,0.0065846550512990544
0.24275367029645833,1.416808562272451,0.4681652924675411,0.034822880518699396
0.9511622254301548,0.6904586212871269,0.3296385783699948,0.02393263898332293
1.1065324185556518,1.9290230098091459,0.39079126436058037,0.028707605823999605
0.14987330890698058,0.2796606130370378,0.2227226758502383,0.01573867308985647
0.45560340230928076,1.9269166907436792,0.4341380027813552,0.032124180345785146
0.14309114433633807,1.0600349075461062,0.3435856436640298,0.025016661812075017
0.698127506226754,0.9221982639486348,0.39956993041808303,0.029397515904284553
1.4412005234746994,0.550954195307074,0.301125627403576,0.0217264736573545
1.1737500616912557,1.2371329140496095,0.21179481216147206,0.014914593046535815
1.1913109042293797,0.3425991813477751,0.11393395784083882,0.007687235514766778
1.5854310374585998,1.3562463168910464,0.28570838884658323,0.02053948790719262
0.2386159922844202,1.2963876608846814,0.12367079737210451,0.008391537273363779
1.148242343842558,1.8558698201114432,0.19797289100310095,0.013876484442254583
0.9552899288085119,1.7185211090205201,0.27041724031020475,0.019366568721633334
1.6064348630010457,1.80786805935006,0.4420361379071762,0.03274932063591546
1.3971328106703655,0.8147168246057495,0.10237292630274453,0.006856394907812754
0.7699075808569493,0.5219525811434811,0.23749403339053365,0.016857014977164686
0.6497938104353524,1.1533864376040388,0.34629304322476545,0.025227448009454822
1.6849152505624627,1.7115239842064602,0.11725016697917776,0.007926660035045706
1.5718230636461261,1.118735313504155,0.45409156271095535,0.03370499463109913
1.6366795368910179,0.019703398157750573,0.4672477997204655,0.03474993200606674
0.7698649680318308,1.131187754874033,0.41075946541487884,0.030278409333882733
0.8228749044337267,0.6631693144012101,0.16050009038456137,0.01108819892391511
1.2028035670983632,1.5103223712458447,0.42678393670235526,0.0315428081503198
0.883251613535579,0.5259780168558028,0.16838336862640213,0.01167136822227334
0.3976561053928258,1.9284377050283532,0.053135494924457974,0.00340129428549361
0.5798367645876092,0.5085507994488971,0.37637070363766884,0.027576632711026675
1.7036046777639458,1.5214514742856011,0.3998057644473576,0.029416064492246423
0.639418440195797,1.5025249760775747,0.38132184377011674,0.027964608483351923
1.6415915346521748,0.3412148385018512,0.1321445503718761,0.009007610308729395
0.9575439902089471,1.2945022843218745,0.43360603536333,0.032082102972271806
0.9123090040641393,0.5199125803706259,0.21019087746448495,0.014793882080234147
1.6532902863302175,0.5409152950953229,0.07381111658112892,0.004833148181941704
0.22788666702679428,1.2010677281097386,0.07571670472480557,0.004966653533159473
1.1672495503771427,0.5927052864183977,0.3206780232645918,0.023237847934585002
0.4878754944223269,1.9073287376916548,0.3363325420411811,0.024452534260301032
0.47401550371693535,0.7706704230102959,0.12441258252220486,0.008445354324961778
1.9233525898916741,0.5991457548685297,0.40117112780748326,0.02952346654407854
0.17234711720493467,1.8648126896496828,0.377585130810551,0.02767176389457368
0.6854030315761017,0.2990291950448165,0.3087533253188388,0.022315302585103558
1.7418716035602129,1.5616818573873401,0.28588668215501667,0.020553190057165025
0.2821794421072561,1.1215154961281093,0.4027118838398934,0.029644695603278905
1.4852607794894204,0.5452282613601125,0.47005388351908933,0.03497307067672352
1.8874228095544918,1.338084618389011,0.18226262019357165,0.012702630851647094
0.597798722904507,1.6176451307492041,0.2935026955956712,0.021139040055826515
0.1781493566344965,1.2023352832247904,0.47865631404294573,0.03565770327855823
1.2215091831887173,1.143104044571105,0.3348178884512782,0.02433483372595018
1.0099006834954218,0.22188680018167695,0.17575131445753472,0.012218123675998116
0.31777017600544366,0.18023973407185712,0.12300231033113958,0.008343057125979193
0.46931663046076766,0.7202769920232521,0.2427325018896785,0.01725479057433838
1.501628937712394,0.2311487859424728,0.2899955282780732,0.020869124686835605
1.7129778824870885,1.3548603822810206,0.16888811509182455,0.011708772255870423
0.19964528073397925,1.890488557220491,0.3359771789169124,0.024424916451762126
0.25748495321559983,0.8934649661792675,0.3787216735030202,0.027760813187299258
0.45360728495696456,0.13706587550347926,0.31235594739615496,0.022593761874801273
1.8758216880576555,1.9272193146364607,0.09345998735470434,0.0062202354694162725
1.5551974999242344,1.3106434805802731,0.34877918759219173,0.025421108451430183
0.4221434177571821,0.1653216389694976,0.1820326805811182,0.012685500406132021
1.1563151677338557,0.16550181394778396,0.285978625934929,0.020560256326572428
0.5008122470761067,1.2842862048330863,0.16469856002154495,0.011398542723386803
0.20327650876234893,1.9100208735154882,0.08623164965096637,0.005707364758666635
0.09116548582060946,1.9177069209591533,0.1751949177708898,0.012176778895350671
0.10416888384072176,0.5189385030956886,0.3290285881386666,0.023885299294424605
0.6840046841196752,1.0410365087272324,0.13988239256390855,0.009572571864523257
1.2539806126302668,0.8616457379262106,0.3963818989409429,0.02914684825818983
0.12122745497371712,1.321234026116535,0.2851186278510585,0.020494167957201947
0.6349172690566789,0.785674724294209,0.060827625349310424,0.003930173787653671
1.8887236820359832,1.3872253174126752,0.1481533917942913,0.010178848062841164
1.7032889382894514,0.07870213630835132,0.06768537535808063,0.004405618819879456
0.29937108766871434,0.7905713623171589,0.07150176361482499,0.004671674148320319
0.2535628341149805,1.4159399057659916,0.3698461978507329,0.02706590488025406
0.29978128379179925,0.22255673834492828,0.465568631976756,0.03461644943189496
1.9017920130570782,0.5546186743445656,0.1705443963294203,0.01183156438423533
0.21330029056084343,0.031470865824024585,0.21710251758721882,0.015314494560883546
0.2835623054194598,0.5081171820273902,0.499780656378916,0.037342480044311815
1.7504642804413424,0.8929476101035532,0.28859288491861884,0.02076123863189023
1.3506448208896753,1.1142327028337804,0.29962253877132816,0.02161056152137231
0.9438469124113504,1.3335113516679322,0.3980140002793606,0.02927515935645614
1.08348462454063,0.05049402475497233,0.12968224779983323,0.008828302770315401
1.0994174652273871,1.3915320726200335,0.3869419646798219,0.028405427371079487
0.043988123723559314,0.3323969939786342,0.41406400600730164,0.030538877405410364
0.28922721751251923,1.4075049530057755,0.29009937712935335,0.020877113783938528
0.21436253681254192,1.6866931900637925,0.08713545548527148,0.00577133504353174
1.1431500176459115,1.331393042647924,0.3315722567372052,0.024082746425497507
1.863508450110027,0.952549290070249,0.14618947955243658,0.010034673935385808
1.8812424109588406,0.6008019472157256,0.37469422702811356,0.02744534206354471
1.6029639767562447,1.3620011769715399,0.41034631562595597,0.030245854488199334
1.877440318358168,1.3145248613039444,0.4356956157369934,0.032247404317118686
1.7539086537518318,1.5615605042404648,0.3181567053021109,0.0230425876483794
1.3856393378693883,1.1746090299155378,0.09138838186633741,0.006072959694894743
1.8502587684348997,0.33772334851411245,0.41672942317057926,0.030749073542836174
0.19078894004371416,0.3231953124030229,0.19027135019061392,0.01330019772953123
1.7579501977055483,1.8485456510328961,0.4934578836174178,0.03683768085413054
1.7924861115105426,0.7336922018800471,0.3219562087005938,0.02333687591471765
0.21800768250165015,1.5757608234254614,0.1943722905831075,0.013606864371120119
1.0997258131106162,1.1430852502748465,0.1319549512499272,0.008993795246328276
1.5860957722201519,0.10582498845152744,0.4532470365207847,0.0336379886185411
0.8602292277196026,1.1784075198551605,0.27934780060352055,0.020051054248381196
0.17494802840881074,0.8971751360688522,0.41365063115194867,0.03050628680307924
1.365758104928757,1.7946560902041326,0.08043196933977108,0.005297990994098099
1.4654818879312956,1.889671316862159,0.4371911090368254,0.032365742561160676
0.11637708969876015,0.5150685988622148,0.42218888767278284,0.031179898720241645
0.6529801782140447,1.7895696027741552,0.40353519489279466,0.029709488114415136
1.6195062276787997,0.3150361425507773,0.21564753650257695,0.015204803250346921
1.469369822981861,1.331464328475813,0.4834173297276313,0.03603697934717898
1.201897774220237,1.6289485788013285,0.3206078437787511,0.023232411535688773
0.5683945950115701,0.7075773520876487,0.2589761882425582,0.018491949378215116
1.1796146437743933,1.8204691781193563,0.4179580684702432,0.03084599640519104
0.9725674448694206,1.7874708633164067,0.2846076107868768,0.020454904283078418
1.4387445777447054,1.7395727070669396,0.4663639722411703,0.03467966951542227
1.3801309169357854,0.5697997930284795,0.1391860650225079,0.009521640870282963
1.9057548087126936,1.1380453946254434,0.15382192118536608,0.010595718753635306
1.063891017146481,1.3830209778251354,0.36420195835360314,0.0266245837506501
0.6915128899420395,0.575601722295795,0.17153821310089534,0.011905282782343492
1.9091289073937736,0.25090622502689186,0.4366311234763826,0.032321427680064976
0.4405818514573101,0.46824755550293573,0.3454968002064395,0.025165444193547756
1.2042922238259715,1.6759974288646786,0.4296334342712642,0.03176799244880304
0.9556378352845354,1.3602888442686405,0.38971608374567396,0.028623181032265625
0.1318699194267765,0.15505200032561506,0.3137663982965466,0.022702841089413103
0.393985776269947,0.19024340342047164,0.2017597546759008,0.014160417477810454
1.6247058199691637,1.7381026916065967,0.2105589207171749,0.014821575148441934
0.4145357971065242,1.134201828337175,0.05871288882306567,0.0037842863410986307
0.31435893782439606,1.0860871037054105,0.16166612810466915,0.011174334909449309
0.6907554649041927,0.426968078077552,0.3855845259628391,0.02829891481441466
1.8080594308762317,1.3834704591745406,0.4538471636903225,0.03368560275040145
1.9825762357748096,1.5545964953948292,0.3158871383563806,0.022866915166265257
0.8957817668407457,1.6444658907617729,0.27599121038807634,0.019793607602870276
0.5677063781607237,1.0997049205957663,0.11822692557524903,0.00799727003127073
0.5212502125763137,1.6783386792899515,0.2855248892110246,0.020525386258032716
0.9153853209374623,0.20036101978265375,0.28527064103811806,0.02050584873211929
1.9356930644488783,1.6501813242491163,0.4922548268104271,0.03674168124366159
1.675662536392125,0.6272094998858309,0.2703337463793936,0.01936017658144433
0.4673483875054334,1.0661370873792162,0.2764656303760426,0.01982998202727543
1.3380190463330106,1.4870619945879044,0.37895925533456637,0.02777943030106168
1.5490787277560132,0.21709081021439136,0.47886698729152866,0.03567448062473134
1.9691755824209765,0.7823187811842844,0.34876741207621575,0.025420190962005693
0.6382515320827451,0.19130580576531475,0.11665157022564071,0.00788340743663059
0.04096416563242089,0.23103534486490185,0.3856227520176127,0.028301913899958283
1.2908414411796463,1.7064779649042643,0.2534365531525373,0.018069418008967376
0.13469371744634362,0.8626891205064884,0.36855048050696254,0.026964551831316835
1.4389570305318,0.028770228791651586,0.4574534353251007,0.03397181590194745
1.0381628885968346,0.37113817490439827,0.33407471585346266,0.02427709677545769
1.8454405515188257,1.285663663986913,0.49573522046587193,0.03701944834474552
0.676011101272397,1.397752993754541,0.18799324505131032,0.013130038282143023
1.3350358300781113,1.9333871336117265,0.48093788639096646,0.035839427506418185
1.403576313560468,0.6070157122368058,0.2516051504723952,0.01792986862220767
0.7931488119310128,1.9807622216889382,0.2237894029337651,0.015819267766130612
0.4451740896693399,1.0051060483697194,0.2778089631684714,0.019933000517478136
0.5103556980615938,1.2735492723567865,0.42757596874059567,0.031605388867106864
0.33349500400658516,1.7573601410289614,0.28646199802542754,0.020597408098923756
0.7458825192980179,1.4628546934755267,0.28683053149633214,0.02062573633072336
0.8171522574802774,0.1741682043527275,0.10580948329653705,0.007102720474346711
0.5514197476693221,1.6774105668517338,0.3900911509277587,0.028652630045952785
1.4359597284715768,1.0421213352801595,0.06683142808424826,0.004346226400257153
0.2265674402826019,1.0698225346956338,0.11920060283246955,0.008067697350929028
1.6509620786404697,0.16500724371384834,0.11284378824666237,0.007608631458844125
0.5184682035034816,1.1722535300487487,0.1759969685404742,0.012236380640032402
1.0243732749520797,1.8148247162788382,0.3653197831275598,0.026711948840226898
1.62864160859995,0.9239346287973833,0.33147661474939694,0.024075320513393252
0.8189732991206562,0.8434266987794226,0.4536454039880508,0.03366959463638502
1.9624923916914696,0.21467409680887695,0.3820192858315575,0.02801928870768348
0.01630921361588933,0.2653647984366567,0.3740383445590906,0.02739398867191103
1.7747941783420893,0.2588353285868261,0.45524203374897565,0.03379628861399952
1.6770395187009948,0.7949081310631851,0.37487616679662217,0.02745958843498189
0.5461989472192583,0.6473909738570525,0.12964015694917508,0.008825239698113241
0.6440231626816844,0.6738897571173335,0.18954624455614066,0.013246021782501545
1.3662945556336488,1.782488518608456,0.3697971418078883,0.027062067192616807
1.2255425676068772,1.8934287570434751,0.2879012579130907,0.020708054588468607
0.8007963980772934,0.48860743873138013,0.48519416694629525,0.036178593454523046
0.3450500738587625,0.2772747237271931,0.10301947817135187,0.006902695464819931
0.8431521048192614,0.16631479876101318,0.12313807592790729,0.008352901677099718
1.680685979137944,0.3057664523195447,0.11081071427238198,0.0074621818477692056
1.1361025164815781,1.346217517595844,0.23376031233062422,0.016573868758351748
0.5191813252427602,0.5018948528596898,0.4386938910717723,0.0324846857009382
1.7359679784843187,0.645727328714915,0.4800664682012835,0.035770013160590614
1.421254288961778,1.854464806838281,0.17761217982205102,0.01235646651636246
0.9326396360835514,1.5115956315660464,0.12658371556086748,0.008602998417715673
1.4181274047058616,1.3794538372518845,0.11285144916979949,0.007609183649074608
1.9057326348644943,0.6527995474482529,0.17194254538556036,0.011935283403602557
0.20919890702360577,1.2552629412437613,0.31932061760449715,0.023132712150521775
1.1854759906218029,1.0713170470372246,0.119947371383195,0.008121738994117628
0.43362100594839736,1.4374394357965652,0.389938297122613,0.028640628243289865
0.7716311180263573,0.5105005884700695,0.3787413995408318,0.027762358905678162
1.0470626524611646,0.6294054693741926,0.08140766494846366,0.005366722460074493
0.33291907428643364,0.5223435309406679,0.4896291335575775,0.03653221662531022
0.7979929648997608,0.331898421278336,0.42202534201760344,0.031166987157400024
1.2982454215002044,0.3012622705596253,0.479310956646589,0.035709838596698684
1.5431598195097025,0.7984613354651589,0.4725811098315995,0.035174113407714674
0.07394604007404837,0.40025212454507697,0.3811796843321676,0.027953463873341234
1.983335543084241,1.4858797796449443,0.051941055714269775,0.003319624405022639
1.6813311029141942,1.1229706497698808,0.3835141077622814,0.028136507579503596
0.3006968553053653,1.90716106980742,0.4034884162351498,0.02970580650701529
0.48310084085140304,0.2558245582905656,0.32274939132836145,0.023398341736822332
0.2921264603070244,0.5706102731776364,0.42698422918450885,0.0315586330758103
0.48320633911630617,1.9240028606521948,0.4559593491262112,0.033853218209504966
1.5867160245754985,0.23645548930437532,0.10600540257611119,0.007116780390688649
0.10591479345442778,1.3259934623265466,0.1534028080451262,0.010564859862752662
0.7440015229363393,0.5496435557324961,0.1213047742657233,0.008220029982015091
0.30139087476109583,1.624227986695075,0.23555140913164513,0.016709657697563763
1.0325391833796405,0.3218789380098106,0.389733810149564,0.028624572805867034
0.3878485330407906,1.3160644057308672,0.4094889558771064,0.030178304575955408
0.9119799201626326,1.8588271809566632,0.3564124308094591,0.02601629939845912
0.568490847325122,1.7952326835113133,0.3431622608945896,0.02498370943392929
1.2194929403783887,1.8940522704492397,0.26163973131555224,0.01869533201553201
0.26564180113436264,1.762272224768625,0.44261033977405595,0.032794799151360285
0.8167906931412487,1.6077214149566954,0.29177058540228606,0.021005707011460994
1.9219306831952994,1.333992554796035,0.2839127712544171,0.020401524530360867
1.0275906665001346,0.20089260792258345,0.45761071960252486,0.03398430238224678
0.35677317015452803,0.44680505857380703,0.37553718204143954,0.027511351713872076
1.3109097742557092,1.031743879780534,0.3179686698350866,0.023028029746469836
0.21577386437581825,0.06256642544540525,0.3003113083516029,0.021663671686606756
1.7771857003496536,0.04491048944006182,0.2875505889031879,0.020681092559310096
1.2406617402394695,0.27184491573334735,0.19872657632725604,0.013932964933055307
0.46673032807805104,0.5324784313880533,0.05766410037017942,0.0037120680979704354
0.18397030022266514,0.8183662872981068,0.18071668735592183,0.012587488006848271
1.6172293901843868,0.016197507402729627,0.14767383762691233,0.010143630941176002
1.4468718584284008,1.277524305498544,0.37428191566030533,0.02741305874534094
0.9347824526739068,0.7136799453691174,0.2678918787939674,0.0191732921497688
1.9941396219338179,1.8793415598677352,0.4096070421978295,0.030187607816732846
0.3274046774646018,0.7698938016276617,0.2746626968786457,0.019691771646005562
0.17791938801962215,0.2650247731101514,0.366988258537664,0.026842385066999163
0.09054560743803863,1.9628806581285942,0.1625965902517592,0.011243099543227088
0.8763884119831276,1.4951360092398243,0.31540912178302793,0.022829926079242863
1.2724206972338965,1.4099001076208881,0.2911547799816498,0.02095831715813832
1.985159625694066,0.21697019217399194,0.31138911480658116,0.022519010130779633
1.8775914686936976,0.2790786421928826,0.27703190491796875,0.019873404703233802
1.2163728422456688,0.47424429615347274,0.16404799229467382,0.011350417751517657
0.496713823959956,0.003787406384428982,0.4884154350018575,0.03643542001638129
1.79254342253852,0.8898844213681334,0.35420907734449436,0.02584440499284553
1.0042038586812183,1.8364298605718408,0.36628751014376254,0.026787597738869795
0.8803862985774813,0.028372643450601087,0.40408932959995825,0.0297531022604935
1.124467009022797,1.6573698998065696,0.10224658235979095,0.006847349579422639
1.8754563475487571,1.2807128498645741,0.2377566673238124,0.01687694340671492
1.8309444301316002,1.482192470230176,0.11102316463636575,0.007477476794434509
1.156527095768895,1.7976552986177616,0.49991938998834295,0.03735356125631895
0.636086427191326,0.15041958712339376,0.2699208156184204,0.019328565373270858
1.264965759857882,1.579700280272525,0.3510335832201731,0.025596799001386974
1.0033644121526595,0.08239488657867211,0.063833345583704,0.004138127091547004
0.13073055332064065,1.0662401929916039,0.2739422875974162,0.01963656354837324
1.5425842967828585,1.3706770141111286,0.12419068297001787,0.008429253024226226
1.4984333606280595,0.8519822031307711,0.26369983016794063,0.018852734986187003
1.394539945670056,0.9623936796715478,0.37725997758411783,0.02764629120361478
0.6196904820142095,1.066226922645033,0.19888051489095487,0.013944502768276034
1.3326504714371283,1.6848282134999575,0.3251346401205062,0.023583243691393366
1.7628586588980926,0.7069114190506078,0.3989872761222436,0.029351692786500665
0.12143259822670349,1.4690464482931516,0.42654675308783946,0.03152406915298653
0.10759124194801806,0.847705182931263,0.20552869939555407,0.014443372354030965
1.7220477339177576,1.602598311140679,0.07525032528049219,0.004933957370116971
0.8828417028216762,1.7120107771325968,0.4793523654775479,0.035713136534798455
0.5250523634095763,0.5060352324261403,0.19143042521743092,0.013386827076916005
0.40831381826181223,1.5015509100821631,0.20824785269447704,0.014647736594624969
1.654061499110881,1.927984432154307,0.1658080521450363,0.01148064631770053
1.64635770646768,0.9686030874301346,0.46480289759851195,0.03455558970442806
1.9913317518050717,0.24903356517596476,0.3635982713952677,0.02657740947939213
0.679725312698648,0.5303596798460446,0.38473038489206096,0.028231907180828728
1.7502396046429498,0.271763050051383,0.24116209023660545,0.017135480852899003
0.3954242883348573,0.5515566612008447,0.4132742181915169,0.03047661224276205
1.949626010652582,0.8429136384551978,0.430530071257945,0.03183887140332388
1.1047571286246698,0.7472213521146187,0.31735750472137547,0.022980716810818546
1.3434500417354114,1.9817878111645733,0.29599650633900276,0.021331101999243682
0.965752608629054,1.6860561791627873,0.13475192322926685,0.009197733423437274
0.7614041483788705,1.0457197620537124,0.09040005882298152,0.006002778069115008
0.3649396777046112,0.2908633714157278,0.38161306198127476,0.027987439472838944
0.7714893033901278,0.19093748139750044,0.14055130171001506,0.009621513892334567
0.010824773521332043,1.9311352268642212,0.49078751048969466,0.03662461658865987
1.1398468610868675,1.0292270765293132,0.2447752903916824,0.017410068106187185
0.22538700091615804,0.4559348364175795,0.31742721242648364,0.022986112868451786
0.06081388368413321,0.13095927785094696,0.3051121182528165,0.02203408865396375
0.5741271448398217,0.10946147597049771,0.3263531347351216,0.0236777362696306
1.1796941796461147,1.4661533111649754,0.4552330441910039,0.033795575198727223
1.8840884725086977,0.09597472667196172,0.11838282536088224,0.008008543779623619
0.7220173986981693,1.4581933674045224,0.12756023391806454,0.008673963615265231
0.7208274123576575,0.7579297410324792,0.42050615234584876,0.031047067053413514
0.8729761595900734,0.8248961951781772,0.35152760007349904,0.025635309357765763
0.13291911568589576,0.333161012703985,0.3922659909733103,0.02882342962742656
1.4314459460458524,1.7975816497205062,0.443299539898558,0.032849391250200186
1.2630442632189816,1.7642590133267833,0.48359479138684497,0.036051121447324794
0.1477032539650991,1.5247585922041693,0.07863809574148946,0.005171774701646668
0.2250498823546263,1.2334971060155706,0.10751294420698648,0.007225027094177878
0.08724579896744533,0.1504351324056119,0.2891210462538546,0.020801858579174506
0.158889025460361,1.132025241352388,0.205127055385941,0.014413201622943484
0.9118471449628902,0.835313973698586,0.06397402686267585,0.004147877060399484
1.6502755654864658,0.038105683796236356,0.4215428137150203,0.03112889464207094
0.5830692037827059,0.34447009678775453,0.09939081509054698,0.006643104382592594
1.0336032350530742,0.7863264743807672,0.46493360164504177,0.034565977429180154
1.6738656081475343,1.7235187969572756,0.3485663792897172,0.02540452782057205
1.552344492699734,1.3563188401657533,0.08201192049409937,0.005409316921663539
0.8096881698389997,0.7296637432113222,0.42282009357685607,0.031229734246612562
0.2958582931701945,1.917906726903615,0.06044417106877058,0.0039036944243000366
0.6548877929505459,0.8129845038963988,0.3811278379746953,0.027949399441897955
0.4196578162946245,1.2823901652228016,0.34667707487252103,0.02525735625129647
1.0661065708051005,1.7666195228387076,0.19495563172775665,0.013650522884214011
1.8961179645030817,1.3214673226470315,0.1400797309219498,0.009587008830290789
1.2501902251641182,0.9405846101224227,0.19419316098687,0.013593459737657215
0.8382406996470362,1.1673592305465412,0.32266130181774355,0.0233915149324116
1.9435199384286632,0.5833761349918216,0.3953344854820311,0.0290645228268057
0.2787431536350522,0.9166685049662964,0.48370562741028017,0.03605995426445452
0.407369892590294,1.8868334888580502,0.16662938825494406,0.011541450498560923
1.7992003865678088,0.035111484619822386,0.4992232188918235,0.03729795740790851
1.5306032849383433,0.8485367749742851,0.061993924447346554,0.004010782880630971
1.1228424449072203,0.40334769206879995,0.38065012450543545,0.027911951477689285
1.4313849270732357,0.029709842644214834,0.19989541261503257,0.014020585677980212
0.12183087673814685,1.6942565425293403,0.06617146312489522,0.0043003613634890825
0.6048185371984762,0.35518437636362754,0.45444143215505006,0.03373275633330243
0.7767732194501415,0.9458711175550014,0.31383117739773286,0.02270785168663171
1.9917716980299092,0.9357086385771478,0.4642032450147781,0.03450793480490873
1.4091633098702925,1.291701788497315,0.06687708402278579,0.004349400472576307
0.8683883829783297,0.5326851565132933,0.15271003879857167,0.010513864701170661
0.6333530945384809,1.4832258987283835,0.30452154674552123,0.0219884999956281
0.8452446284237529,0.8519443738424073,0.06143851312593309,0.003972382297050795
0.9674161332943312,1.7085065287684027,0.3110954811130965,0.022496310681049635
1.2092149767199216,0.42816970293016254,0.31410031284997136,0.02272866980259225
0.2827735630434358,1.0235677814754145,0.10267925101812023,0.006878328776508011
1.7109547982182283,0.44057269622441786,0.4137377025242228,0.030513151350438833
0.7116566034700385,0.3706878323491982,0.09725082899835426,0.006490316617648394
1.5861458021867814,1.61981284701151,0.19922197901827327,0.01397009801371034
0.1427510394173339,1.237868184028583,0.4650874584557782,0.03457820548172188
1.9828278327579756,0.07578639713371271,0.16684902461808834,0.011557713866343392
0.10448846970174053,1.1200503824650243,0.35439324060111593,0.025858769652198466
1.3670492212741143,0.9606561488919616,0.38569400549896427,0.028307504259207854
0.0815039842315024,1.2536345152201127,0.10704354291638285,0.0071913111598404765
0.09110366481221965,0.47774133861310863,0.2559567305610636,0.01826156440387501
0.8327624304807162,1.1859709370861022,0.35053399627227205,0.025557858239359462
1.1091324529182247,0.8121717375847464,0.35738454975378015,0.026092162504714595
1.0687401580114242,0.19017998868594965,0.08566937443271469,0.005667590904639812
1.519379074947069,1.5467396405925615,0.14908799219485158,0.010247505094844737
1.7798373246151897,1.1056855240725094,0.3288281557008547,0.02386974559727003
0.5042782555710408,0.8800325201009407,0.4372633080359172,0.03237145636873518
1.286439978903389,1.4614592658629508,0.2980028111703931,0.021485699569721343
0.2025509452600418,0.900742708291917,0.1461535070258406,0.010032034371938652
1.9211443586673245,1.6981846735463724,0.15854016219889766,0.010943515129575641
0.6306783998067085,0.9565183241822413,0.4003415322261989,0.02945820598195101
0.932792990847991,1.0488910462421053,0.3744694512739292,0.027427742178761
0.12118090874486231,1.6790025415268306,0.43315235256851714,0.03204622054258654
1.993231371344187,1.7514361553161832,0.055717785777272336,0.003578288541808906
1.3083701240659142,0.03308567782212157,0.12174284174079485,0.008251767157055417
0.5097408473785232,0.1588851778345477,0.17071683405913324,0.011844353186228692
0.3223649788401719,1.8016402605400978,0.40103252939555456,0.029512562980446688
0.293619477124194,0.0973364427449861,0.2172008093657849,0.015321906630497838
1.6408844110130574,0.6918696294633999,0.26101256440011134,0.01864742993357744
0.45486782594896424,1.5773647759753966,0.24453790264621345,0.017392019055645892
0.25883027301340644,1.1398477731140442,0.2624101691553496,0.01875418776245682
1.262093350178141,0.10351178900239866,0.4380850247751846,0.032436491374213776
0.044571454234708874,0.9611304491792358,0.25968186997170045,0.01854581978202479
0.5251360944136891,1.5370549070092385,0.2742316247447587,0.019658735510574517
1.271119475011212,0.9009193367915651,0.49526907044887686,0.03698223750390778
1.9521626769158087,1.9146335953097517,0.4552948512503857,0.033800480253762026
1.3183033724861608,1.2515536154089124,0.11903157116750375,0.00805546821805055
0.9249928322741121,0.6676504466872282,0.2448908009190473,0.017418851032455867
1.7713869762590484,1.2940962729613488,0.2909255690395685,0.02094067979175838
0.0877678975189704,0.4636250494801295,0.4443317464086368,0.0329311641135932
1.8202017993772486,1.2901394856442112,0.05760995025950987,0.003708341835922758
1.940404721222764,1.2325574537929609,0.1869283750119649,0.01305054818412647
0.6368418886318932,0.9126303279216346,0.42357788508916033,0.031289570852344385
0.12162546970455002,1.183827193657698,0.4593142885065933,0.03411956422193079
1.117098437221938,1.266245939763847,0.12852419348817037,0.008744052921396087
1.307321761224806,0.39318421892028166,0.17203958045216977,0.011942483930082275
1.0576899003809352,0.8884687116995464,0.25232377202494793,0.01798461788527072
1.9453962005513319,0.8569136479643087,0.09764007425390438,0.006518090302025441
1.8764339973865136,0.9550311778010674,0.23675734504894347,0.01680112383976028
0.5285727725001865,1.442782285551811,0.3310413059197303,0.024041523783621985
1.1573960762078577,0.8191254359169575,0.21754043605943485,0.015347519268480277
1.4599058485517378,0.02587463352843211,0.23043630965445805,0.0163220557676155
0.36231229738815984,1.0769577716644725,0.227314170743586,0.01608576325423336
1.4795444235044157,1.482652977823409,0.4241567205197109,0.03133528173492088
1.1692292230202261,0.6967131207197119,0.47493047415613493,0.03536107364127544
0.4475901256355195,0.8524277819640889,0.36259009342334475,0.02649863887742818
0.6412092397598468,0.20854676068398992,0.39965257610361093,0.029404015986150556
0.5415240678948732,0.2924630946751723,0.0913384049050085,0.006069409528015942
0.29495427656956896,0.9372671584728605,0.18437772634509414,0.012860275473679541
1.3449459443613243,1.7947616684640924,0.4731373964559079,0.03521837639844609
1.1408717168687863,1.5864798476522326,0.28005952488772223,0.020105670210360294
0.8992183180638496,1.990193196415011,0.16935729892959406,0.011743547853729889
1.4625581984992226,0.9963841761696237,0.14513768264876759,0.009957514563554322
0.9366582600524935,0.8248465503826479,0.0978460806964223,0.006532792503504035
0.7858111604343299,1.5613070493302352,0.4811002334817148,0.035852360508461155
1.2161320491045688,1.8175060298968195,0.2101742017689398,0.014792627412402181
0.1107845561169083,1.5847860132264526,0.10560741204726445,0.007088220950876797
1.922906282040185,1.8874433143819052,0.09078032827230861,0.006029775078367773
0.37754509116145907,1.9238685117218899,0.17676098586437816,0.012293173488716815
1.685358896141675,0.352145580550834,0.23938681050443844,0.017000671137002855
1.160611895623549,1.6542149049860488,0.24559648814050955,0.017472514672441923
0.5523486175180858,0.711923149316724,0.4789960463142402,0.03568475872561093
1.2375772335709654,0.6993416908843246,0.18392572664599993,0.012826576171596531
0.2273507317624741,1.5231384728395456,0.46489943649940174,0.03456326212937808
0.17580225331938015,0.44364195093500935,0.2921691228433137,0.02103638049400013
0.5351870526560663,1.520822531189211,0.40839669076404217,0.03009226100795618
0.27137970510478926,0.7701991908456614,0.46406882033338676,0.0344972525440648
1.0472833840163929,1.6165683343958235,0.15890963052363397,0.01097078024570608
0.8780508821873081,1.600773326283842,0.31052021234523736,0.022451843625126776
0.2940037194754117,1.5450899745174904,0.2980718334233565,0.021491019420421788
1.3327744942093411,0.05997612976632816,0.37937539342558674,0.02781204117515475
1.8582606569478517,0.846556690172402,0.1799823579224783,0.012532818080395093
0.10684844475744915,1.8847264795782974,0.2378732672196484,0.016885791390213553
1.3330437626184615,1.0081125066048024,0.35386927957568987,0.0258179022574059
0.8082949786826317,1.9739032887367338,0.2297208384959642,0.016267887217090424
1.9773414397550206,0.9549700662591525,0.2388565300114775,0.016960416492994998
1.3096411212124113,0.764716759897353,0.4593279605292115,0.03412064990843489
1.6902642232966019,1.312485578739133,0.30896911192211945,0.022331975202712694
1.6303379970939849,1.8830744809768036,0.4735223600014852,0.03524900954110354
1.9089368317558792,1.2638178506237245,0.2583314257506001,0.018442738286642554
0.25577680501577893,0.43009111653107834,0.26655250156086635,0.01907083489264592
0.5689643439444736,1.058198940266064,0.2657527970058284,0.01900967746332023
0.8031439284432307,0.9198118170160132,0.3500413241986457,0.025519460213625736
0.6087621115544741,1.1278850049444793,0.3313961155299477,0.024069070442863442
1.4928472887030801,0.6013240454214168,0.21810357135096253,0.015389993682529962
1.2717278642038223,1.991249403608117,0.3971451038595492,0.029206844698358703
1.0779748563562386,0.2399295333372342,0.2766682192241851,0.019845516101977174
0.4352646843123906,1.1729767892901781,0.4406621851707394,0.032640516000174126
1.85483696781513,1.4854963433750414,0.493882855548363,0.03687159594934838
0.9670097010799241,0.37962482518031493,0.4759667297455423,0.03544355820189746
1.5373544449086398,1.112653905451265,0.37497356417883804,0.027467215107090003
0.6015125214530719,0.04047919519282317,0.09804084899045545,0.006546694628878798
1.2406783768923633,0.5290122368644754,0.1603008713734157,0.011073486792099699
0.49258626954575435,0.18202842821307685,0.38594189231270715,0.028326953356570084
1.6540362403109827,0.036204649225183516,0.38712135996180175,0.028419505701798544
1.1181319345072391,1.3309004992964768,0.2327504012081022,0.01649733568498181
1.1219194272503639,0.457522947156799,0.4565526493700422,0.033900310038203534
1.4627876843017449,0.6794896882652233,0.4822731645327545,0.035945808264236906
1.6048380576929648,0.6894387731309601,0.4856406207523143,0.03621418149901826
1.3219328487227384,1.8719651891895372,0.32086070955743706,0.02325199997010359
0.28889558172421204,1.8014172155957322,0.39158813785100555,0.028770187868083878
1.1180077566343838,0.14814949656458953,0.07451895120638952,0.004882711580731044
0.18253889065992035,0.06222599624625236,0.42658445301392534,0.031527047636217144
1.1971306146253897,1.0426872877398976,0.4909221266318574,0.03663535545753285
0.36883430931400807,1.8385605912302598,0.3761150605279333,0.027556609808111695
0.0920717800791877,0.7072736495846912,0.0868672816459956,0.005752349224521902
0.2412134882122401,1.414535683012586,0.4484613205802421,0.033258445680462545
1.5345367361613051,0.9833071667542543,0.333531691753418,0.024234914929233436
1.1689851027053786,0.12399293085007579,0.27761789168064027,0.019918345386387797
0.9923065379412599,0.7649022720351355,0.09664396662239305,0.006447030682895526
1.9102928773751735,1.7946517805664834,0.34961393592084644,0.02548615331645706
1.187249389683834,0.23494552198016394,0.3702861808771675,0.027100326621716523
1.9704388173037333,1.0900379114017504,0.41969308935573474,0.030982898664638887
0.12179087406369371,0.7777414566264793,0.4784180847846043,0.03563873207342285
0.7418657881180497,1.4355113283738103,0.050632530975913734,0.0032303026594494924
0.8762154647885587,1.3719625483726485,0.06210395137884746,0.004018392856962379
0.9716950550611789,0.5275184240421884,0.23391640127177282,0.016585699526922466
0.4704724470553172,0.05095194795987923,0.23875244166244486,0.016952515663505793
1.9781951161854634,0.06772934350396298,0.13208824644941308,0.009003507603608872
0.2349593977858353,1.7627895467592127,0.3816638180256118,0.027991418779436186
0.3162753425066376,0.5470735279057406,0.07308825717824947,0.004782566569852337
0.22405916518536317,0.48816805827923626,0.18495767913491806,0.012903522798074094
1.7705130233014337,0.41501284873594146,0.36493195733365924,0.026681635704311823
1.0995775190615915,0.3912752329535556,0.16559723540545804,0.011465042730230865
0.7016057628299215,0.6446867985403801,0.38830396792307514,0.02851232400283017
1.1029331361909844,0.06794972574641722,0.4700198175973391,0.03497036121584766
1.064766542659869,1.549429920380386,0.1410522769432047,0.009658179243049968
1.4023235281063708,1.5437722195410142,0.1749711031852699,0.012160150212208008
0.9252667210506718,0.4538836586285606,0.2759168759680898,0.01978790867275068
1.061704970719516,1.624831574879627,0.25706447887183326,0.018346064067531625
1.1277123976017502,1.4682423597436953,0.45860139670172506,0.03406295703407181
1.8862854018187285,0.5452022157079763,0.37812956550486515,0.02771441861029754
1.1735376699578828,1.9612100804419046,0.3346190154360002,0.024319382448451474
0.285321065701742,0.4912944450284724,0.0709306158856033,0.004631793523814484
1.1300803412066538,1.524515214799683,0.2897179321639258,0.02084777017374788
1.7709565632149935,1.9925655479459121,0.15916617917224193,0.010989714966737904
1.2472589341256541,1.9069564959795962,0.23697289294262824,0.016817475806576988
1.0340807051581635,0.5500367965722177,0.3700898807287646,0.02708496887823141
0.2657956126661434,0.736907633588745,0.06463682990965292,0.00419383272993088
1.1836902783735537,1.8573860983491464,0.3145073593328623,0.022760157925414738
0.5635839873455486,0.5761364671703015,0.45744117613444524,0.033970842682067896
0.4752755033762428,0.11880599725328489,0.2608104409151268,0.018631993731771598
0.5510244983401731,0.5738367675368303,0.16601224001483394,0.011495760574887564
0.053620954161931245,0.0002789074071662956,0.1532949612597136,0.010556920149734823
0.6061005902879621,1.4364698188488891,0.4151472437491044,0.030624290850945257
1.2621818273560672,0.1946958507243437,0.30165236048647176,0.021767102646827793
1.4350957813719387,1.7847815877758029,0.27928546641519575,0.020046271333787363
1.6595680543980378,0.7470915539437124,0.22514862343155279,0.0159219996618441
0.5842849454696994,1.0968730711947527,0.12044672733494251,0.008157889012398839
1.3931458666443541,1.7671996784193997,0.33877240377400925,0.024642207622294594
0.7314612938093599,0.7744208934355041,0.1299772191202806,0.008849770604979323
0.2470931465356474,1.6570613497036029,0.3123870207690734,0.02259616461248929
1.587744011254371,0.04761119152149251,0.3799509905085428,0.027857152202314696
0.6959822449354243,1.0824402967070097,0.437569257126774,0.03239566981218185
1.1459755200469477,1.510198230851207,0.28221289789460224,0.020270972965855064
1.0149378269064906,1.3680722579138664,0.2311939909426694,0.016379432713186825
1.2094713714581722,1.025324890398335,0.4485241469756981,0.03326342647818903
1.3154749209860217,0.6105408674544524,0.22762777787104232,0.016109487884533678
1.1338766551405774,0.8564510624786095,0.35089687897890415,0.025586143083890615
0.8928172633479674,1.4503623754420978,0.12187811496421022,0.008261569044617147
0.15498019539472851,0.16806919057689074,0.1675836478375038,0.011612121081536836
0.22753092237605244,0.2926345663911849,0.456243306126506,0.0338757561096062
0.2645735399838036,1.7919691023197952,0.21741157720900345,0.015337801170498539
1.038674290203256,1.3334789557137983,0.4522242978350373,0.03355685448530164
1.2012099750263563,0.2296052468015437,0.09752933288392765,0.006510187831784722
1.5260526220017008,0.5345137687914507,0.24115412720711044,0.01713487600971426
1.9876995092673444,1.7755899942822173,0.07676421496186783,0.005040141205990733
0.5404503215601939,1.7282257405765333,0.10360230127910441,0.006944449499201489
1.1514805791125733,0.6427051119557043,0.4091185358261208,0.03014912282955378
0.18393026910055021,1.5296015990847343,0.4697612489256114,0.03494979618741791
0.5085592212725698,0.7850488149264865,0.17802917374149785,0.012387480969637186
1.216939892518712,0.16353541604015187,0.25685704522471575,0.018330238997135997
0.930001502006853,0.07157424093881226,0.30020599298954476,0.02165555040528779
0.4968255933854304,1.144556180604737,0.44217564512148444,0.03276036965235248
0.6817596390858405,1.0696029545857977,0.31187077615750974,0.02255624831863138
1.4914089013695762,1.4529714732932908,0.3041151711715199,0.021957133725769153
1.640965675532876,1.587846720550319,0.3711505065969697,0.027167954709792195
0.8822941306811596,1.2879359083839081,0.2771098320556558,0.0198793807382346
1.587665307115485,1.3254770454490261,0.461650746544285,0.0343051331678777
1.0876686578340844,0.5844001914977426,0.2758005579466759,0.019778991236214682
0.7841671215050707,0.05043501644102166,0.1663014025263302,0.011517166962092993
1.8852882285414094,1.1928126852740462,0.4724185522714134,0.0351611795962872
1.9498909598362866,1.4115026398316597,0.2452097346249611,0.017443102870702935
1.9275864492084793,1.5407781423656999,0.45661885715579137,0.03390556538940709
0.15203479221601746,1.0057698807597546,0.1541415487946956,0.01061925652256176
0.3660927791158004,1.0353928029866943,0.20386448581114291,0.014318386386549713
1.3541144040859308,1.457673593934565,0.4644959149332966,0.03453119300129444
0.47477238115635667,1.3414307513827024,0.07090402346734413,0.0046299372357146585
1.9098108739094128,0.24906980267688006,0.2579478367218687,0.0184134651145432
0.9300919954984355,1.6718199807630076,0.26223757687583105,0.018741001952513287
1.7621993289359807,1.347188846092131,0.3169552762115254,0.022949581991090408
1.9243537714446435,0.6053403258074979,0.21565003606749417,0.015204991649351077
0.9042093974530998,1.0461827712294274,0.11935723048415581,0.008079030144212842
1.6519540207995258,1.4660650137535813,0.42999933940712765,0.03179691593696016
1.7092404569779083,1.9710481690466126,0.07997612060434565,0.005265899059556545
0.17827556292393254,0.8606532303456635,0.2537967870581212,0.01809687535078925
0.355514114135141,1.4767572193732383,0.20686006563271658,0.01454341109795558
0.6186997224924407,1.5755453849816596,0.4981809233821508,0.03721471827631848
1.2921391272812377,0.5274250242816589,0.24607110247532749,0.017508612474100228
0.9051597090105323,1.3680071454360574,0.1679519924806951,0.011639407396541936
1.5585635343809219,0.17539938757964735,0.05150829511410774,0.0032900661754709515
0.5685099135116434,0.11004595389180638,0.3138530365599607,0.0227095424865761
0.09778045529337431,1.2668622304812767,0.29310299426973796,0.02110826732429731
0.9454483317489988,0.6771132792871708,0.13327801458654023,0.009090228181376043
0.37194982320245273,0.47643945542941046,0.43210328706420903,0.03196325836659406
1.4057471701139674,1.6934129941804505,0.15566798465216125,0.010731711466837452
1.2874339309800522,0.6088449600209007,0.41843788606720933,0.030883852617707538
0.11646119536908572,0.9411472222687125,0.489995528107977,0.03656144109864252
0.3039292477509914,0.5667389610501685,0.08203728539316285,0.0054111053886254186
0.04253650299300582,0.9753341413886987,0.08281726755061497,0.005466120132787516
0.5213075376576519,0.573465548941648,0.4863493810163364,0.03627068333905221
0.1762752367594611,1.014966875335457,0.45538141137618954,0.033807349808121286
1.8983168920800446,0.959283726903988,0.34187204989300357,0.024883308109195507
1.7913052650587014,1.0840646801500124,0.2450437230865224,0.01743047901946642
0.45921654479605634,0.13614475964239992,0.35306573952333353,0.025755236646673122
0.2564065692107953,1.8713373107901392,0.4669223443911942,0.034724057900357486
0.8654008845585353,0.651156715825562,0.38854118280628935,0.028530944427411477
1.170194847269596,1.3236417294700802,0.06347987358987062,0.004113636131281952
0.0610802208418697,0.41569822090981323,0.08365524097478075,0.005525265036651412
1.9277348241358325,0.4566395769184153,0.37685807316932585,0.027614807873863997
1.8263714303897605,0.7303678207085555,0.41641395185902363,0.03072419046480145
1.593456801628899,0.936264313336522,0.4543318158337202,0.033724058256792554
0.9844384497425085,1.693147574494564,0.4887694288349834,0.03646365052213025
1.829440713278844,1.295945853641394,0.4946321449564967,0.03693139826548435
1.7323008775612627,0.32506486482159014,0.18270557631651202,0.012735635177581212
1.242268524374961,1.1642331190001747,0.34974201513825837,0.025496134393652982
1.6633758674430796,1.6684733012461928,0.4497789064486858,0.03336291230666831
1.8235206584007677,1.9942187097353055,0.2287774017983723,0.016196477121648623
1.6352785634596567,0.5879561393065671,0.49698605195310663,0.037119309009308814
1.8962264541578033,0.8485961992106017,0.17205313792198942,0.011943489989945185
0.2954200132374063,0.24581359001219116,0.056886570515756886,0.0036585867598930575
1.094289471733882,1.709477327363126,0.32922568758613807,0.02390059498675798
1.3475880123647144,0.20890594176445965,0.4408724559278608,0.032657166028016424
1.952770688828406,0.4730589423227405,0.3145357750803818,0.022762356203362054
1.0372989140573126,1.6281972441936554,0.09752513471916692,0.0065098882642092345
1.0008854183338083,1.903782698740924,0.20206640144494686,0.014183425557643193
0.3242780551352027,0.7104885779531069,0.20838065691103103,0.014657722538299462
0.4579090223757798,1.1290625815118467,0.19202952860134698,0.01343161830919831
1.4488499558938106,1.7322809613376353,0.3824020381281735,0.028049299836797714
1.662006598851398,1.686142953149834,0.3008173121308828,0.02170269436517937
0.8375913957206078,0.2935247278999953,0.3034780671082646,0.021907964402556226
1.2242430851391302,0.8862963671958448,0.4837085858547692,0.0360601900326683
0.1737336774538698,1.1115682225437924,0.05566454367270939,0.003574633434718266
0.06045091716003537,1.2728734432396407,0.4535103762068093,0.03365888147249126
0.7859629007657054,1.9460310507111016,0.2885891276618441,0.020760949686329144
1.0892230996240095,1.6240843821863529,0.17600511937133195,0.012236986438361184
1.9132085761554871,0.9227872255618328,0.42396880835765133,0.031320441758632744
1.7142216264175432,1.0727656148043765,0.2568586062391936,0.018330358083318225
0.17913922689030914,0.43816361997800635,0.4421004619519937,0.03275441509115377
1.696250354399593,0.15689592324396662,0.4792382926504135,0.035704051439992134
1.9292770049950798,1.1799130117571264,0.4561130540732049,0.03386541777706804
0.44147149566984956,0.017257670616543264,0.18261904663466938,0.012729187482036358
0.057779815284820124,1.5963975222870963,0.2687068666799501,0.01923565292955773
1.0394694271452312,0.18806172222083162,0.3832465623831727,0.028115525257360195
0.8382630704524439,1.7317817256639376,0.1539167052487771,0.01060269841656731
1.5059448767281285,0.804678473193809,0.3923934715820024,0.028833443261124404
0.4094001010777395,0.7978748798982662,0.18269543308924518,0.01273487935156443
1.3582735907116332,0.34972141892626807,0.17933307195680598,0.012484492352547767
1.9999969115716663,0.4736488822897431,0.2343452809158002,0.016618209283161198
0.6536448306676579,0.9952965220638519,0.1732922242666422,0.012035461979170773
0.5216374626636076,1.8597505524084237,0.2273088465699225,0.01608536049571992
1.4836404549317084,0.12497526840285844,0.13294330512600902,0.009065826244220554
0.8879261088063193,1.072783897991656,0.41043377315195684,0.030252745665221088
0.051449861437643074,1.4395822791084816,0.480833769078618,0.035831133402289966
0.6412134436090187,1.636061101040657,0.3722622212341142,0.027254955410656388
0.8697782307307345,1.3887002392733965,0.22641004053980163,0.01601737773125407
0.9265687273423391,1.0656692821133775,0.14837902856764393,0.010195420921516266
0.03888750806146901,1.4905074513485612,0.3744103782231385,0.027423116894743728
0.4183855864217709,0.7580804670202257,0.4591868412604077,0.034109443825537517
0.2624793442828899,0.8142421552986436,0.3242589844101504,0.023515352880250143
1.162044121042333,1.0607813742729577,0.23443209888189975,0.01662479072237122
1.8596590610825028,0.7658488755863275,0.1984516436277346,0.013912360011906643
0.5894038851200432,1.6062352612055442,0.11381359416361306,0.007678554423521569
1.0337507693543224,0.34825058582315527,0.3901314259441591,0.028655792420979785
0.7092246952775516,1.9666674898010714,0.14091720212416176,0.009648292507750941
1.3241339037539934,1.9035858291093786,0.08521872224691059,0.005635725962586856
0.864422827488641,1.4525788129169726,0.1771621851176144,0.012323003223989897
0.6972295262700312,1.501677570967946,0.2929967650319442,0.021100089294848034
1.128276325015528,0.4832122277263786,0.47702369421252244,0.0355277039273868
0.2268146630188994,0.46392817849044676,0.2497832817376579,0.01779111522747187
1.3281537895915898,1.7237095114309964,0.11217887009247239,0.007560714821843896
0.28781439206843684,1.0359860405030765,0.07331053341635488,0.004798116544398019
0.08485620038130404,0.6574748525882443,0.18507009625866344,0.01291190687406232
0.6136398449657472,0.7438236362830533,0.2762213300976656,0.019811250654994197
1.7224066843106591,0.4460291274776933,0.25600209391515444,0.018265024251271356
1.6452938027103574,1.5875296073422378,0.12142883891976272,0.008229017434359467
0.01802055157990501,0.35075349712743265,0.20490152334190026,0.014396261872895841
1.936260072073291,0.2911849231919965,0.1496852589421691,0.010291396700055432
1.3978103668540045,1.3003420478785095,0.30643485808022103,0.0221362184900146
0.2318669328705696,1.038839035797956,0.49663854913506117,0.0370915642322235
0.5299264305197784,0.45012597147804123,0.2301689904838507,0.016301815587724953
1.7817621634659613,0.7457963215467123,0.45716281692213245,0.033948745074823206
0.3558736272180625,1.0435129583887481,0.1873701948201793,0.013083525233791818
0.04013602043184861,1.2920049632157131,0.1398560291171323,0.009570643262338979
1.6608497597864238,0.7572189952897355,0.25826041524597804,0.018437318972236813
1.5576784652766873,1.3483175143738912,0.07547082395722565,0.004949413991384552
0.35370997293287143,1.0808397766739342,0.1145611275907031,0.007732479634178352
0.5355973893984438,1.50538368479444,0.49813046839376557,0.03721068917730083
0.5121051043057494,0.3295804299764955,0.059172759616367546,0.003815980638619853
0.9191200064245875,1.6220361215093175,0.31761941613539046,0.023000991737425515
1.3553814811498839,1.0756211305857422,0.20506732324849614,0.014408715006810112
1.7361418218773412,0.20297044315617407,0.31869527960094757,0.023084287916443968
1.7685096430987965,0.5716334027636645,0.2272543425015452,0.016081237456240793
0.33192713488497216,1.728457868389373,0.49499300507912597,0.03696020147875555
0.07299769792254418,1.0728502719835429,0.2705443782873573,0.01937630243046025
0.9432214372381313,0.5948495617597016,0.10584225754161986,0.007105072354420696
0.9763863277465552,0.6097513860663253,0.15927687369530372,0.010997885490436744
1.2919618823536578,0.34466985952510343,0.20537636028288048,0.014431928451448426
1.377491540501643,0.21759887589146865,0.3438210617615589,0.025034985891407943
1.98462657285041,0.9709950041801751,0.4493132921337024,0.0333259930130576
0.2763739312344089,0.5893272084943182,0.3978013012198218,0.029258435509466676
1.587444247372341,1.8330385743068434,0.3714746936102969,0.02719332312218335
0.5998050549057155,1.811228492709002,0.07120572808620756,0.0046510005910427275
1.9890487161533914,1.5177194675767554,0.3500448788920942,0.02551973724705438
0.21032602530448252,0.33803957877928803,0.49476631595002335,0.03694210738632063
1.9712688272333125,1.430699278962573,0.2902866180414279,0.020891518734884387
0.2377221240161147,1.735625474626466,0.45442230441851084,0.03373123853324395
0.7842404576063422,0.30952547215386694,0.08079076954014544,0.005323259504265208
1.6584802473386675,1.7361619687310237,0.2576326421863607,0.01838941364026486
1.068853117496928,1.142462948134483,0.2770811121435577,0.019877178267354658
1.628961790348217,1.9848584147679977,0.4121492004817152,0.03038793246069947
0.0868172449339526,0.8451363286442415,0.3503285923723805,0.02554184895488962
1.0588964841246555,1.765426066419721,0.2404708656267363,0.017082983045112302
1.1413847664784305,1.2498373250885757,0.23461628269426854,0.016638753764329727
1.6112361461793876,1.9890505780800345,0.17766633036530471,0.01236049374830667
0.8757655547612606,1.2650635966080068,0.2951898248113954,0.021268962799727897
0.6003876229507785,0.35982009473729293,0.277103621602858,0.01987890447007174
1.8889625128710161,0.6175329950970687,0.1803728098352897,0.012561884834710567
1.7124915552037596,1.7702413419518748,0.2084161044539512,0.014660388018645481
1.9942641427256746,1.789249582246817,0.3540109816888191,0.025828954187298307
0.7697060701693788,0.4887529203037215,0.49334246268464027,0.0368284699774173
0.6762005740493429,1.7128196744132749,0.0558152038797011,0.003584976985288805
0.22314686263073336,1.165055709064592,0.23472471249001775,0.016646974220415865
0.8815871170378522,0.9769987895054919,0.3971898932300143,0.029210365890969408
0.1649517338095079,1.27609548798898,0.23053109367064334,0.016329232767178674
1.0922492435893152,0.6729730042250939,0.48517527337705124,0.03617708744666233
1.7951715465947387,0.8025901212123348,0.22750784922092943,0.01610041491962957
1.418261915796582,1.9853106256302038,0.2117132300211772,0.014908451706874944
1.8824366652226263,0.6543574862922301,0.18380057184949933,0.012817246136661242
0.7741649731748201,0.08669557257443494,0.17580415051269427,0.012222050292877124
1.7473836550295867,1.87385202813119,0.2501672050039687,0.017820349006518566
1.9828192376244458,0.16076906118717393,0.1991248124679219,0.013962814358420327
1.949275935373077,1.013314455636706,0.2953321022029024,0.021279921669053653
0.8201688349390017,1.6436765476152158,0.4335552693533487,0.03207808768620618
1.9486971720883932,0.5747655250278685,0.2981018066012019,0.021493329612445773
1.5708119289545461,1.436953738117224,0.41650869934556567,0.03073166361977786
0.04989388000857664,1.5173588402048699,0.3898316779303951,0.028632256890486263
1.8999567525897068,0.6943427034354095,0.4957446904669486,0.037020204321057223
0.8374424016607176,0.6794424859247872,0.1295081156748415,0.008815631120372728
0.771873416991228,1.6665006008921919,0.44069870501930036,0.032643407739537854
1.0019922886192334,0.08543054435927178,0.3860768694727247,0.0283375439714718
0.8306588187920894,0.7925428472740852,0.3118241872464446,0.022552646264687715
0.9281832859421963,1.6012231062901237,0.06524372793429029,0.004235940741817324
0.7356478439464584,1.9596940630855577,0.47144143060673915,0.03508344187097584
1.9594018241756062,1.9358840567013902,0.344120110996847,0.025058264032898545
0.9077382263496345,0.19566057704487494,0.47889089324814127,0.03567638445111483
1.474099346041434,1.0069249237589348,0.26010581081027195,0.01857818747997217
1.0632877308220974,0.6251891511203718,0.4295694825419118,0.031762937468500826
0.6220822303916795,0.25165946584518384,0.0917338109984778,0.006097501281766161
1.8482239026985012,1.437789399779459,0.3948371491707272,0.02902543806095325
0.4949339252939111,0.7660300358568823,0.2419225014301168,0.017193245304937
1.7845129809894946,1.046489267467897,0.31303375725215926,0.02264617702598229
1.0564812666466243,1.8299961817163812,0.4828290091274844,0.035990098043001476
0.9389560390143283,1.4689575882640413,0.4992516588790077,0.03730022883199921
0.12346955783122948,1.4494642577016972,0.46892335214182285,0.034883160183203935
0.6242922168541423,1.5395834506589465,0.38010744779030625,0.027869414978192206
1.7723625284815017,0.17289862954705337,0.1475861055745737,0.01013718899681119
1.6165847596388105,0.1113983631513964,0.27154325634274074,0.019452787703309816
1.6454122666311422,1.9194734559146993,0.2860959483718139,0.02056927328102401
0.7366806610422088,1.4102413824758024,0.35862731909288637,0.026189167607404387
0.46918738425662876,0.2314998394457155,0.16845098804546652,0.011676378683825917
0.7366029133453702,0.6580168951191838,0.30421488880904574,0.02196483020601866
0.2502042459009526,0.23344428683636465,0.08233651163763782,0.005432206565771175
0.9729762609148453,0.1478253192316572,0.058746983690808455,0.0037866355733552843
0.7764220786527083,0.3213001535550579,0.12158574026928697,0.008240384539478288
1.0315726445257984,0.7437746690783908,0.13819767378871758,0.009449377870982573
0.5658971059309343,0.309817512234944,0.22784654342051375,0.016126039009126698
1.9232618561892352,1.0331654351175936,0.17964853769262312,0.012507970657655094
1.2215024757826314,1.261706400205217,0.35711083176090225,0.02607080040810262
1.461506163371763,0.6527939454841627,0.30810671091226,0.022265347141757923
0.1291377691153599,1.5411718589958145,0.4564560616796011,0.03389264332672967
0.5812127901200264,1.0456485209683382,0.2976035118976947,0.021454925475639323
1.7808866469663889,0.7094634405834204,0.32457129849267496,0.02353956557804138
0.09806836479210412,1.419834549819479,0.24518251062155377,0.017441032662300984
1.9213569302532016,0.3044681392224966,0.45655518969038483,0.03390051167931254
1.0868037625509213,1.9919937196245852,0.45978115342021236,0.03415663892539034
1.0108029810807195,1.4813850668444783,0.4767788320848357,0.03550820912571304
1.0585369562105897,0.504392229788271,0.37256515111742766,0.027278665245215463
1.9767447529082536,0.8466469801657421,0.20090424034988918,0.014096239964282978
0.6613170033944398,0.8401600416762927,0.27270640024284,0.019541875469187446
0.23238926744070776,1.458499241880867,0.09580068610373177,0.0063869128038762804
0.3505278628313375,0.5455243068009605,0.09082344524307243,0.006032836635902907
0.4818372429147506,0.8250160002289035,0.384451698466716,0.028210046363521188
1.598978165849111,1.4106377449248648,0.3185807977713678,0.023075423508480658
1.4215557712340856,0.7430322651905874,0.4443522806954215,0.03293279100198509
1.3628278544616954,0.0730883062858132,0.3490867094618485,0.02544506977701024
0.25443597455422173,0.520647651014672,0.492535387546866,0.036764067536363694
0.17948736098911855,1.0212484115427745,0.14197724455852448,0.009725899318959692
0.6280049544031088,1.5798384089230924,0.25810535671796103,0.01842548571545819
0.40668432281279276,0.3072980762202817,0.35415267941947176,0.025840006080617192
1.940330429341799,1.135012820953207,0.07868641131698985,0.0051751715853234235
1.49936859699375,0.3108504341124312,0.2938699924181468,0.02116732053648428
0.42297366756350785,1.0624071479383408,0.1698250425016217,0.011778223317687233
0.16446611412031054,0.18096826586035908,0.26275097101875106,0.01878022630761251
1.9330710130329058,0.7931930186390033,0.2985390734023842,0.021527033909114007
0.6379416348218869,0.5695190366877023,0.07469192805582958,0.004894828571545611
0.4632598999917754,1.0666506869882066,0.16401532109938682,0.011348001285617564
0.7749097192502254,1.6504471724386771,0.06664320216190164,0.00433314222040338
1.385156926671354,1.1856366737068285,0.15732768968221678,0.010854070910318977
1.0850224928025944,0.2066601849052374,0.4630860367619156,0.03441916064964629
1.4585549713009922,1.8226417915859918,0.3312146112317473,0.024054978582990147
0.5304283924472912,0.22219284249304927,0.47037626465600774,0.03499871219411546
1.8848593910807099,0.943506713533482,0.4336916465410754,0.032088874375010436
0.19988898359285434,1.3105408856150782,0.12132960056770618,0.008221828390375538
0.7467151070310587,1.944999966057734,0.47267321416193736,0.03518144177919789
1.218118262934601,0.8210131212021365,0.2240404962692205,0.015838242537673
0.08756105814347048,0.7249912696909429,0.31687100423149417,0.022943059196337344
0.17233031281576405,0.8517462898058572,0.2843917042968192,0.020438316705183687
0.9721357160803703,0.6996414819764345,0.43667380824551744,0.03232480543356937
1.2609528818119724,0.3093129564988646,0.19459931645814205,0.01362385440560246
1.4503926650193308,1.2104815622790543,0.14378484494075236,0.009858327716892042
0.07481553207674652,0.19367481417835064,0.2959522812786484,0.021327695011211477
0.2839100294923189,1.33396282225671,0.4789314573835225,0.0356796149191983
1.1229319629023944,0.21015234998929255,0.3255900627024419,0.023618558230332185
1.5122640065582846,0.9585350774949779,0.38104519882674437,0.02794292112637608
0.1645907550863559,0.5674788061978362,0.05665315193989284,0.0036425411893598217
0.38124976396874377,0.8201025975143152,0.3590325370557886,0.026220802156092085
0.4297794977600824,0.7611483492153541,0.3913604738250821,0.02875230749508257
0.7098354470436901,0.550411374716993,0.2217635325295707,0.015666229447880577
1.3695524236657877,0.9782328060971093,0.28646694518511956,0.02059778835787883
1.7737388578047222,1.4025278571321402,0.3487640951784922,0.025419932526278003
0.1131446990746321,0.259960262088353,0.15374127528339754,0.010589780423433974
1.8666020190789399,0.8159491035157671,0.4995548548478265,0.03732444482068474
0.5136798140331662,1.536621655357149,0.10056495153112158,0.006727030554946676
1.691657932337804,0.06529090664180748,0.40104241223712966,0.02951334045687956
0.07290442035338995,0.8953298958580072,0.45497649210523533,0.03377521552222317
0.3237411505368293,0.9567695050631171,0.3550464011399385,0.025909720060576992
1.98618725167133,1.8810429952727614,0.46017331917203624,0.03418778362226932
0.09857405179022072,1.8686510438735378,0.2580295646520818,0.01841970183941199
0.43715339235238826,1.2401770896340019,0.18436553068325012,0.01285936613868555
0.5025230858671692,1.0797071169829897,0.06467722538834626,0.004196634618648195
0.3290786101879646,1.6677356613084808,0.18455439143168506,0.012873448471017134
1.988137831299497,0.5757619267017842,0.15115364030302417,0.010399355578988941
1.2738995382528893,1.4817575141488162,0.47544997775773556,0.035402423883406364
1.6375513934670818,1.6958575950068704,0.4171703823726647,0.030783856766900184
0.8831691021002059,0.9567503969178166,0.12112534908421817,0.008207033241914814
1.4196611574553255,1.3301514588264196,0.10410580555671498,0.006980534107346363
1.3478053790661355,0.2517138113799897,0.34731307881283874,0.02530689302856565
1.831761599155387,0.9850575908563104,0.2684668218930849,0.019217283961340866
0.4332470507697781,1.9370018592103035,0.18991733287119145,0.013273745698865365
1.3344377765246629,0.5587320735543178,0.4723245309435292,0.03515369897625926
0.8205537991384484,0.2575444360836001,0.33855162790411636,0.02462504075183378
0.3127586317987874,0.7469817945501784,0.33543733784868063,0.024382965400743885
0.3165231290958419,1.6376690297700693,0.33319279073859104,0.02420859166529689
0.674891802429403,0.23725600464292396,0.40283493318606306,0.029654378697169626
1.9607736053805664,1.9450049405462593,0.21412904045489167,0.01509037798571367
1.8291758407977012,1.1222845173410672,0.3415385661801581,0.02485736140300217
0.576206351298955,1.358863395124047,0.32927182718324527,0.023904175692247013
0.013645254826075703,1.8204238230369119,0.09479336251107853,0.006315148084917444
1.4379787928188879,1.0035764806243312,0.1706538682696345,0.011839683240512005
0.08046372072957553,1.8177918622098574,0.1589072701113958,0.010970606043906041
1.71539870398004,1.1706161835056805,0.264758997362698,0.01893369430411193
0.4085583928832883,1.7889742149277466,0.2563227550135347,0.018289482168814108
0.6354234321961463,1.23988374165747,0.16562492206203297,0.011467091878197723
1.5347571160086975,1.2345494316804442,0.2431408952156368,0.017285826399500406
1.794191036360703,1.7522974603128443,0.35612527027142266,0.025993892431818717
1.0979440595069019,0.7449929964826867,0.2478464562375743,0.017643683304945774
0.2960458815230269,0.2120183975843437,0.28001904816122225,0.02010256386936091
1.6395990924955475,1.5384544270386762,0.3398396394962726,0.02472520355276337
0.7747395352372157,1.7738011299224226,0.1381266487011002,0.009444186473703837
0.21746276259827413,1.7208409991385327,0.2884520602706519,0.02075040892487052
0.9896295865408,0.5072617160107402,0.16284677975377126,0.011261594122363015
1.3611191652208288,0.41155040752915517,0.44954495755078294,0.033344361799661576
0.9852851767720512,0.8938705019265483,0.18125078142415113,0.012627260288956756
1.573143108195275,0.7734027830492991,0.498809340290331,0.03726490306520286
0.876012964407918,1.756326245393479,0.4027218891414336,0.0296454829405472
0.03877355461044063,0.5570929532087172,0.07998143142073576,0.00526627287064774
1.2957797441274048,0.8269877069685032,0.40344567846670776,0.02970244295431488
1.5546655451613873,0.47993968038400703,0.44199446799759917,0.032746020412280426
0.8073875195136158,1.4494491223686599,0.06685254047222397,0.004347694147929223
1.564986289736136,1.7973038295819705,0.4384630634596587,0.03246641418161952
0.4531172738458389,0.7315541160995207,0.24358709287422414,0.01731973927438254
0.8735604113369801,1.1674803323394405,0.32682487807908517,0.0237143258580798
0.3127842179559426,1.9340124519908368,0.32673238131523746,0.02370715129136773
1.7404138732535306,1.80421684254228,0.3860469461596499,0.028335196098240836
1.4811427897400844,0.6541751554868489,0.2559753743663644,0.01826298635536487
0.7489724130440498,0.06645397380023499,0.1622756157822029,0.01121937525344184
0.9914689573441082,0.04243300620982149,0.322692679153687,0.02339394661394957
0.6620678477407291,0.6220570351986934,0.49856856108747816,0.03724567414653016
1.6783372804798704,1.2479516759329141,0.3490411933440926,0.02544152318447635
1.1661555699208077,1.0664337589982686,0.08138039354432983,0.005364800590006185
0.22849465493775445,1.5098167450964743,0.07457581875068808,0.0048866949259698
1.5956690604052846,1.8878674157535755,0.3947710615471379,0.029020244609118614
1.6823618170776038,0.9063892960467652,0.37342601474412584,0.027346050914285342
1.2226479541055235,1.540478939523347,0.3096475136261585,0.022384396719458455
0.19682901284595777,1.7693652109989906,0.3682680111027713,0.026942459891202905
1.9062105667051117,1.3264957098668457,0.09095085672618003,0.006041884183545787
0.3566718143176475,1.0875831500219277,0.11166782803488279,0.007523900416903319
0.7665268030684329,1.5688462734451545,0.14397226917028744,0.009872065387515826
1.1065970704285069,0.5708861860965211,0.236909954739162,0.0168127010612901
1.2981598832513674,0.19099234128297926,0.4068650227044673,0.029971630070116374
1.1051108311802305,1.2662741337698786,0.3134544281351016,0.0226787115163707
1.85197472494908,0.08580081233376635,0.4092442679195151,0.03015902781816705
0.42851905127115075,1.4456461484953385,0.12936020383666377,0.008804868452323594
1.194555108164956,1.4664867838093159,0.2514468064555777,0.017917806394800277
1.2253068790218937,0.012501580446264704,0.4540918781060319,0.03370501965663899
1.1688058391645086,0.23617195550976167,0.12079769830605751,0.008183303146005426
0.8088314649751074,0.7111619241988509,0.23131497002556067,0.016388595300927976
1.5906146170805038,0.2726086221522068,0.41186947173613975,0.030365885368295643
1.800434476596517,1.0830166570071111,0.40219423329961934,0.029603962484946896
1.9262468881001336,0.07111510576463709,0.17542994606741513,0.012194242297945086
1.3807410824005242,0.013274849283270385,0.33440590508951795,0.024302825716357054
1.4044761325543005,1.6410391324169353,0.2852733753614387,0.020506058842924276
0.17028573257173973,1.5354357713055413,0.15660895002676048,0.010801071840240255
0.33344289266494176,0.24091836109065867,0.1578406753489059,0.010891908130958493
1.1885256345361424,0.012709023636641392,0.26641248536065587,0.019060126234260285
0.23429729034675528,0.30546195227900386,0.4595726500678403,0.034140080923990145
0.4725209950075431,0.6701623965074144,0.15350284845970405,0.010572225212737584
1.5651673211134733,1.6876448984381944,0.3819976377728275,0.02801759137243055
1.9557493905603551,0.3834336459522858,0.05128891270028904,0.0032750885464687776
0.28607052151723744,1.8523498820884428,0.39928309623266883,0.029374957119917205
1.9442477949743313,1.2426183073060995,0.26621873392433726,0.019045308461334252
0.6080550936952385,1.7085105703413157,0.3719768009636985,0.027232617243358317
1.7143736577932511,1.2280072136983387,0.2476199260251889,0.017626444915859345
0.47034884786026243,1.245817165033684,0.05158861689026084,0.0032955509883970465
0.4760175899877277,1.8737973765015932,0.24984753890371614,0.01779600786376426
0.5312933093210714,1.4905716345473186,0.23546066814445515,0.016702776606917255
0.6853245788378772,1.6662038218945265,0.4452445858840474,0.0330034914744408
0.22997879714130431,1.337432348644331,0.47555957995152737,0.03541114814285052
1.3869220726684115,1.7988544934667008,0.2333800937986188,0.0165450523586784
1.3148426071739623,0.7508979476493902,0.08785760083307081,0.005822480557041293
0.47647533845030465,1.6374058074415203,0.1294148906602267,0.00880884758955782
0.977255516414806,1.8893075047918957,0.3600741899062861,0.026302133192497325
1.9977665165138434,0.11597571553639385,0.4770760471411842,0.03553187211751372
1.324000953619498,1.895932112088442,0.316596007076819,0.02292177478104496
0.1306709726572437,1.2678413860934554,0.11213019088548987,0.007557207573706381
1.1961645567044241,0.7923524647726559,0.31078221316037297,0.022472095028329152
0.6867973160043159,1.2293251242057996,0.10479283421257701,0.007029790763642738
1.165133049200507,0.5690297076945994,0.11499530265016497,0.007763811106032386
0.493838270026314,1.1999844472145154,0.3838721647344551,0.028164589879212047
0.9805280175003024,1.165345288681945,0.39715512148181176,0.02920763224840857
1.565867530669776,0.8784895586186225,0.30616310580779177,0.02211523378518571
1.807479918287792,0.7773301884869703,0.47032045482932605,0.03499427311110203
0.17078744058302409,1.9995671089623785,0.2112143579440765,0.014870901173231357
0.36822495131179345,0.8242731886997774,0.0858023295145886,0.005676994172064421
1.7168076599364404,0.175957473597671,0.2708899088457492,0.019402757912894548
0.17476955294041496,1.3426994529951815,0.3993765623067511,0.02938230786784405
0.686845501717191,0.5308225414126757,0.06302407816537846,0.004082069397210871
1.0754116903461377,1.7483123942046253,0.4005839854072569,0.02947727772169186
0.943072886427047,1.2664568402351495,0.4722346455443891,0.03514654751924573
0.14115406128164132,1.456635352914947,0.14985669897494974,0.010303997623898692
0.9881225835324734,0.2240270799987809,0.0780665633804512,0.005131603392599623
1.7836173511635358,0.2649091392820535,0.4289997474618302,0.03171790580147605
0.9415485931985017,1.0875516802806777,0.4367199403064027,0.0323284560055861
0.712075385296032,1.2374460939082246,0.4337620356506428,0.032094441859734424
0.005378608400136153,0.5291165549421462,0.21394234583724003,0.015076313593054015
1.1791453863388135,0.8693388271467875,0.1493527844132568,0.010266962503308576
1.7345515065379793,0.5775933041802794,0.19857486839571858,0.013921594889071529
0.567223492061182,0.2839462077854602,0.05857463539798085,0.0037747612566060907
1.4678688513583977,0.9325363015505108,0.08700989318500127,0.005762445146127218
0.05167447331213637,0.22671725274692367,0.17850260820114244,0.01242269933584213
1.3387645517372213,0.16387883211900567,0.39933964917933257,0.029379404777891586
0.6377043067707875,0.6815722303154201,0.21537421088482084,0.015184202864797203
1.4979026546257992,1.908404459647903,0.21303148807542216,0.01500770748266455
1.266894635646212,1.2522711909567013,0.27626951362826263,0.019814944967401892
1.0294025139598693,0.674083292858171,0.3714754389163827,0.0271933814459351
0.33545084369585787,1.993469667938892,0.23334566538591067,0.016542443221994108
0.06454820168098552,1.3725991937021114,0.14526325342328683,0.009966724359402284
0.0301672000563018,1.0862826499754215,0.44468764320836024,0.032959361803195454
1.253996433760956,1.8033699150237374,0.27876644924649474,0.020006449905195893
0.22781724210123233,1.5072089951631062,0.2359063262370642,0.016736573606328978
0.727203575728993,1.058217803946401,0.11806984458311494,0.007985911902471124
0.521802548933683,0.07558264940210391,0.3174922643806116,0.022991148599214018
0.1742952715493955,0.2512692653315156,0.318435852695782,0.023064200625428927
0.5638556983944822,1.9306651429793689,0.48622876014032806,0.036261067131301006
1.8621892000301208,0.5676589589239358,0.36844727085389034,0.026956479665922264
0.6904350202335177,0.7256205007665288,0.4737163733263839,0.03526444863571586
1.0131522277525837,1.126655759145314,0.48606985024946653,0.03624839867567422
1.6457012395222466,0.5423711020944351,0.2774017510935551,0.01990176830113799
0.07074562450615018,0.07465457983500379,0.3117293694935505,0.022545315479114758
0.18268806406297866,1.7947526891631762,0.2870216440033954,0.020640427652800837
0.32048247133368624,0.6631444367530699,0.14951324582087935,0.010278754654724033
1.5397416353179343,0.42481655625651427,0.3586715925267347,0.02619262382508422
1.3439081438996756,1.882627075828699,0.44735893453393977,0.03317105773894117
1.9553879356368973,1.814779285346469,0.32832438636986644,0.023830655634438903
1.3673390584971679,0.2882825797554118,0.27809886914201437,0.019955237554750618
1.9681507626753356,1.9940482240152881,0.22873754897060822,0.01619346104985097
1.379712085115394,0.04029944416603848,0.25180880021773727,0.01794538288991038
1.4300922698272924,0.0218125983204005,0.32069167381637087,0.02323890537342289
1.266992587099351,0.7587713241979486,0.3756136438662623,0.02751733974983914
0.008286171960097288,0.3414422495266354,0.26753688850944246,0.019146133295102234
0.03484018035853298,1.4709268927202834,0.4764194477496633,0.035479597841255574
1.762069149454382,0.12468142198030585,0.20681339835869322,0.014539903769972155
0.27794896866391006,1.7400411789605859,0.46718421932232723,0.03474487718713214
0.4429731351615691,1.1327485019166894,0.2391025595657824,0.01697909231848284
0.9365045267214687,1.3878609083974849,0.4774602589430295,0.03556246292548383
0.4846210721339548,1.7102848099293677,0.43271957548782436,0.032011993992750475
0.8484786619175035,1.9907726982159657,0.32596562474571905,0.023647682759711394
0.9089445547276125,1.6054629856609228,0.235307777652151,0.016691182995130813
0.6152668044128078,1.8349484040179658,0.4915335041124832,0.03668413004421625
1.3391842394374847,0.8281501130302691,0.3240150533814898,0.023496442817917268
0.7661456417395889,1.4424819383020377,0.2357332248776246,0.016723445739836362
0.19363755284903528,0.9829561473537405,0.4486526862997883,0.03327361706436063
1.9421166090421793,0.005299567321994214,0.10620014768498356,0.0071307578210900975
0.7758312377648777,1.7342525108384415,0.14944696903184349,0.010273883932615984
1.621963719160565,1.0456330998647567,0.09622826995912795,0.006417390922005151
1.6414348318885228,1.6852629604431457,0.18976304652755255,0.013262218549852746
1.6574009619536412,1.1210179653715477,0.14528798425529657,0.009968538269106172
0.006393052498923746,1.0275933669353807,0.49151905341934365,0.036682977145801036
0.5988983864506918,0.3692018979931433,0.31837052108386654,0.02305914221047504
0.37512598683086074,1.425994416793271,0.10208222842170663,0.006835584159752034
1.9004231084770165,1.891079895750949,0.14526471167223742,0.00996683131566246
1.4322706733315789,1.4081639335720497,0.2588394405365531,0.018481511488512164
1.4890575260274193,1.0310277996461072,0.05408874077655825,0.0034665636432489053
0.46462641522836834,1.3682917007564077,0.14240097704181662,0.009756932419140113
0.05215789468879439,0.7996184143365903,0.3650906882573306,0.026694042119717234
0.3651159436412963,0.11703186649443387,0.10386726352569814,0.006963437026516471
1.9217013816376907,0.24097757266026276,0.38569852514110653,0.02830785886075205
0.35525872737541064,0.6496906578594119,0.07289973461773254,0.004769380487836387
0.2550009544319183,0.4708236576659963,0.46589825734916657,0.03464264982174139
1.9734202598707737,0.18019303173667933,0.15996705980098025,0.011048837958086012
1.6918659029075018,0.03617519957129178,0.360394354355048,0.02632713452236031
0.24735553069208693,1.6431712037189221,0.06426578511262114,0.00416810218788795
1.211881992324948,0.3614832541321851,0.30592494615820165,0.02209684415864445
0.14616983196270827,1.1364596290760465,0.4905176770958045,0.036603091510036524
1.8288347830381146,0.7084560773858088,0.07844919224707449,0.005158495000995231
1.8552134110637946,1.0182654674585574,0.11390599128545242,0.00768521840279132
0.7563282172381605,1.9547936493138964,0.33644312764530876,0.024461129068951395
0.99177097676121,1.2138083499037502,0.3999467808475394,0.02942715593726704
0.33162966904733016,0.6452264760265891,0.18996289776227815,0.013277150098433117
0.704049406611361,0.9992113530894637,0.12371449949249043,0.008394707277839036
0.4295060210568442,0.22471393934664685,0.48918959151100305,0.03649715973013473
1.9938599840311633,0.5131346038012683,0.2815907301055862,0.020223203552426478
0.0437270798292444,1.5326555601922416,0.32167170243251964,0.023314831315250407
0.9191226272150814,0.36831064633296107,0.4283878878453779,0.031669549220793014
0.92987973628357,1.5617098234209537,0.28598186803144254,0.020560505498300317
1.510325384234722,0.5093655593816009,0.3127132302457144,0.022621389641135456
0.5903940274964117,0.6015786347938774,0.3645771230317724,0.026653903187669983
1.9751119572957732,0.3527667893111741,0.2965314854976373,0.021372318236393205
0.22296069048761225,0.6166815133265604,0.379376652557424,0.027812139851411212
0.04383868949870062,1.3259940978349323,0.40076197699963,0.029491279320846726
0.8237924328476323,0.48231907030618637,0.4930829785353648,0.036807763041652695
1.828499012668655,1.3324225731724981,0.32426690946315756,0.023515967264012696
1.389488944118386,0.18394733300466126,0.05010552490632015,0.0031943732222669903
1.6466863549935309,0.28676686898042614,0.2645562053266652,0.018918191803588606
0.7699019447838076,0.5143818594850962,0.12339960609157297,0.00837186770115531
1.7247117164181553,0.8258860267316148,0.2621421083735156,0.01873370854899788
0.20318676985477602,0.3875025892227346,0.26950222382692063,0.019296524200169807
0.6539706766838707,0.5735069337211136,0.2235343920404207,0.015799998453734025
1.9383751587364888,1.342755070876839,0.4831293431745469,0.03601403016819545
0.9329235284305837,0.9384528696801164,0.25292972127249136,0.01803079140227029
0.3848528596034724,1.0623168966729892,0.2906972254755548,0.02092311012190385
1.5889110792678118,0.2274886876171367,0.11318793303431525,0.0076334395553067985
1.0219492949895863,0.5990124614594343,0.24984779668149804,0.017796027491523234
0.7365794184901024,1.2603280667447105,0.1649332634951413,0.011415907855566843
0.021743863990443035,1.1009308905331936,0.3581148345524441,0.026149162505735735
0.8002721037920122,1.7550698172402646,0.39591198134327377,0.029109911444352318
1.8546792178925908,1.3629293878793538,0.1096370996034528,0.0073777263228250395
1.2608477358286776,1.1964451006581398,0.2867114265997401,0.020616580765031964
1.345549688783006,0.7847875054281546,0.130185309955675,0.008864917353209748
1.7064802232759846,0.3973074921254436,0.16436583668618726,0.01137392826939925
0.7562009181494624,1.2120788639933227,0.48705079632886317,0.036326605238820066
0.4033682339689866,0.5209755873876756,0.11776292046826539,0.007963722006896231
0.8342564022987491,0.5031985259241931,0.4234308172439409,0.03127795752785626
0.4567738645038111,1.22980603205557,0.344921404194668,0.025120643972515413
1.6990001941124508,1.356402446520853,0.2733542766496709,0.01959150913464133
1.2319311213563213,0.23757855451495868,0.44348196126089356,0.032863841974324653
1.4205251120385747,0.48263369847463555,0.43399121971447685,0.03211256979432207
1.658094977465645,0.20216790740434454,0.45209912043453193,0.03354692499770785
0.7874955508153174,0.9302444534162748,0.17340192706984267,0.01204360693254665
1.3142079111379148,0.5073614726205655,0.26214100757613906,0.018733624453644585
0.03729078339234548,0.9744270733281417,0.43981464319297064,0.032573410005372144
1.7451615595671552,0.38642739260162884,0.26582957972910287,0.019015548873875878
0.6224767809525089,1.9108915581249157,0.14772727222994125,0.010147554639347094
1.5508573673879138,0.8270005885255816,0.31418563701262386,0.02273527003852677
0.6594309607297058,1.2169374782038316,0.33381755581004163,0.02425712011900083
0.6907197041479458,1.9508414509165277,0.437504984379222,0.03239058303713504
0.7787536761195688,1.869076302956205,0.33866596779517305,0.02463393138293601
1.3818371479169327,0.03357322581942257,0.15839362887954148,0.01093270283710718
1.493145906697965,1.91410770020622,0.3752797239956092,0.02749118974753126
1.1616829295543418,0.6754426133137534,0.13672683693732146,0.009341908509988544
0.4348190529357867,0.7752494054595687,0.4607699450820176,0.03423516947983496
1.7855468684705602,0.010759838036774827,0.056325907622755175,0.003620053568951772
0.5784363693129746,1.1125508826343184,0.2656589347358337,0.019002500175376646
1.571933027036914,0.6421624557124239,0.13340445019318772,0.009099447049062624
0.27835683690157476,0.6173539463986597,0.32239087942871913,0.023370558408012478
0.6473764017867454,0.1925748194332637,0.09042616667171968,0.006004631330573355
0.08998565037558004,0.5551803371529453,0.21464794374613316,0.01512947332243885
0.7531752756530341,1.197802041687929,0.06876383605888305,0.004480700088657021
0.9039433344421499,0.5556792994370221,0.4724583604323199,0.03516434688442261
0.8652707163112727,0.3470134907193849,0.24060959876473909,0.01709351885196933
0.7007560187341193,1.7173597238176792,0.12505715268208503,0.008492136344533883
0.29851642846021953,1.3493452096190601,0.1000975099281732,0.006693610122197368
0.45086922445588784,0.515430134211988,0.16324019659343858,0.011290680357810836
1.8659769545523677,1.512936304023928,0.2649889423911779,0.0189512735148309
0.024907767569136263,0.6150289585288842,0.48739608402136436,0.03635413611163448
0.31664110363495057,1.100139554168629,0.33805415381060155,0.024586361488078454
0.17623923589390111,1.324123693346033,0.1265121165818803,0.00859779668465169
1.2337130292452778,1.384116829846636,0.3689271812425003,0.0269940154243681
1.1579752602347868,1.3312179897700556,0.31810894311999943,0.023038889794181085
1.8838468121093392,1.4810450492557066,0.3949927617013527,0.02903766700479016
0.4713628045676428,0.1898493914390258,0.3874744316328826,0.028447214878663897
0.7613113769929525,1.5525796782493284,0.4530648647262667,0.03362353595591771
0.5439049819737147,1.3898400223329652,0.47149952802486583,0.03508806366760555
0.1570520177939181,1.8334460003785436,0.4332950929238066,0.03205750980466622
0.47974323357284776,0.7328669373426691,0.13676923288379775,0.009345005134368613
1.791630686886852,0.17099055580562106,0.3620100603429884,0.026453326784802778
0.4438042114814367,1.9179284120917217,0.18036449292070278,0.012561265646052608
0.3847926138836193,0.3016658252494282,0.17279675787544813,0.011998680201432398
0.3559227194518628,1.546433569091227,0.2919983755335515,0.02102323855285941
0.24254241836763035,1.9578040876899139,0.24095195024394073,0.017119519833880076
1.1580653735273456,1.290373943427779,0.34758260802864427,0.025327887883053925
0.10424256246337538,0.8142206076601737,0.09369936353300987,0.006237267957175803
0.5181483086013603,1.9346488311228298,0.33354680217355215,0.024236088635212618
0.9798766112593893,1.4749010092735746,0.4329139982487405,0.03202736979293949
0.9756751069842828,0.3821326892543595,0.48971871527087163,0.03653936172979308
0.6028513738359518,1.797873245078221,0.061131442387803075,0.003951161999457507
0.7755561022609432,0.07001637948325534,0.16177521760544683,0.011182395621626757
1.7259312969780487,0.8343546891798577,0.48471941412208236,0.03614075209733558
1.8474594723991933,1.357676876630718,0.2235054411700919,0.015797810943558453
0.36359043112754885,1.4993788752763308,0.33114787775819593,0.02404979757926359
0.980791263729907,0.739015962775706,0.2512739028426944,0.017904635654588195
1.6301211332636074,1.860108111218044,0.18742485231531963,0.013087605195323723
1.159744283102226,0.32744829158207045,0.16995080567483375,0.0117875477057016
1.3994382914987413,0.09466634458517031,0.1232444665277535,0.008360616730038274
0.037548936071834405,1.2055637665261365,0.22625910954496942,0.016005963625699043
0.37646071623370614,0.10244371263708185,0.3687464821170488,0.026979881809463105
0.46163823621050737,0.8683325669129771,0.17107056860525233,0.011870590611014094
1.3864839076659785,1.9565082952180286,0.18280252398496316,0.01274285941200904
0.08801916019065414,1.1291677795819124,0.36858274474090763,0.026967075292331017
0.9483131409600549,1.2644575519779817,0.13327041712908877,0.009089674243070684
1.1650241108899688,0.6767813219386758,0.2848338286830522,0.02047228499304651
0.2797220874339843,1.991020282186886,0.2050862700957201,0.014410138137654857
0.9552198962370362,0.24059211506839162,0.4789388272899884,0.03568020184973689
0.8050595543074781,1.1137612088554703,0.4047647722245367,0.029806269739990243
1.9583211269644942,1.7453715598662223,0.4664443708290859,0.03468606066036024
0.7057589760036027,1.4265046818443197,0.20050151382830123,0.014066035435637171
0.352508102385374,1.60706624525121,0.19102951862668988,0.01335685918523447
1.1295846096019295,1.7055921309666022,0.4000864610746812,0.029438142553511015
0.27567695344395937,0.9763646068566192,0.07421785862357717,0.0048616247418167054
1.1190242649087676,0.6215762102202294,0.2611693544093821,0.0186594045789321
1.247620607406587,1.9945502558645993,0.386116705854168,0.028340669673375878
0.7951058265588371,0.5147286020666262,0.46881764905543455,0.034874754443116183
1.5351619336468487,0.7404449284582788,0.4008899595272533,0.029501347252874635
0.15350371058361656,0.02726173119092956,0.30406558839538356,0.021953306856183574
0.9323258067864189,0.5407418535004638,0.15735890810064032,0.010856373301243154
1.0976775819577762,1.973475816411092,0.06417039871163292,0.004161489158407331
0.4448855116770105,1.1178875888949338,0.3971891044250389,0.029210303877486347
1.5765006167383946,1.206429416187865,0.4485408073441987,0.03326474729935538
1.084612678002536,1.1550407807471752,0.36036758793404106,0.026325044299897963
1.9825186670098434,0.27147826709980816,0.4203151957300669,0.031031995645135573
1.7932188103466464,1.8410975299763284,0.13886386344074675,0.009498080250938888
0.8635757814609248,0.2085102729506496,0.26677383060589616,0.01908776327644078
0.6093353742536205,0.565092904167328,0.4864928400774978,0.03628212048015184
1.7265971192056622,1.4700216304437985,0.26378363323283227,0.018859139805481522
0.19590555256532194,1.6242277105255918,0.24300156710529303,0.017275237763954763
1.504482488542652,0.06263090402204963,0.23214693975492934,0.016451615104875198
1.5189049445420741,0.5029792294023254,0.1246670003451559,0.008463817629222447
1.9648958315837182,1.530466446273051,0.43952688753423585,0.03255062834809551
0.6765455566534286,0.36038440367987756,0.4816555912429016,0.035896604064639535
1.789313581536623,0.6455780825384485,0.1175749461154407,0.00795013387046399
1.2052368523869794,1.948046097155093,0.27972813600945534,0.020080239054183647
1.2896596171766563,1.9904187340582702,0.2516916137287232,0.0179364553849683
1.8073685926497904,0.5075190304286326,0.3893538062816656,0.0285947380808573
0.5457365574589605,0.16827034967166377,0.3800922003727084,0.027868219903987954
1.0394810344461871,1.218933454438919,0.2800227735270386,0.020102849767089738
0.1200166958257971,1.9038947409112488,0.44825890352429093,0.033242398637965735
0.5368049601971894,0.44516991392294614,0.05917208270338538,0.003815933973249611
1.5381719004287349,0.9507989026853427,0.3676941095562179,0.02689757863670664
0.3806355905990675,1.0354289902087104,0.1142006055593465,0.007706469426525494
1.2822529540409022,0.7740971235312313,0.4490838423640311,0.03330780054961429
0.8439925127016228,1.6466332196700875,0.2808089106940883,0.020163186575513237
1.9275929179881572,1.6492859268531994,0.38281473866893395,0.028081661492593356
1.4908792293731108,0.9299304021831558,0.43863124386737196,0.03247972669825295
0.8408515469955122,1.6163350454907868,0.23166860082051066,0.016415380116974524
0.9760813899106253,1.7679322057614935,0.1061995534865553,0.007130715171026184
1.051214813741734,1.0458383911971598,0.2632077330525916,0.018815128300576228
0.7281954949123277,1.8540629848862331,0.08836059007026886,0.005858121626220959
0.0007115761691367517,0.576495043529397,0.31747842008320004,0.02299007689363261
1.5777031942789772,0.6218095565809334,0.16145878830118815,0.01115901543699718
0.05155200230064838,0.4707198569761619,0.2183997044675377,0.01541233252582314
1.8708518415294866,1.8992586793099138,0.09032749723279929,0.005997627490251447
0.7443032999958716,0.6900981652408487,0.2781843141824408,0.019961791862769904
1.3234073496672454,0.23981933771761454,0.21257856489033883,0.014973600685734426
0.7964621706865442,0.8908486787949592,0.16513361251144404,0.011430732535142535
1.0027187412335765,1.8851719208485345,0.3277602144865064,0.023786883650350584
1.2477365140148589,0.835033030184344,0.15087392327371107,0.010378784518290189
1.0759787841861277,0.2524699661967287,0.3049839279904667,0.022024192599402036
1.9640224148387722,0.5439479345858775,0.22052506551069578,0.015572720606947274
0.893679244856658,1.242525806442852,0.3146674969552357,0.02277254655214827
1.9820973249907816,0.7988033238782979,0.36846990084871006,0.0269582495748163
1.1163295492441272,1.0679349296978629,0.15453924050350637,0.010648547729026236
0.008726770063478773,1.3478839391598603,0.36771922088798553,0.02689954233601746
0.37954258867663904,0.9501090609155776,0.05647670916297676,0.0036304152533556235
0.8239525673129142,1.9262923898484805,0.3488836986528144,0.025429251525239734
1.8127499634449329,1.329890361055299,0.19966255780099157,0.014003127102940677
0.834006580255302,1.0992106076119952,0.42750103732703376,0.03159946797898902
0.8645341916532172,1.7295674234613887,0.06862583507331861,0.0044710880483443734
1.6185242742310517,0.5816723288184051,0.14792940033756177,0.010162397773975195
1.62358741318744,1.547310094842303,0.20089354224095718,0.014095437551009565
0.23711276787628388,1.195591946631653,0.40685915333976597,0.029971167871551758
1.2791778251180075,1.795816270518271,0.4738454947783636,0.03527472403938479
0.5731673570612583,1.1602025632281365,0.3625801751150154,0.02649786401869397
1.73235200450246,0.9364083938823657,0.15782389752191953,0.010890670483759614
0.03499042799054286,0.2286744751414871,0.40657837109479744,0.02994905747254644
1.505576137534661,1.226047650175211,0.45652489957539144,0.03389810736853762
1.7376874753058071,0.3796196115984525,0.11233660277317822,0.007572079895207992
1.728653341612552,1.0293071521922492,0.2005125331105025,0.01406686182722033
1.9140521004638054,1.3580547770321447,0.3250547904022259,0.023577052307827584
1.275699293872932,0.3556382935096609,0.48958785414643613,0.036528924178947535
0.825833550674834,0.8398493325412952,0.11532559781714494,0.007787651738848596
0.0290169680603507,1.9236751579975802,0.1577422958972092,0.01088465111962343
0.21318696780942004,1.5797935521916295,0.21251905451509445,0.01496911970604426
0.26580738882232113,1.2181404113380772,0.2004503275330422,0.01406219675812508
1.3289257671542243,1.551036635730334,0.22849542566690512,0.01617513787825762
1.9380131863713987,0.7264229083627041,0.05638941389741698,0.0036244168986312732
0.169665138075064,0.15866687502709031,0.3407374108611359,0.0247950346463224
1.7235839800120036,0.10723547292140334,0.22655948173475937,0.016028679688478844
0.1316099960441084,0.8546787699844733,0.43260319367781425,0.03200279023950512
1.3031528576752278,0.476243268890183,0.42170025745159423,0.03114132348496535
0.20107042239360218,1.458233406919453,0.23800689546796905,0.016895931909094507
1.3016008752012804,0.3297811538692945,0.31843946632339937,0.023064480418992728
1.7002799843195888,1.6408069753395793,0.41859065938359213,0.03089590661676524
0.9845656177431872,1.4255239657202625,0.21057339404205033,0.014822664248447304
1.3324177218575466,1.1550523719377053,0.11561050815222147,0.0078082202900296134
0.6520725392149336,0.17596573113293612,0.1771153281857218,0.01231951910383173
1.4942522875612647,1.2301411656598056,0.09425758290425534,0.00627699895377863
0.017731343703064395,1.3448226960080911,0.0576948988523541,0.003714187558992678
0.8089401330563417,0.06862286894050151,0.4846848632722886,0.036137998235532924
1.3818829829359707,1.942623600107878,0.2193376817224723,0.01548310275394821
0.46621299003858074,1.051237161718036,0.09007816494137802,0.005979931521236641
0.758129075370058,0.8264950789889463,0.4514389333262876,0.03349455990095518
1.4023150681984107,0.8522282781183226,0.24032855478491272,0.017072175972555625
0.24584901594768005,1.696267791303966,0.3596002217242474,0.026265124295416494
0.6743098844486073,0.28693790159348653,0.16390106804886248,0.011339551026470844
0.8446028785635924,1.065169160572982,0.385753868829679,0.028312201032519753
1.3590365405776794,1.4562150057109902,0.14582111685957966,0.01000764663276724
1.504356373075542,0.9659513218854692,0.2631635691660399,0.018811753477453484
0.03834952655999513,0.766668148091362,0.36953622575070594,0.027041656142167917
1.5368366129640922,1.5565146031136277,0.25369203751563957,0.018088890972035587
0.21754176811015058,1.6233557872807984,0.20795060579676694,0.014625387309867286
0.37580845831719656,1.3933016504472138,0.12891461010404848,0.008772450372275788
1.6476590903487316,0.7083862752908754,0.25830276274227026,0.01844055079715235
1.1350616352039884,1.0621163045352717,0.4481634513158426,0.03323483163465173
1.999804956582583,0.7406842848603012,0.4308689237760216,0.03186566027278097
0.18944207992526363,0.7846846671192302,0.48518258775583945,0.03617767047587927
0.4734598124257594,1.5461413564704536,0.053917679483552305,0.0034548450810989984
0.363825655974914,1.4975004035380515,0.2684999613488698,0.019219819827409605
1.5293140863288643,1.2173681341909302,0.1219078745989717,0.008263725526274468
1.9029586102199996,0.3452031328365164,0.4098034240760715,0.0302030798568047
0.042427784576601235,0.5625290008751251,0.27711978638939283,0.019880144119253165
0.9930574213845091,0.23827102158651248,0.2514970488797915,0.017921633672724792
0.5777825373722973,0.24399260035971992,0.4350442195730191,0.03219586815625684
1.458852481517685,0.6664602289538317,0.3076788564090142,0.022232296392491968
1.5894714758555448,1.2656646474802715,0.1680519322690074,0.011646811470588577
1.6268530782310462,0.3309339695036395,0.42437551601191875,0.03135256123024694
1.4990951909962411,1.2676814578914093,0.2350338987276196,0.01667041618895021
1.607379990694478,0.9673863539229555,0.24568620866005048,0.017479338188522483
0.3624566997362739,1.3430177562266181,0.17175360805047424,0.011921264036604736
1.7658193866048384,0.9113524710008893,0.23599504849672653,0.016743302488110103
1.6816838643160543,1.3474924392571916,0.2957076679696117,0.021308851248354257
0.8838623841590838,1.4715252733850057,0.056838770185319853,0.0036553005173286467
1.8140693675969208,1.1035598789487335,0.33307320848565086,0.024199303862460893
0.5648031659612909,1.9283738745713919,0.39548756519835454,0.029076553769333487
1.25065346662037,0.5943833897791586,0.1574761177048277,0.01086501791307665
1.4488944769795062,1.5590049129144916,0.4293771473227676,0.031747734897119455
0.43451337938103496,0.37468966149917526,0.18261011806635025,0.01272852218833689
1.0735319506973393,1.9303281532839718,0.33954731777137176,0.024702468720864824
0.15660612623979397,1.4926168338040022,0.44110634162389706,0.03267568661906288
1.1759602403865221,0.9944897162146498,0.13625102816114604,0.009307159711272142
1.4457840247008298,0.9280029116646882,0.07994904186088692,0.005263993101516495
1.3251791634437247,1.9005046791484033,0.45148275907897584,0.03349803593329295
1.211614818620113,1.8546982529704497,0.4728731131891232,0.03519734728054859
0.2854687570849792,0.02512412997935254,0.20238588860723894,0.014207399630514345
0.015628605786291994,0.7966293210837749,0.3990906784037685,0.029359824570167767
0.5503179455047089,1.6334812697221883,0.06908311085133909,0.004502943304604704
1.5201669533088005,0.19807840583608294,0.08898095874006007,0.005902099303962218
1.1979457674080987,1.2036002074537264,0.10260174910162112,0.006872778954255865
0.10049400263300168,1.7469487404223663,0.11023068472429162,0.0074204340727506545
0.9704040220036119,1.7265216688698333,0.2879447699076027,0.02071140027077309
0.1950756779124574,1.9436085684308206,0.11172282539871575,0.007527861755141709
0.7202166381811221,1.2013397281566545,0.48212746494884323,0.03593419948248788
1.9270718734026482,1.2692005186092903,0.2897458293637142,0.020849916145468144
1.63496945723802,0.645937266987064,0.37320145692048823,0.027328472207092423
0.46191604284008037,1.153522880866459,0.14768354472771295,0.010144343725448006
0.4498443326514794,0.8644255463624195,0.11787077369941362,0.007971519089011943
0.5152962696917833,0.8814503096105204,0.3028083342675355,0.021856284590192003
0.4213658831606968,1.804198177327809,0.3601839063047701,0.026310700666469778
0.6446983627784844,0.22373716867248095,0.36257658420402455,0.02649758348242951
1.1919266794288899,1.4043865985290356,0.1360944076257405,0.009295723384444236
1.7913709633898747,1.6418419333239058,0.3907993482500088,0.028708240643862744
0.9852202909333443,1.820544884962553,0.2710852473703976,0.019417715000874494
0.5030116016568162,1.2740879449037381,0.4851716084992327,0.03617679531943753
1.7341650489319271,1.484377631434919,0.34020836481543393,0.024753882470461
1.5646573328600006,0.18455674684029066,0.2969062928936866,0.021401197466216236
0.10896385641698303,1.593046726653669,0.3170818759987644,0.022959381255107447
0.7626171492027851,0.5669440865490765,0.37971901369228545,0.027838971013576956
0.2843870746084065,0.13244740892820617,0.30016624033346906,0.02165248497290396
0.37322183099305084,0.36355271189418215,0.21288715664746444,0.014996838246746837
0.11662083854003003,1.865268787257413,0.4882537689136436,0.03642252784484611
1.2627419883132553,0.7132510618884722,0.39541491384728256,0.029070843866127544
0.20073426383514725,1.4023673085938129,0.41178236067487667,0.03035901983644512
1.3436031826442103,0.5905211633605139,0.23151715224347963,0.016403908705093027
1.770323555063964,0.9377199564158905,0.12283240627755128,0.008330738204461752
1.36138960226783,0.3992013308698905,0.44242145031418934,0.03277983808824645
0.2502592957073362,1.7806108681865531,0.1672897376251632,0.011590351704309252
1.7334695750915718,0.3166520440763576,0.25636035082245084,0.018292349867936767
0.2647730483870452,0.6143035439656443,0.26572390061065637,0.01900746784812416
1.9109884367858812,0.7376814113146986,0.39289817717240194,0.028873090214429426
0.524758859300186,1.8282335466665902,0.48861408305766657,0.03645126174311066
1.8410764495003105,0.5329965288050675,0.40303350332813087,0.029670005162068712
1.1795701359347917,0.12804722857162587,0.21404848965548595,0.015084309693715386
1.0079208138575575,1.4549891702865552,0.3574983673554626,0.026101045638601023
0.0318208584054418,0.5120500991798331,0.49807804005496825,0.03720650252559588
0.7774638591123824,1.9718832111651783,0.33918754548355184,0.024674489888521275
0.6072191428493812,0.9213787648177354,0.24743887401752968,0.017612668088031313
0.18841074699259153,0.26468870707255765,0.4056444914188573,0.029875526031757554
0.8213715983427852,0.4612331093724249,0.20249801090976915,0.014215813821799072
1.1217665671070736,1.2907223690247709,0.34228205183236665,0.024915210710709935
1.7488885525756135,1.0697850699297622,0.3593363959706496,0.026244525424939002
0.9891187224718068,0.48970612634387223,0.08517928424707677,0.005632937912958023
1.1083074049116766,0.2147360525160611,0.4960966601746621,0.037048302253752774
1.607827417540792,0.8971860292089175,0.07138708642894558,0.0046636649973881
1.6206663068551272,1.9451462346722004,0.3201921929457539,0.023200215153348854
1.3442233258775105,1.4992823417714267,0.4146600427040713,0.030585873076021182
1.5706077875335673,1.6451184160742227,0.3126757533462842,0.02261849154633736
0.9400555920932923,1.452874575107482,0.05981379965160627,0.0038601894606067346
0.564922518161231,1.5200776025528207,0.484783082762424,0.03614582681658036
1.440473086879764,0.8213838155261683,0.491046618616913,0.036645286862681634
0.5302814782520171,1.3740174969274555,0.47023721003675123,0.03498765193348347
0.741291976776741,0.7609908413030699,0.22900789365236912,0.016213921512766193
0.5222220008754992,0.570344439937428,0.43620639148172585,0.032287818807078074
1.5131585819356208,1.7563109158261423,0.3625431183515677,0.026494969006004346
1.6371088827264113,1.7210193242334886,0.4871798859301431,0.03633689780082928
0.6676035538421907,0.5185318335949911,0.46507333460831574,0.03457708295137419
0.9905420034625017,1.5958557973566354,0.37225065813469316,0.027254050411840335
1.3459563780087853,0.4386175534809391,0.12287136735863319,0.008333562980258289
0.7068607791393144,0.11438247705950522,0.4152625122909991,0.030633380697383698
1.5238424653618818,1.802484526781441,0.3823018936217082,0.02804144743094212
1.86047419015415,1.5052815471809617,0.3971717103073549,0.029208936406245282
0.8449389364797,1.4427303013247845,0.40133715931478614,0.029536528616764826
1.7028754180947108,1.4500725154029352,0.1516646410541601,0.010436942578468037
1.1700095304558966,0.8485759665940613,0.08801298175335964,0.005833489118848914
0.1523152697249177,1.2010785760443796,0.42533134054060767,0.03142805520705165
1.9605773497782544,0.9421927165984845,0.052630283532244276,0.0033667347883908965
1.4476639440567551,1.6697888850213665,0.47084249296552727,0.03503579715773869
0.08157108946201941,0.8162217457009266,0.20803334128968665,0.01463160777285517
1.8400000224808073,1.371865245065226,0.33943783377695097,0.024693954134376195
0.8156055996578639,0.7134965474945056,0.06533041447928001,0.0042419574701940445
1.849263594726594,1.7011282622036006,0.16791463503544274,0.011636639835236336
0.9717411479229723,0.24967487228006768,0.4823683990534707,0.03595339631488158
1.9286002654126166,0.3563294185405257,0.1629386449784292,0.011268385501769557
0.9693450744102876,0.8688479466978756,0.2551620616612403,0.018200962149284846
0.5675392669200838,1.204720688022697,0.4024098426466214,0.029620928010831188
0.8026222504462068,1.2735281539438397,0.19426202599710024,0.013598612946085657
1.5587861814838224,0.41775746637327504,0.10766628933476553,0.007236043699033064
1.138435257078452,0.6109542655209126,0.4626431068169772,0.03438396921262334
1.3314018050800287,0.7166629479511724,0.22462699681913617,0.01588256927660223
1.9329179049522756,1.5900511785606486,0.3599324277452126,0.026291063613318177
0.7636279444952387,0.042185130198937104,0.24696029962539873,0.017576255178320444
1.2343731237278108,1.2370064285803026,0.13060727810207873,0.008895637168227308
0.08013245508597411,0.0876545798348034,0.3256128000721189,0.023620321428866057
1.9122183922577314,0.7481781852996781,0.28013721695238003,0.020111632687558178
0.22125760589252774,1.131033720465051,0.0549373509402891,0.00352473539155036
1.9652437398771012,0.483984595956763,0.2041226193308633,0.01433776816272255
0.6891678632482434,0.2543303128624377,0.27669474205456357,0.019847549873360806
1.8109948805976308,1.8965131779750615,0.3693098565073382,0.027023948439890966
0.8798877564422714,1.6292255625332064,0.13961919526097338,0.009553318948603702
1.9620143156829615,1.487960428134683,0.43889069181333673,0.03250026429420614
0.1120397165292304,1.8149262979890857,0.41895409279534046,0.030924583171441096
1.4966809801443004,0.15988154156898382,0.3769912083346036,0.027625236809383495
1.7416804946912472,1.4554258336219312,0.2562171009296968,0.01828142333752367
1.9449320303400495,1.8340250156937172,0.41093730310244025,0.03029242305497555
0.3300873742457675,1.3376170580327202,0.3890378848410241,0.02856993610136603
1.116042380972312,1.8821233360258465,0.43108841693386896,0.03188301365262995
1.521862642999166,0.45985691196612755,0.2610664835097725,0.018651547883708333
0.07081234313045282,1.4364734527967742,0.051244793871627545,0.003272077008517595
0.2912250865050092,0.8643846508911801,0.46691773115311236,0.03472369115110284
0.5301671655843949,1.2682064379973723,0.061238552107732214,0.003958563044025606
0.008583612155661946,1.2837967543441728,0.40411238618761214,0.02975491705921693
1.1814990756694472,0.07527244135385036,0.11779023960545779,0.00796569695498154
0.913951627981586,0.5437917184667789,0.11464347170459062,0.007738421222234648
1.4149760657447716,1.2091552957233411,0.29413431939979995,0.021187674234164556
0.8071250114526494,0.23808230821572085,0.3110111849861283,0.022489794414146017
1.1618389866957766,1.0039928870179422,0.2094798137797107,0.014740388243200677
0.05403942291773034,0.23340838935081543,0.20586418952721963,0.014468576850943944
1.6422089975519156,1.6318949892289667,0.4474468715917839,0.0331780281082091
1.209616568806817,1.5902519680993052,0.31592476985518625,0.022869827268670585
1.7704072351556792,0.14745059930500393,0.43598931236367294,0.03227064229501684
1.1145333749285236,0.4385896434523888,0.316389843766801,0.022905818850674692
0.9334501320171342,1.631282596919402,0.1553199993898804,0.010706068119025828
1.799111895850337,0.9398218930222508,0.056564806216391685,0.0036364693502629712
1.8779131848331219,0.24785597600928266,0.3349478335118452,0.024344930044054212
0.16534174757103592,1.92510683169452,0.44216880518585355,0.03275982792163296
0.5205708021934095,1.5802480535260215,0.16384943679474798,0.011335732465451172
1.9529530594491056,0.028639448941919943,0.10284033673109205,0.006889864861881377
0.8943472331255453,0.0639261298631042,0.06069243726736018,0.003920837081734445
0.3109795319969324,0.15390095549184046,0.10360751466294368,0.006944823064547794
1.8910484104129615,0.49502671537893495,0.13595192746128726,0.009285320366836089
1.026520924970121,1.8656986104314832,0.08818862607101735,0.005845934934072226
0.6063398337758106,1.864690343257529,0.3315387543986171,0.024080145193171577
0.9968519525426021,0.19288946721747635,0.2316982852929465,0.016417628616125397
1.049488572865884,0.2883048656323095,0.3312915593844399,0.024060952715777878
0.034240523028062464,1.4954902475675256,0.3828484628351701,0.028084306058509242
0.8876101121042193,1.3471262918764362,0.30012352889084437,0.021649191411885708
1.1129411313410698,1.152618427168137,0.4015535584179098,0.029553553781339375
0.5371214726024873,0.6339464360564722,0.1491396522363599,0.010251300980521882
0.9436220675050819,1.1251129488708829,0.1719869030833477,0.011938574949779183
1.9741548596503335,0.921905895990609,0.40355075015219416,0.029710712362099833
0.05078672764280001,0.2985288792173513,0.2321256110625099,0.016449999310331385
1.5142369753538765,1.5758677477756904,0.33646573747356373,0.02446288634833171
1.461893749839313,0.8465004551908215,0.07615442771319275,0.004997353342357331
1.1287667760850086,1.6930318915163367,0.40965073850781325,0.030191050407120463
0.41756005187644396,0.34147257118642504,0.10463322519827972,0.007018345571158442
0.5549447256197322,1.0071145658424177,0.38025529018387555,0.027881002858225507
1.5827744769588077,0.5127829060643738,0.11968493796179291,0.008102744735972887
0.20289502846239804,0.4022876256700385,0.10611873688333315,0.007124914512612029
0.6964025210970055,0.4313844391112467,0.1419712562520383,0.009725460796219495
0.058234068398167915,1.0850474819963982,0.1531408575235742,0.01054557565487436
1.277224110386421,0.7818893509880289,0.4729950279216928,0.035207047980458324
1.0296263057415316,1.0415969200005146,0.4244804484818879,0.031360848548371074
1.6964992236966687,1.743202799218776,0.3951288709236719,0.029048363537008015
0.6595348989937508,0.05861015950514514,0.46147506016836065,0.0342911773384066
0.5577919077799356,1.7650483346963217,0.276270826808421,0.019815045651757738
1.5472546202376778,1.5742923658509818,0.0936250009728892,0.006231976468083331
0.8501747509525668,1.6050791327135128,0.38736478012973957,0.028438609207289557
0.8136985293575416,0.8704201838845522,0.4069796741971941,0.029980658695797652
0.9701623699612094,1.0251291546570696,0.2385049777529556,0.0169337328618504
1.2014958925842634,1.6456986833545986,0.28708983556072465,0.020645669880937318
1.5734054714612584,1.9154948276181374,0.2948149627178874,0.02124009091568631
0.2322143439746247,1.7626868018941029,0.3003602260522307,0.021667443989527052
0.44211336648452226,1.9151074118201574,0.4161125246672311,0.030700416344221645
0.8802272105367992,0.07228752980671982,0.35878328235694024,0.026201343052915018
1.869137978327883,1.701422875373878,0.0853131979507842,0.005642405237135431
0.9234127203376881,0.3460421365277335,0.14441960537363463,0.009904858862020359
1.0454405877715343,1.618123002449668,0.4175452668643587,0.030813429958883223
0.6237689072988304,1.132380178335783,0.2881977027281485,0.020730849227817053
1.3438224026303116,0.5431937841918937,0.410879622279177,0.030287877724138258
0.3062663290116674,0.8281159461931553,0.11208978240324718,0.007554296296009906
1.3989827869170997,1.1241034719198157,0.11403826512034235,0.007694759068713619
0.6823830369233936,0.35096321204217484,0.30954447821319975,0.022376434447042102
1.8580182758734685,0.8286627174980414,0.44974168012637544,0.03335996047581345
0.23942649045553543,1.9575201122833636,0.3462703392048572,0.025225679900455537
1.8413614311406068,0.43073536204116136,0.3431253094596425,0.024980833593401128
1.5271289985300307,1.6852919814006226,0.37466025487493543,0.02744268200578806
1.9449010108426446,1.7916114597779313,0.23340429842111365,0.016546886707430156
0.674299005933152,1.826078131812493,0.07916540423620953,0.005208855521839624
0.09384747035007845,0.11414982034117083,0.3875471478212223,0.028452921884623568
0.6509547263456903,0.32967874078071513,0.288411419410716,0.02074728362641508
0.2436169665405854,0.3374768379923714,0.46258942191653596,0.0343797040260629
0.6061800508305746,1.157615882760535,0.4190036062247499,0.030928490139858714
0.17504130508854776,1.0278737606365302,0.4942885217208833,0.03690397221753043
0.0824295273032134,0.3765497042375061,0.4927084325408056,0.03677787545200023
1.7756715704937758,0.43398024299944704,0.3372165357494969,0.024521244460255245
0.5723124767728507,0.011813527821750602,0.09435190718365254,0.006283714045477722
0.7621919437960365,0.5214740813728167,0.3997307397409335,0.029410163640336353
1.5775995662223374,0.39782577775488037,0.3616007355961549,0.026421353414580795
1.097555772651667,1.391978204998187,0.1455558202111128,0.00998818435192939
1.6558043370030835,0.8225780815457076,0.4868390244198081,0.03630972066520512
1.986043393113537,1.8690953707802314,0.17495180312676445,0.012158716350431325
1.5156507959560235,0.854278307123979,0.3289093324481123,0.0238760448907548
1.7812227721176286,0.9728355047443782,0.06247784719934399,0.004044260181044581
1.688756660631477,0.9639940241424552,0.07627267989377323,0.0050056490801366265
1.0945737814551284,1.2558902553690305,0.310875250537919,0.02247928665373899
1.8248152250672622,0.7063384290778245,0.26806019961048283,0.019186170555057357
1.978182469391361,0.20045668791190563,0.41077456043149896,0.030279598814384266
1.996264957624037,1.2435083897400627,0.11389708875926094,0.007684576307566245
0.6807328538604684,0.714807032719597,0.09508519550163169,0.006335933743136442
1.687656573013582,1.2337643153600062,0.05630268400353024,0.003618458027000493
0.4902916538124502,1.7231915339917732,0.4117553345565506,0.030356889832525658
0.7517068210935764,1.300613627523219,0.4375187139519925,0.032391669640283255
1.4631394064756997,1.890201315420553,0.3857236906203131,0.028309833296161064
1.901115050988243,1.9393494900733013,0.4531867862287453,0.03363320859631712
1.7625168494774355,0.10717894417267138,0.13250336935783547,0.009033759249408933
0.1284218281414895,0.3444982133734147,0.21927625975796572,0.015478467836975556
0.2193033685733079,0.7884757342976152,0.22280571308430852,0.015744945866795954
1.010809907602418,1.244015408985444,0.1405391026396081,0.009620621179699432
1.595748345167833,0.48035367462220835,0.3998559005427464,0.02942000784482536
1.750662102376293,0.7549988980740039,0.36110038382517506,0.026382273090215593
0.963681382679545,0.9515682692131098,0.3238447056139547,0.023483237672021543
1.934007082234163,0.5098429741701058,0.3081208781760694,0.02226644158359892
0.27196358865344483,0.3874046875418402,0.2504128127311084,0.017839052393754624
1.6956557311323104,0.24903471204327077,0.41036922665053255,0.0302476597424365
1.8227869289291698,1.9337408930491045,0.18771916454056187,0.013109575826399003
0.3897387306938409,0.20359603819542205,0.4442273002020898,0.032922889140434515
0.2976314995337075,0.5667513521896537,0.41287468380870446,0.030445116942611216
1.1252378981140225,1.0710421593846602,0.44294225449415286,0.03282108965294961
0.617683726897843,1.4727234418522412,0.23076334543528376,0.01634681961828618
0.0005686889609273216,0.17370609553378613,0.057369902615635904,0.0036918262153677714
1.7914768838891943,1.6355499511449707,0.21809205105647433,0.015389124689767804
1.0977533711396348,0.042784625733556014,0.050754317814132706,0.003238609342684076
0.9899404059676826,1.9897028661033722,0.1952150488241487,0.013669941118200989
1.4071244772293594,1.8620486536699645,0.10093348429304572,0.006753386913111458
0.8385499045097462,0.16797138818353585,0.1466601444830219,0.010069214137837068
1.2657426568162506,1.3273078045483626,0.3634167384614424,0.026563224899174544
0.44295647664878346,1.2231114261983451,0.45994536290375304,0.03416967975601502
1.6853514943157928,0.209213274269489,0.24988666428037104,0.017798986970723567
1.9861337422744563,0.4006109005506908,0.26039744392682274,0.01860045565488559
1.0878180998930567,1.7449679975015084,0.32797742616120823,0.023803735675934933
1.28864912132269,1.5982741682308033,0.11595170661861168,0.007832857056092858
0.16141030060038686,1.2524464678555962,0.15809242006865376,0.010910479631661522
1.4972747143250835,0.5868993462190548,0.12172271126420103,0.008250308568456603
1.8666346935048905,1.6151937136192678,0.41548441220796273,0.030650879770711934
1.0220881959347883,1.4753422745748903,0.18700457212564325,0.013056235087595573
1.468433832158593,0.7373728498162053,0.3697121590749798,0.027055419018690005
1.9654454057370832,1.6105076697490193,0.11613167958783005,0.007845854300538772
1.5265514385028145,1.9237680390550675,0.1551454075358667,0.010693203780627304
0.025218587505984047,0.6542946189314478,0.21578186983094438,0.015214928532067549
0.5674169630471,0.7955884826699036,0.1608809703680295,0.011116330049583368
0.7513874000061147,1.1047039051771586,0.294914446106409,0.021247752880971575
1.1046057391204354,0.237246107295374,0.47787307650366356,0.0355953332068137
1.0083311697006816,1.8364366937534053,0.35394714152089196,0.02582397499256734
0.5209314856267206,0.49200601380611175,0.46305177755799726,0.03441643862249375
0.967003912019917,0.1774117824607253,0.12675797556577262,0.00861565941886047
1.3692203404837409,0.5138304763553456,0.07307050317795612,0.004781324678205969
0.14801672839494517,0.1984379226429962,0.3793562021634625,0.027810537187783983
1.4116639523443908,0.7165764057764561,0.4636958159197869,0.034467612301902324
1.7169132580197624,0.48165329017878267,0.14190653297707145,0.009720721202448475
0.11674459289601247,1.149990728259295,0.2615013938201315,0.018684765320382126
1.1673360478337689,1.4392673817619481,0.3282495986974055,0.023824852840362943
1.1709192937649064,1.5591186069355987,0.19532402059456694,0.01367809854949128
1.894256421347175,0.4293873709886331,0.3402219230986539,0.024754937054856988
0.1638683789680382,0.2776919012764154,0.13049832113890197,0.008887704306680205
0.2491764659291178,1.2546100647506204,0.11525196423503874,0.007782336474453307
0.2761764199801453,1.6367720961119823,0.4078832106346036,0.030051816914363365
0.7453557227720871,0.7696081899838838,0.34314749165099984,0.024982559976971193
0.42544482814616114,1.387594334146751,0.2720367242879606,0.019490580296257182
0.5890280960934915,1.2737395527985649,0.2542274553506781,0.018129704791930577
0.1378235884397534,0.2677142885918067,0.24443930973608125,0.017384523200787295
1.0345562411205753,1.6851213899433684,0.2386034166175195,0.01694120432641328
0.442745642724363,1.9617961060046198,0.24635141138555017,0.017529934221064317
1.803137484199952,0.9059717397434757,0.23756438194403656,0.016862352813877653
1.5386437092689564,0.3947326183411046,0.22908229517411038,0.01621955272641649
0.0442242363440859,1.5308080341835213,0.4732588651849076,0.03522804198231747
0.05491857549562207,1.0949724136209875,0.26132089787482954,0.018670978997336735
0.5442126757474941,0.4755026659579862,0.3898505748373041,0.02863374059565569
0.7534457254183107,1.5760269879667073,0.31650114272588015,0.02291443270188406
1.2457287767516227,0.3753203197791968,0.263654837827944,0.0188492964132395
1.0681336930575898,0.11243722447211368,0.12797927005611093,0.008704427174262109
1.3413730173164893,1.9597678653723003,0.26037204183178103,0.018598515963457664
1.1761430709555123,0.9043225984974543,0.3343827221038427,0.02430102465350826
0.1502325769801236,1.0771940807437876,0.26410897546849105,0.018884006076255542
1.1812079883802475,0.3544133761915167,0.4924176821758845,0.03675467557016368
0.6968085282194971,0.849367454740525,0.36957982351289465,0.027045066656965492
1.1283890062114772,1.2735363384163183,0.06680728377911675,0.004344547910842753
0.9180728322892164,1.0781898710781237,0.41017720906634075,0.0302325300991789
1.508826563370621,1.2567669735082556,0.4645481350579079,0.03453534299059841
1.2762696515629999,0.07999696795742794,0.2999515598903491,0.02163593088069451
0.16783578041259273,1.2158220470894725,0.3432377673292915,0.024989585982981437
0.974804119429812,1.733962382900906,0.4546379650960738,0.0337483516230028
0.5405521409529217,1.6732565907058183,0.40617550253929335,0.029917335140040933
0.38981333727294154,0.33490083092632617,0.45358883105426223,0.03366510608800827
1.1087526407300354,0.4481783182037462,0.39661174341238126,0.029164915765521847
0.5139492201391089,0.4272608653402943,0.2910782615147976,0.020952429094291
1.9602848673645374,0.7624179216971911,0.08578433192762949,0.005675721231248108
0.2157108486750665,0.9950460021239735,0.4106033522836058,0.030266107866463436
1.5953554601369464,1.0288435356894277,0.10455399313619076,0.007012664470924724
1.9954516864372542,1.273840922530704,0.23217427575032895,0.01645368600874439
0.06743623198503901,1.2495305794479936,0.35723281567200327,0.026080320403051974
0.5230390098787112,0.4123818242385797,0.17016256241613956,0.011803248941909256
1.0670195399462945,0.8824567536446968,0.059622222950394335,0.0038469740827462963
0.6925678294227142,0.9788135279109347,0.31597900522761124,0.022874024299029582
0.02625787872125951,0.5844145269512253,0.30775953356677516,0.02223852826979801
1.0946796638053242,1.7007412167021594,0.1511634108463769,0.010400074175669719
1.9267293644950338,0.12399896275474998,0.4657437943981478,0.03463037211989126
0.29166194942494417,1.1633675584108982,0.06211745107745918,0.004019326623259449
1.718182413139419,0.19954807406752084,0.3692202861803379,0.02701694202040573
0.3722281529230649,1.3769617766398285,0.1768178294778469,0.012297399608440764
0.5441863387162471,0.825315962673332,0.05286611158541445,0.0033828640099165704
0.24482837503577737,1.7898793143951215,0.20067302756502392,0.01407889847144578
0.9760159985279417,1.6819924108081024,0.06797887008688762,0.004426043485967048
0.8104095132988824,1.7501712934463032,0.10848111334139515,0.007294600328363764
1.1701957202097264,1.51155464517828,0.2378604464620036,0.016884818494320213
0.9110741322602072,0.9166837634395855,0.268511499306144,0.01922070272912392
1.7900147544948792,0.2705599609742275,0.27081716435394576,0.019397188050915535
1.7884795533338906,0.6074699374354506,0.23683167002848848,0.01680676219037459
0.6615477081047636,1.2931360396210412,0.28331110109194513,0.020355309621748256
0.9730497249732295,0.18707565284382244,0.12445355643989311,0.008448327658981073
0.9733547151229347,0.5423218492666528,0.33671981978890314,0.024482634675184238
0.0026231095398743243,0.6785315948541617,0.4234940313856111,0.031282949246634176
0.028659991962570963,1.739867921961999,0.34576165613097976,0.025186067554901787
1.0050147375721918,1.1064922984486136,0.2229279859680986,0.015754182866518647
1.9655547070461687,0.8987621624698408,0.34796248298304755,0.025357479975360288
0.08758133390806488,0.2078964325911965,0.2207058203286208,0.015586366010907921
1.0199493576776657,0.22047215835651346,0.4229921806795535,0.03124332191051484
1.722516048956638,1.5505164409623597,0.17660014924501682,0.012281216368396101
1.1549852155607405,1.367810710716591,0.47297355238446065,0.03520533916919277
1.2171744972843912,0.7722395788099379,0.14457666115121076,0.009916374023920411
0.5711417157737328,1.1433609274730978,0.24392459854095888,0.01734539395442842
1.8510495643566793,1.7960460358551718,0.05359144800886735,0.003432503695042958
0.49987830971598424,0.2569511184869746,0.3848630402617116,0.028242313363265412
0.7325179351644839,1.3809751253666842,0.3052534456313976,0.022044999202441087
0.32514045497680644,1.9338809160965742,0.1400679558096184,0.009586147342090966
0.5203888730199902,1.649457429793131,0.16714210420138093,0.011579417769379296
0.21686370370318286,1.5115567556378022,0.2178403871519921,0.015370142101805435
1.4228896937717588,0.9136481089232085,0.15596618987086694,0.010753689625992824
1.0909080278229129,1.5178558026527258,0.44094451095576953,0.032662871741667696
0.7609266960376464,0.8261924549602517,0.4752568362430093,0.03538705028906906
1.2913330697319982,0.6515773902585473,0.23478351824686372,0.01665143260772358
1.2979224293171547,1.199226219092102,0.40985752052610486,0.030207341961341793
0.004256911777199113,1.9223763350442808,0.18253946897168377,0.012723257997130661
0.39516123004819415,0.6771535354285958,0.26776923030667815,0.019163908534736436
1.937846678205929,0.9163696683252911,0.35430694558930653,0.025852038612117895
1.907558888399728,1.2000250719417664,0.15466726914214432,0.01065797853588223
1.7855130596842488,1.2311239221780916,0.4496007397287594,0.03334878487472979
1.0386764462699996,1.863698741761131,0.21076318259396293,0.014836946082806814
1.1026050913942858,1.885612157386499,0.11419175480266794,0.007705830951376086
0.6808667407277682,1.5757375368849107,0.07512621458219926,0.004925258773123298
1.2837976650738612,0.1336415544126719,0.3842824409764813,0.028196769942366067
1.767126216599503,1.4916212619535543,0.3287918418722181,0.02386692768878986
1.2486599232633362,0.9925623906373138,0.20275066629166055,0.014234775462419628
0.31676704091810204,0.20990836614140118,0.153391353256728,0.010564016539473838
0.10980441414692188,1.4844021956313742,0.17846512325225034,0.01241991062882407
0.3163271903675893,1.5726441301677951,0.32245270064723647,0.02337534916874876
1.2819488213988792,0.5781869245371356,0.3903186354350296,0.028670492316349706
0.48621753868897843,0.24898744532417538,0.27733809610746146,0.019896886397958738
0.030108291017551636,1.1797599331650732,0.43087814271311514,0.03186638912021156
0.1999619446169787,1.31828258198618,0.3532806486341555,0.025771995782414993
1.7349194309382403,1.2773752317073583,0.49914338974546685,0.03729158171975353
1.8912025134857713,0.32905681841723644,0.4909724416582609,0.03663936934089663
0.6654226217890944,1.4746750002880264,0.0687439924874838,0.004479317862845288
0.5539329451149642,1.7442827689199976,0.13194652148038993,0.008993181046408859
1.397444254860912,1.3073277647661958,0.2861821415556592,0.02057589792255168
1.0942479753712238,0.5647294923352413,0.09724780495987859,0.00649010087444483
0.039234203363613274,0.3681734559577723,0.4478402417628097,0.03320920992339312
0.10678055717130919,1.9460442584749804,0.20874287078857873,0.014684960707528
1.9318312020486181,1.9130671471999952,0.3412516388650011,0.02483503841711718
1.0015198099691713,1.162183509179098,0.15050120886006108,0.010351378296940938
1.44124015671429,0.9930383067530748,0.07518410337335145,0.004929315925089537
0.863319359331572,0.8403011778850193,0.4414043053027589,0.0326992823031218
1.0016845874097462,1.2884220491621674,0.20404086810564792,0.014331629745623789
1.932502795552006,1.2231260036554408,0.49952650182201147,0.0373221802470814
1.9750509179360405,1.2035042133180551,0.31553320478637226,0.0228395272932871
1.1810595027906934,1.7516160933466018,0.2542246172375332,0.018129488432651785
1.4707769707086376,1.1696075166094841,0.07760744421639203,0.005099347960787378
1.0984225573061979,1.016794561771671,0.17640648743746912,0.012266819913328213
0.9236182530807675,1.5736115712319736,0.4969889437073776,0.037119539893852666
1.6208063896497524,1.3842822547965363,0.07156199730348156,0.004675881274837817
1.0510825206060805,0.482410250120072,0.29061946605736844,0.020917127217639536
1.5340877620236855,1.7858768612442535,0.3562718765108237,0.026005331874112712
1.101318015421597,0.12506906359648506,0.204248325465207,0.01434720733305165
0.9783197083629218,1.632847049058024,0.4668002453326406,0.03471435119344876
1.6073663221999406,1.3650045510097617,0.38540346488856264,0.028284709660415353
0.13293514257828054,0.060135042904109204,0.36407836984816583,0.026614925660594906
1.1550739979144071,1.1446852442144684,0.07462837401973216,0.004890376399840702
1.4223805382788108,1.754579122066661,0.3212840012191597,0.023284792955130064
0.4475634920732172,1.4361839994567869,0.1329818763867805,0.009068638059626953
1.9762614482920013,0.07139415562570917,0.41606911069207736,0.030696992301516814
0.36309639849826936,1.313984508638866,0.28032361577144155,0.02012593832940462
0.6961085825291113,1.0849392999013823,0.14023882167774984,0.009598648683115746
0.3291206558411379,1.33212164878288,0.38449612150224405,0.028213530937458462
0.9394083852485904,1.284667860329317,0.27544850317367164,0.019752002794737458
0.3276961785607402,1.7155670429029164,0.13990975207862005,0.009574573359981303
0.21176078221935835,0.7275489775720034,0.28868888052912384,0.020768621102117663
1.5028383971537247,0.6295432834583075,0.0702707021309989,0.00458574236945019
0.7563734199420085,1.6855230126771878,0.35869599631618754,0.02619452892614414
0.8539428188996581,1.518223668273582,0.2761686372500848,0.019807210656564263
0.9664226010844612,0.7573472055600665,0.3256592251788179,0.02362392154977128
1.586661152730582,1.2237920572213434,0.39216142131368675,0.028815215822142064
1.7569618542979344,0.7649185874590372,0.0705863890573113,0.004607768432247412
0.7356287443352341,1.0895461102318862,0.09102710914317105,0.0060472993209311175
1.1420647314601695,0.7030356041408032,0.4780203789337482,0.03560706252410422
0.8435093237825764,1.7191280077944697,0.2428825857360793,0.01726619576839895
1.2051433116178765,1.6798478767476452,0.25962780807865754,0.018541692442085266
0.6447268323001374,0.7596596290685882,0.2932757803494346,0.021121569651245443
1.4435916565548894,0.8538980174478592,0.32917226215942597,0.023896448901080485
1.7002408628813717,0.7565570997813562,0.06281624443065185,0.004067680809604388
0.21435114689721857,1.0625285546192385,0.3401020078491933,0.0247456099605033
1.2161123181629647,0.5359518893939852,0.1886396604440818,0.013178306871215285
0.2887543615064656,0.2183715584986874,0.19958499342960495,0.0139973119309851
1.6962103971907598,1.1455835757973825,0.24135032937319778,0.017149779224380265
1.6138720346775448,1.8294743143138863,0.3040237300378676,0.021950076201794493
0.6371060578559542,1.0344606837275325,0.4558158049583669,0.033841825359614754
0.0497217325692223,0.8570800477369105,0.1121068044108874,0.007555522658194167
1.3966614438521294,0.4174874068888894,0.43625762737262286,0.03229187296292811
1.7063769498920607,0.9530627859453633,0.4576810272926612,0.03398988406317898
1.021004760965673,0.37973214809435896,0.1464636393112536,0.01005479248375705
1.5702496676908604,0.46413120671300057,0.23984287267213078,0.017035296642898066
0.548687922886733,0.018699094480280287,0.42892840692161754,0.03171226736001992
0.2769572688161599,0.3580729699686436,0.48663966061519653,0.036293825852819185
1.971054742877379,0.9340175989370876,0.45020522293742776,0.03339671792643626
0.37863414084908964,1.774313626841096,0.39112829803905225,0.028734073514732554
1.8089473105678164,0.7870784811780205,0.11575766484010026,0.007818845353193986
1.6666326092227413,1.2428842063568901,0.3081453911792233,0.02226833525713053
1.5026920515891198,0.9890422712473594,0.3253939445903323,0.0236033503521885
0.02174597711065651,0.4422139128976834,0.31075652983327057,0.02247010977854465
1.490961932615484,0.34409158491268643,0.13666783274900463,0.00933759892031792
1.2739495219907822,0.618822069253089,0.15208320404519166,0.010467736769284334
0.28494754130877653,0.8552064013609386,0.3927438583977657,0.02886096738932822
0.31608065851292433,1.4672803572983368,0.4389378038761989,0.0325039937198845
0.9622900358970947,0.21777756127210202,0.10451943891924081,0.007010186956198981
0.4885750673759741,0.2801841427031855,0.35378456344609205,0.025811295044302116
1.67798659256668,1.1449536918582526,0.1586372996963575,0.010950683019686614
0.4792794024073992,1.8111248259835142,0.34567805738715685,0.025179557908958792
1.2891301522513325,1.8808564213131367,0.18645543688239175,0.01301525444925782
1.2733453488251274,1.3128643751924884,0.08720581514450233,0.005776316942424789
1.3024561753957027,0.21222189666776736,0.0822421183877462,0.005425549462820834
1.2143198256364907,1.4359960144425359,0.3437554926996327,0.025029882149646396
1.7770002919544103,1.6134454652756351,0.056303156723439905,0.0036184905040199658
0.21162902868881828,0.49337596079158486,0.18558071556727057,0.01294999331357265
1.5770055151545657,0.8052484476554742,0.2173751329873974,0.015335052742847532
0.19521690343272002,0.7429053468925928,0.34974003737494,0.025495980266743577
1.9154024339528852,1.338553735216219,0.31543779016742235,0.022832144339723616
1.7330580461265401,0.6912231438011294,0.4388072672649887,0.03249366041313315
0.9792252936613102,1.7189635892271125,0.25466180050939957,0.018162818403999068
1.2952677164949529,0.028780130476205645,0.058563456974973206,0.003773991177605934
0.4047584574684677,0.629166078062787,0.48224542194334197,0.03594359782289648
0.3051993577875769,1.291929637278245,0.4982792763594048,0.037222572365285915
1.551084494165907,1.2907206831054994,0.3092448372668614,0.022353280119050547
0.746266471871317,0.5243550599312057,0.4926826420834428,0.03677581751247976
1.9090982862082313,0.2429999238054814,0.272727943059583,0.019543525728858768
0.969846952181751,0.7301403725644631,0.326792180917391,0.023711789667199796
0.5698134464786062,0.14005598499988126,0.4720702517490464,0.03513346827243775
1.060499784754085,1.2559900849915295,0.3103863172150468,0.022441494630540872
1.5504586917244094,1.1488674754008448,0.38211649421876204,0.02802691049934036
0.37140018127805563,0.05183476645746321,0.36794703054364364,0.026917357411757888
1.3646781038781541,1.5311243555178784,0.1628423492501304,0.011261266592358389
1.2419137708322834,1.9232482323079507,0.0699547838844264,0.004563707001088349
0.9258511052540992,1.9626719717300085,0.47007658818418946,0.0349748765183082
1.3823006514406735,1.3930825515639844,0.3612724626338486,0.02639571300442022
1.9747427068033994,1.4469728593337852,0.2271942404052923,0.016076691024908735
0.5675033090786019,1.6717347956788904,0.4999939083543617,0.03735951342586684
0.2877763177790995,1.0216473930510583,0.24663494087862725,0.017551502645248244
1.0152212356895134,1.4496307550152712,0.43810248835119936,0.03243787362531452
1.978427818586082,0.9013463058061102,0.19973764996517895,0.01400875707657593
0.7700674269052337,1.6149340971521173,0.11142146137909548,0.007506156825713322
0.454550554631028,0.23487745812160488,0.19662838150548034,0.013775764997229762
1.9652280504921407,0.7153602086678232,0.11878312927770891,0.008037496075380951
1.8523909785368804,0.21827867973428217,0.3428625604075235,0.0249603850885053
1.8967257597639593,1.6372341869984919,0.2814863234840636,0.020215188030781334
0.07417421830090531,1.5108961309303406,0.16964986484449046,0.011765236013558588
1.1030938931387606,0.8982541401445485,0.47476901823346346,0.035348223082943664
1.0583141514914531,1.1826953321332894,0.453079414136446,0.03362469022369904
0.5442025550187539,1.0997515936771647,0.060939671244942255,0.0039379132738997045
0.7075769195636432,0.5019363251177882,0.2572710195595611,0.018361821889696144
1.4009342694465412,0.4407714795557285,0.41599898469711855,0.03069146154465829
1.4453469202663127,0.3879177472543782,0.430064663435137,0.031802079745696654
0.3719286547544769,0.05201037151217136,0.17319950145723245,0.012028577993497084
0.28724241095329606,1.7761866141158615,0.057271812214481445,0.00368507882681266
0.6639181530837714,1.289710896256923,0.3330166271330067,0.024194909340312966
0.16348992343423374,1.0992580589916834,0.3774647813935188,0.027662335475454634
1.4236915846635234,1.8723071205833806,0.47929639425591986,0.03570867880376513
1.6411859974142473,1.1174938470858644,0.18386451733946074,0.012822013087826616
1.7262405086298072,1.7342521280217869,0.41469582255948595,0.03058869435656052
0.14242838550624426,1.9218881989297605,0.47951806896288,0.03572633391251361
1.5249685425202988,0.5751275663771782,0.36972682539757146,0.02705656635321774
0.9694536674264902,0.8882625676736191,0.2762518566106965,0.019813591168978368
1.317338856784249,1.8283268002630362,0.20595494677472315,0.014475395693052524
0.037688973477655985,1.1051708896927654,0.2230906750771764,0.01576647361716182
0.20655888202579864,0.5432600743773301,0.40739884362155465,0.030013669125582884
0.1044911797934025,0.03565467216200946,0.08380173077599029,0.005535608626175251
0.4282353187383521,1.0951019022212478,0.44540004627726976,0.03301581014774
1.2429553028520435,1.2777190563889143,0.10797406935462306,0.007258158465391927
1.839992517036535,0.30206054667661264,0.3866595092324985,0.028383262142440226
1.9168665312592044,0.7989262698157262,0.49134525600384277,0.03666911150522907
0.1594339776322573,0.5971384333815533,0.2219540553497953,0.015680617828822244
0.5051621702867677,1.5601167418169208,0.21095531370135834,0.014851405101400017
1.3185464854827034,1.726091610626832,0.1933515166587193,0.013530489207433478
0.3627927195606686,1.352119053015926,0.30334639451783285,0.021897803289106524
0.24715982029058958,0.019733559598940964,0.14464852105037795,0.009921643002860856
0.33107786285711494,1.4029858136017785,0.11836250938417586,0.008007074590538428
1.4834936496717999,0.6841873211501768,0.12501318708979292,0.008488944852334836
1.4489412248735927,0.4516946254733507,0.09558124385959313,0.006371274632707112
0.24616781340902838,1.202992402371539,0.20350352680893763,0.014291286870199729
1.6941257896269617,1.9778364955996288,0.20020660731554296,0.014043920072672295
0.7467635174383822,1.229399963722647,0.269355621190074,0.019285303290394504
1.8814843423176129,0.39188927748095015,0.3925190187408034,0.028843305241244094
0.9753933556879983,1.482116376566825,0.47133086524672163,0.03507464622536334
1.9294989015578987,0.733862687319863,0.15915339652346558,0.01098877148609234
0.05579206631644085,1.9547953421560031,0.29730529020352536,0.02143194331385532
0.42629495256046024,0.5613318352396865,0.09798624445118981,0.0065427968865449625
0.8237218360162928,0.08610913366055395,0.4428497238970136,0.03281376029683408
0.42966562807527686,0.14076581200644211,0.3560054248675213,0.025984541334616737
0.2649921948230489,1.8026505048561277,0.2584466952247751,0.018451535535234802
0.2595188957923409,0.8668220390867982,0.450541367983373,0.03342337477864247
0.3161310183603818,0.8843321016570784,0.13348995710355135,0.009105682002376204
1.5561370507038268,1.6398136555099567,0.07149872719014905,0.004671462070441984
0.47884006779943866,0.25550519017004114,0.17121210399744033,0.011881089713604371
0.8240557184372406,0.4233182955704653,0.4213162552867859,0.031111010344650337
0.4777856419609199,1.1193180308939967,0.24482360280928694,0.017413741540923983
0.523405405245849,1.353712232044724,0.37479610139981595,0.02745331904106025
0.9388638266329228,1.9365269213044836,0.15029237539668835,0.010336024521358449
1.001948448464337,0.6590517861045411,0.3287884947511479,0.02386666795738859
1.2857139512524742,1.2291160291955507,0.37430622119273316,0.027414961761475013
1.6913869395553536,1.3825107500307003,0.28049616130873867,0.02013918135164232
0.20620113705023746,1.409898595490955,0.0664197477157735,0.00431761250493321
0.43273089261335285,1.6325460214225882,0.39114360077716803,0.028735275295910124
0.10406453388611947,1.7106796135428741,0.4968074700053969,0.03710505078119098
1.743898102498613,1.367749539168852,0.20868968106336278,0.014680960681929396
1.4004132946824532,1.4983100226547075,0.3339329805284562,0.024266086388224476
1.018505998456951,0.7076998968828747,0.20799488885833056,0.014628716707913934
0.5226748474099387,1.991295496287759,0.23555242689163386,0.016709734877602116
1.4906281398395043,0.5776256586679693,0.13295126363167187,0.00906640640858729
0.5498233032977469,1.7648039203774448,0.18860545660108785,0.013175752544163175
0.17433622638532098,0.21505893678646304,0.21060308967461777,0.014824898824669697
1.973273893927117,0.6368027402249992,0.4143498710831762,0.030561416410256777
0.4439848154082793,0.4445675920621983,0.07878893270849789,0.005182379949599294
1.3716904179451122,0.2469376696762282,0.38304538350065015,0.028099748412187132
0.8073461722334956,0.8525744813268061,0.4949960754386895,0.036960446555613716
1.0836633183830016,1.6675003875106273,0.2640834360582748,0.018882053994101578
1.8356900088620398,0.9935292490864092,0.25145052375771815,0.017918089563015802
0.4085557260250474,0.08054871591471402,0.33212733959818747,0.024125847532078654
1.4948331446916758,0.5776409278640744,0.477643111865672,0.035577022207236776
0.41576877372644416,0.43049823570510903,0.09582426511971298,0.006388593268742856
1.2502333512478918,1.6945486232941107,0.21890975750704333,0.015450813347275886
0.1604901125751843,1.1359593368567085,0.07601391445548439,0.004987497080241572
0.6331505355015348,1.5904367744473393,0.48669767036217787,0.03629845078866537
1.357667708339928,0.5650484002740994,0.4168923579614788,0.030761925677296777
1.4351966355230001,0.623996171518465,0.29455689032312526,0.021220215647964072
1.9473139317673323,0.6504998804532065,0.15991256411303886,0.011044814302664269
1.89981691839225,1.8145391175147056,0.4593172305764575,0.03411979784961417
1.6124965653365793,1.4075442996303729,0.16219241722692518,0.011213226299850347
0.6733113908591848,0.6047683578539589,0.3989303877284723,0.029347219019645456
1.006553803896259,1.7172000500508344,0.48135161175834,0.035872386566213776
1.6348564330681101,1.942667036557693,0.4657571066492236,0.03463143025156535
1.219958203525951,0.7803930806255894,0.31604964361486027,0.022879490759102977
1.1969753083474008,0.21633051276246618,0.2366656204666442,0.016794165710150116
1.5449939539494246,0.3135287727935061,0.43633036337435516,0.032297628420142645
0.0033720533413956755,1.885334900629811,0.27580698625161915,0.01977948405076573
1.7439847333515779,1.4805827072226476,0.1398101937823501,0.009567290265551953
1.8730878470609864,0.9274195112973551,0.14452434728301095,0.009912538331052446
0.9735889578261825,1.3077139550113397,0.34557252669950855,0.025171340627046897
1.5378390767301051,0.9797042410047805,0.22489510390756662,0.015902835026818735
0.48947993967850656,1.1140538666626691,0.07870572730091516,0.005176529658692881
1.357030129844057,1.2828843011132205,0.2465474522381268,0.017544847098194368
1.5038220747594033,0.21617394652480204,0.4468669255340502,0.03313206017556233
0.6634313888682157,1.9076312889638496,0.09560225102754405,0.0063727715649859904
1.5789471958099723,0.8940010401678602,0.24039910821666366,0.01707753373865635
0.8135495432589905,0.194816174811542,0.28243824122697775,0.020288276392431727
0.9171678341099769,1.9507456822649756,0.295415050674235,0.021286310915911797
0.8923509539011032,1.6952646214613898,0.4698681054016537,0.03495829482715964
0.3526030663591757,1.0123842294426433,0.3950476499899266,0.029041980527215235
1.4448453905928207,1.501610969050075,0.2184196517298363,0.015413837325524201
1.1393262988195074,1.6991966719625806,0.12404782749113041,0.008418888307428048
0.7178218081575576,1.09001306150125,0.2256825177600053,0.015962363906410836
0.6043906692804837,0.19624498843478588,0.12264808971086726,0.008317375630859436
1.6445909931773217,1.822214287590908,0.42178310837493127,0.031147863988748976
0.3298370871314382,0.16850519413493936,0.40551409007004063,0.02986525947175258
1.9670578743762197,1.4048283619373947,0.3126166577312989,0.022613921721404636
1.6762128720851166,0.8383801952848711,0.0917187830925146,0.006096433466357774
0.7210334494936836,0.01635374886129415,0.28055095554849746,0.020143386975504978
0.7603190127747512,0.6719884569263426,0.421879573105011,0.031155479319521343
0.5701003291859312,0.5320260167765254,0.09525267994856146,0.006347864727822974
0.5264523281026532,1.1680150650761005,0.10331966144453023,0.006924198867060102
1.6675428281379872,1.684523976300492,0.2243033104306426,0.01585810460733948
0.7840763394199008,1.1254487575718406,0.05306533119788042,0.0033964933039254287
1.9546416406392915,0.6078781070751107,0.45122011365596687,0.033477204603338834
0.8221030313752025,0.5436559065195707,0.21789674964520706,0.015374393299094144
0.44886976293339487,1.257158139555979,0.08794551985321417,0.005828709354949419
0.08238695922703831,0.9628885637560558,0.4839328519541647,0.0360780628285438
0.8625584514113007,1.252941288601176,0.051635506092861744,0.003298753113664555
1.7355375676228486,0.3351502548154659,0.49598756872010885,0.037039593276616094
1.8771181674716546,0.7223989876383508,0.24110414274895553,0.01713107940086942
0.41058262568280846,0.48056434080392174,0.12780971572438793,0.008692099893063462
1.5376929163404947,1.120995610070348,0.3906308583192229,0.028695009483182987
1.9186577016411916,0.9684485516480195,0.1554312751357625,0.010714267698380032
1.952648046233132,0.026908792635517598,0.4211084480158264,0.031094606828422272
0.522618472090089,0.42686545993297975,0.2587408252002034,0.018473984461223888
0.34914234671740174,0.46031307942219013,0.321938277047794,0.023335486464137585
0.8263472163571342,0.2549818755867772,0.1324594987886934,0.009030561918374884
0.018097523078938638,1.111639814738475,0.4504865852205727,0.03341903032227897
0.7733889915808141,1.8031338521517994,0.35341020975354176,0.025782099613881903
1.957325595770058,0.9097757098257786,0.22043916290624188,0.015566235983961535
0.52183969903139,0.6507313607456677,0.1889446207231325,0.013201082574760976
1.065205283815235,0.18325243083624132,0.48643068343088824,0.0362771650703567
1.295949922981185,1.1245606891940116,0.1364949375918118,0.009324971620873245
1.0346375026302619,1.2603046764357237,0.40083398956433713,0.029496944266893407
1.1670495998751664,1.863294486109394,0.3410928945262351,0.02482268864139149
0.5280823347567014,1.9366187846747593,0.17224224269621616,0.011957523467776576
0.42773856721922354,0.4933474234879778,0.25524465411954933,0.018207260128040244
0.5870927813802773,1.3930775526396888,0.40174546615427736,0.029568652621252047
0.5985109929810339,0.9280981517666524,0.40136876779043945,0.029539015368999857
0.7426972110507983,1.8089028332516934,0.20934518951858488,0.014730261771575964
1.3412440782645865,1.2018479288881525,0.16170048141089297,0.01117687326278956
1.6507787333373987,1.5162423594801084,0.27272306781415234,0.019543152266187577
1.0321529425785092,1.0943932897962694,0.15561969138063442,0.01072815245552798
0.39539817789233345,0.7250115171782441,0.12279291557751532,0.008327875093055636
0.28996384543443976,0.2505816884435239,0.18929708919600485,0.013227409547947792
1.8591342774746762,1.6422967895955465,0.3563235350228605,0.02600936277973183
0.0778815429619566,0.8328409934919514,0.49537718358514354,0.03699086751627182
1.1375865132762792,0.45292244038873974,0.3740460275261461,0.027394590186450803
1.8866179359891437,1.292064033332253,0.08509056697043313,0.0056266664151593355
0.5230051658283539,0.7162601858128368,0.10581108877942694,0.0071028356826402595
0.05250223901561579,1.523548496009813,0.3847109909675794,0.028230385840490868
0.1166538837687614,1.6883484161480957,0.23596765360548005,0.016741224783617024
0.7444964458169592,1.6436203885793061,0.441289712697933,0.03269020760759452
1.1472831599659061,0.5400937250427265,0.20550273784090245,0.014441422048547408
0.6550840905155368,0.8233077641222528,0.3736855379603988,0.027366367670940025
0.6576600414804465,0.7732709272078075,0.42156816300874744,0.031130895731415413
1.9279881365835922,0.30095203800992465,0.4770907056195865,0.03553303918920593
1.4995413655667011,0.7793760851035656,0.25622969605146256,0.018282384026273534
1.1142555653123154,1.4766191924485377,0.3620922850609361,0.026459749862235305
0.021052046046333928,0.9016548585480626,0.2774867611120782,0.019908288110162656
1.4987031123468113,0.986709785135196,0.34692206472300463,0.025276437164243423
1.5413030793840667,0.5138270799971749,0.14961331559227936,0.010286109126220395
1.2338514155712446,1.0003379665545706,0.12139545827053518,0.00822659922161785
0.9696851211292783,1.9299490576498788,0.4753659166156546,0.035395732768186146
1.088999078379296,0.6935780092982995,0.47154655909810916,0.035091805137276735
0.29965760954591447,0.9373052810657772,0.052284044794563986,0.0033430631795888822
1.4759526138722436,0.1341310819658419,0.27749865463458506,0.019909200290056935
0.08406241855979757,1.3575737043272889,0.22030045260738162,0.015555765377437032
1.3773983721191347,0.9974013799958052,0.06876322387718686,0.0044806574460555335
0.4630055672972595,1.581995849123314,0.2961679114091616,0.021344306948950818
1.2955589330797028,0.18562946817435644,0.3959333593528818,0.029111591748972685
0.15225892779028705,0.9769537744876791,0.12992315324536202,0.00884583547139477
1.219808455381894,0.840983756670711,0.3698110465617624,0.027063154967413974
1.7520746564718122,0.434974285146142,0.06380641422043577,0.004136260772283512
0.50792976833235,0.07579062404740378,0.15427309514063064,0.010628944735391967
0.7912657541646393,1.9028900798488746,0.45530683200553806,0.033801431060879523
0.720683554264016,1.9544419456654916,0.2709865375804823,0.019410156690614168
1.7504497860823796,1.041898040797948,0.34743223573580817,0.025316174563770198
1.1458235323158406,0.1644725359990078,0.22421628842808183,0.01585152777819553
0.22138448959397672,0.7567733252046756,0.16233524376068548,0.011223782310815293
0.23272067701398913,1.9229416926649798,0.06233712379868339,0.004034523223306867
0.9894303262612762,0.6294630724745414,0.46621773991524174,0.03466804522767694
1.0523627272091798,1.2687706534191778,0.3155585093268614,0.02284148532357164
0.49970220917862895,1.7370513299245456,0.2703934009907258,0.019364743613741575
1.6962679481396574,0.5854345718123379,0.06051793383916665,0.003908787200486216
0.6976640059385846,0.8665217966791412,0.10841429471544789,0.007289797319553682
1.6469443148080363,1.682119054691944,0.08380910376835668,0.00553612926337665
1.4495357352190528,1.533199867191856,0.26251337711168843,0.018762072992619127
0.736505778379019,0.72794522626489,0.3936739795131922,0.028934039919831414
0.822424719741123,0.6495642648026989,0.37456908069925327,0.027435543047684398
0.5104522281272084,0.00212626853083675,0.42058797141590476,0.031053524835482352
0.14064204952426773,1.4107050167662265,0.09195000534359137,0.006112864414537091
0.18332745718444343,1.6077609617523123,0.3811272424788865,0.02794935275895785
1.0241322794518926,0.9437331562983604,0.4070214236504411,0.029983946443516315
0.7088029768901811,1.5378869592479343,0.27864390417455215,0.019997048419351664
1.359625035260826,1.3574231862783357,0.3605383319048948,0.026338378088587067
0.9544368221168094,1.7341433740673144,0.11421756741329064,0.007707693028876453
0.38477129739366944,0.04387669405037786,0.1967757041849061,0.01378679887220088
1.3862847423438704,0.3482735621494526,0.39796114548142614,0.029271003495093897
1.6122598946380622,0.6027203208387801,0.1463604848495836,0.010047222438817952
0.5091879126546754,1.9306387563941028,0.2099650776368518,0.014776893640289186
1.136267041242159,0.17002415793302061,0.14906638471442796,0.010245917443488704
0.5499522164554478,1.069068497035464,0.09007170278934615,0.005979472925004679
0.33304566595402885,0.1881311374625798,0.20189502633403378,0.0141705667775427
0.3532117511466124,1.753103129563987,0.15136069099031008,0.010414584274857835
0.6956741258517907,1.5565793182695435,0.4100394567304912,0.030221676479164853
1.3833907165459878,0.11323124048178834,0.21347471243483157,0.015041088766346047
0.8615871518642226,1.6291112974119009,0.13900364827222667,0.009508301392911984
0.25534943211386607,0.05553138426736459,0.3703811891461261,0.027107759892868715
1.7691872411972887,0.5848573694764134,0.14335213366750643,0.009826615915167784
0.8088250462943543,1.1918613563344918,0.2849958823463936,0.020484736440274022
1.891389476234609,0.05473279049494617,0.2390550033140032,0.016975482273719058
0.28179475052946623,1.2410128050696945,0.46739060242990355,0.03476128539264614
1.444139206983114,0.6197989692193806,0.4014298157867707,0.02954381827224779
0.5224204731740618,1.0486711861722215,0.4519006468228146,0.0335311817997994
1.6281497913407745,1.2027761988535492,0.37913907997988266,0.02779352204824523
1.209152375561458,0.558102172457752,0.48051925212725105,0.03580607937506051
1.5126934758946946,0.832548160486172,0.25694107450621556,0.018336649467571815
1.9133037485758504,1.5848531716439689,0.28414854995011773,0.020419636780137695
0.13711382839831798,1.8790378080389096,0.30093457015211367,0.021711737873320057
0.6793730514341427,0.007359737051746418,0.07246343231288463,0.00473887265305685
1.1807779798244145,1.6243603356426668,0.4257160058978786,0.031458440571523166
0.005459225313060312,1.1594507302192685,0.1271507866207647,0.00864420382549444
0.627162207632374,0.22989516055857706,0.3122664910109835,0.0225868447832105
1.7223399069880598,1.2445676451010546,0.23438270462316374,0.01662104625430165
0.1806555524660216,1.4435587854997398,0.31544740879407257,0.022832888598919847
0.8058175595611348,1.9755437604506765,0.32928896474387126,0.023905505677077995
1.0950622671147425,0.731102880397251,0.12614624427138116,0.008571218891004442
0.04444099663111256,0.14448469447129964,0.34268675700409257,0.02494670375224685
0.6954199103398924,0.03991265450552284,0.09887412697127229,0.006606193623116063
1.5272913417617817,1.3967099238359786,0.32396547285679556,0.023492599348216937
1.414881110669797,0.21679052741462956,0.06243840258916705,0.004041530770009855
0.3936223055987018,1.8901625911357185,0.1786027863674144,0.012430152326866742
0.5706512461908477,0.3616912847489244,0.16737140290597932,0.011596400233664192
1.4981888682353175,0.46041296705260026,0.28629409128287286,0.020584502367746633
1.7587615115219801,0.9424071346385456,0.4748798548101222,0.0353570447268447
1.341259112059491,1.6670187972053065,0.40181721261305775,0.029574297588181205
1.2614106052984742,0.48580019711866984,0.09382602655260561,0.006246281708012487
1.4201169948887868,0.5353043233008503,0.16065065600734527,0.011099318886060661
1.6896553145870272,1.040670748780076,0.175204736196847,0.01217750840548744
1.9068733070740747,1.4009335166059276,0.3148479420275733,0.02278650673270458
0.16823039308522447,1.2815537698942407,0.304916348186016,0.022018975677222757
1.062376438547186,0.11844529302069629,0.15103046095423603,0.010390296350517223
0.4048249189466506,1.7751347004648843,0.069017609779485,0.004498379400670246
0.2319388951154715,1.0087037760457072,0.2626739344568103,0.01877434022035486
0.4879396892398964,1.1843082584496538,0.22782380328494634,0.016124318509745304
0.5866108888800594,0.2097215115846136,0.2927092875681618,0.021077958945375973
1.8743520533432647,1.5743188276747322,0.1334231224745026,0.00910080856230229
1.6949674450838297,0.9838323462339484,0.33230140616267817,0.024139364487032442
0.11729221220192465,0.9673447827501209,0.2753337072386424,0.019743203078020546
1.1006244556767486,0.42441576614597865,0.4140716153321599,0.030539477348002254
0.027055326631852505,1.3720848380658939,0.11875358025020756,0.008035358688293434
0.06443324498206371,0.4577409757859128,0.1610231202724667,0.01112683016971335
1.2647610352091692,0.6004754513498696,0.30962976720115415,0.022383025315111518
1.6420281288402558,1.5072445669372248,0.2610490416145506,0.01865021579196155
1.1940856052357114,1.2709060678084416,0.4985855451419715,0.03724703049268486
1.7445058112977834,1.2071459609768085,0.1086553512808803,0.007307125735532909
1.7393009659760605,0.8325001976834954,0.4207665468051338,0.031067619661738346
0.5158713701534778,0.4821565624845734,0.4497188819169183,0.033358152718719274
0.2462616537024085,1.1453442410279189,0.4545194310083285,0.03373894564570362
0.742786904593383,1.5045671712985824,0.4597099519731111,0.03415098450402928
0.4227420266461983,1.2151251693591856,0.42712069605984515,0.031569415491987274
1.3648460359293528,1.929791984026478,0.08903782976493306,0.005906131928289648
1.519825353422529,1.0104069176281807,0.42986780477433717,0.03178651840058248
1.903559134782862,0.06134551114302056,0.08266121282302105,0.005455110200212082
1.257222102681042,0.194370110151185,0.44614000947639126,0.03307444885750694
1.4680399969062652,0.0432321473256394,0.2868536069393938,0.02062751016500126
0.7555835551779599,1.8051295905638411,0.06380423976177489,0.004136110086624255
1.894914366007741,1.5081182215031899,0.44226289013946535,0.032767279608212865
0.1037043982765653,0.9537287760477735,0.31627354793211454,0.022896818495562465
0.6957533827162061,1.1917786868493347,0.2971007957966307,0.021416185072564983
0.7873708514911584,1.060710282506283,0.16117664133719967,0.011138170956380257
0.5897353917481061,1.5675546356251848,0.2585033285864292,0.01845585783477138
0.24795632219052455,1.7777785744680255,0.1617309391403406,0.011179123804494704
0.6998395681841336,1.3799777899019816,0.48043224464505063,0.03579914866755254
1.8879597295168764,0.8514057159894806,0.21201699659474577,0.014931319471857607
0.40204768419133163,0.6269647778636105,0.42091590615922025,0.03107940880447545
0.07602032701140637,0.14505074412028574,0.38360037575808115,0.02814327338688443
1.557275995234619,0.11709437194161243,0.4865719726056762,0.036288429347435563
1.440276183997005,1.8214094919136108,0.13776497731843895,0.009417753887045684
0.8661136076268285,1.466266834728728,0.4625021342141704,0.03437276921911285
0.5536061791871512,0.9883456603837029,0.4824504888339292,0.035959937108146225
0.7649522021357735,1.054814276521479,0.15316563142472522,0.010547399356336999
1.375983465996859,0.7882106601578753,0.42959392603926794,0.03176486956645764
0.9130578417257322,0.753685443385748,0.43209058512908316,0.03196225395751368
1.97896847799445,0.4154812789074678,0.27922968780087465,0.02004199149212755
0.6584253968824421,0.5980677742881628,0.24448656841605643,0.017388116173541024
0.21174400449776187,0.49218859830310335,0.2718066320475837,0.019472957929543427
1.3030961299657182,0.8331635186734041,0.3660540154031071,0.026769343786487446
1.4563670042279202,1.7681120546309015,0.2567289158973329,0.018320464477545543
0.030482978893479507,0.5799775857653957,0.06276717408683491,0.004064284087656712
0.8482620499178133,1.9502420854138487,0.13372050402246108,0.009122494288635395
1.4903406268697046,0.5828192058292099,0.11648847570235109,0.007871625423337284
1.2760136232284602,0.4804713210229552,0.2016879612017648,0.014155031074616912
1.606751789034942,1.7421101411766935,0.17969640436434975,0.012511533348152876
1.7957814436512252,1.7106681374497705,0.37884961847586596,0.027770838963753288
1.7172940804079346,0.8998366123246309,0.2971156620913099,0.02141733063691048
1.0836770014586525,0.04504703707166713,0.25328775209232685,0.01805807704832201
0.32692093178194725,1.7346699363208231,0.20842339812344807,0.014660936470488623
0.33166616566262164,1.4034759308296225,0.3804068431946437,0.02789288189893814
1.4206868086509936,1.0737374054096736,0.18649272433711317,0.013018036858785739
1.7872576274186125,1.5078619597492662,0.15953975821337468,0.011017290948663855
0.6204321689653134,0.7592224406079173,0.4827102975456546,0.0359806387911757
1.9852755086139333,0.2540315321348634,0.15539174430792935,0.01071135474263531
0.0633742990781303,1.240862429604016,0.05272694630326842,0.0033733453391614947
1.1009041031792155,1.127177423025905,0.4803310500939998,0.03579108797738738
1.1101233806278947,0.9879300526555541,0.20402834476204185,0.014330689426000666
0.4980297358507506,0.9727357078039984,0.19246157884441445,0.013463926003957863
0.7080498243094611,1.819914384216103,0.45751925540805066,0.03397704118901517
1.0426785717847291,1.1396071180254321,0.26234310238274233,0.018749063883263754
1.1107637764291463,0.8441914506840191,0.14745067353553573,0.010127245080982094
1.0897031496243714,1.284056054405714,0.19858895157073492,0.013922650354597376
1.7784400119380268,0.6007588605216103,0.12592004432558507,0.008554789873961976
0.708639110431001,1.6028691486297246,0.21865785290145262,0.01543180769447436
0.8320847559098974,1.6827987420134818,0.2957615146833251,0.021312999232502617
1.8894608165040527,0.22687653136339092,0.16913505482359562,0.011727074436805473
1.6075194689553813,1.0355600330303643,0.11109468292676175,0.0074826260678289794
1.4948182224313158,1.0033488288959018,0.09552436138577688,0.006367221405866062
0.0716268400936011,0.7745044261928833,0.06675625907052635,0.004341000858738812
0.5959058199687892,0.3874221831022153,0.057449203390587615,0.0036972816954525993
0.16880663703711107,0.6439575739882009,0.19718367953334992,0.013817357555350589
0.6530894059058812,1.7461995323895,0.39956514323591985,0.029397139395324935
0.2785569439039304,0.6738826629384,0.49889621101036785,0.037271840823323396
1.2418038528311999,0.16425697752513368,0.29433476880951187,0.021203110074643716
0.11320024966508546,1.1237640912048181,0.1944564472401324,0.013613162279963436
1.627479795518669,0.7260277574330318,0.32668898427458354,0.023703785222297904
1.3270629414219772,0.9639232149959134,0.18468457953659895,0.01288315647828486
0.8893806573877523,0.7294162638758028,0.15771346778133394,0.010882524657841825
1.6413926220141273,1.76593479514314,0.24372356524021288,0.0173301125972812
1.0147068186394963,1.0593488440810046,0.4594091000432287,0.034127093190828225
0.5231044881248292,1.9719695739921077,0.4826285812948434,0.03597412751813588
1.2542642692129449,0.4232203706261424,0.3606501369801344,0.026347109439682524
1.4930622035150847,1.7206011673557644,0.23259732687015044,0.0164857374043701
0.694233952816615,0.9458779970040205,0.4868341142658455,0.03630932918465626
1.3693907593661567,0.2444649622555064,0.2420761433933208,0.017204918202164778
0.6066227500111965,0.39151328403551466,0.3229268930443839,0.02341209824300583
0.6848767849482076,1.8225578208355528,0.42445649098341864,0.03135895642939073
0.41520579034598315,1.6899399626679492,0.09030964144703922,0.00599636009165749
1.2312151008604317,0.12431486239648692,0.39108842203768995,0.02873094191865712
1.5783535191662617,0.8742616572233801,0.2268634292868995,0.016051668258392007
1.284712971122702,1.9723726150365837,0.10000504456726808,0.006687000447766291
1.8967244154663854,0.49612644311095155,0.30142048332782123,0.021749216448086046
1.8085420289393574,0.8819625280523997,0.07208190502238576,0.004712205268337216
1.8111026344605299,0.1548630617653124,0.3112295985122329,0.02250667848759324
0.42726827484772567,0.133908883780127,0.4578791251943294,0.034005611242494085
0.8205121437159064,1.2256256087412327,0.45787672232324117,0.034005420473478036
0.9272456767361574,0.7696757016334559,0.4459771218408917,0.03306154017863575
1.0409721820351903,1.9559758910093137,0.38850572330475136,0.028528160947739165
0.7625218265707483,0.5216223954093446,0.11140834394594046,0.007505212169936909
0.11018563727599018,0.42296261226607723,0.4470672354610569,0.033147936761654354
1.5333126258694516,1.0107531877454432,0.20668619230764257,0.0145303437429577
1.729048091312732,0.3143675722912722,0.3472284798450468,0.02530030346258483
0.017110498996965262,0.097452421032725,0.23770023873450724,0.016872661527310387
1.2925671194796808,0.4782802686130918,0.2631943082421627,0.018814102427476054
0.3168271293737863,1.5386225272660914,0.2831653151544492,0.020344112671496408
1.6236080790914769,0.5624713790261351,0.2608475344658401,0.018634826510153843
1.4803221790896468,0.5941868429872992,0.4439306780057005,0.03289938934728281
0.348139540974699,0.41732861244755814,0.22256210620255057,0.015726543837437226
1.0088213316764338,1.6685344994805105,0.21146906959039335,0.014890072775908291
0.09331194242125385,0.594246612524534,0.07779295123016446,0.005112379181254741
0.015457744030512588,0.09940966011284824,0.11999652710662258,0.008125297078392218
0.10520261314322332,1.8790518061997326,0.435327421400437,0.03221827342955895
1.5070988596163193,1.0237666041042828,0.2842374509607234,0.020426466323377298
1.4007341940754574,1.86929312558183,0.4088449364687189,0.030127569802169095
0.6534167432876508,0.9217503008876671,0.19241007164603025,0.013460074154590117
1.991999862281343,0.9024297639451504,0.4811317421114115,0.03585487060479727
0.6897219529045786,1.1539949585787055,0.3075661980248172,0.02222359432579909
0.08746300092078307,0.3245841319705063,0.3036130728800312,0.021918383051933166
0.35392566459852226,1.4997902164096273,0.4927947745086403,0.0367847651298552
0.8449253479303565,1.9097077051163216,0.08134943379691859,0.005362618848914643
1.1634518014148036,0.5539191513005868,0.20483651849625278,0.014391379586703057
0.16069451803997192,1.8315018286554567,0.15809148287528474,0.010910410490030725
1.5236651998944877,0.016262322611937607,0.4135168883066855,0.030495742956545474
1.3004400704469075,0.04322976605666562,0.19626485943596594,0.013748541100350103
1.1659539960843794,1.635462021380017,0.4425724142098781,0.0327917952069496
1.018362629559129,0.9612884088408162,0.3124114117813202,0.02259805065052954
1.7557559455810485,1.0087178293809367,0.10458692384163329,0.007015025633517159
0.13292065949226273,1.1188928902878863,0.21454253664851364,0.01512153118718247
0.22226730735764555,0.0796962759512656,0.4014188727098616,0.0295429573305441
0.515225122824901,0.6164673110955308,0.2050378506965213,0.014406501289898786
1.3232740398467862,0.37863384752272866,0.2127946871292185,0.014989874867689644
0.31147642859143554,1.0296079825753695,0.13812587609749943,0.009444130003230508
0.55210255030984,1.6975253975307842,0.44473945266986664,0.032963466794687465
0.277541265726601,1.2148517456773285,0.45736633721269954,0.03396490148660151
1.118565778156902,0.6312382918149226,0.20621295144685048,0.014494781427281946
0.0016220326348928005,1.168295367465099,0.4204079207413427,0.03103931398407529
0.9544218009340664,0.21063505677989003,0.35965081636460755,0.02626907472055207
1.7165619535434802,0.9080972992896699,0.19334716723241435,0.01353016383911637
0.05313457890898654,1.0670436836290593,0.09170018572542245,0.0060951120378094645
0.7719787015999453,1.1463847085658172,0.2474320802016997,0.01761215113833612
0.8091137174620544,0.1490189099175252,0.21038779265530672,0.014808698362658893
1.7178064697281137,1.9818231945909073,0.12408052562930559,0.008421260611007852
0.018821647231053396,0.420108856277438,0.3433588362385114,0.024999008775138904
1.5562887418246496,0.504286947807498,0.47882691485706014,0.03567128934451715
1.2195428142294582,1.0388422304475464,0.4401699438549085,0.03260154062923603
0.6648549960000238,0.034330091110367,0.27980289244097223,0.020085975765537903
1.7135414490426253,1.0715115337788221,0.46637025041774866,0.034680168585337574
0.659911637057679,0.6080966752360342,0.10917005430308643,0.007344134173027174
0.37102486850446925,0.7550856070101557,0.1850352392497303,0.012909307198600065
0.7426293369250296,0.5846845966035044,0.11922136279725014,0.008069199379082537
0.38390816227916225,0.063874750736852,0.42569610228264637,0.03145686830494144
1.445117882366917,0.6222893836096803,0.38723901877838796,0.02842873940944053
1.8519936400934387,1.2163259669614,0.1856828597897896,0.012957612988729522
0.3568146015298215,1.5004354002080247,0.29495474370528474,0.021250856553428395
0.5718105165587581,0.8014607749032436,0.15044828955594536,0.01034748744456914
1.0783845918821897,1.2249441660497022,0.15339849293904356,0.010564542175936721
0.5807745362668775,1.458470764032278,0.46173542880746615,0.03431186012217423
1.0698854621794778,0.5043684847718164,0.2426506343442404,0.01724856948868322
1.9396423630237518,0.07278543864629472,0.3293985336812954,0.023914009043587616
0.4103503022628796,1.739172722314235,0.11192670013934217,0.007542547574327446
0.8725399819320123,0.0664962341321278,0.39221480666497005,0.028819409150377298
0.9445323265270904,0.6096230406765,0.288319117410678,0.02074018567841658
1.7637305643937213,1.5019009820450975,0.3666685563796484,0.026817388570099646
1.2179966156172046,0.7292535252145629,0.3923326805081925,0.028828668079068274
1.2035977903791586,1.7911582595623832,0.29951294748384133,0.021602111849867607
0.28861048247463916,1.3009762272879186,0.100070379500318,0.006691670722044937
0.5234970898045308,0.114432614846534,0.4866577872136196,0.03629527102577977
1.2938465770647611,0.1781981407837332,0.2787708867236049,0.020006790347559627
0.0935071446091249,0.2102769755704308,0.45590139959673026,0.03384861882677158
1.1803562377327455,0.5489562477952374,0.10698689352366803,0.00718724286295018
0.8008829261718928,0.4588314754107994,0.18292873345058303,0.012752264539332184
0.7955792204637535,0.05830621034728467,0.4840629312257318,0.036088429705255394
0.11672408726713046,1.8082200523485883,0.06115041705656934,0.003952473041901858
0.6496103391625268,1.5150298562392408,0.35331032449202465,0.02577431003335427
0.07211778988656459,1.6725680925482838,0.2945528499644585,0.021219904492074282
0.5299079811972882,1.6639216616033323,0.050408442579095,0.003215021924451333
1.0218432321942517,1.803539834656189,0.11156970920370374,0.007516833469288682
0.7798217417128865,1.3542225340161607,0.09680897543653488,0.006458798486361291
1.3346310557622698,0.8768948232327562,0.23703402970205772,0.0168221139708543
0.583610992181343,1.0260158535061028,0.22819111895062943,0.016152110751006265
1.618490659661419,1.9292934623841171,0.32345389596472673,0.023452944408211152
0.7276314130613752,0.6105111439376047,0.3901904415859417,0.028660426341636513
1.38333282603339,0.22540564983018796,0.12408484446967012,0.008421573953188459
0.7348317321268671,1.483326254776901,0.055829589460481444,0.003585964725701903
1.6281881385930383,0.5973500012978568,0.44975130543503966,0.03336072370519483
1.049914030232231,1.3782311404310421,0.4307940999040128,0.03185974475135992
1.7495276853240966,1.976079700156176,0.20967717353153353,0.014755234506234886
0.8423400676576485,0.035395639722443084,0.4030425722797542,0.029670718855336054
1.5377460761228026,0.0034143603352236873,0.1853532839085026,0.012933028583502143
1.6678331430899185,0.9475234582737413,0.1418092322893552,0.009713596291558114
1.153622752228755,0.8955733932987069,0.47233506362699296,0.03515453698316884
0.5603763261686263,1.490954613877903,0.31593281670971496,0.022870449975234672
0.21759100460853875,1.0779615303900896,0.11831545862921042,0.00800367209115589
1.103285072443797,0.0466707762723757,0.3139212333982901,0.022714817544726384
1.4345811180160173,1.6744231238813376,0.13752782146872633,0.009400424059091325
1.0471387185384735,1.9253393248959692,0.3999846955967291,0.029430138114141347
1.9390745808062417,0.1578000744676662,0.1604009144133796,0.011080874716505814
1.4633104962608539,1.711695771834983,0.3769870702272141,0.027624912653368288
1.5238539285761683,0.411127465789791,0.22681835408571788,0.016048258935891485
1.562584940854372,1.0485491618330287,0.2024181168814858,0.01420981816068952
1.764553004823321,1.95253647692161,0.3777839612316136,0.027687341130078844
1.9319954690045154,0.09533354341674372,0.2846460505863001,0.020457857611764236
1.6628862062701184,0.975361522968774,0.4631617680338724,0.03442517784339684
0.19112660816755023,0.6029628486862411,0.0889848914636368,0.00590237816075025
0.23411262437334512,1.6138871132335328,0.4561484640929703,0.0338682283119071
1.1578700130952202,1.1268916124539297,0.4993642694330888,0.037309222817010275
0.7176669950752852,1.3479020071460053,0.10992859424144986,0.007398697030195206
0.7651518928253276,0.9764680643769998,0.174619445898919,0.012134026204555145
0.9241603840905881,1.5087191271059663,0.4880984097677904,0.03641013890222131
1.7630550943872112,1.5817152671910493,0.498953810634222,0.03727644094923914
1.5291455929258753,0.7701832045915495,0.3470234175626336,0.02528433125179253
1.5520381913289985,1.2219399949735892,0.19562742258743776,0.013700812332333386
1.8288878367625383,0.49057913162252986,0.18424855073559632,0.012850644070986806
1.6083818565415429,0.45450318861024597,0.4527662423545261,0.033599845513715726
0.3001223012219034,1.3505394673419224,0.1590334188468006,0.010979916251196362
0.10421941694022285,1.1411184032738375,0.29768840415653863,0.02146146790476931
1.466368237502725,1.4484484670605158,0.34082657661881394,0.02480197089460791
1.6589362453362049,0.532504438714761,0.2716188740851751,0.01945857863457352
0.7017376359896881,1.7464338066323926,0.1695319267566262,0.011756492852176906
1.1761639945930404,1.766476799046478,0.40015580129254547,0.029443596640402796
0.24593911196245055,0.5433272319800042,0.26140620922119207,0.018677495016318192
1.9231521877739035,0.9272795731384331,0.4438643758673461,0.0328941367309288
0.7143305466381409,0.803958179306381,0.34123641860407034,0.024833854314815787
0.9568497620824485,1.3457838295352231,0.2651844387892971,0.018966219968644806
0.6052206231638644,1.2670084272448958,0.09832795018893499,0.006567190744642535
1.2682801830136285,1.3330069649220824,0.10235225891081698,0.00685491521671313
0.11253606085629042,0.8234894776741737,0.22802442336714435,0.016139497663851157
1.5493078546173542,1.1458141944327396,0.3961997256755984,0.029132528580364647
0.6781597338303502,1.3462492556418577,0.22501215387678736,0.01591168315404927
1.6014513454303025,0.27321315036490845,0.2916401821983733,0.020995671140550967
1.967255630256273,0.1791082395280612,0.4564347075098236,0.03389094834056356
0.03936360168780584,1.2673924628019042,0.1788822669743519,0.012450946470410262
1.3365012559681344,0.6443005624902791,0.40540750305937884,0.029856867995068932
1.42651363500209,1.008857062992221,0.2918754252116667,0.02101377574006334
1.3228574025493958,1.7007118458884125,0.4785354323077818,0.03564807687241359
0.7214297179978744,1.3774282221911052,0.09769655860747908,0.0065221212464089354
0.8794808026725964,1.761586799668844,0.46541471600564893,0.03460421580455002
1.0313637094529131,0.0013625446286127385,0.24358550583892113,0.01731961864550884
0.2894628872594691,1.9796485576639304,0.45895201026053795,0.03409079675247009
1.1343785138879607,0.8690481252928353,0.41895934767434917,0.030924997817967252
1.6427294676240303,0.11358598748446869,0.47193511536978333,0.0351227169946063
0.8207329495237758,1.0404271247734889,0.4084067685337747,0.030093054815298444
0.12815331643851957,0.17827256959938764,0.10619907567336584,0.007130680874812994
1.1512315454376465,1.6507124968051268,0.1332304069809955,0.00908675709866962
0.14630286913388502,0.6935907033033464,0.12415169015068553,0.008426423862899391
1.745272826376585,1.234794822810142,0.48392280836399204,0.03607726239647045
0.020393367470409762,0.7160298131444349,0.3085043081678622,0.02229606342919331
0.08751843496135714,1.703189978400011,0.14121000893031876,0.009669725185502173
1.191557985487239,0.5350319697325869,0.22993230327806558,0.016283896073258503
0.5097550708767369,1.4014496720924252,0.2922441710947222,0.021042156914919858
1.8567617485893793,0.07265228141550706,0.3091344162032132,0.02234474787865165
0.7698988510898257,0.9078735207497577,0.15826092935239633,0.010922911897781053
1.7977894127949197,1.3590928406309357,0.21434097071872532,0.015106344497863513
1.0702893496684003,0.7397721059233546,0.49506249547040443,0.03696574824461508
1.9790734834055648,1.5582733805740165,0.1543370287742946,0.010633653568064241
1.898182833561456,0.9452847000717042,0.3459306304649211,0.02519922553738004
1.1860929960234468,1.753959826581023,0.4508871174144358,0.03345079470601005
0.5826023621071212,1.884283358266615,0.15937319723450627,0.01100499558974705
0.6248563507358074,0.5359405382977387,0.2628123552252029,0.01878491653980079
1.91429939376619,0.12295587383250339,0.12772553417278887,0.008685979975099744
0.9915385524209295,0.3128110848818644,0.29926233043826805,0.021582789658459313
0.5378294517512463,0.21777041334197156,0.07058117753701099,0.004607404759537851
0.794929453237551,1.8445441105547826,0.3142020218840632,0.022736537501596873
0.6170530796501037,0.6443581203638917,0.18147373920407034,0.012643865637856607
0.136283437486169,1.9407712106599382,0.1872750831167615,0.013076425724595388
1.708729235523082,0.1860490837426254,0.26814439822668057,0.01919261289042507
1.7338087523771495,0.705382033545886,0.22072531811880358,0.015587837969203926
1.7475717551997756,0.1794085175451925,0.37129889357793433,0.02717956615776373
0.652032160163593,1.027728588410336,0.21139435580264215,0.014884449063137713
1.5806678817445938,0.1630963286870506,0.1202664379011972,0.008144836072758984
1.8390439093332331,1.213119484596833,0.4944828222089062,0.036919480013367034
1.6006517996849605,0.8856788987097926,0.056051599964690856,0.0036012105991832973
0.603659341548014,0.43335624028439645,0.1305306208216559,0.008890055911506507
0.678725903779021,0.15499391203372115,0.41722232926323477,0.030787954547384366
1.744292514339519,0.5150976455319582,0.1442914810777205,0.009895465565367807
1.4679309527791984,1.682371631094713,0.42880212369135623,0.03170228664947317
0.234022693536593,1.0082969942527233,0.42890332617422644,0.03171028510380607
1.2568135344323104,1.27908829131814,0.3316663523568106,0.024090052417473376
0.6381298391661101,1.9159474108486245,0.11729210612937593,0.007929690989794036
0.5224505387865657,0.8612695126105188,0.1943161697985652,0.013602664646486561
1.0934902576636945,0.6773152911467406,0.29655970167649603,0.02137449222943394
1.383468248027431,1.7482766336323947,0.16668023570066554,0.011545215457218238
0.7701445112982979,0.3004838666744434,0.10345641987199695,0.00693399688398933
1.5170688869961702,1.2226505849542555,0.3606596727735468,0.02634785414046308
0.9287397465725502,1.3927156510371461,0.44454172307628226,0.03294780036839538
1.2746739252040538,0.6799391526696041,0.36485184318966934,0.026675374120959734
1.4596457808759533,1.6124488134318455,0.3536486641918353,0.025800696165203724
1.807385259810696,0.5246165957117208,0.17955320750865517,0.012500875478737334
1.2467491495306442,1.9756068099150512,0.2554401964287197,0.01822217150888587
0.09942493124226948,0.22005031198690173,0.27327156634322186,0.01958517226432654
0.1148723494525501,1.1310935491903071,0.135315435145204,0.009238856843585549
1.4726432961946139,0.18305725030829723,0.3978266796601745,0.029260430902678724
1.6814473641875782,1.5462922656019378,0.14833313306206894,0.010192049788681582
1.9323016681685279,0.6418445882297832,0.47592408273164033,0.035440163311885826
0.3955147345047625,0.7028504194684437,0.26227285414106993,0.018743697037804107
1.6324248794644296,0.3451439883325842,0.08192025207722392,0.005402853743504785
0.2520151166377589,0.38647849704403536,0.28342746872841007,0.020364247412704557
1.0227544534539499,0.5531687263539391,0.1419101048941874,0.009720982764992614
1.2547034035582263,1.6949728471425543,0.15489020520783703,0.010674401670317496
1.5923275598915314,1.000626183558176,0.2049572942515227,0.014400450715689997
0.21595647483263147,0.2989727227396797,0.09256834018275731,0.006156818066213713
0.4095731770979092,0.36175734007868376,0.3746809336177571,0.027444301172598645
1.0941546589474,1.5674638875988782,0.44289205451907226,0.03281711329573416
1.911478348215512,1.544156379062521,0.09795883175050285,0.006540840189167335
0.49623861720210405,1.9756498287764435,0.12770489395662854,0.008684479493682687
0.11610801721437225,0.3393637682109696,0.1004710648888702,0.006720317127933363
1.539073324443946,1.1693959737724526,0.06483313471575071,0.004207449846437466
0.9978312904956832,1.8391612820930392,0.26640424062839696,0.019059495676322917
0.28883065804297425,1.6626203255647816,0.07286930412524853,0.004767252268159541
1.4274891810665546,1.3499969775067564,0.4379702794294633,0.032427409315143194
0.4636171685167392,1.39220649223385,0.17945416037383766,0.012493503932107956
0.385593492229128,0.5385495184753268,0.06489293963991452,0.004211598912917145
1.9991684596919248,1.9507132446532265,0.41134994304238603,0.030324940952199588
0.37196165170455564,0.05476758461803555,0.29421058629810093,0.021193547170062135
0.8538509879062299,0.17496688108103897,0.3584545606943885,0.026175681457547856
1.0348916478296104,1.8082063020509567,0.2759640419899867,0.019791524695447465
0.6275594330051983,0.08659701882292814,0.393994431549554,0.028959218155832394
1.058759327150939,1.9476131868418962,0.14062500915742746,0.009626907824390895
0.953559709734038,0.9484999645908627,0.3798616645526911,0.027850151187597722
1.7642035015509785,0.3686615016983945,0.31578686046174737,0.022859155307933886
1.9355254104586712,1.7305732686698407,0.1866487628567171,0.01302968095172282
1.1168359815409916,0.43722856125611465,0.3194654591274991,0.023143929162313243
1.7480114705127925,0.8949569091440652,0.44431654281314104,0.03292995956801283
0.9027016282554214,1.8227312697072886,0.43061669976554956,0.03184571990752125
0.33731011405273836,0.6785504480444273,0.35881835968590153,0.026204081453887296
0.18060903868002387,0.6539444476568825,0.2796933647532289,0.020077570789234153
0.2563242863929738,1.3418666241855406,0.17216787824287155,0.011952004749868598
0.19621660412249642,1.624991842632333,0.1809976002782987,0.012608405686817837
1.288481076259063,1.4927672365274576,0.06994309343512489,0.004562891721181737
0.7269561380709753,0.41104800874067426,0.28269588517943783,0.020308061252192047
1.1992938984189925,0.5002625433272392,0.4440066078595629,0.03290540476112213
1.085518707028723,1.5276583565292252,0.1521877842934634,0.010475431779735252
1.3986575792016396,0.36093558822827165,0.3664660529931749,0.026801556250972518
0.992967776219275,0.8367662277289514,0.19118394779720121,0.013368402300152247
0.07349652753902003,1.6536112069090323,0.13233741893411888,0.009021665000892468
1.2874617203736152,1.731970693670938,0.23332918691988874,0.016541194420692348
1.1480508884862552,1.3538119998840137,0.21487702597171104,0.01514673496667492
1.710640788331034,0.7832738459180868,0.3550393071480738,0.025909166652239538
1.2236799626880388,0.8891575021378997,0.17563919025405372,0.012209791211914624
0.7363753389384902,1.7698889869031722,0.08637964888556535,0.005717836811160288
1.6925841758298263,1.6234471055175363,0.17470513451567937,0.012140391528510878
1.9457500197888182,1.4039060674505748,0.2170287172602115,0.015308929515559162
0.009389195281865437,0.21791569431718893,0.19158132140551698,0.013398107735909647
1.2925908936275519,0.6731128162166704,0.17155231444586838,0.011906328990996945
0.2646758191646561,1.306564122619238,0.307175211213125,0.02219339505507486
0.09317545848076847,1.5454758378189928,0.10668030402441372,0.007165227606597838
0.8360199461483255,0.6200080957724354,0.08824969446444264,0.005850262522729638
1.7704901699850812,0.4646843632505284,0.3991492269902543,0.0293644290247126
0.673796997914921,1.3608702883705273,0.11667294086632814,0.007884951344482636
1.3598980185986718,1.9406829548236295,0.21814204413627858,0.015392895764276987
0.14428553796621713,1.9416303088915858,0.19778673562672183,0.013862536410619868
1.1715224141905225,0.7709960532571831,0.40791723965778026,0.030054497090542337
1.455935090136232,0.021959058082744454,0.1897675144174374,0.013262552348871238
1.8459565929760502,1.9010079591215325,0.1512589335933407,0.010407099780663289
1.3911450183491876,1.3264145787927546,0.27092831422970315,0.01940569855775754
1.957570132409925,0.35412817520149664,0.39956854415021015,0.029397406875129185
1.5088455294108196,1.9283204763315296,0.3395392737218539,0.02470184312749182
0.09674129778468044,1.364492068319771,0.4742973820772996,0.03531068646640486
1.4942229867763344,1.2403088492652627,0.45967933926579135,0.03414855343232127
0.7562846506731937,1.9194027059451686,0.4733587118809929,0.03523598717276925
1.1968813120991892,1.3003007690449464,0.18039185570847643,0.01256330279449058
1.2728507135351992,1.4915323475443876,0.07835896124795431,0.005152152642748619
1.6931812468811853,1.83708858250198,0.3883584275212862,0.028516598795229036
0.9809799495643015,0.49713433955577746,0.43177868325242647,0.031937590868558206
1.4027860764320215,0.8608537248713517,0.23604999999358134,0.016747470212131323
0.5116913397188059,0.6014313661653357,0.4020264403112852,0.02959075989095325
1.621771651320627,0.12996600887190213,0.2589557535099995,0.018490389580274418
0.08093804820268358,1.796097587656121,0.43712020145011465,0.03236013101895372
1.8639625801629225,1.2218337799595282,0.2196637649781758,0.015507710578118372
1.8782358373657182,0.7124453530264927,0.32424042488929744,0.023513914071435733
1.1953115532566456,0.9203640724101592,0.4299263144728522,0.0317911434422231
0.7762600614119985,0.9384113700088226,0.35163412051844345,0.025643613491800117
1.3133282222808695,1.1613585007768277,0.44293169568281376,0.03282025328330545
0.7636477588396604,1.548905835644054,0.3679246962384647,0.026915610800075703
0.28032954747132033,0.30120856608235314,0.42833334406127,0.031665238739537444
1.2044097071495368,0.5240125722326845,0.15556089978005003,0.010723819864313165
1.2563412334706663,1.0086800376453333,0.40006529017694326,0.029436477329226753
0.7328425780966255,0.3168484040568884,0.3119762739986732,0.022564405094549673
1.9470399281020185,1.8971262218832659,0.0850744543506769,0.005625527449114898
1.7372914572837317,0.052915196033444856,0.31792005732579043,0.02302426621193712
1.0985988006358296,0.8454055546561821,0.421219944743582,0.031103407886957212
0.5433198796297043,1.9157091971651188,0.11155428987636998,0.007515722940835604
0.09059908888008827,1.7871614594734533,0.11315898743339675,0.007631352775694022
1.5585768713052544,0.46252128473537213,0.3412749374916371,0.024836851005283496
1.3095833538800432,0.1797087454727535,0.47363601940842337,0.035258054219179456
0.9588336996533102,1.3563401105503163,0.3046576285406671,0.021999004172025077
1.7541079945065465,1.2016960721973065,0.4234814752541828,0.03128195774482704
1.9113424484085284,1.007740792671884,0.45533484499249494,0.033803654211904434
0.09205030121678326,0.7371410821945314,0.21016345213684468,0.014791818621138155
0.20370574849058132,1.173759482288886,0.0772353014981827,0.005073212718134939
0.0304042229083874,1.9493147820454761,0.35806689476473524,0.02614542047562045
1.6858789568463088,1.2410315292144432,0.28953615402876204,0.02083378737264744
0.5450403649032043,0.6496119215279672,0.4850725172807193,0.03616889682115923
0.7045953351381966,1.5420764085276,0.39845709739116464,0.029310000645753675
0.3782497963026874,1.7799815777825179,0.19066234548404654,0.013329416685979612
1.2520843989222046,0.009605833669317887,0.47751234020883654,0.0355666097482316
1.799661280774672,0.08959824831072671,0.29411179756348055,0.02118593995925096
0.18102615369141417,0.9241577409746018,0.344102135262719,0.025056864753354786
1.5967035181084066,1.8848212615210163,0.33635191545921345,0.024454039964994588
0.14865188969734078,0.5694033070419176,0.22947162555038042,0.016249021956728425
1.3578163690511857,1.8492716096217943,0.10637701535479188,0.007143453667657287
0.11263985515798347,0.34633325720207697,0.17879914779778622,0.012444761935431153
0.19277838888953425,1.0640751431356574,0.3498383540352703,0.02550364214764339
0.20152981369524525,1.580356536038581,0.2715923289420827,0.01945654575112115
1.588428300527849,0.5331716088232747,0.3206926212010039,0.023238978762608536
0.6687498610581537,0.6195541972474268,0.3303713066722742,0.023989512032094984
0.13361142605134502,0.7876336249154325,0.38635318584823847,0.028359225179362214
1.1331910019144673,1.5839926827973836,0.470433617532837,0.03500327404835466
1.892246506343903,1.6689074430528799,0.08113856962090196,0.005347760723028022
1.1449119447053089,0.5764262872381456,0.11669732101700263,0.007886712696228239
1.1973232388728379,0.34987028199240133,0.09537918857419274,0.0063568777033923395
0.23433461268541445,0.48858931695695373,0.20072323203515285,0.014082663805527456
0.7454652298213518,1.071990934205029,0.40677758849816775,0.029964744881141737
0.13282557258901884,1.9625343434895357,0.2809199170462888,0.02017170736317589
0.9785820918001946,1.683915849692184,0.4829569127591299,0.03600028992118621
0.5135338892145322,1.4484107312082333,0.13573472945294657,0.009269463363506382
0.5261624161133285,1.0227761044323196,0.21764341239467694,0.01535528568039888
0.5592481569607684,1.1342323339598923,0.48819888129823225,0.03641815086180698
1.908679056827642,1.5213611789019859,0.05296938938115819,0.0033899291550680884
1.7853338429122991,0.13523624744957363,0.4080144712170681,0.030062155276925975
0.18680727545111342,1.143915515105312,0.3975988809179164,0.0292425204213052
0.5761185470128394,1.1369644061395006,0.4584409879106176,0.03405022060728903
0.40695788913004205,1.4710148725149168,0.32008100235465603,0.02319160280050397
0.6909979054369564,0.7195101432525088,0.2986630329733284,0.02153658926802706
1.2210332315705248,1.1134262063439033,0.14931342946511497,0.010264070480235785
1.5921266167258794,0.8287357225124099,0.23548541389400623,0.0167046531139378
1.6668574477047624,0.7426400736935825,0.38714030803190536,0.02842099270809216
1.3608146330980766,0.4618253015745555,0.4030679128229057,0.02967271306911704
0.8512175410750642,1.0936724027495337,0.38036549971158456,0.027889641278209813
1.326788742407487,0.685134999763821,0.23288573669970974,0.01650759035036746
1.6370980883444006,1.052230411685118,0.11494674870900291,0.007760306891183151
1.279077649389559,0.19980064017508425,0.3049885236518058,0.022024547371120064
0.7979686343628463,0.3565606334521727,0.3099376885934894,0.02240682156617661
1.3018754183497179,0.222531516961066,0.3603849312996497,0.026326398663249588
0.5965429749488989,0.9956178032190903,0.08846954896828665,0.005865844139305474
1.6799673629535519,1.137609721123564,0.22561904108005748,0.015957564506010297
1.933613721639111,0.7382141547556429,0.43288783474993126,0.03202530064155405
0.38881723704727533,0.3316498525515392,0.2601879142222333,0.018584456460578543
1.3123320835555163,1.5189780802920405,0.3307666052887726,0.024020198013207893
1.2069186502933715,1.5148919517231543,0.20735930982753187,0.0145809357335582
0.3838340691581401,1.1997829224612921,0.07677740685929123,0.0050410671216661795
0.6474807977487804,0.2270160321693877,0.0879791722586635,0.005831093640298575
0.6517430795690176,0.76990790286143,0.3265581689729753,0.0236936387876053
1.043461806426495,1.2115451921943585,0.20371247402950454,0.014306973479477934
0.8413723712650676,1.4110863688075328,0.18462892600055703,0.012879006387476804
1.3172505088881303,0.7979174678313719,0.19559976943782276,0.01369874201568256
0.16675995755509576,1.7738839487081763,0.35332590454974416,0.025775525038585465
1.8960744234602753,1.7735985157235403,0.30533276308957397,0.022051122704933902
1.1342418365922147,0.6911881777493438,0.15876126524793535,0.010959831023289825
1.3134503065280738,0.6364881160348212,0.24173793843303848,0.017179223868716977
0.777762025379255,0.8197040221566658,0.17860088364453774,0.01243001076662156
0.22471520100902076,1.490777504365959,0.06774557149038817,0.004409807446916467
0.9363691068610482,1.668904756606661,0.09395465229769909,0.00625543599202239
1.0123560820783073,1.8467854785141267,0.1148258916142582,0.007751584886791759
1.062024240793049,0.86534881678906,0.44510250585607114,0.03299223332013075
1.6749583986420455,1.7690320377463944,0.3368091985247445,0.024489581804157667
1.3009702529374325,1.4304342298074613,0.46695545557543733,0.03472669022406899
0.12095268130262116,1.9338789145487714,0.3033137892691942,0.021895287204018933
0.8068891307965269,1.0650966172031537,0.09893272901061484,0.0066103793216901975
0.2915396213444794,1.5073193778420093,0.23082901470435851,0.01635179252823581
0.6870607851558526,0.7282070737132351,0.10580425058870607,0.007102344979846283
0.034578008214114275,1.6485858159296007,0.3933785432186811,0.02891082844843249
1.693172211025056,0.5517749421693319,0.35437712386683107,0.025857512532889138
0.15336881898706634,1.4862430926037735,0.14768148001125214,0.010144192114778953
0.9062144213271426,1.2013345834265188,0.13507842081189508,0.009221558801241165
0.3227834148986457,1.3833082453731491,0.3771552872760047,0.02763809002692626
0.669789494995257,0.6399622118830135,0.4993997766216471,0.03731205873583182
1.707834844739994,1.55796338056232,0.18938758155444352,0.013234169251312607
1.7169268530169128,1.6781557392080415,0.41376697883228325,0.03051545946328694
0.3473514390343382,0.8004407889230503,0.39948276937840416,0.029390660790393652
1.0148304799038759,0.4123142468289631,0.34119215791374624,0.02483041095268609
1.3673087274974032,1.862540713617129,0.053864483145759284,0.0034512013859196904
1.9120199918492158,0.18943473960657164,0.3159590811490163,0.02287248245885603
0.9705058580756578,0.5969295472156495,0.3504489563458348,0.025551230105683262
1.4384440491460808,0.4766642173394613,0.2565712920495123,0.01830844039019977
0.7780086381972349,0.6071049854379555,0.47336853615225594,0.035236768934542556
0.21569576276929703,0.14908039575180365,0.07894342781116326,0.005193243851032424
1.6170385768856972,1.8706138363062796,0.19554551188941088,0.013694679958212573
0.8227612685161065,0.72756942253226,0.34199821953062937,0.02489312519554327
1.4731902695088082,0.7886947767050372,0.07252902870808153,0.004743458582570102
0.7224855784333919,0.8157303233866957,0.2294892182752415,0.01625035366837503
0.5622851880474864,1.8786371211128141,0.21198720479784577,0.014929076624033108
1.9389154347616313,0.47784451407388695,0.21701143582545224,0.015307626397005664
1.0161649844370166,0.4551356282981147,0.36416558552967615,0.026621741294464412
0.03701830260761141,1.2653182420702864,0.387837693193967,0.02847572557969942
1.490209785157622,1.075058519094757,0.42920829944117284,0.03173438920051458
1.081024214979005,1.0474439693000615,0.15075856470768123,0.010370301539001455
1.2069988922167427,0.32738065499036617,0.3973723193940389,0.029224707917444512
1.4043653706703028,0.48102609255903617,0.13828854229047843,0.00945601994033394
1.5995391015079266,0.5505442130536533,0.33926541693630324,0.02468054563530948
0.5230014487168899,0.515830995011838,0.37352241984244405,0.02735359786689883
1.3817027330302318,0.9090517881279374,0.06602065547272609,0.004289885227556409
0.060295467924264656,0.64030664004683,0.24731856019047466,0.017603513407777018
0.09534198759838586,0.1837235782326614,0.43131426358894126,0.03190086998362383
1.5085388616219644,0.21369776068279678,0.46163217290580244,0.034303657734316796
1.1401060419024303,1.188892290667473,0.056234887562488484,0.0036138004398147626
1.0385944379822103,1.9191291065611633,0.19200331314739466,0.013429658140868337
0.8416460459545618,1.7129016337917935,0.42258821803452634,0.031211426406952625
1.6298769828496507,0.9299293590987718,0.1280370281311566,0.008708626675796024
1.3345366711894033,1.6167547905856998,0.07778902996546301,0.005112103703889936
1.491570033173834,1.3343846850750556,0.491869487303063,0.03671093595655772
0.8668130253844875,0.3503014896346639,0.45213779227385903,0.0335499925563306
1.7576962305450896,0.49973033088909036,0.1646563710423215,0.011395421445657042
0.3487312817997956,1.5098966472112239,0.12822597302765643,0.008722365483958614
0.7461174169369398,0.7894148252085447,0.34569365556213294,0.02518077249547961
1.7082502756251843,1.3560973115393113,0.3334331941211053,0.02422726418886357
0.6828280395497222,1.5570680355458488,0.3238585406393012,0.02348431012800515
1.0509068874203176,0.6198687940622134,0.4860554235917597,0.03624724858222373
0.8159907741660442,0.24288431086640694,0.08814491770613388,0.0058428376842358555
1.8787339783462542,1.5023965727741124,0.17799788743206119,0.012385153836488881
1.10720511326059,0.7048900091779995,0.2795678549539247,0.02006793965096151
1.472955666395713,1.0246788446684,0.47467696352784106,0.03534089642342077
1.6204279647912065,1.834165656031637,0.258609524429193,0.018463962955197193
0.9602774067965651,1.6097023834741215,0.12503230372729462,0.00849033253251752
1.9289982075385594,0.4753009609902008,0.38202199933902786,0.028019501463112464
1.7443240315396549,0.03741528407453987,0.3364384148682073,0.024460762783868273
1.315064360371047,0.44294255004651806,0.3013992354050279,0.02174757750458642
0.7046789311426511,1.7636227894329226,0.4369851565588196,0.03234944390035553
0.47406752868088753,0.8484597672259373,0.24348649073512052,0.01731209271951356
1.1283253842711247,0.7063031255415686,0.06416490435581115,0.004161108261686677
1.7883949262969785,0.7657416260437291,0.2966018644939838,0.021377740806171573
0.8179047777956994,1.7316092028351766,0.12135277986785686,0.008223507513437943
0.2628568807185536,1.9441281154059242,0.26041203999938156,0.018601570209681728
1.3721731863075757,1.9918549575119955,0.1654395959051527,0.011453375948235627
0.7460234509670418,1.4665175693272512,0.29055346603892956,0.02091204918256349
0.7067764819290572,1.0774824381191028,0.4380444183796875,0.03243327737164406
1.0324395716160195,0.11598878863656203,0.3372688683206525,0.02452531250524602
1.4436286463737524,1.0808339253194992,0.1000096756095887,0.006687331477186515
1.8604186582373234,1.4283072265875638,0.4150701206120891,0.03061820917199971
1.1073301911462066,0.748605850579704,0.16193968011969367,0.011194548599800394
0.571830494570662,0.695463024290516,0.20713422280343285,0.014564016770126203
0.8854175281134604,1.1583341820182826,0.08049485480707141,0.005302419143066172
1.3558749533293342,1.3236462025477527,0.41358076127685806,0.030500778462322412
0.48523400629789837,1.1765704035725089,0.46860335304058537,0.03485771355771612
1.5241736416692748,1.6748386511916213,0.13784787527237496,0.00942381202338143
1.7660963978418207,1.3837255254700673,0.07768021672467704,0.005104459719678636
0.6802019708966054,0.7379260917335562,0.1276781838307069,0.008682537772985444
0.8624775989339517,0.2394650913163967,0.36164277652164467,0.026424637220415232
1.5518738111882504,1.5070457552588086,0.4241990726870729,0.03133862647283115
1.7989320243848157,1.4706292406481993,0.28924434181086156,0.020811341758291153
0.060790043269914884,1.258664460941989,0.17662142003107884,0.012282797665100617
1.482946734705679,1.1169486556331902,0.056810931171976525,0.003653386690581255
1.8592158607065805,1.6991228369789424,0.23353604217922852,0.01655687114606944
1.272544907999809,1.6476565777790133,0.4402912744332948,0.03261114723220665
0.6181949378908813,0.9181337716154516,0.22276517288053777,0.01574188336920819
0.8582158635306278,0.9577884844930105,0.41551893633259745,0.030653602408297523
0.516238553282093,1.2543264758141732,0.457264994489457,0.03395685635564503
0.8959194242304236,0.939913921265624,0.4197768626048688,0.03098950980357176
1.7183035279389223,0.15925175047191487,0.15639270958757467,0.01078512978905684
0.44129861025298434,1.2229027671877901,0.13233546210038263,0.009021522395664505
0.8724884852633799,1.6586799714645486,0.10955919790346696,0.007372122569692463
0.4261294999464842,0.4809255993860051,0.280460315927849,0.02013643014076123
0.7882157562094172,1.6088068618291589,0.15166951245193463,0.010437300939461868
1.2744911350571904,0.011688148211304261,0.2584590186739933,0.0184524760643197
1.167962274438009,0.6875308865676355,0.37768748132213015,0.02767978240584302
1.0925278778795382,0.8212490818543916,0.08632392338775266,0.005713893670078998
1.5518132512956482,1.7241627868846072,0.2300377422255745,0.016291878665934467
1.8771361503187005,1.2575885467554195,0.22414858844446645,0.015846411363811454
0.9082064912502856,1.9129985698409395,0.4039841928493261,0.029744826970355943
0.6061642040796711,0.026354001147206096,0.4521745573091209,0.03355290887870032
0.7338474029196143,1.9058370941795726,0.16836413767159283,0.011669943272952982
0.9560741129978543,1.8985753165037205,0.25336470744674555,0.018063942188708066
1.3001192641416892,1.3390703115152975,0.4792623349104458,0.03570596622374656
0.2008603072727797,0.751626595360487,0.18286233693698606,0.012747316616385446
0.41653593795866883,0.6567286291739902,0.44621475187545867,0.0330803722252048
0.7591117336456501,0.894189882680519,0.15496931303832445,0.010680229735715474
1.9300286645565135,0.28253506129846007,0.19370795618123593,0.013557155158576124
0.5906798823031301,1.4758641018868892,0.4943727309707682,0.03691069319818941
1.0363058404331527,0.1506027671427912,0.22369577664518547,0.01581219293458732
1.6453109855900832,0.8757740569387948,0.45053296271867566,0.033422708210665196
0.24921767838787368,1.3837011306804037,0.2235660093824458,0.015802387463223513
0.12358845443445032,0.8327545601169708,0.20613146817093297,0.014488658825726416
1.1657445270517133,1.4750167146879272,0.40745866966275696,0.03001838073704535
0.9205179915540915,1.415588181683422,0.2657951842361258,0.019012918709653694
1.376350157972306,1.2999126155593344,0.41076603269902284,0.030278926832540663
1.9749067917973255,0.04071212918462752,0.3334562189041488,0.02422905261014383
1.6992731117819058,1.1231288328519933,0.4921124031638815,0.03673031741930353
1.3057030386354191,1.9005671246965523,0.4781787407033154,0.03561967274661061
0.5094567375093568,1.007661091564513,0.22428895836837692,0.015857019914804146
1.4727372817846474,0.7203938030182382,0.12666981729171384,0.008609254058178991
0.41432351139410994,0.1732805727661726,0.25220872602246136,0.01797585220850481
1.0452422299965471,0.044069112164250024,0.3732005735262024,0.027328403055166782
0.8626462924344966,0.8712500439439352,0.1625490281077687,0.011239583862993658
1.2449206369824408,0.5095385964250481,0.35433441245735564,0.0258541810248358
0.8481826806074644,1.3623908051241138,0.35900341386925655,0.026218528485485757
1.0879987351461953,0.899897820503297,0.2529391083235897,0.01803150675850541
1.3855353342769055,0.366623762320881,0.23182729064389357,0.0164274005693186
1.7458910595851278,0.10480796318084984,0.47815639340074906,0.03561789323111057
1.5460891590297328,1.68285812477604,0.3005165109303817,0.021679496228062384
1.9608480937999564,0.6272756727518023,0.4364222321431787,0.032304897910317217
0.38458350506250394,1.4501076371721138,0.3821155008618899,0.028026832612800794
0.3565116331504885,0.8719878675341786,0.2080446078721646,0.014632454863378296
0.8417171214976369,1.6332895979986646,0.39489072509414547,0.029029648333194918
0.9956861201597655,1.080238845715942,0.38822055563706576,0.02850577665672434
1.5353361960256329,1.568204803417978,0.4642447646968968,0.03451123427246223
0.6648442352437447,1.0001833133283338,0.4815757696615598,0.03589024472078747
0.40644808617647965,0.4148198701551984,0.15890746280692403,0.010970620265105006
0.9048946799388586,1.7176650100454045,0.4521284329234975,0.03354925014478199
1.8418857193817761,0.8462356543460994,0.19449460724005774,0.013616018066128685
0.09372542994330968,1.1357825958444416,0.4240355520560921,0.03132571265290229
1.2108631725278522,0.3545156702304635,0.10161663756948018,0.0068022615354115384
0.13953127843961988,0.7750479789794864,0.1902371271162902,0.013297640446905162
1.5532391993172017,1.6856930861032047,0.428833483400075,0.031704765124127385
1.5366180526344544,1.1374104297659688,0.19928088044215397,0.013974513414503873
0.1640173235178437,0.5785233581711586,0.35799870234149095,0.02614009764758391
0.6559291989613723,0.3221152799650513,0.19378894193883595,0.013563214336777839
1.158622467259517,0.5788970792838912,0.15136299100481374,0.010414753450309434
0.912466037298401,1.2705331819699974,0.47140068552561265,0.035080200520110634
0.42685638544592663,0.588378363694197,0.44123488302924185,0.03268586565237063
0.3337941993578648,1.0133097839076923,0.15358761095647167,0.01057846600440835
0.43176466845708616,1.9958614565669763,0.27616636294158126,0.019807036284896825
1.4343454744399822,0.8882842124533128,0.4103711623251702,0.030247812262553145
0.4122358907450625,0.6239448371093608,0.3083690587146892,0.022285614456084492
0.9688787315683787,1.3077862606688262,0.3769034351498851,0.027618361205311637
1.121220486668971,1.2909729196009159,0.2590274023619559,0.018495858626363694
0.01988979370984234,1.4623379906479632,0.23899681541688683,0.01697106523705785
0.9710145028029169,0.16672396171511195,0.07880705897575135,0.005183654489875144
0.043338481070354096,0.41346053921625137,0.11203893210820352,0.007550632828259067
0.27811037159549734,0.8441595701263052,0.18836277594102058,0.013157630183804371
0.16088195591045418,1.6499692773048589,0.24699049440481258,0.017578552440718927
0.4695615242002733,1.2638333347263235,0.3603050436327992,0.026320160180893053
0.45706982665575935,1.955804702379066,0.27015572839638824,0.019346548310361904
1.4191111788473676,1.7783257892066464,0.0767735520061811,0.005040796555288727
0.8250389793331876,1.4443125847460607,0.23559614091456194,0.016713049875348572
1.975223961034462,0.026157874658009783,0.38506486106801324,0.02825814571971596
1.643279743313472,0.9748287004427214,0.10744725965048402,0.007220308522610713
0.5500085178442957,1.9871301281051197,0.450765799035126,0.03344117329236432
0.9341627725240313,1.6232247644843243,0.4248648698606903,0.03139121044630938
1.6336012484739877,1.4743417681931703,0.3607363186084974,0.026353839870351448
0.7730907220492751,1.4112121871500563,0.4140666130262391,0.03053908295072164
0.5108660166550696,1.135594709132982,0.41318240256866795,0.03046937423011839
0.6238565881903877,0.6690327866643513,0.3184644774778315,0.02306641697208455
0.2922679672493993,1.0575525479063843,0.437140125209896,0.03236170775529837
1.7504423939128415,1.9813711003439065,0.3067390719167674,0.0221597113994504
1.3594473245070144,0.1602317120132717,0.29680758777480826,0.021393591908416436
1.8463434664229899,0.6673744892249047,0.16827525906432556,0.011663357811841068
0.32721229281526343,1.3000729889569422,0.2240552398700671,0.01583935673655701
0.9172852179348057,1.7241635337905477,0.48849354392814,0.03644164897103484
0.19833595236266843,0.47523576822252034,0.1265154911570985,0.008598041846150093
1.5009728704475451,0.9627073122324248,0.22786826360664714,0.016127682351061563
1.784980738121179,1.2875134868549039,0.39424846275253755,0.02897917864486214
0.5523142949192958,0.06259484698119744,0.33012244289543957,0.023970194697746618
1.7238151828402029,0.7068731613599772,0.10315127446078064,0.006912136060905133
1.3872857264280654,1.6119126198394322,0.17559048554943407,0.012206171856141968
1.4280001796588608,1.7041389937022609,0.4547977802055321,0.033761033620824527
1.2520011806155669,1.3737784100895973,0.4896223699489296,0.03653167715848558
0.09885610691317481,1.0249240530707886,0.377111588492184,0.02763466682004737
0.25886887097757505,1.7531484490912663,0.389081616719533,0.028573369268102413
1.241648130318363,0.3029600579942344,0.07140425192479337,0.0046648637935673126
0.5126002869944504,1.05353617265531,0.302195822838655,0.021809027161568927
1.7431650147177256,1.4752880455722273,0.15948774966166218,0.01101345163610542
1.0141912715693402,0.5541364364031451,0.30754396485040836,0.022221876995653308
1.5385724696518523,0.545532774231176,0.3694598646180264,0.027035682719607813
0.0026918144299257207,0.4325358854722263,0.28619107205726235,0.02057658431151697
0.8690142603303812,0.9436185213463075,0.09626031247147965,0.006419675284766722
0.041956876788256325,1.7669174249124742,0.3872547097241295,0.028429970828651348
0.9222254811747292,0.49250664157288515,0.3052390307787516,0.022043886352217303
0.37545941371151437,0.884237322147033,0.4654631974004296,0.03460806919726726
0.8771932748217384,0.7979354881108922,0.23603065919517818,0.0167460033270729
0.803120942612298,0.8973247085072615,0.20175162065367003,0.014159807205068556
0.1599808445963291,0.8235173555844668,0.09033211798681076,0.005997955472872531
0.7045382011925154,1.4443253769620172,0.22306125106867564,0.015764250661927198
1.7058137271780516,1.4526469981375907,0.4240828111544971,0.031329444840768876
0.7352138030511446,0.5333363603350882,0.08729059468724698,0.005782320226649321
1.703373721380921,0.5975205922742062,0.45693416829738204,0.03393059444795729
0.2465313165954197,1.1680009331056076,0.06799197264698952,0.0044269554516334336
1.6246457639879817,0.8158998704476297,0.17552836254410875,0.012201555456894168
1.3060005500156215,1.6971067716991641,0.2457407426249842,0.017483485745032036
1.6901403325427675,0.9515199793361766,0.2962503652336577,0.021350659332842876
0.43874717575394584,0.337489556602073,0.4601560588175408,0.034186412815102936
0.2026410632329243,0.9269930843761007,0.419084025433516,0.030934835866137354
1.6953526148251874,1.501525431052862,0.4119634112006851,0.030373289183121092
1.442829139779777,1.819427163651349,0.10527119906835274,0.007064100397014528
0.7022266003156203,0.6402991938645102,0.07664489849871647,0.0050317670958832435
1.7551581963576464,1.6140994671933035,0.34875143879125003,0.025418946406791917
0.3781626147399497,0.24207771141711043,0.15801103925449345,0.010904475851013394
0.25562674648081285,0.6390823922239843,0.07760409381761876,0.005099112626706662
1.7291900280023669,0.969978828570665,0.051091851850364356,0.0032616386181369954
1.1142706679758814,1.2682394496463243,0.4260912933711411,0.03148808698691858
0.9008533301989063,1.3819052570374915,0.1930631024134597,0.013508914845123813
0.8537076596809132,1.656579427829785,0.38416727775719994,0.02818773686288694
0.736956811557494,1.7250418869728938,0.06359553705668716,0.004121649055122729
1.7968503089778656,0.5217747849438075,0.4594323901866441,0.0341289426737803
0.2360567289392359,1.6803618576318842,0.1342882320562537,0.009163903519587272
1.3613758369451419,0.0383328835150194,0.17693567112499625,0.01230616101278373
1.8199614711653276,0.07153940119531166,0.32163119045511773,0.02331169240657785
1.2834338961503748,0.28196399430633545,0.26991238608764634,0.01932792009969534
0.22529224160068573,1.3283183581582783,0.376194383821221,0.02756282259797298
1.8361320700921295,1.7460090163503557,0.057868061983378016,0.0037261055890230395
0.6597492589021285,0.8968176265228163,0.35488416280344554,0.025897063900822876
0.7553299989190563,0.6622150613210551,0.22580706060646372,0.015971780721635874
0.2126230822218793,1.589629634155029,0.09645453928294948,0.00643352315203278
1.0139831384709803,0.942119338893147,0.20535238121262078,0.014430127167370724
1.8423566455079727,1.975338479646666,0.31768336476203696,0.02300594226475777
1.4214831332340347,0.8981817619198857,0.3632499916606807,0.026550196105323248
0.9261526076926092,0.003575265004571504,0.13931962836010603,0.009531408639315264
1.6926888342305182,1.1454244783970442,0.0651678137994806,0.004230672156470956
0.24377271255680077,1.4194936710575843,0.48829335012329195,0.03642568424795206
1.128275305562282,1.2063600180662422,0.4495890804585938,0.03334786038587572
1.4542402103820578,1.7222931243298214,0.4224554063939647,0.031200940515211877
0.42668995204963744,0.32947900834229604,0.30551738692844393,0.022065376543579308
0.763342921100203,1.4675463248270844,0.1423664494297672,0.009754403465063176
0.1858791082929403,1.6830177538534619,0.1455113562670507,0.009984922696459054
0.5713504777142138,1.5216891393330068,0.47726285717483313,0.03554674565417562
1.523434288000022,0.5199893334177517,0.2931962648078839,0.021115447900338532
1.3077933352214852,0.1113125275244804,0.3274155750606076,0.023760146924908968
1.183024597037859,0.5213268781471443,0.16415697360514786,0.011358478597236226
0.16814311324680475,0.7875086195796759,0.09778985592637421,0.006528779660105546
1.445220087567045,1.6908400537947357,0.4899140190874973,0.036554939620965135
1.3723290079695591,1.8696180152310475,0.09920090314445845,0.006629536059813625
1.2506064861464403,0.12236130657526378,0.32584772636318127,0.02363853958708133
1.700072537132853,1.6232496407980619,0.48128449233430987,0.03586703942470576
1.0299499468750482,0.18631153964749014,0.17742365065933224,0.012342446068503675
1.3174695672965915,0.35685999912404265,0.21958028458569634,0.015501410502580568
1.1420725027859648,0.9032983883959269,0.3050245052680555,0.022027325060219396
0.33291628797522543,1.3686306513454745,0.06189842839839562,0.004004178683325067
0.7282236576366903,0.7280192977868283,0.45607880841968945,0.03386269967366606
0.5506040462789443,0.5510601275391815,0.3628342665845101,0.026517715142611555
1.126994972586932,0.27184810145715144,0.19638658683270493,0.013757656787235348
1.7715633632251273,1.996841547853129,0.3985936521066152,0.029320738655706016
0.34940228595628264,1.3420594370465728,0.4866790897413015,0.036296969409686776
0.34051388323095844,0.688677930546344,0.08367201601582433,0.005526449452640512
0.7793698977690655,1.9360745677691544,0.2471670611285845,0.01759198627980401
1.8523464661603795,1.6628326019306008,0.46978942802273643,0.034952037348833044
0.9178973661896996,1.8597070743995836,0.17645632289439978,0.012270524483445787
0.17604772257695678,0.9412526170195419,0.486527040730811,0.03628484712999197
0.7139467737969312,0.008154336646336136,0.2986031136676789,0.021531970385408238
1.6700062681892431,0.022629302363126547,0.4031254813902997,0.029677243549953557
0.7582367483016628,1.4526229645817446,0.10783712791138914,0.007248318341388104
0.8585465173199367,0.6274206676409708,0.11060686311618054,0.007447507886175885
0.41531274916844074,1.4506012521107121,0.19017766517841916,0.013293197292687575
1.0367287386583035,1.214647048798307,0.15766116716171363,0.010878666851267106
0.3750720519999329,0.05822094786977372,0.2862547943666561,0.020581481984122737
1.0569115869256296,1.6080851147502646,0.4385957322340224,0.0324769157040953
0.5634207444736328,0.40423674407701604,0.4664622841785586,0.034687484661058594
1.8085801884966153,1.3527620960477522,0.49274368813374364,0.03678068867035985
1.0607385620331082,1.716162358149958,0.3991027081220963,0.02936077062321224
0.4813479585459317,0.9751281791315685,0.2803774296023045,0.020130068528070186
0.1867832656381574,0.6264418444997546,0.3862819435446471,0.02835363503840089
0.1761176367854984,1.6734147787540217,0.45237539519413383,0.03356884028280458
1.7063730235952397,0.4530385970945494,0.3653259837661654,0.026712433510923124
1.3572295622169357,1.5290164567691973,0.16000588253210446,0.011051704468124977
0.747260540923419,1.4564970871409646,0.08223613761491766,0.005425127685366719
1.422713603822478,0.06529402230929726,0.3856835398036108,0.028306683144030568
1.1657643266613904,0.1461277019809346,0.22497093777001365,0.015908567479603633
0.4783838292059923,0.24221776521631577,0.3315106348583921,0.024077961913105978
0.580781882714003,0.16498700654906973,0.42007812172712816,0.03101328504146881
1.6523545638960802,1.372123407275201,0.18800669820151178,0.013131042727964037
0.7871926456240432,1.6313012873641677,0.1994194476839261,0.01398490112303052
0.6356290311550856,0.39056753918329945,0.19823358261064994,0.013896018758066623
1.1808206581505627,1.9377402583853667,0.2062708628511825,0.014499132954875706
1.617157610848944,0.02480081218070529,0.49966403387832364,0.037333165099795916
0.07649650042274225,0.30139990602573374,0.4049168026812008,0.029818237664799626
0.6750623722644717,1.2258082305824365,0.21241134505311615,0.014961009678056058
1.960717174188048,0.9958396528847884,0.215301139517661,0.01517869582579311
0.43608076071424984,1.791338637123823,0.060516486407937276,0.003908687261895546
1.2825778932366438,0.5298062416803648,0.3682855520254725,0.02694383173322586
0.6918429901206937,0.3131185499322937,0.3328867600868268,0.024184823109429633
0.7951198533999124,0.5933140875245551,0.3625980538014607,0.02649926077571959
1.575161167692119,0.5865951051015745,0.4224829216718646,0.03120311291322872
1.761770124371279,0.1502817349347969,0.35951992293872925,0.02625885465193686
0.4494349076551334,1.5874315093726226,0.2432809458540358,0.0172964703675565
1.1878618523549018,0.6627954514848466,0.3912469322301182,0.028743390385745766
1.125073244678931,1.721598932493711,0.2976750810106444,0.02146044111549484
0.8543854487192033,0.7368507793325423,0.37890269745067817,0.027774998304267336
0.7461804131096057,0.3124707050779012,0.2751621138311954,0.019730050006118643
0.593883568104353,0.5121348964535819,0.4490779689574488,0.03330733487120751
1.859102970008835,0.9948457079209869,0.36119117745073054,0.026389364312387895
1.4226577939261797,1.0220182299965213,0.4583170329116837,0.034040378815116644
0.4755977234476232,1.0205534594909187,0.4428274302992044,0.0328119944349362
0.15630773462510938,0.6572968850138983,0.08342253561286704,0.005508836369186337
1.0688940340713877,0.07717984420674995,0.48698122736734567,0.03632105844986386
1.6852182256016737,0.4861930580682612,0.21129031846970853,0.014876618393233888
1.0336769935107497,0.09026266917942127,0.42218788906164595,0.031179819881083724
0.7882667942633463,0.10561914496937264,0.36815271365692553,0.026933442810657276
0.16474659666007785,0.24651878117971449,0.19720061205896233,0.01381862595105515
1.056299480855338,1.0469050102979152,0.14706600633540945,0.01009900484641484
0.4218336093713677,1.485483131976299,0.49663725041903367,0.037091460544679274
1.98074806455988,0.6013061662969941,0.36457651631190646,0.026653855770317904
1.659121504877028,1.859618645143613,0.14594498696438746,0.010016734636072744
0.11851512782852125,1.2952386664639115,0.4788838116745952,0.03567582048694835
1.795781586322358,1.6393154324010677,0.2252591913946157,0.015930358437810054
1.2448131560459421,1.3588763492495954,0.43387700679366425,0.03210353573125967
0.0749359376458647,1.0205186537084432,0.41488002720955525,0.030603219359484464
1.8252125481786041,0.924940703035398,0.06756866147162652,0.004397498250856222
0.4171135805388615,0.6897268799703402,0.2484069471898308,0.01768633995147982
1.179288216601992,1.6728686445822727,0.11651472579133729,0.007873521663403365
0.8814149046045987,0.4036114720835213,0.3728130978869499,0.027298072629954446
1.0565770459100243,0.12668826006724299,0.18779922466130988,0.013115552786578707
0.2119998561727634,1.2290904223399721,0.20846127463554298,0.014663784638779535
1.906399840610202,1.4806180431909417,0.05999382356214131,0.0038726105639897324
0.5928221048849176,1.1945191104800912,0.37718520070644024,0.027640433354163718
1.8260002601853522,0.983545982432092,0.27040332538549455,0.019365503411397384
1.0613165393154635,0.13288786018603638,0.3212353144606357,0.02328102097343622
0.39450115981608946,0.4640881527882732,0.21880071321587152,0.015442586008122676
1.099221584754715,0.7907999167955801,0.46500013492271147,0.03457126524933124
1.165938297447724,0.5667166926684546,0.2863369158759085,0.020587793923216757
0.1835522789631312,1.4233174446481673,0.12963691002978162,0.008825003413305561
0.5541990552131844,1.0727162452492294,0.33489894381123736,0.024341131438020663
0.2551757138491628,1.1662901778713952,0.1558731822939362,0.010746834520642177
0.16401479477665992,0.25968372465679046,0.4329864836186525,0.032033102374187064
1.9547222667496413,0.375338737929771,0.14481293700425482,0.009933699142923852
0.24173135380954802,0.7429573531640563,0.10763576497819963,0.007233850685001757
1.4946861857401372,0.8948211483174937,0.4996260501600489,0.037330131273135836
1.7222203696543814,1.302265566314462,0.05161159675420047,0.0032971202884243965
0.6604036988138766,0.4966238511855947,0.2741779655371906,0.0196546234730328
0.9248476218833128,1.3809920933957218,0.2580545274402599,0.018421606797270083
0.764121501529575,0.9152658287686373,0.19789099950906475,0.013870348460931284
1.9367000899467084,0.048040253951550094,0.1303897147416092,0.008879797423682945
0.17564299372876446,1.1139118926110612,0.17512134956605957,0.012171312859346488
0.5004931869973726,0.29939660736751716,0.3193998446231816,0.023138847712243373
1.3646535176919405,0.4936810916597061,0.29885231016467606,0.02155118012956332
0.05165236201664358,1.9891807537723476,0.4603543211073192,0.03420215890278472
1.7278801512296627,0.9595478423602526,0.4399734857512373,0.03258598603436944
0.9614855330298915,0.7437200343491366,0.2363587374762059,0.016770887244795182
1.2647430735647593,0.9887609263676689,0.13816194164612736,0.009446766098314392
0.8661687877139084,1.439013940957267,0.16288945796771276,0.0112647491891998
0.4785367959717166,0.45820069122663853,0.18328632976269332,0.012778915041291477
1.3087528522853566,1.944585187066223,0.11046374408439646,0.00743720676264429
0.9721004347347859,0.0012047757030964057,0.05884356212726537,0.0037932906096983807
1.863516307487369,1.4281607077841216,0.23920310425235047,0.016986724933789683
0.6005580060334821,1.8808321090999849,0.239355014753311,0.01699825728492916
0.4772714392470283,1.0340539865168188,0.31753044519353635,0.02299410424372352
1.051042892720931,0.4540568239715723,0.17452925379878462,0.012127326575037173
1.5747676949651699,1.8471805012031566,0.23573248249029305,0.016723389439216262
0.8395250811601493,0.4023930918073333,0.07179417853953006,0.004692100660750564
1.3879170834476664,0.8904406031496952,0.33100913826026135,0.024039026456029393
1.3502432016045174,1.1485431911702908,0.43288692150488967,0.03202522841733897
0.4309925603089444,1.22067269537752,0.1576676033794296,0.010879141595811945
0.2745996685362513,1.9958686190662638,0.4487713786291545,0.03328302716056527
0.7978198112111836,1.0584674802212455,0.4874634726138152,0.03635950937286948
1.0792700551775312,1.5895676416424465,0.07418664114189516,0.004859438781460062
0.23757850211626708,1.9989290884814412,0.10076524825292585,0.00674135435074409
1.7720557867920161,0.5625201917020985,0.4282073756582832,0.03165528386468308
1.9600758600741193,1.9218769064539063,0.21933473116703234,0.015482880102240712
0.1552874962942763,0.008953017328511281,0.24617761551844947,0.01751671421029964
0.6158108912938418,1.9527217101738166,0.08299123202699268,0.005478395316653199
0.40814732016223876,1.3810171522845482,0.14789487651114966,0.010159862442047066
1.177643791902516,0.1157230705105945,0.30620977814279776,0.022118837730547434
1.0315062261745247,1.5280606915846076,0.0826522413940855,0.005454477293858297
0.5102481205647611,0.753411824340297,0.18486462609496906,0.012896583162609502
0.7459407817011041,0.5979828461496588,0.13857645809487312,0.009477067248721178
0.6252938970573125,0.33949671966232775,0.10301631854127455,0.0069024691500736415
0.590672692477751,1.4073899947770658,0.0943594950504744,0.006284254257618061
0.5265263148711774,1.9144908970987018,0.37068723992168867,0.027131705633577988
1.3926588429790756,1.340110592647982,0.18508022412490777,0.012912662228206879
1.8204375739002703,1.5327901632899843,0.05163504194127513,0.00329872141515919
0.9261083582363954,0.20245391541894597,0.4585880967933153,0.03406190101224535
0.4689436915915801,0.2954527768955173,0.05728967879977693,0.0036863077643017658
1.0861598487309676,1.4167631021209626,0.38905959252881855,0.028571640257891
0.4126368741914406,0.3128595400142806,0.27500982984317185,0.019718377524410413
0.5859878808706394,1.779010581705726,0.37561044674306476,0.027517089368454945
0.7941164313120721,1.7513676935926725,0.19091554906948927,0.013348340717329047
1.420285932867245,1.1898937675867092,0.14490851788103754,0.009940708242716966
0.8966192484245008,0.6210847605636403,0.33501784433173254,0.024350369774231818
0.13700385230983292,0.6444628108922781,0.337318024578812,0.02452913368088032
0.030014596962877116,1.9648733248861139,0.17015056503995712,0.011802359330231004
1.612526926263518,1.2556073846316367,0.1303680746538317,0.008878222012371078
1.195159101896547,0.5914342346198831,0.455226671267119,0.033795069441275104
0.07007111232604224,1.4085354201809015,0.18784140388027726,0.013118701784750936
1.2959142181355796,0.05541910618265522,0.37107599200578095,0.02716212398011938
1.4663875825318262,1.9787227999197265,0.16117244729284336,0.011137861127346575
0.9009610879645873,1.1598691833112398,0.15160314073405656,0.010432418418449368
1.4961223791518448,0.8530018595913897,0.34275569152428115,0.024952068302577058
1.1733300732817162,1.1696522559864453,0.2382613048110782,0.01691523911299367
0.6306103681941333,0.9033672150643115,0.28026358440602744,0.020121331001002225
1.4007527830549158,0.8585208998793881,0.3684858548227738,0.0269594973516199
1.4326312308194935,1.7812434843483003,0.38740900179904353,0.02844207979296675
0.13718002722706424,1.4090074714339547,0.2470093705950936,0.017579988578363702
1.79547114281582,1.035559557407104,0.1254627367900179,0.008521581618432337
1.1338658963691026,1.4008300344359517,0.20855299186472293,0.014670681570193722
0.8353856957688268,1.885898792101903,0.3127682413999987,0.022625643706152165
0.6254899812978334,0.5511541164447604,0.18053591260745144,0.012574028123658777
0.1200706533821263,0.8825897662136661,0.14628952012775337,0.010042014868752674
0.5433014650932635,1.6569287487365008,0.16745256160247915,0.011602411444660692
1.7085653394265559,1.0620243303573675,0.0676332783134364,0.004401993959074826
1.2679889571424297,0.42283622657245923,0.49173399549677227,0.03670012579499109
0.6884983617220339,0.5325386415360043,0.06350698011268886,0.004115513924358224
1.552472645091549,1.7803381362977133,0.2169430160553485,0.015302467227165367
1.582784584755608,0.37966473994919303,0.1967768107004773,0.013786881747915073
0.7486233039571648,1.3210072410645435,0.25087442171842933,0.0178742080167705
1.7340142885154184,1.768399234845079,0.37879888814478085,0.027766863703729532
0.7134877527539205,1.9921796739645892,0.08470826712754045,0.005599646488929377
0.2627020548517396,0.6305463414550303,0.38712979244150186,0.028420167465163657
0.673026428850199,1.388846134417729,0.2440850658602015,0.01735759235038905
0.009609006912678408,1.5070464589782908,0.08490707648789964,0.0056136967529268385
0.23815950284705312,1.4992262375821324,0.15692663790600078,0.010824495729235844
1.4601527467322448,0.7514151078315021,0.2984602417951497,0.021520957358160082
1.989143867737832,0.7295647594340549,0.304880174765147,0.022016183249693632
1.2145314857418423,0.9431918495105085,0.32826490857494023,0.023826040730137093
1.8600202186447143,1.7163689775922317,0.2903022276137063,0.020892719650552196
0.7002015586079846,0.33833411642629274,0.154815832582402,0.010668922646247235
0.39570455126518245,1.0561615424511572,0.3483207880656322,0.02538539382708298
1.0055211714981662,1.1942843156051974,0.2104551850971258,0.014813769321044296
1.3230572724798821,0.08833261728843778,0.48153574795443255,0.03588705623957933
1.9721087237407218,0.9050002872812946,0.05396393185938439,0.0034580133496452036
1.7202519340131766,0.6489874768235995,0.23849737768865042,0.016933156029310583
1.139118700115876,1.506777832535825,0.35723372145891547,0.026080391094253
1.1334578941735443,1.5330984658101598,0.46787727274538665,0.034799979426703403
1.975190023877978,0.9322885238853806,0.3963592863906491,0.029145070780401853
1.5562587676471815,1.8853257740111105,0.10745895766348398,0.007221148856440815
1.8578971907912003,1.152053087141739,0.45353658905251915,0.03366096119405143
1.0548155259163143,0.7276644453620045,0.2602436430701072,0.01858871169727877
0.8179659070265599,0.14827339472123469,0.2654492469244981,0.01898646678448223
0.6263350138075305,1.9217218612958185,0.31656178223134007,0.022919125912603006
0.7713732577593051,0.17991311657668985,0.27346850661252076,0.019600261108650326
1.8684849353328785,0.9216928036796983,0.29867015023591154,0.02153713790681156
1.7559583476018354,0.9384781188779729,0.1152818576743719,0.007784494313979751
0.4726579558946835,1.7169113319613658,0.38740155073092875,0.02844149501958827
1.0631458290137759,1.0193951869893936,0.32599999434943305,0.02365034821006006
1.9298872691227908,1.7369127424979025,0.25001235859842674,0.017808557877632032
1.925797977263192,1.3769148878826158,0.3165347653259963,0.022917034924336308
1.9528366782664328,1.6138024852572679,0.3392611905612173,0.02468021696481296
1.9745068817373221,1.8722602366118155,0.22707313960722608,0.016067530590478864
0.2294442494939446,1.5375313661058432,0.05555829313275761,0.0035673399833123756
1.9841152592972384,1.463098317048567,0.06632116429590804,0.004310762265102395
1.5088799679034912,0.9525766105069478,0.09337521945899986,0.006214204645877759
0.21733864744151687,0.07909956797147055,0.23443722293373143,0.016625179168375075
0.5110583124359918,0.7693283354835847,0.27554929412151186,0.019759729163605244
1.2458330112090625,1.1221216672277705,0.42496064817288015,0.031398775386555236
1.9269346604521755,1.6160345073352704,0.38465270014656205,0.028225813297187007
1.2322414636087649,0.9886649185022109,0.12809717776116547,0.008713000202589902
0.4461692645716693,1.213585316534104,0.4393642892059077,0.032537755869842616
1.0887343559412288,1.9677450492949093,0.13541610735608134,0.009246204847098954
1.5376324043033536,0.9573599846187699,0.13265150178044588,0.00904455582837583
1.469906840893465,0.6333602093470416,0.1397806305820056,0.009565127666063064
1.3897500703461385,0.06716307702044655,0.153929213120575,0.010603619487324452
0.9074020553573217,1.982150500606017,0.1532772652210166,0.01055561739880597
1.557433122028468,0.027062557246424257,0.06022004444521102,0.003888222764153787
1.0873591068161426,1.1266271663844711,0.13831045426595007,0.009457621649986835
1.475077344246533,1.189899140636766,0.42789388465310263,0.03163051056327463
0.38238172908500556,0.5403377137291856,0.28515086886320634,0.020496645337990633
0.11377413941719672,1.594997752692514,0.11693331872897686,0.007903763737759667
1.9181159920818962,1.1364409551840797,0.4880733328209344,0.036408139194433274
1.9317978358077723,0.002961131980381726,0.3193527412683761,0.023135199884161017
1.8346941059750943,1.1365601324034367,0.49848342528850853,0.03723887525186243
1.650648207563721,0.6937992112730937,0.34309951367900854,0.02497882598304758
1.7143332392686366,1.2976831070876866,0.06343443846993949,0.004110488756375045
0.9624613678357483,0.843084309091021,0.15284719178769612,0.01052395935037642
0.20918495777906876,1.6705364101538691,0.11654003971084993,0.007875350304873126
1.713083312008993,0.8357320239696611,0.05479786389941081,0.0035151693492427596
0.02744826041058057,1.88939220900435,0.10512311390126558,0.007053478172621511
1.018889468246289,1.2800408792173716,0.46507763698157356,0.0345774248936844
1.4092107900016968,0.7188434704557429,0.19665895750358847,0.013778054969370578
1.3796567016202061,1.7534446309313043,0.4606043396198966,0.03422201616197826
0.8428382237570078,0.10392112537424358,0.3442646747861008,0.025069517450845225
1.3532227192084185,0.17831450617498112,0.3336623870197478,0.02424506684082428
1.6486428267865583,0.012134206331871678,0.10989109358292354,0.007395998942527089
1.9386067718844702,0.03725580461532996,0.38010247271563635,0.027869025037475518
1.3588767578166978,0.3428956211537686,0.4491203798445295,0.0333106974665743
1.1645192371770199,1.0833766399067295,0.4402935889587889,0.032611330491391796
0.9690087375015337,0.6044113991360174,0.2814395250915488,0.020211595283774243
0.9313866234646679,1.2489267208274948,0.2565501877081781,0.018306830517394027
0.06539473356127501,0.3593825589951143,0.3020794552959544,0.021800049739684677
1.4872845374987345,0.6961038488030389,0.13229159419945288,0.009018325538847299
0.3935742697216702,0.4187623485190979,0.08464993682439823,0.005595524598604963
0.8364320909188996,0.8769852286504762,0.47935421304334613,0.035713283681589776
1.5691652477110898,1.04758616587401,0.2725727266114786,0.019531635774288948
0.7044594791557974,1.6491402437812892,0.48987604389500744,0.036551910596846385
0.4233885707428542,1.7501927389094492,0.29868858142660376,0.021538558691246896
1.9165411358434314,1.7490530566050062,0.16928813839021,0.011738421301803132
1.8009173473053586,0.1155118577528158,0.3798771488249268,0.027851364775404504
1.550265278436106,0.8573752222113702,0.37468074985785194,0.027444286783982096
1.0979790870925177,1.7990144797030867,0.34374952684616344,0.02502941778495955
0.4814716917947204,1.368040618331524,0.1649832011229185,0.011419602837774755
0.9457258783998843,1.2282190927690844,0.13825330714344775,0.00945344437746146
1.7163709558564428,1.2442475900503107,0.30205984789341844,0.021798537108350512
0.2673853228558625,1.821524254987029,0.26846165948252726,0.019216888930190763
0.5321576006710185,0.32162162300435937,0.07039543155727844,0.0045944441588535116
0.5257606238146042,0.21964320382079738,0.31136169586020307,0.02251689043752659
0.4631008755452466,1.7915203555741268,0.44871843487434065,0.033278829683378586
1.0998454592946156,0.9269412104682708,0.443967069870294,0.03290227242214976
0.6450204902512506,0.5870459462123545,0.08386682579885789,0.005540205361664626
0.9209099349212142,1.812341258178731,0.36350110177091854,0.026569816799991354
0.9687816293213538,1.2316940502422318,0.30899139069165205,0.022333696603743985
1.575035390402554,0.6877427495273774,0.4840030477954698,0.03608365717510981
1.4505943050844397,0.43304039717073195,0.34447717669623557,0.025086060033103652
0.19341319776908228,0.5889213964355993,0.44845373687095674,0.033257844456771456
0.7484135455598246,0.3664407665696554,0.14362343775602826,0.009846498012840389
1.3082196669121569,1.2139786292043608,0.444669218325637,0.032957901962222286
0.05377835820609289,0.6777346506859452,0.16968865896153468,0.0117681120483049
0.05579401653900584,0.5379599700925621,0.11354968711742282,0.007659522650451414
0.49338393651832724,1.3073800863818792,0.39590033930180507,0.02910899638630241
0.07072156419259912,1.3907336017467369,0.23370624093974968,0.016569770541857754
0.6646274914142261,1.9775667808433008,0.23549339387402868,0.016705258250601866
1.9238587749178806,0.46743885253351913,0.48837910733062867,0.03643252301601987
0.33460862466760877,0.8525553977322842,0.16977121411214313,0.011774232495352093
0.5402907087280178,0.1708775434326344,0.05733355051041633,0.003689325553839589
1.9661420762435555,1.8616263412987761,0.19712974713689008,0.013813317592656695
0.17273728807792232,0.39962134940109895,0.0863252070988926,0.00571398450361517
1.232870255185096,0.36504050659724974,0.22381862882349074,0.015821476250158843
0.4127575134566994,1.6344586934685814,0.31669390088011323,0.022929351485502375
0.9824073620258393,0.7374070652092397,0.3846576329380838,0.02822620024138353
0.2580752470282148,1.236159636192289,0.3877359542627555,0.028467740380963197
1.6569619772162698,1.4934941873588101,0.09250691955413358,0.006152451139915312
0.4143653449228071,1.8094280256388497,0.42339750105784313,0.0312753267284908
1.096623661587449,0.34865324523277397,0.32239398952599924,0.02337079941973445
0.6336575147348531,0.6125748356959928,0.1860929592888967,0.012988208181945512
1.0435701835284539,0.6357169679796582,0.4951506314525799,0.03697278339030903
0.35538254068466957,1.2998431187119555,0.06617065565112741,0.0043003052664216225
1.260249258279553,1.2931359782136438,0.11498433747462367,0.007763019723017387
1.0901964114175144,1.1628573650733816,0.26253701765920034,0.018763879193156762
1.2644802719539967,0.8654814849223058,0.33545657164257336,0.024384459978939017
0.08250755256667319,0.771938938381634,0.2839995689089594,0.020408192106261172
1.5436466004776903,0.2870609572379408,0.29639856206022447,0.02136207697689756
0.7853142292178301,1.789419007432073,0.08044148739070708,0.005298661202728744
0.2808247790844751,0.40759955270123327,0.1861258503898564,0.012990662201748574
1.196108232947031,1.0743314549517473,0.39130295248257135,0.02874778997325341
1.613004396117317,1.5583944696045877,0.48541063461030937,0.03619584839743544
0.5071362971759257,0.2593505382924284,0.29364229519184193,0.021149788414736293
1.4135354239837241,1.153075176444297,0.34413579115866133,0.025059484623031144
1.3571247196313603,1.6660238633815054,0.35365594803797723,0.02580126423039694
0.24588332873873853,1.4748470921241026,0.3147418694184673,0.02277830033046057
0.4115634304380702,0.13539165334216663,0.20197160563577105,0.014176312655408922
1.3868801294961906,0.9745913108379949,0.06748159706507714,0.0043914412254601335
0.22643521515809395,1.2494556896662863,0.40813677500460066,0.030071788389812244
1.0443793496702662,0.47426605757659823,0.47119950483809314,0.0350641964864811
0.1541384337673688,1.9288667718530899,0.32289867088039725,0.02340991097081946
1.7175478802601325,1.470728315129823,0.13804730219031686,0.009438387061088956
1.6003505594973162,0.16840787650450073,0.2837611630597869,0.02038987871039481
1.147492028322923,1.7387334071078084,0.28698515104886785,0.020637622291060993
1.1738810362765129,0.33485530970567745,0.49475962824168573,0.036941573589025556
0.8036066831482034,0.028561481004303113,0.4332044003418218,0.032050336944766805
0.7344246827245378,1.807001644811415,0.1273233008801616,0.008656741845845107
0.7053646979524093,1.555619299254486,0.08895973213843292,0.005900594208551647
1.0119520846961503,1.3601918233932606,0.05634875250863048,0.0036216231349168694
0.2401342706968732,1.0401667441096174,0.059673900083148435,0.003850538595669962
1.8939816311038176,0.9606874905468084,0.17896646047240788,0.012457211143109128
0.1896073424478053,0.13435107053132844,0.4194007587462901,0.03095982950433442
1.8697826153896075,1.180101203408715,0.17839529932000808,0.012414716158613852
1.3716040869992332,1.4706965563144536,0.15721361890631125,0.01084565833967914
1.6021459745102697,1.2465384489760845,0.1456860848043132,0.009997740315195607
0.28875995446467173,1.3575185328618453,0.46736906225315383,0.034759572847108136
0.2469354051692616,1.8059133268548788,0.4379724331239881,0.032427579777895364
0.5805917407811578,0.16512439668356094,0.4255268231947473,0.0314434964743124
1.4634280244547184,1.5149570491732567,0.09158831739060287,0.006087163667896208
1.2316197619727614,1.5130288961960625,0.0680453046143028,0.00443066759353394
0.4448390666276727,0.5237189044423904,0.35566342311822263,0.025957857387349265
1.300154328902325,1.7710137478392314,0.12027167448948954,0.00814521518227681
0.4577338403945366,1.4399229473294115,0.29700257694566473,0.021408616640854326
1.8833467099533387,0.845236409660987,0.47835394792375946,0.03563362469481983
0.3792374552037341,1.0756421055460783,0.26712291991036763,0.019114465391413597
1.9399415565478417,1.799903123573814,0.40622678027192005,0.029921372687035135
1.1967009403884914,1.1654261045769745,0.10390921635034975,0.006966443725325874
0.41159888961767344,0.3668493221739644,0.10322761635403789,0.006917604827620893
1.9184920719823513,1.989263905977474,0.24409689836331155,0.017358491854878203
1.3676097231605149,1.8205595251070807,0.0904229392883805,0.006004402233284168
0.7329408923820948,0.7681409642205741,0.3033265461408137,0.021896271625341454
1.8337428400934626,1.2570065445108267,0.1966613817265383,0.01377823653123288
1.2006263914125248,1.4232877087021862,0.29091202498637075,0.0209396376314178
0.8583727906441545,0.8681698448879815,0.40025107765435575,0.029451090890451264
1.1761185525474593,0.6168103737859678,0.22790099260528413,0.016130158636439698
1.696731438272392,1.6811611409515503,0.36056488738741066,0.026340451906342214
1.4308567287123792,0.8020754810900816,0.29513532682665133,0.02126476520688966
0.16695407577994392,0.9927595065773862,0.05757656524760125,0.0037060446147164088
0.14839303815479243,1.7965764960001085,0.2470054349700046,0.0175796891476493
0.8175369548705238,1.0939927624184278,0.4002554145522323,0.029451432025183893
1.9287535125260096,1.4182199348590179,0.24612415308699975,0.017512647649769373
1.1919515940483338,1.7920984690547344,0.47428321865285283,0.035309559266454175
0.7652760144998272,0.6662953207368258,0.4837427653531526,0.03606291391701238
1.7037979958888216,0.44940708583347866,0.3794232166124561,0.02781578902180164
0.41309415579909325,0.21551408314730458,0.411935091446888,0.030371057156715817
1.6686197572381365,1.004506043843028,0.4649862949992265,0.03457016529882552
1.6637452899151473,0.008520690727014557,0.2934774380968988,0.021137095412651363
1.1989873403679743,0.5405306938142265,0.24537504110570307,0.01745567369391118
0.4456162477025465,0.11054068606660916,0.22663875609437972,0.016034675268412738
1.7903369555188202,0.18784822431081127,0.45554143512252077,0.03382004979381744
0.5022124371952281,1.9620259074364161,0.12982753469836833,0.008838876242508922
0.7404616483519026,1.6475557912187369,0.4285220037419171,0.0316801482808066
0.843038451519807,0.3616563778842894,0.4615317708399981,0.03429568216935872
1.8139620060804047,0.5739857278601954,0.11801928431829223,0.007982256239484809
1.5946523959523355,1.6669857448932655,0.05823248000212222,0.003751194853424394
1.1401455721028926,0.503727059645579,0.0669259134565812,0.0043527953367207516
0.15738360849213584,1.2789982668639928,0.2802838885378055,0.02012288930881254
1.5761369502360232,0.48973415209935744,0.4651667842912951,0.03458451015721516
0.680651318436595,0.7898170395131956,0.3394682101402438,0.024696316489664197
1.7994602357249383,0.5718432636092479,0.06988719878253677,0.004558993815590418
1.536111954028993,0.07968784169590704,0.4570490510954086,0.033939714016884885
1.4735693507277698,1.1439072893471574,0.11595720677611943,0.007833254244531348
0.16009369797153017,0.7596997739634337,0.35259707115130656,0.02571869118761855
0.29271625327952133,1.1832454745872796,0.4841866361846036,0.036098288749193005
0.8432462365162017,1.4676103809962544,0.35242517619959357,0.025705288136154466
0.8396202565590769,1.6998593915743194,0.487369483804224,0.03635201514487244
0.3491095807044169,0.6445373646848824,0.43722117481065753,0.03236812194975726
1.2942704770460547,0.2746726701277866,0.1988093524196612,0.013939168999776222
1.524279970167171,1.1189646924058978,0.06952997002028904,0.004534086967119199
0.598343763352557,0.13917286346403346,0.39675533137296093,0.02917620322783676
0.35851621500597375,0.42115933314534204,0.2391122789018087,0.016979830129534027
0.30775472534421167,1.5091950484606755,0.29227891323031696,0.021044831031855137
0.0472463808920105,1.167020120003589,0.4462315161740624,0.03308170081257497
0.6343415591866761,0.26003358156201895,0.45848878357012973,0.034054015541192306
0.6016139079252711,0.97762420776712,0.3024494859773371,0.021828597371163574
1.9573521022103606,1.3529625130780043,0.10473206385995273,0.007025432920606825
1.8251388160485336,0.22034282360871704,0.45499440792148865,0.03377663727493681
1.1535942791481386,0.6497353988969499,0.45489669089224816,0.03376888275184917
1.2425086250242012,0.4809563085860564,0.49342059669468896,0.03683470524895782
1.7004409747328917,0.6313844716763028,0.25701643562645243,0.018342398779764475
0.24816040559797137,0.09616008296758416,0.11218846855538463,0.007561406385998196
1.398441525733792,1.0048787733517153,0.45751232538286185,0.033976491029699234
1.2327931378811512,1.2002050688650614,0.18907929276096597,0.013211141250998558
1.5989084788700667,0.4591582105166303,0.46215247694392314,0.034344990659755395
1.2362234717714222,0.18056977691934928,0.1107904905825603,0.007460725988351421
1.9663990952595907,0.5349478522469284,0.3225632511781928,0.02338391630674626
1.809368512254373,0.18596107737152368,0.17900250498297232,0.012459893206462345
0.923452037135921,1.921417421829434,0.15648378371855337,0.010791843928188166
1.8641458288530857,0.4298303117923439,0.23672999260906719,0.0167990488931908
1.380162904394757,0.9225995250976962,0.08749591420786185,0.005796860676713531
1.2776036055422888,0.09825335062838692,0.3937923655236044,0.028943341462049903
1.9367594923165692,0.19891850542596434,0.07308588631206475,0.004782400726648394
0.6939182631948455,0.3006266595006004,0.3054249140620731,0.02205823712407314
0.869645797679065,1.4692148126677387,0.05435118755656021,0.0034845475418919616
1.8476532920670907,1.3127250202561833,0.42589764064919317,0.031472788865034095
1.1851293728935401,1.6354691136724862,0.3187311934364098,0.02308706879506726
1.9007282050298366,0.774421379212747,0.40464277684591593,0.029796666418060867
0.6458112080459448,1.3392545145873338,0.3966389593874147,0.02916705519407868
1.318059982505886,1.3867952277813027,0.3963670158059362,0.0291456783565492
1.255873678654107,0.07617200597204743,0.35400818019656444,0.025828735684451147
0.07250940820153473,0.6588384696304641,0.08822765966793406,0.00584870101135407
1.2666526341323092,0.8689155455836735,0.4494904454929471,0.033340039471423125
0.005802334878686866,0.5536004104675663,0.42457746221919773,0.03136851058949129
0.5751932158096069,1.6099553895909111,0.2048825898225214,0.014394839831562018
0.45178261936426933,1.535539429075603,0.23856649111923123,0.01693840167313762
0.9778249709748081,0.7868589512602342,0.31968674221608284,0.023161066742045114
0.7332693036159899,1.2925412417501623,0.1731057925493948,0.012021621055634396
1.2576223789175602,0.7865197126025363,0.423073411534547,0.03124973587382226
0.9858783312344055,1.5140119568604051,0.13792934150223504,0.009429765775030225
0.650669509745057,1.8697356433572512,0.4155775526935617,0.030658225040828626
0.19691600080647342,1.0604841196676822,0.10869956625535566,0.0073103044289340065
1.5064727510954907,1.0212206124393073,0.09692508683958484,0.006467079941482552
0.7886820133533203,0.11531686751597059,0.42627123576367404,0.03150230245416186
0.29430458132425064,0.71653411514475,0.21525240084452796,0.015175022697102119
0.8385100090908786,0.8726996011258763,0.11145373271412004,0.007508480887982311
0.9413360432483107,1.869369995043059,0.15595789150314146,0.010753077984952017
1.038111750741874,0.7900140438441705,0.4447945237267757,0.03296783024660984
1.8956684195478652,0.7806892500029732,0.1689611683806863,0.011714186479974801
1.8607330398834139,0.4981857604330673,0.20061481345591992,0.01407453249601025
0.5014745696997236,1.2188017777866453,0.10618801958886687,0.007129887300214019
1.4909846180089463,0.16033805707544135,0.3611518559307305,0.02638629318262707
0.9069280656756171,0.7400994120172566,0.3662052796586667,0.026781169102631668
1.5337574553131896,0.7830439355879437,0.2860131726504587,0.02056291142868701
0.9925580984587208,1.9673330810270553,0.15255058506451705,0.010502129472802421
0.8138964505829409,1.9594962445702566,0.1657802034477626,0.0114785850196463
1.1452826391895223,0.226698540280305,0.3601928755635431,0.026311401060994357
0.9116641721465208,0.6732706517126124,0.21504334589772206,0.015159268185564036
0.0011274558970413295,1.7786377307910604,0.09710820651089894,0.006480142042136698
1.8857998362238324,0.9309145833157622,0.26175250088499785,0.018703946029513665
1.996288809726942,0.7421268333988575,0.37575597854085496,0.027528486780141435
1.5419549769112384,0.3922533691896606,0.3754806342966148,0.027506923284480726
1.8485571934114962,1.5628303722545864,0.17267914251726751,0.011989949896185948
1.6997635324904659,0.8660134899787035,0.4373587178594991,0.03237900717399177
0.6694126521386112,0.20659555150945708,0.48011118504048056,0.03577357494744197
1.2190573568508771,1.7369837222519957,0.22512699541895415,0.015920364648904294
0.10752361298299107,0.6875879101302254,0.10934673043328776,0.0073568404083667275
1.1730132241950992,1.4968669858943828,0.18450782091822365,0.012869975865381753
0.12357318632748915,0.9716921825187192,0.23233942006049946,0.01646619726966089
0.1587428722380928,0.3524246243901319,0.2670207725436616,0.01910665180980041
0.6579744389974633,0.7022410687665264,0.15564071309617164,0.010729701658319726
0.8155551255952258,1.7696177533124693,0.33013247069582036,0.023970973057464123
1.746969622098296,0.986300991340253,0.44818379096713407,0.03323644405746902
1.262093737187916,1.812052509637256,0.14846304913753278,0.010201592616408944
1.9956724248641988,1.0252240168971305,0.35506382608775405,0.02591107939881128
0.07447186769919778,1.3087769345335485,0.05628536999102553,0.003617268524759043
0.8901916416209783,0.35559484087783755,0.07517560571250971,0.004928720350673109
1.3285800563248489,1.754075143020811,0.26669345833911784,0.019081615879972588
1.0458526878046865,1.7187997202099128,0.2957814453264436,0.021314534566741688
0.6869080188127417,0.40115264357649205,0.10944445486359528,0.0073638691854916
0.33293294064604817,1.6218359152318857,0.3928621370314094,0.02887025897846771
1.393033520937298,1.2332530884234945,0.2712570091106309,0.019430867426879685
1.587014372459603,1.6440869453855331,0.4441497367825332,0.03291674410019045
0.697012027276247,1.5483835969202875,0.07560216236266148,0.00495862209493113
1.1982874289118255,0.7301914721226501,0.178844726375051,0.012448153213782107
0.25033451982042654,1.8638767079720846,0.06550854104708131,0.004254322583986653
0.37697137428455796,1.4820150287796703,0.30869676960668757,0.022310932976154337
0.6587046520050641,1.071391947810936,0.23741031120969786,0.01685066253200266
0.14348707936920713,0.20735306185008873,0.1197489274738157,0.008107375868094908
0.9619078464738224,1.874357293166372,0.380791096042033,0.027923001900933827
0.28065798025446353,0.23597626394334115,0.13816104602744167,0.009446700635377038
0.16692913405847887,1.3470496890909927,0.37345376985671164,0.02734822367480056
1.6130341761969336,0.5975459340189957,0.1758459054300321,0.012225153450488793
1.7663393153267068,1.0809405081499717,0.16730766238464131,0.011591679282049894
1.3876814863848062,1.1249158124573777,0.43436948462721603,0.032142491127316423
1.520232404937571,0.3883251412787996,0.3008006057347641,0.021701405906558644
0.7807679679677226,0.9534828992393798,0.3538025396916263,0.02581269704546393
0.6594823810141013,0.7048956165107727,0.1622928609233082,0.011220649816884972
1.6295612006252027,1.247598477923705,0.11946548979615448,0.00808686384626384
1.925594629589755,1.1297451755087156,0.49249828797820405,0.03676110726480155
1.5385524705153357,1.1585913990636993,0.3227804187247837,0.023400746343937212
0.1747447133361384,0.5352726056779649,0.18083821479841455,0.012596537056055887
0.043510383333536184,0.5261718701928808,0.06925787084868093,0.0045151214792893
0.9833626246688916,0.08367539690979231,0.059406715278048014,0.003832111396289762
1.4624374841412542,1.1747428091579935,0.38974525429715257,0.028625471335751173
1.886425107120783,0.7492343059463389,0.3372498402212175,0.024523833360869777
1.533234969152376,0.3769093564567565,0.08124880533904433,0.005355527932327062
0.811761248890315,0.6099749351831474,0.12342835064036198,0.008373952409353031
1.2945874670765192,1.9576918151586957,0.2974209984993404,0.021440860071193637
1.758667534722655,0.14929820646761427,0.23854973318966688,0.016937129752547346
1.8925747262574801,1.5463428509013284,0.1382033022435561,0.009449789276379577
1.5311337219059986,0.68417829416728,0.24100554971431176,0.017123590848574538
1.5682307410769618,0.17095343350317482,0.08906570893147,0.005908108855869821
1.8559286811980211,1.5492615971349881,0.3699918739446589,0.02707730142728118
1.9082590824742716,0.5268389033622691,0.231874466264549,0.016430974142367397
1.169117654331311,1.3974944547657984,0.2947085147466668,0.0212318927529826
1.5554081874371106,0.8779634706420612,0.41256457710260536,0.030420672676714597
0.3346353086225058,1.7388273977518045,0.48641171142789047,0.03627565254492822
0.8959885701009929,1.1466687431122395,0.0639604209769803,0.004146934034709682
1.9483561938458078,0.7797435609304568,0.06218045057710074,0.004023684447089551
1.7521438793410617,1.7991623238361487,0.29856020596993155,0.021528662882714083
0.6755154661034903,0.20345474580683387,0.33519428652265804,0.02436407940181817
0.37992696655452707,0.4800619001413682,0.41639368811356775,0.030722592188447737
1.104589733890391,1.1840633974032144,0.4075968025892784,0.030029259604760435
1.3321721848668726,1.4935575641068153,0.43102248348092614,0.03187780081442966
1.8917955080766986,0.3280694265937514,0.29919008277115944,0.02157721968096338
0.13779026020804497,1.0976205839832023,0.1971857617055392,0.013817513528030602
1.9670256807782283,0.8495697768034649,0.37516509592865027,0.027482213340613654
0.8642818036587345,0.5947032052657191,0.3565763172649115,0.026029087919878874
1.102564996986107,1.8829881718274002,0.4609032817612094,0.03424576006639132
1.696069112272714,1.809478747006023,0.09057544246948183,0.006015228357897802
0.658101681336974,0.9476564589405936,0.1441066830675483,0.009881918309324896
1.3379655698111201,0.8859896119118915,0.17719591117603278,0.012325511016951543
1.0844967796802627,1.1292670828785376,0.3374835591584525,0.024542001840782503
1.127823143742733,1.4601862663682952,0.4870594326892305,0.03632729382655582
1.3286577925081624,1.9859945062925994,0.05333599110445907,0.0034150157274636
1.268444417919707,0.46380505742993705,0.3174099198482001,0.02298477424626463
0.6029929345232128,1.3014705161910183,0.34092530624878703,0.02480965126731323
0.07959361595742687,1.5496573856601616,0.3801643469364398,0.027873874693853096
1.0311867702524111,1.5527657516953144,0.23261773964125787,0.01648728402801141
1.6870537075566794,1.181253364284951,0.264102439346577,0.018883506492337575
1.5217895387620088,0.2522063514311821,0.41796759853679877,0.030846748270541024
0.759593300741555,0.37296045883231255,0.13470320864912044,0.009194178935065191
0.16076030186180557,0.26391436971548954,0.4807857651684333,0.03582730939766345
1.4846483232533936,0.7070851518530252,0.3934237844334918,0.0289143828259674
1.113747588094754,1.0360444427227378,0.22138518590084616,0.015637659046029772
0.020277099635070073,1.3690749512784925,0.175597584194284,0.012206699368040643
0.5301626770702992,1.9792739799689085,0.26993347779703875,0.01932953465513439
1.2175977726977352,0.7971567452419281,0.06072385694150042,0.003923006939945352
1.403738740594184,0.46710743089139406,0.47790986736512947,0.035598262746026364
0.21433681977479435,1.0131869706893752,0.18269770470820418,0.01273504862176928
1.6177046848195265,1.449602925765966,0.415662774146358,0.030664945897558943
0.1547014296444691,1.2870578503803751,0.16837662482226617,0.01167086852770265
1.9940333049636458,0.7920156460317749,0.27968377983141685,0.02007683526875645
1.3939734557808598,0.9748619733969013,0.24588910558195382,0.017494769745285382
1.2371538883703914,1.0939325420642563,0.27948254161220953,0.02006139320423384
1.602064839577885,0.24989436976190404,0.470390687085134,0.03499985935212968
1.9527185825157443,1.5992653082923147,0.2037046365031105,0.014306385061011149
1.7327675688386595,1.754596948042779,0.49964854856481744,0.03733192825853679
1.3991083429629732,0.3587506158229776,0.3562931896802487,0.026006994932504707
0.8853186837324152,1.2602360470433684,0.1411659151786345,0.009666497444127613
0.03111709594112022,0.15277402364607284,0.1900530271661009,0.013283884319832554
1.3586233918870787,0.10970736297775341,0.33684232849621487,0.024492156925308223
0.8174152919661652,1.423448994732336,0.2916062959374906,0.02099306329410972
0.5894889665052967,0.7438193179818693,0.36512554882845827,0.02669676687321587
1.5612900747647147,0.4796909492529069,0.23991124783821327,0.017040488267165498
0.9273378528101239,1.9585164810795637,0.4114178033219297,0.03033028886532325
0.12825745214968043,1.4556200469154434,0.1925132247745338,0.013467788299481278
1.3489922735978697,0.25662637513990005,0.2224411411219741,0.01571740666866999
0.5438747841380378,1.2828164565511482,0.12205302504270173,0.008274244128456416
0.2895562621040153,1.2278901884480236,0.13264845809392092,0.009044333981991098
0.06426776344027507,0.20248483904707837,0.2653244727487969,0.018976926572450776
0.8831609110345888,0.2923818673486176,0.0913411133076775,0.0060696019188607635
1.4869254800717717,1.3040099597937662,0.305739264898909,0.022082507364722594
0.18566861141470814,0.2936220729129617,0.2868885120794858,0.020630193379601376
0.32692891245655575,0.5924154099797534,0.2374134918850948,0.01685090386386218
0.9991149869531322,1.6376116265271585,0.1154629921479484,0.00779757021992233
1.6345486303046177,0.9043286277527263,0.3221727158197298,0.023353652588987653
0.2586124916816044,1.038328260354816,0.30613348195700585,0.022112946309708916
1.6512016011299644,1.7351531038484385,0.06599181293465774,0.004287881814617126
1.3436401164951282,1.890285098663917,0.0560075022172161,0.0035981819928483896
0.0714766789057868,0.49330027985750124,0.08965712763324384,0.005950056733700111
1.8919421479474743,0.18453336938700327,0.06940013099591237,0.004525036463297051
1.8131010238713308,1.7207799129787125,0.49480237439416513,0.0369449854958832
0.5641147324870148,1.372784803714013,0.38693272387947536,0.028404702196736954
1.2753602765340388,0.9274497148149725,0.176828863172927,0.012298219935143778
1.728457905729695,1.619240632082131,0.2066386895609042,0.014526773831803542
1.6008162552599852,0.2351172566001627,0.2702038802594517,0.019350234543358127
0.7768414067077216,0.654632615646306,0.4427565122065036,0.03280637709809429
0.5084660326291417,0.3344018020731936,0.35124176777333094,0.025613027266092717
0.7853433481366316,0.34005386653658265,0.4465298762182455,0.03310534671936828
0.5388513963105404,0.9078626002308599,0.1462787494128257,0.010041224501790418
0.20305729911926007,1.7446472482536253,0.10162194332759308,0.00680264121254313
0.20201711851585902,0.19843431686366064,0.08174764706970628,0.005390685400692572
0.4869910210692874,0.6821407190653506,0.40110731303938885,0.029518446191748635
1.2055221625477297,0.5306495542058132,0.26685667378974903,0.019094099798549084
1.0626848865818064,0.03543270417483013,0.4398535180067845,0.032576487808897235
1.7806192554199927,0.8829250593537137,0.4506764756569709,0.03343408942494486
1.7941458830292047,1.6923517851993604,0.07986801701758742,0.005258290372131057
0.9558045878588584,1.4919429183120043,0.3496827247849081,0.025491513928115765
0.18431822357841843,1.4330838343274621,0.2413029782968928,0.01714618243292121
1.4877921071320033,1.7203251647801105,0.47924457533774156,0.03570455180777094
1.3639434107693422,0.6901440613348848,0.40593057419275985,0.029898050261892243
0.2887526446810622,1.3846716378466242,0.08436985299119572,0.005575735305152926
1.9519798179218986,0.7429498912409713,0.17622145677689027,0.012253066100162906
1.6409406526023982,1.0034380592531864,0.0622226118448103,0.004026601011504414
1.3917909595226563,1.5386473423969356,0.3506572570275066,0.025567465556131597
0.044855638143587395,0.48028714863825517,0.16531797078386612,0.011444375087762117
1.4487685599444704,1.92819736681724,0.1597507846362492,0.011032869972487834
0.1872976810950877,1.609804396285152,0.4364622938026487,0.03230806798520855
0.9247005859748376,1.1862176231062453,0.21344431960066684,0.015038799588104007
1.3170585992255073,1.9276859851333676,0.44828626587291803,0.033244567817111326
0.5763498816684276,1.5995459852554548,0.12655010762404884,0.00860055674425499
1.195157675871227,1.9027858245538602,0.3871091004404102,0.02841854360198228
1.4251495864490218,0.26305167747655833,0.4749898608518063,0.035365800407739345
1.8287814355742988,0.30337054117205864,0.4534065609536975,0.03365064487403967
1.7783115538556489,0.7582290083536054,0.08604121557115094,0.005693891948238754
1.5590831397741558,0.5512298318662738,0.35081766725764274,0.025579968764489844
1.8247999491388647,1.6599061294287794,0.3918435496658645,0.02879024836234375
1.2487756208958174,0.353283289661404,0.22431193530081733,0.01585875645549804
0.3035183909346093,0.3415869951473731,0.22004016895588907,0.015536118981988409
1.8643117247901135,0.4913551078994123,0.24882663921819959,0.017718285324000663
0.7452582531745087,1.0346245634377025,0.249277850066785,0.017752633937327754
1.4462629537657594,1.1421900980672866,0.10794033606117548,0.007255734431184051
0.08488086012948748,1.1176609233641452,0.08728686316157078,0.005782055986877219
0.691852160779991,1.624715396989545,0.22996196538916946,0.016286141712700233
0.12279353106182955,0.2691245590462281,0.37276945914778925,0.027294656857211937
1.9909813660702285,0.8124548270249294,0.34553373557082057,0.025168320149735603
0.9209021330725344,1.721962984014619,0.4570816161885017,0.0339422991116231
0.5196452992232508,0.4260924745321637,0.27845280737943723,0.019982388310920963
1.543646889603834,0.6893987629320377,0.4043384215155784,0.029772708822368057
0.8562982978848672,1.3297175874938774,0.1793018778162117,0.012482170906345267
1.3715732895519959,1.5210948002508113,0.09337003856830656,0.006213836062946767
0.2347041347604688,0.3704761419849214,0.2569340275853489,0.018336111862774118
0.4097621570673904,0.5009539107983576,0.42779206829644045,0.031622464900704625
0.10138149422124298,1.0140102183624484,0.28794903957242246,0.020711728571600897
1.3331007987617927,0.8683194035442432,0.42024645225760293,0.03102657012555961
1.5542941721167167,1.6659803763668382,0.09849371786747277,0.006579026758128182
1.9855601115202386,0.6987012165295416,0.2876383367263242,0.02068783904875342
1.4129401192678654,1.8802403865719617,0.4535827956558376,0.033664627236250196
1.0774453051284643,0.2898135427801578,0.18455470189040396,0.012873471621076382
0.29859458118372584,0.9387732124421078,0.3944561971994674,0.02899550202822012
1.76390606292039,0.5728967496088526,0.3628036492886953,0.02651532308807789
0.49584467096039675,1.04424749015895,0.3767273874599943,0.027604571059896065
1.236202716727123,0.15772690641608866,0.4537968761781729,0.03368161276880463
1.7361950900574386,1.2320232018373432,0.2583289054325954,0.018442545941570715
0.1748889977017487,0.6152616050461395,0.37741898179878897,0.02765874749615089
1.9448235651109802,1.245238249885173,0.2437725967229472,0.017333839599127963
1.4700826853549585,0.9288851968266898,0.4423469842320969,0.032773940094374815
0.010193866651801109,0.23515262816992433,0.4674568948940094,0.03476655599004867
0.6103876141109719,1.8689458915623753,0.4708439772819699,0.03503591522802155
0.45558851780829324,0.5472434748431787,0.3891065166583293,0.02857532404719652
0.5407936016450183,0.21005330463957272,0.2541552761281767,0.0181242023694543
0.70835799935103,0.04451261791584282,0.18725056968037007,0.013074595986234012
0.9924917396161861,1.830594839377081,0.1679745688269482,0.011641079946448585
0.8684181244088882,1.3864910863077333,0.4980994502340347,0.03720821222634497
0.3513573403538659,0.018955088412516474,0.44285661994273623,0.03281430652953209
1.6299958388175808,0.4771127922073488,0.3420552726523937,0.024897564502704545
0.6316068819363714,0.12868372721485177,0.4913025368751888,0.03666570340461049
0.691653503383654,1.7699348192134066,0.320557882502344,0.023228541374581774
1.241898278032789,0.029302638236625045,0.07245280754488687,0.004738129888621499
0.7146491679572631,0.0025768475506975363,0.14533362590662063,0.009971885961477401
1.814978051966716,0.8092242147921078,0.39127916174473754,0.028745921546642773
0.9571902180903691,0.1606873458336764,0.2296123799433803,0.01625967680048134
1.5866600987283135,1.3610858908430932,0.19348653100528163,0.013540589501082695
0.8664727299782982,0.9017922604809174,0.2025957025020546,0.01422314532597325
1.6998449830133628,0.4275168939889018,0.22999207764596513,0.016288421451917324
1.6816550508906893,1.2662980406265874,0.0764736310199789,0.005019748426686153
1.2380006010874083,1.797682686737638,0.27752619813137125,0.01991131276322509
0.31192991323284613,0.9218442384035987,0.24705059689050068,0.017583125182249783
0.9893501331642156,1.021343924276109,0.3546231302571696,0.025876701674924684
1.3539276297523424,1.5836990480644677,0.4367844483427011,0.032333560769732796
0.7951044483611105,0.36686423765984766,0.40740426654586953,0.03001409620707017
1.4240911584540297,1.9181021853680869,0.058855622856005534,0.003794121744536265
1.1138470446801627,1.4193600858856619,0.33684087530035595,0.024492043971165268
0.218172516626995,0.43090890365372836,0.3986976384036675,0.029328915811195788
0.9436079894954232,1.753813541881889,0.4827553226748125,0.0359842264932842
1.2568001401563922,1.3397492756560694,0.43487695895436546,0.032182635946386165
1.9732744241049798,1.9495693634458828,0.45933791429736637,0.03412144033215121
1.4744741420291578,1.1830174654495929,0.3771300966121458,0.027636116676817434
0.545583165435729,1.3788638877193307,0.48569218102785794,0.036218291653959116
1.7513472843696238,0.6274245822724296,0.3817990044258479,0.028002017658497975
0.9991648284488173,1.7212568309132146,0.20807967608635936,0.014635091526289088
1.6569562545377017,0.222044387672943,0.15069758663943644,0.010365817651615665
0.5337170451360618,0.7703577974373719,0.30423621242320087,0.021966476043528284
1.0068398906436062,0.7279836995853592,0.34758553954328036,0.025328116238217277
0.8363855528681678,1.7695501560443891,0.14084603810969154,0.009643083955486005
1.1034102169950735,0.396494131445553,0.2473479485181016,0.01760574953755086
0.6762244047706214,0.6668958189313989,0.15223899287166665,0.01047919983794154
1.1809349657621835,1.1148492605108504,0.3941622100065201,0.028972401240137818
0.4599067579137779,0.544818018701299,0.317329821349442,0.022978573869966847
0.05038658365151005,1.5417852555100653,0.2573437021155719,0.018367367342739187
0.5305792501755247,0.6759791245425224,0.33372459973601915,0.02424989938458625
1.9244827015729393,0.3036949030939171,0.4828132282551713,0.035988840572239715
1.9751098006973553,1.5271411378801396,0.37992611868223247,0.027855202835643317
0.7629540017902166,1.4592836334603152,0.15072831793332897,0.010368077393700319
0.7216484825733294,1.3611108793979245,0.08363222070529061,0.005523639697690953
0.22444154933500116,1.4793139134205373,0.2500197591405928,0.017809121397147694
1.0530427617659661,1.6396946011432356,0.0625790221124547,0.004051261628382752
0.9843672716822878,0.6971885433629632,0.4061218168982261,0.029913108034918937
0.33215124334783486,0.579252395213796,0.24571539062183323,0.017481557601779312
1.6151265974427873,0.20482652521645228,0.15372368956522753,0.010588485534330972
0.03411638168925979,0.9495511178193747,0.16608566241206385,0.011501195711835685
0.5178119042606641,1.4453733775233502,0.4995946535633973,0.03732762358352691
1.704680466022,0.7607629650332057,0.08631155490728659,0.005713018499136939
0.9939010262444281,1.6248855550348331,0.09922414317565317,0.0066311963554744075
1.6987329805960452,0.32749437405488613,0.43346697975646575,0.03207110458736883
0.609088272044078,0.5836779754215105,0.08857428943737918,0.005873268287935138
1.013362830879493,0.6825334567796859,0.433915035385955,0.03210654371509846
0.12694373639580925,1.9325298066665872,0.11669496463598228,0.007886542457622887
1.4651755465171323,1.2697477349058708,0.18806135393447315,0.013135123512601004
0.3250052553648799,1.592802036553207,0.3442968697348406,0.025072023677572254
1.2564633364429405,1.59329639557975,0.2637475860509927,0.01885638480924942
0.5132089717675801,1.5554502725447648,0.31882549167554414,0.023094370595330226
0.6237240846340344,0.3469334956430956,0.14338669315433583,0.009829148409150851
1.0088125609242014,0.8133277337866442,0.4689321458417629,0.03488385948330336
0.26205088334909843,0.5713240005600342,0.42312452624359487,0.031253771919074434
1.893426672722378,0.08103279768600213,0.3701350704361482,0.02708850429155481
1.7388370774883544,0.5808874874979597,0.4727875776235382,0.03519054135744351
1.2252846453229023,0.9342236852848926,0.11244292222762917,0.007579741125595084
0.047709966558949546,1.9178603563319188,0.49922203421886313,0.03729786279150889
0.19525424229825838,1.7954232846372404,0.36569431837720495,0.026741225271905623
0.8843838549507441,0.6459172466588958,0.1363521135734718,0.009314541382254614
1.892780629552751,1.6562523911710203,0.09620209204091651,0.006415524694641431
1.8558308440830644,0.6091331765775423,0.26932838044369206,0.019283218340499314
1.5178446336287295,1.3093365504785317,0.3163597963334756,0.022903493400974227
0.8530342565776239,0.10583244910746314,0.3428367803754734,0.02495837880986788
0.8902204457640412,0.6621908096502875,0.30363507873480844,0.021920081315446153
1.073138849560418,1.3433903836570738,0.2052210752597025,0.014420263851223369
0.013616630838388266,0.11251116561635688,0.37358856262181844,0.027358775849443764
1.5468674711232486,1.9739918401649128,0.36090773332779585,0.02636722698459238
0.015173619300911101,1.3972262543622849,0.13692167999183752,0.009356140506190944
0.936504966845265,1.149496604898041,0.47750857948659253,0.03556631031036744
0.33516058272319693,0.7135689108941694,0.43474871283782185,0.03217249046347706
0.11948719543732933,1.0251882281953808,0.4946507694365981,0.03693288480289021
0.8441465450765919,0.9240524348988075,0.3462274501654918,0.02522233987515659
1.72352124944293,1.4123006683585426,0.37994041949986607,0.027856323682587215
0.1369333540832609,0.7017795289304356,0.33283976280285066,0.0241811730936411
0.2310902405659394,1.0606978336084245,0.4391403160706906,0.03252002504921038
1.0363228963257136,1.2482765812396668,0.203077539091149,0.014259309496355493
1.194635293381146,1.0234784042648752,0.08865981218350737,0.0058793307071972846
1.5148441446055836,0.13641804360688936,0.20775855007932142,0.014610948270859852
1.5739194492464832,0.4571898086423436,0.40127010837014104,0.029531253523016773
0.10822679102248811,0.16306740156598742,0.09313612591439603,0.006197196339360882
0.8251463349298997,0.47934216073072133,0.3328963186106959,0.024185565470787356
0.9968055902872794,0.7540010988506731,0.29372752533703234,0.02115635081474261
1.4658729445261502,1.37544364236477,0.3477768931884206,0.025343022333127702
0.660553243991786,0.9527843902996807,0.3469641215749633,0.025279712834813336
1.5383780790736905,1.654058765735578,0.49691349392276657,0.03711351583381027
1.1705501632651065,1.7049336207236174,0.3041300010394016,0.021958278324549073
1.509338425170452,1.570549511216585,0.055473655720196025,0.0035615308297996862
1.895441152128791,0.10613406931606018,0.23565595466760525,0.01671758584456945
0.787732891560943,1.9708542988115705,0.06415838367870144,0.00416065621806904
0.04540267311457202,1.1288519976680906,0.08802429827184219,0.005834290933756086
0.9359107878837252,0.7894768007583031,0.08340648142769513,0.005507703083049859
1.2605941888095602,0.8252767548411695,0.08536661537945836,0.0056461819860733455
1.5394068267309602,1.4482493855374419,0.3412531385348309,0.024835155088277196
1.2392902788006972,1.619121316212597,0.1715082546187054,0.011903060118787369
0.3818365966289956,1.4021319743355516,0.4203835553042709,0.031037390926586746
1.9871566194840082,0.2188980224049064,0.4016105044265392,0.02955803410462578
1.362287721674656,0.6079720271014908,0.3756735926166949,0.027522034638725122
0.28238310448400616,0.6441562999035546,0.37716354805356583,0.027638737149855323
0.19286889517302552,1.4090835472697596,0.34698151770963054,0.02528106777082456
0.2359384906131614,1.3443043972599504,0.13574902180904508,0.009270506753630501
0.5165173227050959,1.4615086070283125,0.47176348078086267,0.03510906227203623
1.8142267405568273,0.8422880094218139,0.3247940846582567,0.023556838449333112
1.3080757892080601,1.5008469236133473,0.05777210571085763,0.003719501051139914
1.4366083019396105,1.1979338083120492,0.2715246490238443,0.019451362741238862
1.8164455121998804,0.17833436761247512,0.39057157161217043,0.028690353916142476
0.42084283904323905,0.3548804173847524,0.0683119690171887,0.004449231629426729
1.9293791553970854,0.3305217318521054,0.47204543550031874,0.035131493907447194
1.7447573048769474,1.565466504050759,0.13169624197907848,0.008974946710995486
0.8716530648878975,0.308169124351352,0.30643583741063996,0.022136294116211975
1.6185318070317563,1.7761813771424078,0.36353453584522605,0.02657242926940821
0.38240399281555515,1.9024452218948025,0.30245878357400174,0.02182931470587684
0.4687806555237699,1.818933203120804,0.27316363066563265,0.0195769029450854
1.451134221576678,0.1577987007854209,0.12071581780862661,0.008177373647011923
0.21032063695620828,0.5131622442616512,0.23108207913965617,0.01637095714819709
1.3734402460630346,0.06243303787318211,0.3263399144670158,0.023676710925260244
1.7653957783022531,0.8956661373137103,0.4150429098835478,0.030616063441338128
0.3188264855144449,1.3554154601549324,0.4535664688911005,0.033663331864155425
0.5776340447465858,0.8872569422086032,0.43072740953588656,0.03185447231864987
0.19507747865345992,0.7295848274467431,0.259585929784031,0.018538495296281512
1.7242976456324346,1.2872540670221575,0.19420465687201438,0.013594319972605538
1.814534278988927,0.5404280405530673,0.2485388366961594,0.017696378481740393
0.7116715053260476,0.33607378850418534,0.15032023015892906,0.010338072363708777
1.435629003879593,0.2250262595662209,0.22976373834427383,0.016271134850643524
0.8203586515977017,0.1197360142828614,0.2692111344811495,0.01927424474524387
0.13265130128249747,1.0846162060746614,0.1701083273573712,0.011799227418561998
0.9791131905830575,1.5163138290481073,0.24336624033479104,0.0173029530280706
1.6030139923055622,1.8678232306436984,0.25518752905355063,0.018202904116630846
1.102463682795937,1.9552445931396403,0.08608178302951314,0.005696761838242777
0.8680175007978486,0.6463702160623923,0.1624706200666203,0.011233788282583784
1.641571672999598,1.9825643712608445,0.17642522990223958,0.012268213145316776
0.21183312559995682,1.4458961574299023,0.34675997478338494,0.025263812765605284
1.5908695521280534,0.32467922130232685,0.2938611791464435,0.021166641918976964
0.4069553620475137,1.2731458479514735,0.3672917723305092,0.026866117237402717
0.9044869633231551,1.5322925447192517,0.16934203119476537,0.011742416114510566
1.6916183390781765,0.5033068253407305,0.45435826582546107,0.03372615705555064
0.2899339963661509,1.287337135619988,0.17235349674100384,0.011965780134608915
0.24078758748843465,1.6027547455662492,0.24954897954152783,0.017773275845240594
0.8693154918733945,1.3793820426975894,0.346487667835836,0.025242605015892934
1.7644151471809535,1.4492747342619614,0.41480884485099173,0.030597606397568103
0.24075272634238654,0.28697119331521814,0.48830037336325144,0.0364262443179857
1.4634525813220884,1.2947207833419365,0.49023426822730415,0.03658048437192473
0.4439382371123699,1.0143729855978396,0.09721075321250519,0.0064874575386941
1.6233505606940286,1.0419489541011167,0.2921093670741568,0.0210317811998898
1.416373226659811,1.0141173530847574,0.2054005681763148,0.014433746939216995
0.3023987898204561,0.6253864234300748,0.30933650127426804,0.022360363160585234
0.5107883960661055,1.6721608517752047,0.364652098924078,0.026659762866755712
1.4294325038770495,1.8339532331061281,0.3159184160081328,0.02286933557641604
1.6637499037143666,0.7753025903507282,0.2666896428374109,0.019081324048632782
0.44035704551173316,0.2685691654340707,0.14191099611009572,0.009721048026572242
0.4135245771014717,0.03657957857460725,0.47358975955365673,0.03525437297923777
0.8524483498088613,1.857395272350824,0.12316510600044468,0.008354861754453989
1.2332087864012187,1.400318331969459,0.1536128650163698,0.010580325426063901
1.729958958011702,0.44921472909208937,0.06878719601018626,0.0044823272870522695
0.20437517630080437,1.5088380350409092,0.3868465576196391,0.028397940333380972
0.04657114274354157,0.9511954297120648,0.2442416130309284,0.017369493277962104
0.20213786077339524,1.6387172500461893,0.14856147632835912,0.01020882284998499
1.9441618011026343,0.5417160989560752,0.06059829042043349,0.003914335718218472
1.9984706603918072,1.014776410083959,0.19644328919386084,0.013761903137586042
1.3951393285739047,0.23100916750936928,0.2817160198464567,0.020232822586898434
0.11162263656198346,0.29772037345793234,0.27354339812398115,0.019605999219604126
0.0473006092220567,1.9339376434417308,0.4454979491135062,0.033023568115537756
1.2449305702436524,1.740758299047552,0.4399393870567884,0.03258328631478494
0.08932599016411213,1.3342024875577843,0.091482646740535,0.006079656265591286
1.2819590899646423,0.039002064034018735,0.4222611375628586,0.031185602797009868
1.1997971365756226,0.03931008513512824,0.44004982766913964,0.03259203035832433
0.9999150533332475,1.379535651682368,0.369349515856562,0.027027050732817446
0.8668806217876917,1.6953730177671067,0.26488926156110915,0.018943652823664368
1.625527401412641,0.47130349811539585,0.08606537749162957,0.005695601239400472
0.03021154603889431,0.9387170786682466,0.37901791837587007,0.0277840273107157
1.7332748041492543,0.7675962617450331,0.2763374254466614,0.019820151956335224
1.3906908641439506,0.5196636549066433,0.3820732393128882,0.028023519007141506
1.4838946512101505,0.5237610264256014,0.07021657783246747,0.004581966701427062
0.7340568734641184,0.31899687221100503,0.3108834240437872,0.022479918458443004
1.5061667495833417,0.9271131504772154,0.20758288769692557,0.014597742513931087
0.5191488274632896,1.8700890253711873,0.36086357597360064,0.026363778349958393
1.5785139604522378,0.4262508150582305,0.2642148659427767,0.018892099859623406
1.8305882199563859,1.306421677843525,0.4702864829905158,0.03499157102746535
1.360832313361682,1.0890031402609242,0.4143123356481602,0.030558456871227754
1.1354015868775205,0.13096759069865738,0.3184682289319591,0.023066707438993892
0.014047581225076211,1.1861676944840445,0.2174142324996372,0.015338001419513607
1.0434139013760886,1.4051297119330874,0.35036621375990207,0.025544781136537346
0.9980798297997513,1.7424300119682543,0.06820596157357797,0.0044418512444487175
0.9758103514748109,1.8411294172818802,0.40759734252869834,0.030029302129005925
0.9288316982584237,0.7944837414429406,0.27830511497804167,0.019971058472871846
1.6089955398398452,1.5059457633493933,0.18908648100724318,0.013211678156173249
1.5729240793369161,0.9246200642990299,0.2574228725991434,0.01837340792745345
0.955040521636314,0.5938813433341807,0.1490706480391802,0.010246230698251526
1.3862051005419567,0.14149777737340297,0.41200946070332056,0.030376918605421382
1.154941362164027,0.006718216381120801,0.26249195771368555,0.018760436503486758
0.07414128868305947,1.9906036862812218,0.33842385905849703,0.024615106181875984
0.28294316245746987,0.448362649266014,0.16538005861371635,0.011448969837158792
0.0739520808146008,1.3602961571324215,0.29009957582842977,0.02087712907005716
0.44179038490238076,0.5154320424836174,0.4530890357504665,0.03362545354945398
0.7994601713495655,1.9385541454845792,0.06704302630989022,0.004360938298781075
0.3162455675441853,0.04236015496206402,0.14485332866565448,0.009936661089642536
0.71747759229763,1.2173702817257033,0.4562572795349775,0.03387686521549317
0.2600683299823281,1.9507138340489225,0.1870927203283846,0.01306281414938184
0.0802171846843196,1.706801903711842,0.45226002904293866,0.03355968883830589
0.27077855884395663,0.8812703052643929,0.2759252322854717,0.01978854931373497
0.938527806332464,1.7299662586637785,0.31974606369556485,0.023165661116528655
0.19787893714803517,0.1366789918531499,0.4592995920150566,0.03411839718549692
0.7409646966245962,1.3918354360701735,0.4617958670125635,0.034316661239158074
1.743717286802012,1.0992403850307684,0.2380824622644922,0.016901666548104842
1.8345463041157724,0.8560681469138751,0.09428737132900492,0.006279119587852055
0.19752630994473974,0.38509681895558256,0.24723900271463284,0.01759746004744607
1.9304338473735225,0.9097644977207231,0.28461607778936227,0.020455554800272835
0.43622374420756316,1.0402623309334253,0.31199303658328426,0.022565701144722457
0.2594760062379722,0.8954321827886407,0.331667329273143,0.024090128270244284
0.6350337303548259,0.22643077419689095,0.21286400834624808,0.014995095053853564
1.3673707612262445,1.9317717688398608,0.2798324001801771,0.020088240180190127
0.3854949678170272,1.7548054866802552,0.1260548258172572,0.008564578877253095
0.7041855359361975,0.5200697048814962,0.2785636638767064,0.01999089265092385
0.9938713858211949,0.7193551843820218,0.45169519340799674,0.033514885456926345
1.6336588753410985,0.6342685432611479,0.37171968100224445,0.02721249498747593
1.790863931271312,1.059640917195971,0.4948222378612212,0.03694657096244324
1.829121097951486,0.7894400759932145,0.09461279899940728,0.00630228974951851
1.0679667499878243,1.1487042926528552,0.4261281397899554,0.031490997824018145
1.9006638386877182,1.9433310788962173,0.25778017307616097,0.018400670992095844
1.8181753565406948,1.2422780723861258,0.0511675542746218,0.003266805087740636
0.6835900542453723,0.3605770755064823,0.4327118486567265,0.032011382931082716
1.3970684591990024,1.222119706178437,0.21111779569806693,0.014863633555712926
1.5005540468657106,0.8930472071870146,0.30758262668542885,0.02222486331042358
1.4149016113660162,1.3362318682489516,0.2489024835742149,0.017724058706841406
0.6608670004742891,0.8280645193410145,0.3363452390669586,0.024453521074201554
0.5171233476302306,0.4010626442300034,0.3590087278452554,0.026218943350918636
1.9084481213914948,1.39763801574848,0.32628112146458127,0.023672151061979094
0.8907116116822817,1.826799437877232,0.28320215775690066,0.02034694229498068
0.6811878883737799,0.8024414917882237,0.14513884378957137,0.00995759972312781
0.4739556016782911,1.5317249029502356,0.459432089502188,0.03412891879622293
0.6633085549004598,1.3455003472275886,0.1323765950375832,0.009024520009452613
0.5450434470013801,1.440300528574078,0.10294277694796189,0.0068972017235047044
1.8291066305969346,1.889396708189029,0.15348137137130083,0.010570643961127476
0.6928118860385175,0.15522052558398403,0.45336140854741136,0.0336470625678445
1.3022305437499602,0.0196861748736461,0.08454909500632399,0.005588399109390939
0.31724717934632496,0.6028842119611388,0.4601111434999195,0.03418284568371688
0.5990430997797436,0.7388879045990291,0.06439874671432592,0.004177321392669553
1.3550834148775734,0.059614751722494086,0.10036739234523713,0.006712904456407361
0.7094040617625184,1.0281667187318846,0.22935538729987315,0.01624022327896985
0.6875033158721631,1.7735540657571205,0.35444243124046987,0.02586260658929832
0.3832473469500197,0.5556298716921799,0.051771235558079554,0.0033080233876340262
1.3056203813256506,1.8767801244042672,0.24467652604217277,0.017402558714421392
0.6436598057869247,1.9187026638093894,0.056407401568681716,0.0036256528403506654
0.5812727017927295,1.9096476789842196,0.32193383395777403,0.02333514218805371
0.699849817994566,0.6301657876759748,0.46504438326637815,0.034574781973813334
0.43778562980397817,0.24661333209251435,0.48723643115526155,0.036341406319573936
0.38224612067516506,0.45238724582420664,0.06924805242362539,0.004514437224708037
0.29934664477531836,1.8847403337016102,0.18511151251916064,0.01291499578990266
1.3430484014622774,1.767601643659718,0.3108467728565559,0.02247708536335631
1.6076800010784238,0.8029256421415825,0.28310477201887907,0.020339462830440042
0.9666820016907447,1.4139088821912837,0.14182942086132178,0.009715074586130332
0.7168318919542593,1.0466621948172723,0.3118541346384684,0.022554961663791857
0.8271182096358634,1.9898765183125515,0.4628646469371426,0.03440157061127619
1.0517456880890734,0.8658741990244478,0.41080771373774244,0.030282211290549758
0.10608027515032159,0.2563246502400538,0.4305386791061194,0.03183955190120436
1.7425120422800833,1.932875060101912,0.1258100554118579,0.008546802058820361
0.7299742555093451,1.6364922809089937,0.49566138671141446,0.03701355433847053
1.045473892551184,0.7067237678489491,0.4527063005796626,0.03359509031619532
0.571637050402751,1.6487803740178226,0.05169983350228988,0.0033031464434085606
0.07780610581390168,1.099285852444424,0.3154363191052721,0.022832030513681142
0.9566256222216847,0.07334563935029248,0.2093841589725447,0.014733193017752583
0.19318806867620442,0.13485601529108426,0.22572474992894898,0.015965557084822606
1.8989289217973595,1.429544778706229,0.29445868380294427,0.02121265265600511
1.8016604303968742,1.6181699971693655,0.07714189256654752,0.005066654056764626
1.6264378218085773,1.2643291023885745,0.08490901632131129,0.005613833856111889
0.3887394057135831,0.38283627320014313,0.4909328517629576,0.036636211052940564
1.5768587780372112,1.0170377479933925,0.4618845588772665,0.034323706861399364
0.7335801183158714,0.2546769914051017,0.4770903989063378,0.035533014769432485
0.13501800945035236,0.3986223940204039,0.3932390734814672,0.028899871181442084
0.10576586475634886,0.7351896679344445,0.2824362362931391,0.020288122435481674
0.16536363431785994,1.3211646625325997,0.2866270999569725,0.02061009875428924
1.2963355170700377,0.9258274284786203,0.25054088343511316,0.017848805667154567
1.5502610121806526,1.0378279829066863,0.23296219711124638,0.016513384104316395
0.8865004568924351,0.323095115907613,0.46251044158510174,0.03437342921671533
0.30672167376279424,1.3163486288289543,0.33396234549933657,0.02426836751290217
0.9476203016807676,1.3234556911632775,0.4434121051739993,0.03285830819325502
0.5963891596113609,0.49030482794463537,0.23988362896098492,0.01703839119476393
1.3438000670842223,0.6580269654032873,0.10191738339278916,0.006823784897743172
0.5459919557439685,0.6656410718593848,0.32701952486378544,0.0237294242097422
0.6881969476450909,1.9168976952768595,0.074706555710018,0.004895853324408143
1.219141071870377,0.2887521209365227,0.20446149081356307,0.014363214659987814
0.9796381939795147,1.0082604414500809,0.17320205837290173,0.012028767822244444
1.4418759714284843,0.4228554116250387,0.17322025159166798,0.012030118516068404
1.8720227667346294,0.19516958528014228,0.3658807400090294,0.026755798130029762
1.905985947352266,1.2366319989512438,0.24829093137737934,0.017677509922621504
1.7931163653257531,0.323701458635014,0.2677574700731234,0.019163008796011294
1.6025184640962922,0.8943469355719111,0.44786036634610077,0.03321080521728673
1.3573195622918204,0.42086073930440615,0.37025236538894946,0.02709768099224637
1.7363840519948295,1.2368359642963038,0.09335641281635791,0.006212866695904084
1.7723754682709973,0.909744946959909,0.2951612211421371,0.021266759655498072
0.7119591098043219,1.0434129469151483,0.3779828708713112,0.02770292513795341
1.1945020373079334,0.23975845214726998,0.3789987844050634,0.027782527910700416
0.7191458705415086,0.38384423456935757,0.2329648951668149,0.016513588550683602
1.5933301352116678,0.7729282965456803,0.46824957666009687,0.03482958232716561
1.2283044490416457,1.1345610499435859,0.2280341362136311,0.016140232572765416
0.9454090682764229,1.8050756805063883,0.25068260482345023,0.017859598914600438
0.6314927500743643,1.099776891294395,0.44448600202064836,0.03294338558846085
0.407485532336332,0.009408200419435797,0.42915446160633336,0.031730133946950456
1.8881420883958502,0.9131377735311261,0.12667884772495733,0.008609910172836155
1.3047827746550922,0.4627468740108276,0.4266349800158106,0.03153103955124862
1.3110583674008993,0.4007821951106254,0.3254214411295746,0.023605482519072112
1.1615355961787692,1.5808289340909785,0.16176276389402525,0.011181475387764471
1.7629422604271467,1.3303281912567142,0.27715197980046846,0.01988261299045419
0.6542337890711789,0.06597589126240333,0.44753409317428616,0.03318494185838455
0.5534161518632787,0.3519277415910651,0.3740015813667731,0.02739111042137455
0.42198871885873657,0.7031105612170416,0.319919976243499,0.023179130765047195
1.0267528665832473,0.5911577630435838,0.220786688537064,0.015592471101328222
1.687590591915966,0.9964091346572983,0.3675041408309292,0.026882723433917163
1.5394315715776332,1.2032239407018657,0.06416457341301414,0.004161085319118815
0.6292998332942081,1.917258203995264,0.4376012301387717,0.032398200289872864
0.10267217898899306,0.25126474469608673,0.4526587721275394,0.03359131990186916
0.9798949663204051,1.3778292046634653,0.35269331582847757,0.025726195807127414
1.8231557225841561,1.9799415400316527,0.12848480784586702,0.008741188486632967
0.4852557367833077,0.9913418287726776,0.22147511439781215,0.01564444958598345
1.3471853278024823,1.905388008507111,0.0997915523465524,0.006671741056960106
1.6755346303098484,0.018323801605584444,0.28256906359513007,0.020298322279807733
0.6286667925791136,1.796704813378703,0.18749542205478514,0.013092873063131954
0.10131771904969455,0.004291439460573532,0.368896178075592,0.026991590437771867
1.626228102411506,0.37310814046057916,0.43935137716983763,0.03253673367229073
0.04277523744830347,0.4595987334417446,0.42804531788606215,0.03164247726107731
1.1964809088363315,1.9178423073067512,0.360956149164068,0.026371008234859696
0.8220042392867857,1.1530021957711543,0.2860287805021755,0.02056411098384518
0.6646279771472776,1.1143324075938772,0.05160685959566368,0.0032967967828670553
1.9525019755741915,1.0355626261156503,0.23219421572662413,0.01645519662006656
0.7761742099920446,1.4072289961314113,0.2665598660887188,0.019071398154021833
1.002537920982574,0.9180984981728739,0.05659546635655327,0.0036385764912212322
1.8070782175320785,0.9515142805203745,0.3203514937426481,0.02321255427882524
0.49554314698158985,1.1390491338337556,0.11095616541564118,0.007472653098938525
1.3244517668860372,0.7290401248940581,0.4212015557811986,0.031101956332531107
1.3929196799417196,0.336719259129987,0.33258377446967613,0.024161292538233615
1.3488414570223415,0.5425497470672667,0.41313251327229156,0.030465441401757037
1.6960078448414988,1.3600991751548066,0.2871765969695592,0.020652339791194414
1.4118248382616303,0.004379064851540715,0.07440739880769184,0.004874898388388187
1.9566643062638305,0.5396389756398485,0.36250183950055903,0.026491744172113554
0.5217941480903925,1.1703527785468486,0.09933172449725189,0.006638882443434942
0.578467607891693,1.2556642069816057,0.2888598289992793,0.020781768185011974
1.8150823561708402,0.37683083607208734,0.19981049002336915,0.014014218339948733
0.7478466098237488,0.4347200070509356,0.40039558522566693,0.02946245780492432
1.9969694565808769,1.2864650260227224,0.32186610819133266,0.023329894448034016
1.728125989337767,1.9324509163647294,0.15365830654841628,0.010583671276616895
0.8976784951071883,1.5522822871893984,0.16506100278777042,0.011425359688046907
1.5320886628888333,0.8843870956761526,0.24123227737219083,0.017140812075798286
0.8532070232467488,0.7939678851417524,0.11560961897293817,0.007808156092003816
1.718055146591495,0.3413411110121696,0.073383189250359,0.0048032000985616065
0.5328542339990683,0.47832977730110704,0.2093990894604571,0.014734316085177333
0.9008025713529544,0.9439879094369046,0.15728531275819702,0.01085094561840633
0.610700255908498,0.8501798028291538,0.09103218997505835,0.006047660152130238
1.76257368371602,0.1384018919729335,0.12268986135093916,0.008320403867864012
0.8076374098626458,1.8054180922550986,0.31931403341215214,0.023132202256994482
1.095863730987791,0.42713627006828325,0.2649598734339032,0.018949051145869446
1.5768809464593496,1.5336224218560601,0.2819851826718584,0.020253488377481154
0.3272291095528024,1.6325676034400538,0.1269886545720512,0.008632421435059344
1.9963467821285084,0.1764109956974449,0.23157856462854676,0.01640856029924071
0.1010622797069014,1.1048078309219695,0.48076191970429033,0.035825409871255376
1.46490643224364,0.7177868396069242,0.294360619435385,0.021205100785039763
1.925178626072623,0.8883112199398238,0.07980556669766012,0.005253895236139331
1.3720070195266254,1.6546110917345698,0.2836296388215427,0.020379775992142656
0.46880393212820426,0.44811081464314517,0.4991173471781481,0.03728950180182152
1.2845272847780822,1.2028412198548162,0.13849041287199593,0.009470776828348031
1.9272961385501202,0.47256059650132576,0.2728772433190638,0.019554962929670308
1.1703289254296738,1.7564133694885806,0.41003781323791494,0.030221546988549532
0.7252777684783609,1.8156601859225596,0.45453308778850876,0.033740029336853675
1.738341007751516,0.6742096787007072,0.46526935791877366,0.03459266263560531
0.2407681685171239,0.7647873982989148,0.45551873930887393,0.03381824856422827
1.9557246079257677,0.8760193643956831,0.42251360746272154,0.031205535642458253
1.9136527125963068,0.7891038248288262,0.39877915563415417,0.029335326172828552
0.7853221986858818,1.6024149968263735,0.3532198719666195,0.025767256198538285
1.9967320717861594,0.01748267572693818,0.3541940623337927,0.025843233850814995
1.390283567622463,0.7661697213270768,0.05667703540427474,0.0036441827681721567
0.5419411287270428,0.7461096016648745,0.23665979269658194,0.016793723627975064
0.10282724480733219,0.7980502196261683,0.23329922189408903,0.01653892357180375
0.4992325257683281,1.9278407433388662,0.29556791503227725,0.021298085876912377
1.9058880590254654,1.1118535152480373,0.46066649323879344,0.03422695271395609
1.1935550837292321,1.0891671838611126,0.4572767843584522,0.03395779229259414
1.2722380579657218,0.7432421677765904,0.25929005337867117,0.01851590799800554
0.49877034983074653,0.06644980317563265,0.35923283850600735,0.026236440196176925
1.1513240766293198,0.917953995571883,0.4972763342103887,0.03714248629794738
1.5261900199343725,0.5613810588624921,0.32243834402298066,0.023374236613824213
1.7748290356661907,1.2643612716936274,0.05009067719717293,0.0031933613335419623
1.6448543786980316,0.40316020288403354,0.06859000169196246,0.004468592400792093
0.30439008272799417,1.1238061000489223,0.183108790920175,0.012765683194017104
1.4593214893240218,1.538668384994195,0.25569502080867174,0.018241604717551044
1.3020404883183607,1.918994380558081,0.40819171026232287,0.030076115365114734
0.4135618430304975,0.10709833177191386,0.39920344247259854,0.029368692751168914
0.8967218372622838,0.970614014668435,0.07731492203468864,0.005078803666377369
0.9495055130175702,0.37828861829659455,0.2888481088777389,0.020780866811982834
1.975299655618847,0.06675339834580019,0.35727301545181905,0.026083457765119725
0.2507146653877723,1.4478872545358143,0.29801207761764076,0.0214864137709067
1.441684829035071,1.3499773901704049,0.294298333428092,0.02120030427166674
1.967452944065702,1.2918064141811643,0.2893377157285971,0.020818523724075264
1.3221708470714797,1.0737628092803146,0.42891801367317567,0.03171144592893081
1.9297135251898097,0.8997222883200351,0.4761245467518976,0.035456121312745205
0.3051205395091767,1.1622246362695707,0.23606234542484417,0.016748406544342086
0.36396409262835405,1.3792306665479988,0.397897961257131,0.029266035502684615
1.4585583737638312,0.09907879036076861,0.35540243850441855,0.025937495817873916
0.9870510500258265,1.9477805889376156,0.4770026616455288,0.03552602938357344
0.7534284556891797,1.4537277261492327,0.10632030370765658,0.0071393826554155045
0.8989618928316152,1.49807564858603,0.28150237981502274,0.02021642069661267
1.658385005104251,0.23354216755355717,0.17778925908965015,0.01236963639909375
0.7653351883298598,0.27484853482959704,0.2200491340627126,0.01553679564798519
0.13661923743985827,0.2343014844829283,0.3669250748409992,0.02683744481514897
1.5137195260681395,0.04360519410088548,0.058488795219900885,0.0037688480065862866
0.7143560932208417,1.647364068929527,0.36729001003792555,0.026865979437359876
1.5355324698695847,0.7180150580539355,0.37319373191717825,0.027327867495781553
1.9821315949821934,0.6304609808012656,0.2987635506538605,0.021544337821962658
1.3402114088738775,1.5293371753787077,0.37118494419624043,0.02717064946208681
0.6277551835347543,0.5864169363879945,0.12103422027450977,0.008200432795975385
1.500708355276436,1.1012469956331843,0.2639614492087093,0.018872730217236414
0.6080883253845131,1.1698796464584262,0.0969976509214941,0.006472255803086092
0.7925810683596715,1.856647024093581,0.2879924525887053,0.020715066681547767
0.19059077422395632,1.6098116973083705,0.19041382087504188,0.01331084404006642
0.5310856602093346,0.4187625421251804,0.15799488589486668,0.010903284179930172
0.44205676037827657,1.1454058712470676,0.30756201078824746,0.022223270895504663
0.7255895881385226,1.6809768966654608,0.3506132205673497,0.0255640331942281
1.0409368377819452,0.8323126449203846,0.24581083464455006,0.017488816655753848
1.875893229101305,1.2448669918486657,0.4358923742988531,0.03226297220456826
0.824840684163241,1.5865593447666038,0.3441785481475276,0.025062812972895317
1.9717504865334734,0.8645272527968131,0.124962592207146,0.008485272231290765
1.5958112890799199,1.4769017378675438,0.45886519667531606,0.034083903369007615
1.3883510160029664,1.571212887903239,0.08820771783311221,0.005847287842378849
1.1291238162289614,0.4302370928221675,0.4566833149737235,0.03391068188456736
0.24019602802846118,0.7173711946477312,0.4236978208524975,0.03129904187727765
1.9056367908701763,1.2312369816328448,0.34588120833534963,0.025195377004558914
1.187614535173343,1.9755990850358973,0.2695880248953842,0.019303091576543405
0.7835185191123903,1.367833408790441,0.39839782413787017,0.02930533975952476
1.3888148372543412,1.9631230646177267,0.2806067071270097,0.020147666136187327
0.9659069886122631,1.7875707616832341,0.47960406135740197,0.03573318286117274
1.8053543005155062,1.5506108706953718,0.452253680571952,0.03355918524916902
1.6990446305127862,1.9624676705318018,0.23653416498231444,0.016784193960861258
1.9717040992052846,0.09565571163889341,0.06942972686762183,0.004527099357820808
0.874647750925392,1.5713578633149679,0.11428016871560304,0.007712209100149126
1.313459937857546,1.923880855682261,0.4370665529911032,0.03235588538535413
1.5019416709362536,1.979912381840395,0.08307093064582548,0.005484019559182677
0.5495746986822949,1.7564023263951363,0.4230610312031944,0.03124875832118048
1.2654607060060414,1.8186314935548082,0.21871889280406054,0.015436412883307382
0.3576489015060076,0.8055180653747884,0.3849822281795203,0.02825166329927965
1.4693107856817105,0.7606140904169929,0.45271681822037146,0.03359592468038901
1.9532452704135514,0.5162042464221386,0.4285228242280437,0.03168021312379989
1.952437830054377,1.3301577120716377,0.36886018282204835,0.02698877500086196
0.05713603971884229,1.4397504215270545,0.16577551115598346,0.011478237709094495
1.5182243983578672,0.8627075363651158,0.31811110795035064,0.023039057399325234
0.3183002034417626,1.5056000423840206,0.3811882509054734,0.027954135442994195
1.67210052774539,0.9439097466788371,0.34732658661337185,0.025307945185733666
1.8284268531269758,0.09955522836338493,0.33141907730837056,0.02407085321636203
1.5574366066150807,0.35148848326365467,0.31653983937650715,0.02291742763233059
0.45828270805223736,0.6718988150396528,0.18479202567803976,0.012891168993941144
0.6132632467081647,0.8967615992582936,0.0864285697374147,0.005721298599588875
0.0852014872304947,0.33527765173177393,0.2639827751985878,0.018874360197486183
1.4956373646876016,1.0306729465919202,0.44912024888871727,0.03331068708356022
1.5615626394802182,0.08660701672733806,0.4814344295690064,0.0358789844075741
0.5633582439395621,0.5321075602277359,0.09625586574584319,0.006419358267336175
1.8718799353080733,0.570632135246343,0.34175378564592973,0.024874106357418182
1.34703802836327,1.821419623345064,0.42662976983707424,0.031530627916553124
0.04849309490428588,0.9197240685351449,0.2746599476321963,0.019691560940279053
0.3964881107744245,1.2941002471989904,0.1594411772613732,0.01101001369787217
1.1249131789388105,0.14844578845999856,0.23713183389074816,0.016829534095704562
1.3983406850850477,1.583558502239969,0.08116985709183437,0.00534996516444068
1.9431932744654037,1.360342108801906,0.3992934328714657,0.029375770051039415
0.6425738524708444,0.14844427697302542,0.40719258993011315,0.029997425942212788
1.3358492894272165,1.6602526366066592,0.2990013087764576,0.0215626664740159
1.6440494975760216,1.6565781392477725,0.1568168987459731,0.01081640402761541
1.5645986749007352,0.738187230403625,0.1531632058733317,0.0105472208013381
0.6788995426239048,1.190796919026287,0.32099762739358323,0.023262606856050135
1.4631379588386275,1.9455294045451337,0.10925165841780506,0.007350002820687097
1.2308651306312313,1.9827047524286692,0.26352465482078763,0.018839347308464836
1.5735107791913774,0.5692123042399524,0.3622720758273543,0.026473794773188022
1.1602182409917996,1.977127949510579,0.07300828632173388,0.004776972775830625
0.8580427404714184,0.6228858763550096,0.2093912143508112,0.014733723720785578
0.6910592496104355,1.4704644344966356,0.13856351615865514,0.00947612109856268
1.327903785757299,1.0291497823991749,0.1283050186149573,0.008728113564536151
1.6235412627752361,1.5888530316770015,0.25302122245462094,0.018037764483967513
1.127183955891694,0.029459676504570487,0.22615623948987384,0.015998184413531496
1.5978752383004138,0.30962677390401216,0.2785192716651899,0.019987487080860438
0.3259718888871608,1.5391247177883367,0.1950827420252943,0.01366003729086576
0.7258220119319478,0.20725203183482366,0.20005013459123988,0.014032186923857447
1.643227208237882,1.9587164588402979,0.41023485720987807,0.030237072318551574
0.35842935162255496,1.6272037978764453,0.4670237464426776,0.034732119356851845
0.2857048697661233,0.6225472833097716,0.12178978996301174,0.008255168936589227
1.6367241944777355,0.02736714164095977,0.09579533585178399,0.006386531498024882
1.4154930850909924,1.1663228743319605,0.18336155896433326,0.012784522088532778
0.839151318696093,1.0923444613396613,0.1607325281585903,0.011105365821994277
1.275337470541089,0.18084833227121266,0.45262360492646464,0.033588530118547455
1.9823943741181362,0.673899962875302,0.08477262827692827,0.005604194774145281
1.8911622782426154,1.4879811166920998,0.06617991613440197,0.004300948616416462
0.3867554229827914,1.9275855358152236,0.12926757998927446,0.00879812919604675
0.6288743023860182,0.00012309945585586846,0.3284839247304221,0.02384303456022128
0.9387687309642929,1.9946176185135893,0.2618828213851337,0.018713901007468843
1.674898680458559,1.0734661192632589,0.28945963751915765,0.020827901724139862
1.5443356419049972,0.7020907644885133,0.2819198153178133,0.020248469475842978
0.4978487187414309,0.8984338037342492,0.44298417097008125,0.0328244098951829
1.9538054549771169,0.768427934450995,0.1268319029882935,0.008621031038277325
1.6410236726804994,1.1358301868225822,0.07914426777636827,0.005207368857818537
1.2668337535046639,1.00825651421566,0.1879063352149169,0.013123549496050498
0.5332219765943116,1.8172866594111363,0.2150933482929,0.015163036301221842
0.6290448685484127,1.7857562972318726,0.4811038899870033,0.03585265179888809
0.23158465328929756,0.005331724981290753,0.35292978870159286,0.025744635234011843
1.3245480681609243,1.3606727485514478,0.38762733011801737,0.028459214941020456
0.15717760678581083,0.6924533704191391,0.08545000855720587,0.005652078423169274
0.09923482925688987,1.1234172444150123,0.36436882664844616,0.02663762439188908
1.3184624074697249,0.6484970558854379,0.05990924642485529,0.003866774677469884
1.0114675863542613,1.689319210077067,0.24087781685880527,0.0171138893196522
1.6769751840164575,0.9271997266997822,0.39907977489328544,0.029358967087177983
0.48693683309357905,1.4030224128916096,0.10135534499776147,0.006783565276462061
0.4034784082937666,1.0246307712747609,0.0723321859681544,0.004729697910104497
1.5049205404839938,1.990562230962079,0.3877490235169823,0.028468766141385552
1.5984884845502803,1.5620134975056328,0.4795601328384979,0.03572968412058334
1.703727061299596,0.27571557226360266,0.4040215577607929,0.029747767937164642
0.3155071199714441,1.2427200936151979,0.09162490184906119,0.00608976296078485
1.3271329660608249,1.399244374233917,0.07797651597579387,0.005125276074942846
0.03580005161600286,0.9765292473186693,0.2364545738898346,0.01677815664720243
1.7389594566499018,1.7106131283686683,0.15244432369890001,0.010494309483670182
1.9379271470297597,0.20847071874273015,0.49991506702998006,0.03735321596102458
0.4035003080378745,0.7125247962709538,0.4492902294250877,0.03332416440309987
0.10664395739395327,0.38252920391715795,0.2811268181714471,0.02018758960183771
0.10461993592161467,0.8213861735449517,0.26381854567654145,0.018861808101271218
1.355961756566595,0.7076924471547945,0.44224094304771727,0.03276554135184818
1.968804594227904,1.6736955382000271,0.0967172949649166,0.006452260011458879
0.18090089635382833,0.6405357762726953,0.14124725019469592,0.009672451366741034
1.2947991186266445,1.0653566270297656,0.43473059073328996,0.03217105684995796
0.11253450887031691,0.7358482649297633,0.32279927301448263,0.023402207549391246
1.618455324860301,1.5066052925037023,0.45298083775098796,0.03361686978175287
1.4186996655417345,1.3939850072074171,0.2527273897819062,0.018015372831414578
1.9660353175621716,1.8794683838090753,0.23990763395168163,0.017040213867601472
0.05034609494953046,0.13305237918497004,0.08831773821479187,0.005855084660806603
1.1231401735399265,1.0500044567952285,0.3161178456488606,0.02288476875823088
0.5441294318521572,0.2618849416896163,0.16910747401794074,0.01172503016676874
1.3570314650719673,0.23207844795809285,0.06508089553369052,0.004224640383517905
0.10608335357512533,0.6259596327135504,0.39604641594790296,0.02912047806475333
0.8348121009475691,0.23954382188648227,0.08058864510512677,0.005309023932945499
1.3635669622138442,1.9785410185057413,0.4879083928706039,0.036394986585601294
1.846344124698017,1.053701531748785,0.09902750729204696,0.006617149299987169
0.9948607776280567,0.5220869958179655,0.19419585280584079,0.013593661165655354
0.3982429761359674,1.9891185739033004,0.369367675825296,0.02702847127672256
1.566548482204367,0.3304007288757689,0.08898977441355532,0.005902724396217291
1.8324384987729945,0.4577904769568166,0.30119137119339634,0.0217315444661757
0.49692580395460206,0.11227469512199573,0.36247581761370423,0.02648971127335075
1.7913164081344952,0.4206174000380001,0.13754729767447887,0.009401847177585897
1.6806552443552472,1.054642732491513,0.3714386851275016,0.027190505296483907
0.968778040599577,0.8922374612631017,0.1400355000974702,0.009583772850228696
1.4153888246560606,1.036866443674976,0.23542667202096212,0.01670019865246091
1.3507486303321008,0.2931268034340595,0.34472678739979185,0.02510549231348477
0.44327902701727306,1.115573887775252,0.11747143121986349,0.007942651710107997
1.939272047024755,0.5372044417049429,0.1848180445332953,0.012893109330539656
0.39348650303180044,0.2672295898550807,0.4877999057750797,0.036386335796379496
0.056278726599378714,0.061999009626631185,0.19951632518368567,0.013992163851302879
1.3603400982428089,1.165887269692364,0.4203995144125556,0.031038650508404823
0.46106787781338743,1.4465312902232679,0.274724591775197,0.019696515387708675
0.6029493798923622,0.7592401616040481,0.2542293053909154,0.018129845827049934
0.5049370362647503,0.8047117495604017,0.44302299407349743,0.0328274851278995
1.2714827084333495,0.21139471756359351,0.3520685551588877,0.025677482998308153
0.9811784452219676,1.4870995221917247,0.4529307022073879,0.03361289238223965
1.2993908919353836,0.18025076829427888,0.36155218098442105,0.02641756085917757
0.6201902998807725,0.3838130339577168,0.15299639739803522,0.01053494179894659
0.6449820981664649,1.9798017933119192,0.07699800129292578,0.0050565518754292745
0.895497696591224,0.840058702970238,0.28200128437693456,0.020254724677782974
1.1467517064709798,1.6325695712900532,0.3516779377238202,0.025647029449309904
0.08738477577707937,0.7983012440299404,0.4847777523935169,0.03614540195690315
0.20513257210976188,1.938588540033231,0.3128880547286857,0.02263490916376946
0.23998745903150276,1.0391577073329317,0.06145156376751365,0.003973284331432191
0.4489864183835106,1.4805734908511543,0.06981064318306875,0.004553655433956264
0.7869054300300016,0.48386082282490595,0.2425049828621456,0.017237501842430742
1.5264964757367083,0.0943456353146559,0.12797556155728196,0.00870415753943633
1.450680889027235,1.5200639795373754,0.2972151828057265,0.021424999588634676
1.1301138402160198,1.4784667150486757,0.44585931382508287,0.03305220421633474
0.21046038546214718,0.46667708687896314,0.40730116408275685,0.030005976457195216
1.4675949412044063,0.399318238772554,0.4849890132903647,0.03616224085740613
0.7898075895928487,1.0191762020428894,0.14068430266611343,0.009631247081884389
0.07434588206047388,1.8117595192873632,0.15106167858084182,0.010392592203480348
0.18217265252436587,1.0002808039119795,0.49910116069171273,0.03728820905427054
1.6561624475997294,0.6381216166052526,0.13340158422494153,0.009099238074491594
1.0232393897550038,1.5902782504035362,0.10798206942819691,0.007258733348797634
0.6008762893341297,1.1204035439335511,0.27291722120968775,0.0195580255238555
0.9716760708492995,0.05926394563360926,0.14126118649522817,0.009673471561856179
1.221533394401222,0.8869912058357821,0.481748056483798,0.035903970813177845
0.9214245085144481,0.42902582546976586,0.3287887992657108,0.023866691587238607
1.060040118877958,1.8489410532674573,0.33127902605721965,0.02405997964156128
1.6255610506380347,1.7476159047983766,0.10295033138167922,0.0068977427988787835
0.12642722913146942,1.698194622524838,0.45038699980708885,0.03341113295919797
1.439111396101376,1.2484412720049236,0.07771139944906681,0.005106650188761273
1.0151756636240348,1.7099207063967725,0.23466039112086812,0.016642097752507596
0.5377611499775412,0.1162649470044248,0.36183339072364834,0.026439526376928684
0.2720066731786599,1.0276212669948497,0.24469651709699686,0.017404078685909895
0.8541282893095565,1.973624536229381,0.33769266978713774,0.024558258094116634
1.2263693363074397,0.7412662375568781,0.4992534364587615,0.03730037080273503
1.4576189413663478,0.797901172019611,0.13558523234366834,0.009258550025591717
1.65445842089934,1.8570443199914692,0.4245875973531261,0.03136931105848919
1.5727213647157319,0.9224947634449074,0.34871144507652635,0.02541583032198511
1.1594279323336614,1.9278554716390561,0.25868643543632086,0.01846983313040196
0.7204407888453113,0.21562099314543537,0.2949430438609942,0.021249955442519577
0.07158345398381383,1.464438732766088,0.3938793915959528,0.028950179189338402
1.225231473101328,0.42476048394701227,0.05364366644258995,0.003436079152894472
0.5530612510961919,0.5357550771702972,0.2882054358655229,0.02073144387643095
1.988202719330912,0.3716101312483795,0.39487766573358757,0.02902862205768938
1.9329763935813664,1.6250634888294444,0.160874216630277,0.011115831190338668
1.0420321574737208,0.7397289909596003,0.4054693624010927,0.029861738093638054
0.15213917185313752,0.5875512083220031,0.1755513804220803,0.012203265916608865
1.8464047548528597,0.7134891356483057,0.38925887981696167,0.028587285562454174
0.15306339794088686,0.05622267004145498,0.1430515634231455,0.009804592124400187
1.8252483956985075,0.37988070978109345,0.19424240066462067,0.013597144358294457
1.7308721464825356,0.15819560273635402,0.13878474670593524,0.009492295507352883
1.6467863372873812,1.1944314721392242,0.32124150114626787,0.023281500281550956
0.8075282086384106,0.28323705692581647,0.10217156102286223,0.00684197894973226
0.21832308221370944,1.9621409007870274,0.4184504495505477,0.030884843880249067
1.1080365467290179,0.8540648597935687,0.4928090697188584,0.03678590582759101
1.411362006778912,1.187413599057863,0.4074798519494506,0.030020048963579453
1.5632976676746746,0.6022147027886307,0.30956218193379764,0.022377802525275457
0.9658878648573697,0.05743567907466818,0.34152440078715596,0.024856259303039918
0.16325892916461004,1.9050110673198624,0.09311803765674667,0.006195909724340593
0.10799829503093794,0.23833845447749735,0.4212458196585184,0.031105450361278736
0.3330510211566824,0.6739305649103899,0.3683375688456284,0.026947899895771607
0.18834132080180188,1.7163570111883966,0.20319754522868066,0.014268317459881604
0.9082914576487116,0.30925716632979183,0.41576765852951736,0.030673217571086122
0.7988019034625367,1.8260005722420554,0.16476257170537756,0.011403278621042642
1.9807434806855948,1.3189025436583535,0.43916224020421296,0.03252176064446049
1.4856140396065318,0.9337624811694776,0.22251522088481684,0.015723002286607148
0.9295046825712505,0.34508171895586703,0.23551844539966305,0.016707157963379023
1.6321309736373975,1.7902631437280911,0.11057815195051521,0.007445441299919649
1.753037532016017,1.6301523119509438,0.489137685400806,0.03649301995777979
0.001437782286642486,0.15364186259429213,0.2560617899694361,0.018269577313237906
0.2620868221824755,1.8395165918575478,0.1222674433407925,0.008289783936119243
1.4853380189259398,1.871079006336117,0.45607087486820885,0.033862069983698034
1.0624119247891508,1.0868983155337777,0.43916612095162566,0.032522067859357885
0.6748084590156256,0.49031820971669626,0.339835516242508,0.0247248828642319
1.3404720305097615,1.158679602592402,0.4475996637947105,0.03319013947364533
1.9588359958843387,1.0429209012782958,0.38221401095692936,0.02803455660221302
0.2776280584615791,0.8053207428172051,0.31553309333554813,0.022839518669400708
0.779202494649988,0.8109857858296909,0.0952246711082399,0.006345869378735952
1.1985463851519231,0.5087347505733115,0.14373866816159953,0.009854943278070544
0.1885543149871831,1.4295788880269602,0.29981962456238753,0.021625757701946753
0.3312747780053211,0.7621915718825583,0.35986581457847944,0.026285862190093715
0.6630415334799395,1.208621088767692,0.25216082722044986,0.01797220274612298
1.979479985062605,1.7964757014475035,0.1957879510072954,0.013712831060485585
0.14714748161009017,0.8105003520872371,0.23847689289582874,0.01693160127311504
0.6691587632900662,1.490149822413724,0.43173652329161416,0.0319342572385545
0.6364326901314938,1.6842520454034642,0.3138654713611895,0.02271050431851941
0.9247688397637832,0.7224497919719959,0.09064270509324365,0.006020003697786896
0.6467730040493462,1.498990904243935,0.4369856401790096,0.03234948217245435
1.55900271954907,1.4907403573726539,0.13468424405658083,0.00919279519625255
0.7583878276949263,1.2707250743014216,0.24626704827299245,0.017523516949767864
0.7857108032969857,1.0093783132204113,0.32920795014647225,0.023899218465799187
1.7113451101716373,0.9542141453708226,0.3117730213753966,0.022548690382696628
1.175815421573611,0.8826537909613461,0.10602406519202665,0.007118119784925698
0.8039508034656462,0.19053253216247001,0.4067965758371913,0.02996624007008418
1.8372949826065919,1.4067556053178998,0.35870063687326964,0.026194891195902705
1.5998764717789318,1.628501464924946,0.4964775459165954,0.03707871011881046
0.1131075458707691,1.6177634998322115,0.2884950950651803,0.02075371835097809
0.3998635728008313,1.4672891735325375,0.28856808541735407,0.02075933147243555
1.240061512059391,1.8570422274463816,0.26569763167734917,0.019005459160945537
1.3071245829122484,1.025583250111596,0.21437968872931712,0.015109261573144597
0.6099488056457816,1.4878068142921457,0.21636859566365851,0.015259157681121484
1.2900208709459187,0.047507681851375994,0.26473385360555335,0.018931772137237023
0.3342343341492864,0.7742992495741969,0.22356070760615776,0.015801986858856077
0.7463985683464205,1.3569469650595742,0.1542194387026818,0.010624992941480569
1.7775912985026445,0.6732350568356049,0.13211165560108878,0.00900521334660604
1.6206581688380466,1.1223983675099913,0.37810439151267167,0.027712446215094427
0.9374475495344077,1.6591812892493725,0.1148934001854488,0.0077564567614867115
1.3412393786014234,1.406747507220912,0.16358374921053806,0.011316083970427134
0.9673859668561122,1.4742984832202994,0.2339080114064317,0.01658506360283186
0.6902626514823813,0.7176105350684565,0.4040756467905302,0.029752025281212475
0.2192312070773479,1.6718582407581344,0.4470298932914446,0.033144976980095366
1.3457505511072474,0.43975827580785487,0.07929218871677607,0.005217773669563354
1.915879972234916,1.3162105646532856,0.22808499610143212,0.016144080850146382
1.2998103564752208,0.5885116088104976,0.3139925753135677,0.022720335960712747
1.4772790533270783,1.6567329744340575,0.40554949298307064,0.029868046737352754
1.6369588737935128,0.11975894154770783,0.4330959838280581,0.03204176243827763
0.4353711277418435,1.480465399398698,0.48399630840289326,0.03608312006824475
0.5967655325298848,1.0592784403890028,0.1648718260876872,0.011411362088199643
0.2684267827279172,0.7323865343443954,0.44709504659762767,0.03315014111410313
0.6856712322381453,0.407365715396492,0.36056574993814094,0.026340519266357644
0.8298201106039458,0.2645612754388378,0.23962374566618244,0.017018659344722138
1.2218259157445843,0.8483470229432704,0.18819336501360218,0.013144980250401339
1.321321609172338,1.7516641373662099,0.1909301907758139,0.013349435068050879
1.5094193165271594,1.2422582683778083,0.4040060120511042,0.029746544342631583
1.0717318183922406,1.6581293482082133,0.0645523397098624,0.004187972758416718
0.7000839918193853,0.5305474766949252,0.12264261916241462,0.008316979048462654
1.3528247918310794,1.0661503908104288,0.14273997584164308,0.009781764426864717
0.771844971750038,0.4014020544395245,0.48876487518999356,0.03646328736644613
1.282469218954395,0.32993706926363786,0.1656792527186096,0.011471113073610257
0.11345370516379205,0.3572785981715574,0.3030828846414847,0.021877469266788154
1.4960188807471924,0.844489465471902,0.468316653493605,0.034834915961983834
1.0108428972041235,1.6670071889980234,0.1934580580447814,0.013538459425766402
0.5925836368472617,1.3247281976475487,0.1352390556901516,0.009233282205197915
1.9433744163576916,0.5456327200074675,0.3564145314538501,0.026016463315087106
1.988235256798974,1.1106546736072875,0.32956447265119243,0.02392688751651321
1.1234580512487047,0.24953349116741363,0.41275806175481455,0.030435924021128272
0.6485562026769984,1.628351726657196,0.06040810746405235,0.0039012046539748683
0.17916282323353205,0.997058772185385,0.4615780625265052,0.03429935939309515
0.11547783169649595,0.24254387223053042,0.23301104065806727,0.016517085271209493
1.5215313951398228,1.2475515849143541,0.28424097042400137,0.02042673669821483
1.6410302728242223,0.5708914586157727,0.14625849291849669,0.010039738068732281
1.7512937871028904,1.11221923276665,0.09631244438220024,0.006423391965491973
0.38692919318889074,0.5320372198334935,0.1809593866858316,0.012605560048064656
0.7682082838851831,0.26888641394053825,0.4743203833750304,0.035312517035830666
0.5246321120824555,1.5412154987105302,0.32693486067834565,0.023722856906392444
1.0612521853413137,1.632110468082322,0.05175818397100401,0.003307131895954261
1.0128508572547459,0.5167241148240944,0.34096526041439307,0.02481275942430618
0.030644083230747965,1.427831333968414,0.35091702254661694,0.02558771323075734
1.024187525476169,0.5583215393690657,0.34217448090911123,0.024906840269901472
1.4433421966120967,0.9437841477602715,0.4842865873571492,0.03610625478964191
1.6469318521740486,1.755515243033811,0.08446400195328824,0.0055823868850440215
1.312411349169164,0.8640841507885701,0.11645690985609429,0.007869345225449716
1.1613171879930793,1.9310637763081626,0.3322965284827374,0.024138985709301296
0.909156814678376,1.2385312990456836,0.2800471715347061,0.020104722162846946
1.4825643357761706,1.862985717532392,0.3339128181042892,0.02426452014223094
0.4113962433033147,1.94040537829608,0.08493600473803653,0.005615741360827828
0.2579323436595953,0.412458715977823,0.10518147008086498,0.007057663967895313
1.411401795276524,1.7288251511875072,0.2470466124646824,0.017582822035183507
0.6406020799244747,1.199741248643143,0.32515689209508486,0.023584969082608015
0.09030246992418745,0.6162728644896629,0.49428451818721286,0.03690365268604497
1.2820114808696796,0.8461005701966005,0.22276084954671715,0.015741556777179134
1.1711919589903779,1.0582398411702234,0.3991707780190887,0.029366123880654436
0.6044517745546276,1.892492619898963,0.06514881502421728,0.004229353671564338
0.5792540968545461,0.8245454800804428,0.28841321599771974,0.020747421784035467
0.013143151701391353,1.282798264185876,0.4097460373956007,0.030198558566858668
0.4720115617063143,0.3891676718719399,0.19876054960221062,0.01393551120786749
0.7385626163426613,0.49478816026282857,0.40857364851897976,0.030106199840541345
0.388936815501175,0.8522299067119918,0.43991733273143246,0.03258154020007689
1.543368860677416,0.9218390677890174,0.4151747380812358,0.030626458983118342
0.15694039675544058,1.260479530848222,0.4067815435916863,0.02996505633102677
0.46292533716664197,0.4354575487978065,0.47505544056281696,0.03537102014237537
1.1877033925226863,0.3633274665827946,0.3910538741726935,0.028728228776806277
0.12013394146432921,1.5336013620592956,0.2444299555101529,0.017383812025393165
1.1852707771882989,1.686890304595167,0.13246014751358745,0.009030609197562949
0.2745675555360816,1.1692084020168707,0.34174810076942314,0.024873664041423955
1.7068453265197008,0.028997532263606685,0.2437039431850882,0.01732862109180479
0.34636132179222856,0.6759902091204082,0.4349200959233464,0.03218604853574264
1.3282773533345766,0.705207338687164,0.4250695896891473,0.031407380150401086
1.0291159842725566,0.08600190418074227,0.3597074023167909,0.026273492992221422
1.5641992619254539,0.15529211664329523,0.06451098643033056,0.004185104819336799
0.9691775236322242,1.27233469389879,0.46382716134584334,0.03447804928366681
1.053067194345458,1.8940090402612544,0.2601834849498127,0.018584118261370304
0.7963120849061869,1.792454050355655,0.4472104897902586,0.03315929141605508
0.3991569742382306,0.8705766173225122,0.15832380253474498,0.010927550785050666
0.26525639094992837,1.3212420960772604,0.11433088865037042,0.007715868172219153
1.715545241444677,1.6607837774648906,0.11540993073676022,0.007793739626123296
0.21009396662109348,0.2594197014254509,0.2550287685088697,0.01819079835280888
1.559214366455282,1.973303224465721,0.10758002652023449,0.007229846281495638
0.6181894822594867,0.976946316937156,0.46053954688581356,0.034216870047175
0.8227680331242813,1.47225855486167,0.3502053623315474,0.025532244653616247
1.5757572110958165,0.3052448900628002,0.21886199275728907,0.01544720948514154
1.8114756328944868,0.5667421762432217,0.30391940695898145,0.021942024614452178
0.02783817187364246,1.8320090388505865,0.4255674311946544,0.031446704180827977
1.829988165278711,1.9343504715685225,0.4466639862479719,0.0331159756869506
0.8524705806162274,0.8460082244667677,0.2582588014644818,0.018437195814339002
1.812272467186215,1.177614511109499,0.1434197710815348,0.009831572374972725
0.8568748301141627,1.562198995186104,0.3714873763189669,0.027194315605655786
0.12127064268422405,0.5359584175392993,0.4085493349623929,0.030104284654830036
1.2739720536620922,1.2896316434035158,0.18151564891086908,0.012646987127310348
1.0845981566779048,1.6455823761976345,0.31636535386935327,0.022903923512108442
1.1045702925229077,0.46665511827621,0.14334307766248275,0.00982595230469157
0.07996115000496573,0.8173759163830345,0.08933520668520425,0.005927221294590351
0.7851053198975761,1.4000938645150014,0.22359490737511295,0.015804571018797838
1.8455776959839079,1.7363172517899206,0.28873811962043056,0.020772407863129234
0.046875758901839815,1.2251505516001358,0.4165475481290514,0.03073472782974367
0.5899961029082619,1.687969525884069,0.10891224926285197,0.007325595835925305
0.5057636467085789,1.4543995657386886,0.2149465915894171,0.015151977078040928
0.12427254827371526,1.1966593367041807,0.203050765575076,0.014257299858779396
0.2311305335762932,1.9969486631715114,0.4235772269961502,0.03128951888490849
0.8414101923635628,0.1375697369729285,0.404239709408963,0.029764938879847748
1.0388700997705655,0.7571997908827184,0.15710856053378824,0.010837910794569522
1.0971047411995156,1.6588693522119837,0.42730433618233865,0.03158392549977325
1.6906364642400096,0.49281265064093716,0.07050952800939793,0.004602405067104414
1.9293649753162647,1.5436581149818136,0.2680636684462266,0.019186435965251016
1.1686888339590342,1.9090123979775548,0.37825846477789843,0.027724518076426282
1.5883936031555725,1.0113467239139136,0.4261854399320111,0.031495524523110864
1.1499236407005644,1.1556519342628768,0.4135514142784872,0.0304984648482056
1.5984415007537702,1.6459394603721824,0.09816222622196058,0.006555359228412215
0.06166960107661268,1.102658759058126,0.1398796926817521,0.009572374355105764
0.9234102320795627,0.025998044927405983,0.05779258824097097,0.0037209107719386606
1.0780530708895666,1.1682603317402755,0.382803215763344,0.028080757898449535
0.4316651664644744,0.9501191655529859,0.37906581061262384,0.02778778032462745
0.9718264832693426,1.1422786567696872,0.3048903981687294,0.022016972448754498
0.4321832995564996,1.990114448779537,0.09005672648483151,0.005978410118003812
1.91741336880387,1.4909465894449965,0.12890655905469223,0.008771864708936953
0.5532421238049536,1.9238255679822887,0.3847649488699705,0.028234618536558075
1.6722874307484705,1.426049814778532,0.4861989991030929,0.03625869452986648
0.9339694544135082,0.7415207125244576,0.3579732500857608,0.026138110964146265
1.2795467118341002,0.44715916786392507,0.1855998358714837,0.01295141961312505
0.7268859241333476,0.5866816963721952,0.30353379118294077,0.021912264695475494
0.9517436806356936,0.3963024291436741,0.17386775023936707,0.012078196223516786
1.2329212596683645,0.5170164063620866,0.18128833174222259,0.012630056845948432
1.9139986020507542,1.6341918472342278,0.13983472882888529,0.009569085070810062
0.7559516278411065,0.6195848617161996,0.12937760349987115,0.008806134478668593
0.25366744069850955,1.1358181648038337,0.2056010422226241,0.014448807041678018
1.6192267867783041,1.6226504097605663,0.47507706517731807,0.03537274133727586
0.194750101162235,0.42060753481030666,0.4495945877810011,0.033348297073224537
1.376559395594329,1.4004839590936833,0.3391831285806147,0.024674146406783445
0.9147532163931711,1.9254240384172592,0.22643005651474435,0.016018891472042884
0.40790170933789605,0.39211435015585905,0.36813343350358013,0.026931934984511866
0.9535394702621596,1.4403585386178779,0.40169111692772397,0.02956437650408027
1.9072549608359868,0.959147166759575,0.44396725154950567,0.03290228681537373
0.25629497255466394,0.7515463235595052,0.325359381800368,0.0236006702639555
0.5584093230594653,1.3662984624691021,0.30148640388736087,0.02175430123456062
0.08662374142327578,1.658667437559907,0.2379758200503062,0.016893573683577034
0.33683874226396604,1.4542177176172943,0.27888331652951487,0.020015416064707796
0.43801669577778557,1.2246299615276908,0.3639082025250408,0.02660162793864688
1.835355750957499,1.611178848927733,0.43562366043751427,0.03224171120694135
1.9828994183069237,0.6563025428601708,0.2538451366797987,0.018100560805806458
0.9266969427090777,0.39699102781458073,0.28169902142899944,0.020231517527672223
1.3088886817239092,0.6453951521126158,0.4879268594905836,0.036396459131902516
1.626980825313197,0.5586462168313255,0.21996360383521268,0.015530340097265224
1.120643175116428,1.3824174112217107,0.2052185380095134,0.014420073264755402
0.42961684088994967,1.5288102390004958,0.15051073794533082,0.010352078925859893
0.6224947165972765,0.06261993619662154,0.05233599719728346,0.003346614367327526
1.031587315422479,1.7614113473109787,0.16121054325793563,0.011140675432751376
1.9563243964274852,1.2283588885468273,0.12844873266150797,0.008738564867660314
0.5190853743167372,0.7160131937640597,0.2960402241930028,0.02133446994788907
0.6391506830199922,0.04539767054290911,0.34844049632138635,0.025394720171890862
0.5408896605337647,0.4957665088248686,0.34550043705037176,0.02516572737388751
1.3330611089945228,1.4078889020078502,0.3447177917394221,0.025104791981317324
1.9145436233839943,0.8114119351780236,0.1304704093544474,0.008885672198726555
1.963385085212227,1.5554109058742336,0.3546743151415488,0.02588069434527134
0.6349429503750159,1.073196220983101,0.4750862351846345,0.03537347121873231
1.0772703545446871,0.6747608348954757,0.4879617624668035,0.03639924233979538
1.5079392384778278,0.6931061300271428,0.1150468942446572,0.0077675346650057505
0.766091666925331,0.6314151904111376,0.08733970821411433,0.0057857981655094716
0.6405407243177963,1.1154592949600821,0.3626837669454646,0.026505957107488133
0.21747330938056875,0.8003405583064904,0.4479637114082257,0.03321899755161463
0.14035305634523065,1.4300993308621648,0.1817235917219765,0.01266247571354323
1.83290694769257,1.197479065912763,0.11646681541699785,0.007870060761283836
0.33300616476293965,1.8811697192433778,0.0531435936008909,0.0034018484688976697
0.7765869396395073,1.6711506873100488,0.1992778190342952,0.013974283921352661
1.6181136443295594,1.8104566987817021,0.2639239415639032,0.018869863468706928
0.7646687141144348,0.06456960226246622,0.38890069071394223,0.028559165862997834
0.6996493731405584,0.6501147805254928,0.26723779171516615,0.019123252552633477
0.30014031799405005,0.8454842379885488,0.43951895305094035,0.03255000018847768
1.0846338933390676,0.40612729750294796,0.4968545156276589,0.037108806934018905
0.3542388384718713,1.0291674734146345,0.4851976637277197,0.03617887218368367
0.18881009452876096,0.7439793774485919,0.13601005223647503,0.00928956418648986
1.8995124950069004,1.1428002966557966,0.37166667937447684,0.027208347189620546
1.814173434397468,1.0881594861347732,0.44169695691434396,0.03272245839547764
1.7182069945377025,0.4436233083834462,0.39695902212976586,0.029192215859807084
1.1696620497217816,1.9288657137778975,0.15397694366373313,0.010607134377926961
1.3973896720889738,1.799283154095992,0.11037449693918609,0.007430783583630241
0.871732427992771,0.2131979145985914,0.4008727824053044,0.02949999597665962
1.5701170363897055,1.327051248236357,0.33950220025963285,0.024698959902332406
1.8494112927842203,1.9369834489470492,0.48380037548576127,0.03606750510099563
1.4238162209703056,0.047264031562446185,0.2658520768474037,0.01901726920254231
0.58827869548565,1.5312587732237257,0.21362316645012636,0.015052270596933336
0.6073935795603564,0.9519457524249275,0.1705111458009384,0.011829098469513553
0.6292256154075777,1.3741408052172148,0.33470607121666107,0.024326146098713412
1.2927742516400333,0.5681521153851017,0.17547540612298235,0.012197620321239356
0.31179010304128174,0.23355571527667252,0.35241441934642054,0.025704449414145774
1.5427921723723783,0.657323458826403,0.22468133666982915,0.015886676596960886
0.8735379870352842,1.0975407712727077,0.1184162341924439,0.00801095984161599
1.4223708530575085,0.534694670457166,0.4371858190730662,0.03236532391754291
0.2548782695120675,1.8644395048477764,0.22100265213671422,0.015608775882558478
1.802311654826213,0.6430149150917186,0.21503568513351473,0.015158690885648122
1.810392688744692,0.9761712790773436,0.4184836195792091,0.030887461015163317
0.03280043128830035,1.4612788927136477,0.23820268397638705,0.01691079023350208
0.12118788800336566,1.7408953246868912,0.3016526542784343,0.021767125309521396
0.6048057026429299,0.3813252584994873,0.18884274140328483,0.013193473520565227
0.32953797434034415,0.9196382209766725,0.09717281614444007,0.006484751114662243
1.4842485098243772,0.7277126775544482,0.1542634805224843,0.010628236612281858
1.4155981588204034,1.7663002907332053,0.4667122516358503,0.03470735592442144
0.41631053268285,0.8880882032112896,0.4660126771148331,0.03465174481657012
1.5043860382978032,1.7833618152538706,0.11868282054317872,0.008030240534191827
1.063756288037455,1.244324993956407,0.35793574243502774,0.026135183311008784
1.08998957852381,1.088645683084131,0.48512440857456596,0.03617303302944771
0.1401748841662971,1.8339547823976052,0.2503450278942144,0.01783389035288091
0.7296647075374829,1.2883699253417382,0.2001767733157283,0.014041682913432671
1.0436058312962397,0.198085444218,0.4427180457996835,0.0328033302462358
0.6689551384137928,1.0163708672927823,0.2936289242084565,0.021148758911327115
1.161752051581968,1.758261435591529,0.39922701302262037,0.029370546447732793
0.024781895907910245,1.3545975374077803,0.07886700337328427,0.005187869597084648
1.2344306483295426,1.4062069415745393,0.2465583513461308,0.017545676220105787
1.2655336968005932,0.8953030906508013,0.36121542380723837,0.0263912580377373
0.1607868221116675,0.2128450963007169,0.14973081834291796,0.01029474524054323
1.7094787186227935,0.6859681216717222,0.07089888543032208,0.004629578579738009
1.2623250888901019,0.557747260752735,0.06782942385129576,0.004415642573124328
1.285875244587481,0.26815841429969045,0.1964697892252102,0.013763887712117161
1.1927211449638588,0.15425598352976877,0.38662699124646815,0.02838071041844145
0.17314617496879214,0.7976270243036079,0.40090944741627693,0.029502880315519696
1.9353855182282265,0.5059667224250206,0.07334400833767246,0.004800458661060329
0.04673068791988655,0.4785132686074298,0.09057483778333618,0.006015185429045436
1.6265879923173867,0.7029902538467898,0.46941106381006,0.034921945772172114
1.260435871812333,1.4391661680413805,0.08198384989406357,0.005407337721504646
1.41536151137605,1.4724985781457438,0.46931864873824597,0.03491459618961492
0.9411420839330011,1.656758168258496,0.08765524814606168,0.005808146113014536
0.23515673530412085,0.8695566709897664,0.42381798513517854,0.03130853113332419
0.5615008653700615,1.2208858874312507,0.06700481671252036,0.0043582814431410615
0.492786368176497,1.4159642929807312,0.4959269560133786,0.03703475450672064
0.02597792760210016,0.04282646244432642,0.22945227394104006,0.016247557111424393
1.7495502863831718,0.0029510210421219707,0.24755572008081989,0.01762155920010478
1.645147988795426,0.8745001568760424,0.10889528000057791,0.007324375710267801
0.9694172899597135,1.5023777411757184,0.28669159568662894,0.020615056392836763
0.5897066427692363,1.004800741796168,0.35699447464349726,0.026061719754315454
1.751318945311058,1.9437182742863195,0.4133531731656761,0.030482836512995794
1.4809687542234635,0.781232383173091,0.44519416955945096,0.03299949655128287
0.47125149530272514,0.6274041466201752,0.3426134672350383,0.02494100035394668
1.3985070035000644,0.4168272352705831,0.4744373482092799,0.0353218258336047
0.18707430311737783,0.8158577277771197,0.2687048746486158,0.019235500488509187
1.0647398574651934,0.5567368127286947,0.3688657745244678,0.026989212365210433
1.866563552755518,1.5040597593531255,0.2983689310748265,0.021513919022248706
1.2201262565047477,1.5217927492647443,0.05625688158375037,0.00361531137745479
1.1957428853704488,0.8176988334181878,0.16519897625367636,0.011435569346225126
0.5082907662073788,0.6867666024516643,0.3423136880750457,0.024917672463427458
0.5275219330883187,0.788919214752619,0.38098623499167134,0.027938298844561515
1.5517357443412716,0.7999200990764272,0.16710286329817858,0.011576511646056848
0.7216840879814841,1.5767891207141205,0.13880670930877198,0.009493901314538589
0.2275195955356022,0.5544921028776317,0.07842827509915345,0.005157024684886816
1.450112447353344,1.0777739955826735,0.053382697665582485,0.0034182127158103766
0.9701487230538695,0.9497625955780888,0.1373319503467429,0.009386112608727664
0.49942511349186947,0.2059652739565132,0.3917985994664547,0.02878671782899246
1.9788152444252887,1.898327380851794,0.4793892522559481,0.03571607433802937
0.7755565361850589,1.6563096531733097,0.3530668005388445,0.02575531938551752
0.9281620769785497,0.17547154789762498,0.4766101437320062,0.035494779333152544
0.5634325982979704,0.8318913034080864,0.2160058637578089,0.015231812886547463
1.850976861185839,0.11981001665075852,0.15263186317785649,0.010508111147503406
1.8518731998654414,1.890643641746637,0.2505633839948789,0.017850519241414845
1.1424373647863253,0.4186014982483306,0.3033410816201472,0.02189739330161396
1.5775701318122197,1.27582546032869,0.4759517865486006,0.03544236865526164
1.2791095491600635,1.2737497170404986,0.3875409156041873,0.02845243275680908
1.7218552134640477,0.10201667808078296,0.12311765538083644,0.008351420907127182
1.3631694258718174,0.9225818569879838,0.49138058052833095,0.0366719296852172
1.4694669294812257,1.6419577029769257,0.3613680508875491,0.02640317894853949
1.9225959319527373,0.05884142617886412,0.30932717160689865,0.022359642233907115
1.12842790227722,1.1619745192679094,0.05045700975291707,0.0032183333548242094
0.5057893873358139,1.0068280360205513,0.30641958964321997,0.022135039427569846
0.11054625833149978,0.5007508531612279,0.09347801933080246,0.006221518405518051
1.5036395061345684,1.3018484712616045,0.33869507339289523,0.02463619455558404
1.1071124444297988,1.7344939757851476,0.44276152260577023,0.03280677396375702
1.679058379784377,0.08846908635396922,0.14872080701604873,0.010220527613960148
0.10683795347526392,0.8885291217550837,0.2057630568135514,0.014460978715819946
0.9047872087628042,0.23797018575846796,0.31142805886136593,0.022522020824771456
0.37386875308501866,0.5266149279651673,0.45441264293251743,0.033730471888851685
0.6174947758925651,0.5888808429785752,0.31531967299550456,0.022823004930706183
0.4555009012130258,0.03982374900163488,0.2865873688964656,0.020607044757270192
0.7569816949018839,1.346481637524542,0.4765987520087123,0.035493872415252446
1.9711702713947434,1.968214776296972,0.2608485823377196,0.018634906534948606
0.1294364536933965,1.0656206112974143,0.4118968864928315,0.030368046043280045
0.32185030614600807,1.4400269605277565,0.11462145913309948,0.007736832863322285
1.645826648213037,1.5587319792351335,0.21208532266185154,0.014936463418631427
0.039650940047233574,1.7918153133227364,0.37557745295577993,0.027514505482205277
1.0430351258896293,1.503411482764708,0.09532107027881746,0.006352737023338175
1.0459929278424693,0.645015482885952,0.22530583511197355,0.015933884719397017
0.3988833425951597,0.8579974420455287,0.31345700327627424,0.02267891068587299
0.54445584960867,1.1972597444691782,0.34497797569921884,0.025125048390371593
0.7500594896298702,0.5614516501343108,0.18551982064118705,0.012945450858975827
1.7870305287540105,0.4185878654730364,0.2717136080193035,0.019465833672257963
1.0110306252982446,0.6503871054927277,0.22912241792725357,0.01622258954188762
0.29530833708428483,1.745549691559294,0.13580901302537798,0.009274886397113448
1.1147102653963883,1.9506531228626238,0.1141120767165089,0.007700083293985132
1.0058001745674008,0.35775076228654723,0.27795357014205846,0.019944092295371703
1.0418831578818621,0.9488365139671748,0.41435960026982654,0.030562183525941408
0.4563726323184598,0.4812947046741576,0.45019615292783416,0.03339599867885647
1.4959119949486301,1.6050840093003573,0.1721487831373798,0.011950587694776338
0.7302145894574552,0.15649393066612638,0.4339264304223843,0.03210744504270623
1.7801989640419214,0.9616511657627815,0.407523490176977,0.030023485743075264
0.9874069152662059,1.241476706040958,0.3877522295908977,0.028469017775368546
1.5270677685674887,0.3405756793099406,0.4725508198233353,0.035171703374997795
0.04460764960226293,1.768249922212523,0.10294674771301779,0.006897486123459501
0.2408265427199865,0.5679903609484116,0.16035726770215444,0.011077651478629009
1.729447061963232,0.3522183625896491,0.385922518378753,0.028325433254629353
0.10103816205277627,0.7069658526281883,0.42967426782908646,0.03177122011081345
1.5324911036446114,1.9518417315115975,0.10408196275178917,0.006978825094515239
0.5417052515901364,0.501779047545788,0.22060483411113418,0.015578742341798268
0.404751807663861,0.446919644598029,0.43961163954099974,0.032557338069887774
0.7719409751555866,1.6255003724109265,0.36661769239403535,0.026813411815148486
1.614398475448786,1.4376206150919784,0.4034476061675192,0.029702594667913397
1.5067554237734218,0.897706490121839,0.05748509868096128,0.003699751275260844
1.5414600007839419,1.8948032228688911,0.18359351662338563,0.012801811554287014
0.5007903860503027,0.29020072324877955,0.0513880520993398,0.0032818564238967078
0.07118462639619216,1.2961019027228358,0.21323355585018894,0.015022925550895206
1.7051102925944417,1.9620399926460552,0.15585182066513126,0.010745260105798739
1.2799903357245404,1.9945037398936827,0.29794807851247684,0.021481481141830273
0.2616168565908499,1.9993140625007708,0.314275188022001,0.02274219737448434
0.5235136559784459,1.2657374316626226,0.3849234071081944,0.028247048937027397
0.1680766495650965,1.5722506444402151,0.18581515413506527,0.012967482209121126
0.8352554666065315,1.134763783745375,0.05619471990975582,0.003611041121589495
1.3219129133249572,1.1325062588591324,0.3807444855268349,0.02791934818233827
0.43473753280986505,0.5165657144369422,0.43573884447833183,0.032250824610464225
1.8030071049117482,1.5287149445417767,0.13120205001097685,0.008938948941603355
1.4923905852263313,1.0181446213064738,0.365859516564657,0.026754139035752907
0.8056972811593852,0.5563137500788062,0.4854201714694973,0.03619660860614969
1.6328310167776359,1.7958031613218006,0.45379991617292603,0.03368185397142201
1.0397198388117224,1.6621895586469526,0.21343567955729692,0.015038148826993492
0.9928787416291329,1.9129767981115393,0.34659701738667364,0.025251121215393413
1.1328065026679135,0.3254735235905373,0.4393496243768539,0.032536594910392604
0.5983771548507455,1.9213957409000693,0.17934586651022522,0.012485444522354153
1.0460737504153061,1.0816321622364926,0.3747792889776334,0.027452002582743034
0.9516401992890571,0.4430574881103895,0.22013145003082885,0.015543008760085115
1.3522064448469322,1.6990353120828694,0.257949832511136,0.01841361741322251
1.8440014546325347,1.8732808825223082,0.1093839333618605,0.007359516157934792
0.1299816441415531,1.1544903328708809,0.2522402060507702,0.01797825073251301
0.04761532582415984,1.0890364672780435,0.4141024597942982,0.030541909228122072
1.2172652722446393,1.5930031248341423,0.4183578451871121,0.030877537416876905
0.6548641380102525,0.761623713891977,0.2831066969254551,0.02033961066628651
0.07500889658609355,0.38783570390290656,0.05449311913792848,0.0034942757577072184
0.40708802973210867,1.7555218321244306,0.4759761418024125,0.0354443074458775
1.1814083848655748,1.3093484164579705,0.18655163279721865,0.013022432717356723
0.6208039825384142,1.9842942479113854,0.06694019057400954,0.00435378798495187
1.9576328286715694,1.9284311529573033,0.2744012925173729,0.019671737936099134
0.6611926146188623,1.708996334687415,0.21694750785610678,0.015302805926453576
0.7602337202346414,1.4764967162707756,0.4189973387386219,0.030927995588019976
0.7488099180287517,0.8704061293091228,0.3751510964535852,0.027481117068977406
1.6726074992728523,1.175998946288036,0.17589509744803,0.012228809386569893
0.03925799027934751,1.671170077463407,0.4686650051765163,0.034862616099554426
0.23256621918839415,1.4133323284315944,0.2799231334303634,0.02009520312456572
0.7283622147026168,1.6883854490419874,0.298391167165095,0.021515632992111886
0.015493881376564156,0.9875730824619382,0.36779156582660666,0.02690519974225688
1.2803466274261663,0.6370478615981592,0.2781692754011009,0.019960638259641846
0.48019597320364515,1.7495743854410075,0.32549955031982536,0.023611539415607275
0.8489387031176345,1.1367360112479858,0.2789347847692371,0.020019364835021796
1.0509888811352746,1.84253195607681,0.31975203989952783,0.023166123969321516
0.0534510330498883,0.7381678197737651,0.14040247278226975,0.009610623143907971
1.233366851833021,0.39021363935451037,0.10126374947169171,0.006777012131511233
1.760966544667724,1.2792717030701115,0.4508002581448336,0.03344390612762328
1.906423152262292,1.2308631486637036,0.36723868385593117,0.026861966077221796
0.6196383749276186,1.5789463338443925,0.24814330096874437,0.01766627410066697
0.18265345282278678,1.2154850017866332,0.47412154116024885,0.03529669228424227
0.5443385741120434,0.8175982079812183,0.49066601048631614,0.036614924221213985
0.4984586034003007,1.0772681030804707,0.3591012796732746,0.02622616899802064
0.6450059943367059,1.6668756546567287,0.18350788852703587,0.012795428903340069
1.6860843089675461,1.516782790232437,0.4053758852968129,0.029854378793097207
0.18892665001614262,0.02871750502676851,0.31915689657546426,0.023120033469356253
1.8117560185079828,0.5142369084079788,0.12963894396037326,0.008825151426448269
1.6310140301152678,0.5944166753774089,0.18174512100726498,0.012664079388718401
1.613815911533156,0.7668344081878635,0.10739490035917612,0.007216547338662174
0.8467324219576562,1.4305247422640048,0.47273237346462793,0.035186148899177
0.6118598963766586,1.995782359961099,0.4367821649641444,0.032333380076489754
0.40955827903854813,0.4218629098254627,0.15453465345231704,0.010648209849049625
0.21475098190032815,0.534260691732448,0.1534940304419617,0.010571575983933138
0.4346615556411886,0.0940284005511054,0.20733586953594907,0.014579173753948639
0.12924942470394418,1.3445075407400184,0.3509051485750859,0.02558678767999994
0.6350292128717354,0.46309554068471037,0.464465850290198,0.03452880374646796
1.4002174113572918,0.07713797361451569,0.14674384016790898,0.010075357028567235
1.9738514491720374,1.1104567297339363,0.3295864712781702,0.02392859485684908
0.057516205419867905,1.5873025852569758,0.0683314204693202,0.004450585952296706
0.6575897011460461,0.7253839681496042,0.4245283382456839,0.031364630815550645
0.9147802565384751,0.9411330030297334,0.18826062335533839,0.013150002344491726
1.17519461854593,1.250673512704885,0.39865199977659405,0.029325326914918452
0.4098123761865362,0.18417600428501868,0.34999143631094926,0.02551557224410703
0.04973909578498681,1.3517139436801828,0.49800729727193155,0.03720085342678525
1.1777354987189672,0.23315604281589652,0.10091024160922488,0.006751724469607422
0.5037910707328226,1.8527165862321138,0.41825971674888435,0.03086979522702767
0.7460528176169356,1.2605351239573797,0.23545366493627895,0.01670224554568792
0.5829656772674245,1.8785569514243876,0.3492071511485222,0.025454454685332292
1.2793682797785852,0.25334073513393096,0.22566822005847936,0.015961282865146025
1.053269632366384,1.1989446005503144,0.2682790322096575,0.019202914504977256
0.27956766217194806,0.7528428329523569,0.4213606609414185,0.031114515630672065
0.8221427446893872,0.9230121694545086,0.20746007242924092,0.014588510098297211
1.2473168995059332,0.07430529162892685,0.32191314682264904,0.02333353923455631
1.592180378212455,1.212841506005635,0.21282395627426814,0.01499207894604493
0.7190606359787532,0.2824552866142136,0.0843449405396201,0.0055739753378306785
0.18522367413555219,0.41393521442336256,0.15414277494586293,0.010619346824325696
1.3506131407347384,0.7964273934004467,0.13621124223149317,0.009304254483290898
1.4597135546148137,0.37709973957159026,0.07144740289725808,0.004667877439590366
1.1136346561430035,1.4669889501786901,0.2138707017725382,0.015070916606780461
1.1084381794700857,0.7977870895231076,0.29195387407553675,0.021019813487647438
1.517340284930045,0.7550216625432062,0.12333169736481545,0.008366942730701921
1.6794872150929834,1.6207811217321217,0.3228289870701416,0.023404510397510195
1.5276398745853812,0.49362677136564126,0.35111981243180257,0.025603520603363076
0.07326269940253338,0.4908104833348377,0.2234354092012662,0.015792519451388987
0.16605273768958617,1.5409586559952506,0.32731982629954853,0.02375271919209277
1.7354438581718883,1.8463362963851742,0.19844365038858458,0.0139117609854336
1.5085113954604452,0.43631807162234004,0.2879576189891118,0.020712388256624494
0.442476102347922,1.7740051646144468,0.2653196197325142,0.018976555517913184
0.7254633318868284,0.16140134218897328,0.10969414607150457,0.007381830057405032
0.4576816126893477,0.7973390660110393,0.22198748791992418,0.015683142761552218
1.8380496244392144,0.2705392962352018,0.3387814335634816,0.024642909768116956
0.4796231142893146,0.473401698164611,0.33114232273187266,0.02404936630551429
0.382916398305855,1.620243844714406,0.473724477185193,0.03526509353000283
1.2115212686779033,1.8131506635175112,0.41341036140314275,0.030487344893788678
0.49535633320622696,0.839314037323273,0.0988593041549735,0.006605134918462972
0.7386273981245048,1.9241363738531096,0.4116911080741227,0.030351828002644785
1.3884522370873618,0.6290951241004179,0.1330024654630495,0.009070139010575747
1.5114444519129653,1.3296093709576426,0.24940168503107635,0.017762061676049247
1.0976263257666752,1.3705713541952238,0.3355070774785309,0.0243883846057163
1.9302982333418461,0.410469891025655,0.2397496392642537,0.017028217734014854
0.03718361178697549,0.7500797476137575,0.1261803511067486,0.008573696264244512
0.7561035261611682,0.3031927046075935,0.17560904448743808,0.012207551004257456
1.7201506524395107,1.1775124039444207,0.09540131917680242,0.006358454459980155
0.43723779428779186,0.26587068617819853,0.23894566941472128,0.01696718281111768
1.7851189420340532,0.8972192544793491,0.13054247995247864,0.008890919335305506
0.20561306210139563,0.6119155489106414,0.46024212155206756,0.03419324790193753
1.189507767831229,0.03161992296182414,0.2037892829933997,0.014312740153595748
1.710699343166761,0.8738568558970004,0.07224386450807072,0.004723524466924663
0.3566497442257641,0.40348517941230244,0.2660928244715885,0.019035679524198542
1.4008382067459801,0.8182247948847179,0.32216892211560394,0.02335335861625943
1.5503509193049962,1.3802265939261331,0.4516834012449232,0.03351395013081047
0.7000467993566315,0.9627800923868379,0.4326570451134323,0.03200704891922485
0.060905397148123486,0.03778180445827539,0.06212761556876787,0.004020029704448985
0.8013839065324544,1.8980877524295274,0.23165818533843868,0.016414591183878346
1.1772247226219583,1.6354841310540769,0.19979817531182126,0.014013295021273072
0.9946053124432086,0.5757547043242819,0.20756622523186552,0.014596489921151179
1.7086682280216678,1.604111285292663,0.4136265353711613,0.030504387153509747
1.8505495876164568,1.9520557384636397,0.4341892362724587,0.032128232982502725
1.3213076573171598,0.1390893044309338,0.23742953058576133,0.01685212079416257
1.960811910088753,1.9496893743479173,0.38076258941718816,0.027920767311685052
1.4800942089573526,1.9890043532071358,0.07485615076605487,0.004906334128744716
0.0690043097983224,1.0213651360385845,0.41246995769356604,0.03041321452220294
1.9985445016018275,0.507189596538165,0.07580414060707247,0.0049727848937490765
1.2252916210211147,0.8533323296004163,0.17961503444735638,0.012505477068188357
0.6760371769613769,0.5456142666422519,0.47068916314109704,0.035023600640986946
1.8544472220674963,0.17930397453674463,0.06248616402028842,0.004044835687344327
1.6335913828802726,0.6497811131772091,0.47103129229271146,0.035050815448474715
0.8961467939084693,0.9426896654393329,0.18826040638404234,0.013149986143324341
0.030984376831511673,0.0296379614185589,0.3910280667678901,0.02872620205888285
1.1768233922032605,0.5632068673774595,0.19110678576055717,0.013362634590091947
1.751314946393905,1.3067744736769669,0.45008173603353313,0.0333869255577486
1.9444690383189707,1.3112694485793053,0.19475970110532775,0.01363585800594203
1.4995530126013952,1.035437915347422,0.32775425822267756,0.023786421553857757
1.824774840724587,1.8817880298880953,0.21526726761148035,0.015176143106179677
1.1046759234278782,1.6849471095432222,0.16087618968491174,0.01111597692823549
1.165895823634599,0.3258991578846806,0.3176934431349868,0.02300672247950978
1.490707588750853,0.08705131253820264,0.4734940195414556,0.03524675431478653
0.13139322238797124,1.576033270297856,0.1409477318062503,0.009650527055723314
0.9719444384851155,0.7306388066565128,0.47629690104162264,0.03546984200039653
0.6511853813889186,1.9241172568649212,0.2636744759433281,0.018850797265791072
1.4658767691386725,1.459231450278423,0.0847287394336543,0.005601093203667436
0.8693152485541944,1.427405662307621,0.33515792298460756,0.024361253899873512
0.830941320352407,0.11099746213487549,0.07899769046662235,0.005197059881033038
1.21290335162307,1.67435120693307,0.3990755799589136,0.029358637186071578
0.7688098366154716,1.4414077376729608,0.47689893148849766,0.03551777080413951
1.4991946553300268,0.10578615333644525,0.4799451960959011,0.03576035370689682
0.5922578652123054,1.5620637445571168,0.4932834451639855,0.03682376029033854
0.4331274064215349,0.6927589097174385,0.45273138274472585,0.03359708008597696
0.6264261332770467,0.05220094925346519,0.10666585074107701,0.0071641898680783285
1.6154615156804686,1.670948195621521,0.30954494589193216,0.022376470587460232
0.1386085563388164,1.22154591449859,0.36376548353285026,0.026590475496763015
0.09127463294500515,0.8613750873297707,0.2421702463695779,0.017212067897050855
0.7885080450400721,1.232670499677486,0.4561724632625816,0.033870133162732574
1.2580048245891304,0.2043623170154638,0.10782296935272595,0.007247301006990374
1.6146946284280566,1.2322032645331862,0.0921836338550873,0.006129469250490367
0.2789930545390493,1.2002012302640808,0.1740970245268766,0.012095223134022124
1.1060875061607793,0.8501298433384685,0.1577352255887655,0.01088412958667602
0.49403519602904633,0.7893398872867607,0.49506918921216314,0.03696628254604447
1.692074936034638,1.0797051443961763,0.3362740001657708,0.024447984414119724
0.04041335722798789,0.8355726263059688,0.4094062983798566,0.03017179264816404
0.1336577523835667,1.9366122674067816,0.0774935409238138,0.005091347716495325
1.77907442978717,1.219831844393522,0.28498192777282294,0.020483664216736745
0.9877162783435458,0.703496299835763,0.21948738700859344,0.015494399927800256
1.3499488653726885,1.1512421433637021,0.243578825402108,0.017319110873171673
0.36120916163390193,1.6183954477124103,0.4772893988325885,0.03554885889403245
0.5294443352972154,1.9914077500488654,0.06681054288216884,0.004344774478182421
0.6125405429420026,1.637343038261842,0.253770814006375,0.018094895572179026
0.3517595129216853,1.6806203867762255,0.05132660857071766,0.0032776617968430957
0.7188673317757783,1.652698239292455,0.36303447100488295,0.026533356968183913
0.5351412031397327,0.056224227772100566,0.05987303485484909,0.003864276225467026
0.506647987767564,1.3197740252121164,0.48478208471341183,0.0361457472665681
1.3293947963535824,1.9575781899145293,0.2703908599528831,0.01936454907578027
1.0451957555239404,0.8212131451943543,0.44202556929158904,0.03274848360795038
0.18379661466300568,1.1017299636308502,0.22592614799039212,0.015980785378795895
1.4101975402305613,0.33884395904910525,0.45557492611660855,0.0338227077829584
0.42413152032737256,1.9809152947116153,0.09551796680032129,0.006366765762652163
1.9588409360625478,0.38718083038152695,0.353936380938639,0.025823135730287553
1.373366643225886,0.2903938843622058,0.34581862535141694,0.025190503682041683
1.0585727137165162,0.04253917299644394,0.3236844678774313,0.02347081668053299
0.037180941971104664,1.3681762998706426,0.41329840875483775,0.0304785192526309
1.7264682567671363,0.5044455509293004,0.392610095817924,0.02885045966381192
1.387617361612184,0.39309488217347366,0.07418991169324445,0.004859667794253773
0.6737708756998906,0.7908056936856467,0.32363653645089424,0.02346710130957233
0.33523895130559556,0.7329812825341695,0.1716058821421929,0.011910303345936861
0.10727442912528606,0.9807087233730964,0.36312767217702524,0.026540638910952374
1.8541965875835387,1.998862162026458,0.2034238826208919,0.014285307914625692
0.15197701357004756,1.6264113475627568,0.12499837986957367,0.008487870003596779
0.19626235744940246,0.49788454993544606,0.1769918277993376,0.012310336344995634
1.8049168075844537,0.904197356652066,0.46179159936445335,0.034316322222409046
1.5609549097771063,0.1813459925631613,0.20684150748361485,0.014542016334233023
0.21319808531978768,0.7825420289603671,0.06698432474310587,0.004356856603235225
0.42364817153718226,1.7195698209670223,0.48788496233002104,0.0363931182169614
0.20103019411243794,0.6189374737971827,0.12924127221788753,0.008796215118928535
1.2289129240229812,1.7612919505323297,0.11322525483258922,0.007636130255736667
1.7419598711499957,1.0558329377113427,0.36461457702119365,0.026656830362959967
1.8009122003777769,1.062065540859722,0.45251020646824563,0.033579534419851995
0.9802330093351361,0.8621404652443339,0.32348200487532225,0.02345512316126584
0.4607270884293204,1.4034471701622047,0.4495437602739705,0.03334426686571933
1.5793425730863169,1.7954531736306316,0.056224632320157994,0.0036130959426736013
1.6499693326235596,1.572053686743823,0.19989314449890394,0.014020415616423542
1.2669777977021275,0.676054212459761,0.22030361510501206,0.015556004094863516
1.630147217494777,0.5813757949164091,0.37925555857030846,0.02780265000233781
0.4936312421714455,1.2438143473955123,0.13798530500373984,0.009433855865419007
0.3090428493820969,1.3004873162871253,0.2094732707214102,0.014739896062284347
0.668856285618814,1.6237715741186858,0.28565417193124254,0.020535321360184475
0.43130029793191627,1.5116768951950585,0.39041129081309656,0.02867776789865213
1.0286949847900093,0.9886606762060295,0.4054488929588759,0.02986012655769882
1.3085190150012298,0.34573852169159736,0.42999380750802263,0.031796478647536784
0.49984395169423856,1.7853356472256354,0.2834896887374381,0.020369026417767562
1.1192353922373495,0.4196045298893436,0.3256775633760282,0.023625343629004005
1.3425657104984532,1.020463759619097,0.1368301734299478,0.009349456383025652
0.006847549483040227,1.3397657915053105,0.19706492810204906,0.013808462235627933
1.767314868944599,0.5075635235704485,0.06053879049879757,0.003910227276966405
1.5483553323502217,1.1910530835792417,0.4969529396043705,0.037116665247180713
0.700368546776589,0.18191847550226914,0.40634334896706814,0.029930551296723326
0.7396556955903542,0.0004437611623011595,0.4837093095718644,0.03606024770808936
0.05383755054081951,0.5459255165472978,0.28309352091203804,0.02033859872916184
0.30678058635496375,1.5675704136591353,0.22148200953822006,0.015644970248891096
1.9910502868797115,0.543947495251899,0.46409493285569176,0.03449932759848076
1.8977421910669765,0.4732799710846567,0.4498193383331784,0.033366118339058344
1.045874117641125,0.9016627675254627,0.2260158415748178,0.015987567673458564
1.5885973587721383,0.274724689549678,0.07940274771344924,0.005225551303644588
0.2113227797018704,0.7320078104153689,0.19579190449281675,0.013713127065674792
0.34226687478904183,0.18338685012086153,0.24201111886242976,0.017199977922572215
0.4813304490305341,1.4243873623279255,0.3132205136879425,0.02266062030972777
0.015380704695814984,0.02267438184279169,0.3134224727879075,0.022676239998896484
1.1415537941569078,1.6541640177431522,0.26034306047527184,0.01859630297733916
0.9133525400741431,1.1212908012089173,0.4889619430393034,0.03647900384899386
0.4743010504292391,1.3093049350282875,0.32816124049513534,0.023817997223066177
0.440217602284078,0.14489834198700358,0.45330421213340166,0.03364252474828502
1.2896783113840133,0.7756663809952014,0.33423362333478057,0.024289441525964323
1.736410969994923,1.9342916789198557,0.23944981558046635,0.017005454386519545
1.2278383467572158,1.4371689354642558,0.38241693609591537,0.028050468009746456
0.07464901199613849,0.03900657396725382,0.2094444384490633,0.014737727258203692
1.6929356847049852,1.5259264141738271,0.47739180982953067,0.0355570129068556
1.5932797844491278,1.1038740369635531,0.37497719052505896,0.02746749906965694
0.29357503920171,0.14830731563258626,0.49407848280142913,0.036887208756002696
0.6626458809543845,1.0945389842547668,0.4795373946710037,0.035727873120122114
0.3336959108460904,1.9078567360767804,0.0896174965789509,0.005947245201947073
1.5909889996766773,0.3918773493145491,0.4888652719838362,0.036471294119953014
1.4728568635494093,1.7594678078948072,0.28524284701676644,0.02050371299250344
0.8441674777128625,0.32023552499703456,0.4808081190576343,0.035829090111319246
0.021507943507186766,0.9308178415854595,0.31452063806401714,0.022761185183042883
0.09882032692035203,0.7753765741321688,0.07618478577220889,0.00499948296461453
0.2645496615565772,0.0341474624927427,0.19330203380088368,0.013526787564186427
0.5470586767232726,0.3709030096314272,0.14147097515407242,0.00968882980228932
1.4935661426970592,0.6391234630796108,0.3775012108544531,0.02766518941193642
1.6670159512896336,0.716502678285849,0.4820058944913505,0.03592451340185693
1.7469075117020414,0.7430792938384423,0.3970470322904181,0.029199134730677728
1.6711162845476455,1.9281022217078858,0.15600912406401027,0.010756854177508306
0.9450636620354809,1.4694054437509998,0.13682012770635982,0.009348722609038152
0.9062126575925682,0.09304834802432227,0.05639492797269931,0.0036247957705587536
0.4459247357630538,1.5214062906925807,0.4916610561764877,0.03669430644451845
1.0013145429282946,1.2670907017313413,0.4969047685473486,0.03711281918664933
1.5620185354793705,1.3053325662796138,0.4867627378445761,0.03630363846096001
1.2472337991782743,0.037917207686151144,0.4346677182495983,0.032166083130538974
0.3378621229485741,0.7219524493721117,0.37400090606059905,0.02739105755073077
0.6293026404369706,0.46161703674770926,0.442464109547016,0.03278321689084731
0.28136283606307466,1.8120191341755878,0.2705266673732617,0.019374946460428543
1.7249561037657186,1.800589996121245,0.16049189048915813,0.011087593344673628
1.721687326514319,1.017304110957907,0.3733288352812356,0.02733844347756846
1.3010153721581987,0.4586186531848595,0.07581404281631315,0.004973479307810432
1.336297484032861,1.2195918755204616,0.11595160272905787,0.007832849553823915
1.3538433473953755,0.48634828470147284,0.20260283658376482,0.014223680730120284
1.7509686728019713,1.9411462416201957,0.17317882508414767,0.012027042959751197
1.653166116218685,0.5492805024010499,0.3587554142130532,0.02619916746849422
1.286500159535685,0.1733689328218806,0.44009214026208604,0.03259538046276723
0.19310515921968419,0.44427562928643716,0.25017026905000705,0.01782058233029877
1.9506123412123622,1.710771834776666,0.24542853502285272,0.017459741793739738
1.0955840483790467,0.8538758175303298,0.4661874406764193,0.034665636714595306
1.0650804206530118,0.385962843384831,0.3265583679706087,0.023693654222257117
0.8550515708674844,1.9550468243478998,0.17670329521587325,0.012288884490842249
0.612040310204256,0.021709392838419328,0.22536799241265232,0.015938583911676057
0.9818337933085395,0.9732594033134501,0.46514966705832417,0.03458314970388399
0.18168863157334902,1.984459023092118,0.11806170806030528,0.007985323599499274
0.9039101853295943,1.464247240030057,0.1391537951104049,0.009519281000421787
1.8177287811593024,0.4599681599455421,0.16932695101464335,0.011741298284920904
0.5211973105911347,0.9125492547996867,0.3679842398814283,0.026920267313202254
0.2782252517892576,1.5829915010688926,0.43323885013095276,0.03205306156015312
1.932770427150847,1.7011636869882751,0.09079925611509393,0.006031119053746563
1.8601176466458422,1.8453111807362674,0.36260077764759585,0.026499473574277
0.6316251546586606,0.39380269083151065,0.3983664975813754,0.02930287644998562
1.875267972373805,0.22057066589261964,0.26558900342754616,0.018997152910070363
1.0147057209490142,1.897720294548111,0.3639205911881176,0.026602596035988333
0.3094562512757435,1.8474013417599542,0.4242076696257358,0.0313393054139008
0.5596991256430064,0.5649866980866571,0.11812176551893667,0.007989666058580704
1.4260501024650774,0.2011368407692642,0.3850490702871664,0.02825690695031785
1.672493779584036,1.7842257170094373,0.13381011590067665,0.009129029639658408
1.413287000463852,1.8349248721499205,0.18515564783158317,0.012918287551103752
1.223490111167452,0.7867042459222553,0.3855508568589034,0.028296273268643788
1.9088730024932243,0.1315708024300022,0.28466345668081083,0.020459194930557742
0.3370426928110646,0.25120809244266806,0.4174225651494692,0.030803750291967438
1.0156506348443863,0.072371764607148,0.3712842876781318,0.027178423215485276
1.095522728817286,1.2173514042007718,0.4816221759364993,0.03589394187571565
0.9678436358482243,1.5963115167706565,0.10569452386016136,0.00709447138179369
1.0268618470254474,1.1168101065446931,0.0779509217748622,0.005123477751528531
0.3898117678887585,1.401989449371941,0.1198079220231772,0.008111645649574485
1.9136361362840926,1.6436917707577745,0.31871697165530954,0.02308596757211507
0.4361410862966957,1.6739924451857804,0.38059950698543293,0.027907983759657858
0.6141576230897452,0.8700617713763927,0.3632754681481837,0.026552186688947328
0.4071097520739515,1.6319291671680702,0.11894871877939826,0.00804947443627354
0.7384171187849329,1.6442101942745473,0.1497208940790954,0.010294015817601539
1.2677338011559505,0.5615421277375083,0.13974554134788614,0.009562560868558546
0.504989935349013,0.9988485127473476,0.1374084921555474,0.009391705018012644
0.31024609034687045,0.5813904659683968,0.3165365062754707,0.022917169665708392
0.7062367488013206,1.3124182543186382,0.4807975881774456,0.03582825121935285
0.3393067368995941,1.0963251433896017,0.4288922627506297,0.031709410708953716
1.8753740159774421,1.3278056942840462,0.15051799002833816,0.010352612139539738
0.3171138295608271,0.1667763836792644,0.1965721204502175,0.01377155142141584
0.20878226885325057,0.33490280914876647,0.0662362085953559,0.004304859534532742
1.5349628223685094,1.4308361760380706,0.2776025899330005,0.019917171776603213
1.7933165609314987,0.1178153091858134,0.11268880829612515,0.007597461243974493
0.6643192786017567,1.2280406965863786,0.14293698434788116,0.00979619737111959
0.6563031344260997,0.7882576765539988,0.25573883712971607,0.018244946336709946
1.0909780624925383,1.1132306541483843,0.24750496001636202,0.01761769670301466
0.40611046212144064,1.6354132726731665,0.14234547601192854,0.009752867300409833
0.7362449317311299,0.2059614084560315,0.4543636198051681,0.03372658189322948
0.5379717573448335,0.18119351015225393,0.25636928096252387,0.01829303103735278
0.9228001024380252,1.7973047197360306,0.2891693625548279,0.020805574755562748
0.5023903642280354,0.44936843625440326,0.12254701602414732,0.008310048583667115
1.278900489190815,1.88889240229229,0.41344386114759024,0.03048998583455129
0.6288937718849985,0.8701816088066374,0.10790730917401112,0.007253361209128763
0.5915828559479452,0.5369127070517525,0.27691117228911766,0.019864146252499777
1.8188694739420133,0.25047338535650043,0.10765586209080011,0.007235294551723334
1.584791355895125,1.7341631521127219,0.3409117633289728,0.024808597727778266
1.480793354520246,0.1715199778165828,0.3772182541464478,0.02764302267512181
0.6760375702395507,1.7015896032341262,0.08548578942653705,0.005654608483835185
1.2313293033587942,1.5298865699159614,0.26316375267383424,0.018811767500285834
0.5402191753836467,0.8654480313680515,0.10029777585523422,0.006707927116980679
1.2182410704074411,1.3966862606117039,0.38654538544285993,0.028374306781800508
1.1471115247984434,1.8280029202758186,0.3362885615668557,0.024449116114047976
0.6988390060884404,0.051921349299666186,0.2727295709550763,0.019543650432057438
0.0654787045529126,1.0298550235543993,0.12167784385689041,0.008247057682529122
1.66510463858617,1.9789478957663014,0.27427245483862217,0.01966186445865764
0.13632331154972954,1.609548240578632,0.40788630940858384,0.030052060977745248
0.8160254863670435,1.5679101430577576,0.24165589782771474,0.017172991398657328
1.768465891916871,1.444664936851999,0.2947614844326112,0.021235972223738422
1.404753144075046,0.9294930484379216,0.17003218330726394,0.011793581495336205
0.9012589100979875,0.5271523501814106,0.2129877224687869,0.015004411551486796
0.663300674180163,1.068729355362931,0.14716275266040885,0.0101061069715187
0.6226536484730218,0.8082355431870638,0.25200317839536596,0.01796019164666689
0.20335733084043883,0.6352862088014248,0.35052418508483657,0.025557093535694943
0.4747441208903529,0.0430716434288656,0.28410376174178165,0.020416196121380337
1.2555617685592138,0.19464953214906422,0.16177672895056303,0.011182507298784556
1.7892609684299319,1.130031102252112,0.1467445578104169,0.010075409701378516
0.7197744958861914,1.1291941047816232,0.4018295542823363,0.029575268630085288
0.006930741337417778,0.34409762120537946,0.19592602850927332,0.0137231694372485
1.797780551278467,1.1352921645663547,0.07032441463581719,0.004589489509452842
0.6230640362345996,1.1069736691479917,0.3593107809655699,0.026242525523468587
0.4313608108276781,1.570062925879014,0.45360141788983166,0.03366610473572858
0.48187921169510295,1.818382377861602,0.43807289604310373,0.03243553138101505
1.4534726999171372,1.0919710661051683,0.19243223699740442,0.013461731731554696
1.533608759952659,1.9993202440176994,0.2700779631011281,0.01934059513701752
1.5049612776579377,1.445480972770808,0.40688119797972955,0.02997290383710203
0.14194371506416426,1.813446950023385,0.45529916636273027,0.03380082270606113
0.18180381356752373,0.5527455021691001,0.33324630495450513,0.024212748121485418
1.7863789629635287,1.330899529381489,0.08204435390491692,0.005411603792823777
0.6596158232240898,1.053976380104099,0.3396235783852895,0.02470839963205796
1.4307977069517113,0.001171502816299519,0.3307667265151843,0.02402020742408036
0.16651569783798226,1.5245762850978362,0.1879053235400009,0.013123473964483006
1.715543024191538,0.7431893472341504,0.28549099862360755,0.02052278188979535
0.800272229792089,0.7425357185137413,0.24286996778205072,0.01726523688422548
0.06615866739418719,1.955797584837942,0.23848525527142378,0.01693223596015234
0.4153792662974862,0.4946222780456455,0.11989983403270985,0.008118298149727055
0.7565375591053172,1.0352350878401122,0.09620105197365594,0.006415450548828083
0.010222885130519055,0.4715036153008303,0.13648450232931364,0.009324209522714507
1.8053394599363848,0.861101057749071,0.34193326674602087,0.024888071277298772
1.6987131856576083,1.505953644676625,0.2382700246367157,0.016915900888486133
1.6330074847591398,1.066067387419132,0.2708878514571871,0.01940260038243117
1.4725101361201833,1.671073549260856,0.21188193648845416,0.014921151771116362
1.0442425329580078,0.9043815504491206,0.44950878747769707,0.03334149382595857
0.3210335852870829,1.4520002142658344,0.17010983540041838,0.01179933923858423
0.2859942933375772,1.5885012734371453,0.35567212623290967,0.025958536407114957
1.2103551457026756,1.9240690415909534,0.218369758352354,0.01541007344137668
1.4528706792861164,0.2976749439106938,0.27888330516678905,0.02001541519293699
1.819885024550857,1.6412390582075307,0.26402981255041574,0.018877955371257762
1.335921103018928,0.4393942267450235,0.28612492395749833,0.02057150027317572
0.026895224175806032,1.9627512247073067,0.3699725318592912,0.027075788237459427
0.27498117970333236,0.03406637653952593,0.47538262674161513,0.035397062857557865
1.8634518692624926,1.8738962703752935,0.19118017561966905,0.013368120333586472
0.10247713709452344,1.7532062489748175,0.05740907210168175,0.0036945208069113305
1.799441500999015,0.7359621377059966,0.15829365553260116,0.010925326473559914
1.9188595217748976,0.859856932614687,0.3543223675771469,0.025853241524079893
0.5094025597577236,1.6211348399535241,0.38900053715466204,0.02856700414607505
1.1064377724438983,0.9698068950322938,0.2932769631978188,0.02112166071736629
0.4396402732260154,1.4797839090487828,0.40688357715696105,0.02997309119231727
0.05895164306095313,1.6234443121195676,0.2360041915397949,0.016743995925545745
0.6314639014780428,1.233217574329239,0.4025607700551641,0.029632804320284995
0.9311291821495373,1.328209693927622,0.2560480970619434,0.01826853293863852
1.608646997765246,0.7903379249174503,0.05614627144239621,0.0036077131336029675
1.9286812517280085,0.3547661645977669,0.3098046754849574,0.022396542075829837
1.786758127918399,0.1808014008532295,0.2953788210542163,0.021283520252680817
1.784102978818527,0.9149618569791746,0.44581982217274835,0.03304907464923727
0.15646919706316464,1.0671665141047102,0.09467612279867715,0.006306798987641913
1.942187918584062,1.0059059514839088,0.11899656064098106,0.008052935420005165
0.6091242110272235,1.5095417591753038,0.1257750966197395,0.008544263318664274
1.813494715349893,0.31931886826196965,0.46024478350499554,0.03419345931516452
0.8743291749422324,0.36655074077815963,0.213462153551712,0.015040142832686405
0.5992665390135754,1.2054492753000021,0.10544726391858783,0.007076730959901171
0.26207647502475484,1.258786792966924,0.47320122035637824,0.03522345501148014
0.06818228943781213,0.8290610308946276,0.14310242082291738,0.00980831839256516
0.2487051037122694,0.34249919137314144,0.17157573917997448,0.011908066934754689
0.22965820608202736,0.07232300258388213,0.0895302218351755,0.00594105400345012
0.7604218280175847,1.4941089591968055,0.4362999052324621,0.03229521831903213
0.06906010743161661,1.389074560706832,0.4142226034207623,0.030551381870909885
1.8046351171587318,0.18873503633643507,0.26450696684247477,0.018914427875974138
0.6000240574874123,0.9892736894872056,0.44690828331827775,0.03313533815771357
1.318997763438089,1.8163308349517029,0.185530506917633,0.012946247993901679
1.5755451693479616,1.5382683533094053,0.44751182319947386,0.03318317658643184
1.2200013162721652,1.202558066614152,0.2468254093293103,0.017565992766613265
1.7509436059088308,1.7025987980219452,0.42237861342056254,0.031194877575102455
1.107463655967279,1.0832592674214025,0.43481737501710843,0.03217792226673085
1.0968069881434162,1.057772855696976,0.2776182943964151,0.019918376273846364
0.6684751501483912,1.9452954416534929,0.1008608941701315,0.006748194959243238
1.724189968493205,1.5353931319754865,0.41259358830458054,0.030422959440774357
0.17521405289638503,0.6759992173375253,0.09813688352427694,0.006553550060918333
0.7708641222622865,0.6189751140383382,0.1537491249744255,0.010590358422995534
0.17907367592199797,0.4085689097463572,0.312834919343473,0.022630800044313792
0.6651521907522397,0.2462651799150799,0.4119788686695596,0.030374507470731303
1.3298551654846815,1.2420039777949425,0.13284172273087844,0.009058421234693166
0.49173263742843054,1.735241940063695,0.2206605333179541,0.015582947166242103
0.9250507992244275,0.07178511141857924,0.05467897747234439,0.0035070174261449447
0.6194360615169812,1.3222641271006128,0.33447364004497876,0.024308088026302823
0.6532067917800255,0.4348797945430325,0.4791121559637004,0.03569400571771488
1.5904287408829576,0.01672348496867615,0.26684016701515684,0.01909283721502178
0.6799138219989016,0.13026234845238016,0.13732133196599836,0.009385336810089313
0.02605242527566176,1.5692093197289154,0.22998052801679297,0.016287547049973098
0.6923153823946129,0.1265974078938874,0.24084591658721594,0.017111466494832698
1.0800641006348795,1.8617269299024695,0.16741041209227775,0.011599289516303301
0.9569143721842652,0.7094688438627181,0.0807879705482273,0.005323062355199218
1.091706942609858,1.9554033976935576,0.1725734795829279,0.0119821071404831
1.5847823943877872,0.8440903738655159,0.4276129461100255,0.03160831075038494
1.7453732692523303,0.6265038014327002,0.2523835807695,0.017989174989787186
1.6633020921662083,0.30312314477691604,0.346522278412641,0.025245300485435055
1.7232175345804872,0.1047726460975591,0.35907082380115074,0.026223791252471405
0.7176185505058059,1.3518159643928893,0.2215252146835252,0.015648232762893014
1.9968160061441902,0.6375858408423809,0.0752896221572772,0.004936711792727131
0.15505920933394024,0.5125575836357186,0.41735371985278463,0.03079831932474962
1.8546329119870681,0.9746727839993379,0.250205954980232,0.01782329978967409
0.5917475313902238,0.9050531572573017,0.08645964262098907,0.0057234974816567155
0.44745510241320896,0.08857679496632676,0.17502927961175863,0.012164472387109972
1.958545126773636,1.6708568720810142,0.1519557731069719,0.01045836089949301
0.24506898407702526,1.1387355069830223,0.4744880463373901,0.03532586075896782
0.7330325325408449,1.53679597521278,0.48283919226043,0.035990909469356396
0.9249551268386784,0.3869528695905693,0.11598934508137654,0.007835575106470144
1.1703044550802382,1.6888160058240138,0.3347453775509047,0.024329199977028888
1.4341085127338544,0.5806170659149081,0.10980225692860748,0.007389607599473608
1.8942862377283263,1.251990443871414,0.26057909543963503,0.018614326855103728
0.3187524222730078,0.31017259140629494,0.28517505471469007,0.020498503777564795
0.4836736547173912,1.6408159320210995,0.10782066791203998,0.007247135642527841
1.003373825349679,1.4994117489376153,0.09936649829269242,0.006641366960866402
0.8315583181650132,1.4407576472275336,0.3358061924494151,0.02441162858923312
1.4152711337403405,1.7681461606310038,0.21219797290917491,0.014944944573176477
0.16590769291047147,1.246167437559028,0.20614197274431084,0.014489448123317284
1.9485705057618585,1.3328017128647758,0.11718319639501344,0.00792182020629542
1.4771536194014845,1.328747634856501,0.11442141192391125,0.00772239904217193
1.4890628079314003,0.7811239032449881,0.20005533836425787,0.014032577119983491
0.2404746944993672,0.4058159358771112,0.06465123252561097,0.004194831702309712
0.3969511809949766,0.7513385122732521,0.45910535442040307,0.03410297317826002
0.23171100485628893,0.018393750227991612,0.3739428099368678,0.02738650915042306
1.236704078988687,1.7028575675390487,0.3633164024093223,0.026555385072703466
1.3680116344569004,1.7182988530466299,0.3882590060382372,0.02850879476221737
0.8237892323619,0.3479723936534451,0.4631528556321855,0.034424469709051816
1.0137212066838495,0.9124310768245047,0.05166107742342302,0.0033004994979935667
1.8778747138764917,1.9979337508143904,0.40269450325571404,0.029643327893419412
0.9857416410859492,1.5582963644584589,0.42074895249337235,0.031066230937109182
0.674847171374124,0.27325514565921694,0.19739388982427486,0.013833104694875724
1.887408618606883,0.6414774417547564,0.349577879549867,0.025483343527320356
0.9204222446357684,0.8042394063681275,0.26929114431427953,0.01928036838837939
0.7701755996575907,1.4836975888900308,0.41016028806695787,0.030231196866147565
0.7447596036445645,1.9737399506820756,0.2741467048714366,0.019652227916641677
0.26467678287733154,1.5520446676607624,0.11418780099326066,0.007705545732905162
0.5918262840536939,1.434162884930138,0.33798651464589446,0.024581102757405635
0.403978002982998,1.1394952791833257,0.4860396980438304,0.0362459949439009
0.862426690445093,1.6578944313139163,0.07990189183696468,0.0052606745173812185
0.3318970661243703,1.4117589823042962,0.40379349445116824,0.02972981752130198
1.7382563101184951,0.3681430926956162,0.32961739488899044,0.023930994889388255
0.49433104899194946,1.4709025457986384,0.38852283557552447,0.028529504214795297
1.9557151394053496,0.6697048975555862,0.2178336150767946,0.015369631316383435
0.3744958041000197,0.12970278698777316,0.18509721840365423,0.012913929697925909
0.5235317992002462,0.23538298601908347,0.21566418946160093,0.015206058431990176
0.6788420657510392,1.111955827131131,0.4969893170534265,0.037119569702696587
0.7144162882141916,1.472960500012408,0.07069600039385054,0.004615417810083008
0.5232309626797149,1.4168503768409315,0.09342732286833855,0.006217911505348301
0.426522621597879,1.0691001526623232,0.1635066774268123,0.011310384663328015
0.862178049564343,0.45121450193025536,0.23758092096264832,0.016863607760715906
0.29653066212112167,0.3635856805689439,0.07758189674045013,0.005097553507995507
0.3731142840705197,0.8056183628314375,0.3571189064619479,0.026071430575365224
0.6107691911829114,0.29230652996959305,0.1563751989017358,0.010783838902566895
0.9198488825433433,0.7482468417440451,0.4826064327692824,0.0359723627036072
0.4249833652211632,1.9617464879086959,0.08956630662892037,0.005943613778549585
0.9493608586531042,0.765045483888924,0.23941913704072376,0.017003125307607017
1.054302055437968,0.2760384688860318,0.3810287297778079,0.027941630082836993
1.3773354552227908,0.773385291853353,0.3133782903477966,0.022672822831905786
1.2820598202751774,0.49670002277255154,0.3537938274163717,0.02581201755813494
0.5870101715215488,1.7085559883940067,0.20716613423311137,0.01456641535773783
0.8914633556393612,1.7720266591081522,0.22732984888161534,0.01608694926432487
1.2473552544290036,1.4589861836308289,0.24175988003617777,0.017180890755664483
0.8764372383032164,1.222859078608814,0.4342409274478182,0.03213232185608821
1.8731295660601528,0.5834038145948013,0.3744590138295893,0.02742692494721175
0.8201182647362713,0.3980399594951416,0.3673852485527907,0.02687342654731934
0.6989513563522562,1.924576679058716,0.3841224269455548,0.02818421894173697
0.9014612941663878,0.6040149630654055,0.4948890450078005,0.036951903422109925
1.0134284300682463,0.7980378214447426,0.38532875236885256,0.028278848220813786
0.6880559915053244,1.9040826338469747,0.3360727656141716,0.02443234497919061
0.07340060708903451,0.6631898850936062,0.12760212227037487,0.008677008551424597
1.7547509193657187,1.6100666153383612,0.3402656811602496,0.024758340644855187
0.830741494804472,0.6448663872425995,0.4524170317905105,0.03357214315422369
0.21972981497842414,1.0949968039889895,0.30713585640150753,0.022190355491707874
0.553814409792845,1.2587002747328113,0.346651139520204,0.025255336343698864
0.29455897734918746,1.8615468920051201,0.06391677467053856,0.004143908997023032
0.04725354645128799,1.722350526365088,0.3044185440442268,0.02198054941533484
1.1278785403258869,1.9312871872041648,0.16261899422210388,0.011244755615860927
1.0809642495339344,1.4576055950416353,0.09131528822135332,0.006067767455009942
1.0478032524928222,1.1931227719492603,0.09372661158378195,0.006239206945808049
1.55974743907629,1.0837491055245128,0.21381916453849137,0.015067034356112983
0.2707749498825873,0.20496024571427696,0.31045357728858264,0.022446693243675233
0.17211443625758038,0.9245391755315324,0.35761001450863217,0.026109759564870515
1.172385467164576,0.6983941635797746,0.2246005755995712,0.015880572232708664
1.8459042771133896,0.31347104126190883,0.06704343694040381,0.0043609668520178885
0.513907666227702,0.837098784857141,0.11745677531347155,0.00794159240326655
0.33653566148796643,1.034362171668831,0.2689383219352725,0.01925336567255932
0.27169584858508755,0.06757244449191369,0.2791932679504536,0.020039197062408993
0.1517206269202238,0.44152777492059925,0.05763368558445865,0.003709975118463764
1.9099954189956387,1.8903501179339568,0.11100565177020713,0.007476215913605029
0.055853677498780785,1.1155673487175737,0.31750052306155574,0.02299178791628862
0.31494184991423446,1.5805745926587675,0.1334813588407695,0.009105055025765306
0.37599027217379466,1.6800462593692576,0.1378229532406679,0.009421990708741135
1.0048925331447145,1.2557670285102733,0.306179770853028,0.02211652062265385
1.0867959716018347,0.3003159630058658,0.2538502092436289,0.018100947465327512
1.8161558329821548,0.20160135041372196,0.06093731744295678,0.003937750676688824
0.9436383323283126,1.2929338617659518,0.2959846202442213,0.021330186320780035
1.929509747137817,1.1361721168962298,0.30869421797871477,0.022310735833507688
0.5132932128249281,1.3194032475141926,0.4632773790200359,0.03443436379261177
0.46346102743804796,1.106215417140293,0.08528100436723984,0.005640129147168268
1.094231110844643,0.30393618565860026,0.2803930418590456,0.020131266775282923
1.768171869516875,0.9933281454466611,0.07721672225366571,0.0050719081421567065
1.6223640356512254,0.5270016179646284,0.20529255098581906,0.01442563284310336
0.7822797735420564,0.665394851483061,0.18596311099342533,0.012978520434686747
1.9989447058774723,1.9154772906764028,0.33906263231605804,0.024664776098894572
0.8444127400404926,1.4054097786788686,0.3325389036506485,0.02415780789126269
1.95785117545201,0.5737024105959743,0.24870266248559691,0.01770884829602968
0.18054876825704969,1.2771687640992493,0.48382207633251556,0.03606923453883993
0.9071416305091156,1.425891401793335,0.22865931979697218,0.016187540752215634
0.9419161138815406,0.05431968885780636,0.3319338506185367,0.024110822923682405
0.5147423345095845,1.3284019545626313,0.2890501075800846,0.020796402514292035
0.764262215291521,0.6744165133429851,0.07260931210285015,0.004749071688831495
0.03918494699991615,0.7453538041555094,0.2711045696511805,0.019419194550038193
0.10045998109932985,1.4538574148848342,0.3231444730599969,0.023428961556957593
0.9387837175143128,1.728077254335105,0.40198858256520764,0.02958778115128043
1.7915916813636772,0.7284301281373751,0.3306021265114299,0.024007429655248647
1.0202895418567732,0.1226576550843923,0.40779908527555203,0.030045191142921007
0.06497769519851482,1.9701070418431994,0.40904953711927516,0.030143687302592988
1.4670501666921874,1.37115029593982,0.13083522906588665,0.008912235137469962
0.662413347970495,0.8761694585414279,0.1748204187423545,0.012148955683235542
0.4012168445253046,1.3563306775612318,0.4931440355190781,0.036812635345005784
1.0446912240351571,0.7632133211674395,0.10122693830565219,0.006774378614720986
0.1808800987633401,0.5138889671989437,0.19690365909700658,0.01379638264200213
0.19202068393067662,0.3410431003344183,0.24222212369732515,0.017216009480981374
0.7671901329018684,1.2147951233541063,0.4591751727720197,0.03410851725790151
0.28200087120696526,1.233115401005903,0.11375799194255562,0.007674544391388618
0.8453622590031669,0.916110894555054,0.08470120996098716,0.0055991477863241105
1.6388510894535069,0.9374322211221953,0.45919455444241675,0.034110056312347266
0.44949479022804906,0.9068729423531765,0.3319952503432442,0.02411559060688235
0.2780896338549519,1.057178030652897,0.13758419357695018,0.00940454318440796
1.1985578161779586,1.6573623412412175,0.35309198463677255,0.025757283266800886
1.123722013399291,1.6229510291632794,0.07021802604383261,0.004582067724886186
1.9072918932104164,0.8371531320278116,0.4496271477560464,0.03335087883068522
1.0311722922448945,1.6359784451953356,0.15640400566708024,0.010785962540510615
1.2759153267784522,1.5033114846615068,0.25211260455794865,0.01796852865677304
0.031200564902921446,1.5356792778754942,0.3012935269730932,0.021739423877940603
1.8694466823685971,1.324821444643763,0.20884981921288126,0.014693003760106713
0.8120586025379704,1.815224884883709,0.16529666626905642,0.01144279849532215
1.8039654935242928,0.7367037119597071,0.3259864178731056,0.023649295317408288
0.4517030865027232,0.10854886245899187,0.49124837067768706,0.036661382094670805
1.834045589515011,0.40506336096759643,0.21539529665305662,0.015185792022139873
0.7412655435008124,0.15202743246351003,0.2961664424946678,0.021344193782368015
0.34769787372995586,0.8386110520581556,0.429273842000843,0.03173956962591145
1.9099892393005813,1.2897647488732096,0.3604803084874455,0.02633384685781959
1.7654626767839798,1.7178967544439578,0.3641974425850261,0.026624230852203515
1.9506493975541803,0.04706173356573018,0.40088916546878095,0.029501284786424026
0.7355734413862558,1.3266134162886982,0.29077094531464537,0.020928782318008526
0.0474885418644706,0.7185608937839585,0.3770302005678643,0.02762829125327671
0.7253163964036589,0.5055798163062579,0.09635719169682516,0.006426582281197485
0.9744789544950072,0.3820857256788637,0.294753652495079,0.02123536904234586
1.0235680492743735,0.09147681897380444,0.11242112358694115,0.007578170305448607
0.4974443699125852,0.8458629391166734,0.12409961310502503,0.008422645458633055
1.7545418752605908,0.9571363928084775,0.4859680805244195,0.03624028564139052
1.489790880359829,0.654275133505829,0.30292280315764847,0.021865117002885688
1.9092951253071355,0.486387603107018,0.1519189847031626,0.010455654253592983
1.0212420182128006,0.027782468047467868,0.1876733794839106,0.013106157780946528
0.9705799735370104,0.3020571478106333,0.21052847584350004,0.01481928422577355
0.5231950196143613,0.38814008024585056,0.2522945000018679,0.017982387541783208
0.7466013948703027,0.4686572585330109,0.20089318330305167,0.014095410628868965
0.07523215589202281,1.0351724871846109,0.1487653989984737,0.010223803588817871
0.5643042328223125,0.39105093541980085,0.1681469902719357,0.011653854157792324
1.311005597269751,0.9573639332747244,0.4521319870228676,0.033549532066405444
0.34520716574510857,1.1974444638281778,0.30073288463927134,0.021696183057554965
0.8305990076440342,1.2291139196675729,0.3103511951483602,0.02243878003405227
0.6181892888128508,1.8627895638921967,0.1628145944534401,0.011259214801538221
0.4595046455671441,0.4259644387617558,0.3784623450071358,0.02774049290634686
0.10371165722884679,0.5096106962481033,0.44497116555336014,0.032981826382013836
1.8707961443421772,0.3931970605310273,0.49531854046093593,0.036986186377158885
0.3651074321442729,1.4868298961035804,0.3131288368016154,0.022653530170383115
0.04690587027309068,0.026413862134427202,0.3196489349305228,0.023158138645697702
0.8580274940783084,1.3164835333351388,0.2584095637130895,0.018448701666605363
1.906803790258683,1.1288450034632598,0.23129161840884715,0.01638682669475207
0.6830843730610892,1.491425936422813,0.20541383758233778,0.014434743738236867
1.436146636943385,0.8546119873779405,0.46618790425034823,0.034665673564412344
0.237803312880007,1.718285065178261,0.12227404271685957,0.008290262250867054
0.046987344270978726,1.3461316291063066,0.05528110205589276,0.0035483170414254096
0.9484040166873131,1.7956923519329864,0.1884378839279467,0.013163238757030255
0.9044233607255723,0.21557168229919244,0.26106602372511095,0.01865151276844593
1.008766059007232,1.6637727200447645,0.4569747618647761,0.03393381680818882
0.059413021876504546,1.677301747189736,0.4070680569875919,0.029987618822062505
0.7374896810419274,0.05548649550066442,0.11024428978751717,0.007421413127378414
0.002189254997336132,0.0732161035242116,0.17029607277209108,0.011813149096175295
1.324301068600523,0.10485925278769015,0.3383875474444975,0.02461228284701423
1.4583331098289303,1.6767967877080572,0.10320240918201823,0.0069157990759671885
0.5160582710074637,0.7431374671325557,0.4981326828320367,0.037210866011376895
0.8420532781462378,1.043191471492573,0.3217693009348059,0.023322393457179035
0.19482813950821898,1.6617409003132622,0.4047018763641894,0.029801318632457933
0.9699247292334248,0.09847583436509355,0.19239007916551876,0.013458579081306515
1.2722458653558455,1.885402266510697,0.3504509526273036,0.025551385697448477
1.48983825296962,1.3720222634610957,0.2764322270577162,0.019827420808485468
0.2700249705766993,0.10800674706645808,0.33691026890211406,0.024497437841031675
1.9782774702506705,0.635467488306898,0.12396405958400683,0.008412811005191239
0.3217942778416578,0.5196645177621553,0.28353708043081643,0.020372666535591444
1.3311609370336674,1.5825940218335652,0.11487933979722814,0.007755442052568771
0.013479866996350287,0.05969990908681,0.3177419614176061,0.02301047853427207
1.7238023821858701,0.8734284980343701,0.4995631594458639,0.037325108115714906
1.4039379636317841,1.3595850173819035,0.33515833094152864,0.024361285598626426
1.3624261046606012,0.45380005132791545,0.1381962794659869,0.009449275954753809
1.5771300725327557,0.21458253172630326,0.24267970224465035,0.017250778331515622
0.6640136834214387,1.5870405894237445,0.3713540540590785,0.027183882609028542
0.4753127211050856,1.0806505439818324,0.20779254053431773,0.014613503657570557
1.5161815928923943,1.3387698066873486,0.40311027092142526,0.02967604652541933
0.9499041998756352,1.2081660194767785,0.1419518682265897,0.009724041022927048
1.0913935398198293,0.09496869184730805,0.22567346388336257,0.015961679347281817
0.9210953169311602,1.3563838610050982,0.3235809554000048,0.023462793030877695
0.9707619636990938,0.32126829045878313,0.12542559997742592,0.008518885224464146
0.7753599398474191,1.3249934739421039,0.4417183870468271,0.03272415556336232
1.0197918131703283,1.520598668217044,0.14497850364469442,0.009945840613916415
1.3784069064590914,0.08643454002309015,0.13125859070557028,0.008943066987061493
1.3641633446748644,0.9990732304086203,0.1472781298837631,0.010114577207704648
1.117135421758941,1.0542609073240952,0.1310436584594898,0.008927413414112993
0.8660527702245462,1.959307831443566,0.2799703419227648,0.020098826004763714
1.5646702128405434,0.406418092161019,0.3620782931185568,0.026458656858623985
0.9016797765135307,1.3974165650994583,0.45574738693018085,0.03383639522732741
1.260736118734756,1.855381587280905,0.359072926967547,0.026223955450065062
0.9364913288432737,1.3916735618303406,0.49263746044789536,0.03677221227935101
1.0437565988638473,1.2074489383507103,0.09627123938932394,0.006420454294489443
1.7202290414017094,0.6131338885508932,0.4526548426851314,0.03359100818189547
1.1001486691541966,1.5870774570459578,0.37448397702074315,0.02742887951904159
1.066543201298185,1.6851006747362292,0.3435636670205102,0.025014951275129035
1.1263212726262366,0.7765600629126586,0.3123658619434374,0.02259452851190912
1.5898530286261414,1.2703350857803732,0.14210681137787418,0.009735387789171041
1.653812581879645,0.9560569495026572,0.39342475861532483,0.028914459362905463
1.1375610243188914,0.9953825253078561,0.20757033512720707,0.014596798879908003
1.78045672365751,1.9262808821949493,0.06097167874108312,0.003940124348092437
0.11957692335910064,1.2204789034227201,0.4298631558797745,0.031786150919250376
0.785318770838767,0.09954945126715553,0.4377460862649294,0.03240966496844082
0.10220280910243495,1.1742471320139503,0.1881047302545376,0.013138362195798073
0.13910546731968654,1.1228223094966692,0.4186105187724543,0.030897473568813658
1.423997734993379,1.4848119156085493,0.2678991634781086,0.019173849497169673
1.5520157646094959,0.7323591707948622,0.14909254686183687,0.010247839759824367
0.40884618305235376,1.3578053609233158,0.3937084853198488,0.028936751007545742
0.35795218444197796,1.4828779331553144,0.18450551520180908,0.012869803937480368
1.1264413600515748,0.8699451054946286,0.22590258578388578,0.015979003723341413
1.297997803872537,0.21191419795789246,0.37891825261415774,0.02777621723560939
0.08824146579045133,0.31889171723687704,0.43822476704221,0.032447552153638294
1.995406434429237,1.7810203915938896,0.48689790030393937,0.036314414788402
0.03712209355505869,1.1052553260178226,0.15983120343143942,0.011038807263126638
1.3685864527482428,0.7309417060886738,0.2386922307807014,0.016947945463083647
0.016270197728678992,0.6240614315240867,0.27637724402370784,0.01982320499899623
0.6754531004788564,1.5240771432967732,0.17601901326725122,0.012238019085884531
0.7753842244223399,0.5524474523667038,0.15392187927655512,0.010603079427655865
0.7204217855252415,1.816408186797955,0.4690024912006923,0.03488945357944428
0.8287123397428895,1.8272720226171566,0.23313465150189955,0.016526452241329048
1.2262795041831984,1.0923120949636174,0.38088643145458634,0.027930475177032097
1.1135878059667577,0.15178828841727188,0.492184400713145,0.03673606199532684
1.4360878899406475,1.297676313301986,0.4416801327026415,0.03272112599930639
1.2209557791860168,1.0196928773146896,0.2959359788606248,0.02132643912256433
1.6769768836622747,0.6668591602968659,0.2290652039496211,0.016218259135033046
1.0156265944069907,0.4187519286523782,0.24676047749623553,0.017561052910939522
1.3730813848595016,0.5031383098851934,0.1794211887645749,0.012491050094471897
1.0644590325009686,0.9969785786424818,0.48248676410411556,0.0359628274929172
1.3624630425445976,0.6441125742042006,0.4434860400161763,0.03286416508244023
0.05090541995215481,0.14582355632732646,0.1775307544452016,0.012350410986296875
1.1541415583401753,0.5317881422868023,0.27870166830734766,0.020001479966971467
0.9356645483019339,1.3765580930428942,0.4834877685962778,0.03604259264940871
1.5935609604951413,1.993995071539144,0.25299259654830986,0.01803558295482995
0.12078592515319664,1.1312859027443483,0.18399874616873935,0.012832019830527737
0.7251623622862493,1.701293475311591,0.09324616303676028,0.0062050236345295925
0.027324123594871796,1.794890661350821,0.281116940934102,0.020186831382496377
0.5429157107089884,0.8497600368939475,0.16288975447257792,0.011264771109076387
0.8014345720377887,0.7791735248261198,0.2490503342232066,0.01773531366250757
0.22959761728973382,1.4349250201436374,0.1558419167305871,0.010744530161758399
0.6725376726262162,0.8813428067806748,0.3175759361966661,0.022997625815048613
1.4742302558713027,1.9095626044269867,0.3049673866924421,0.022022915662253287
1.5707359544121726,1.3057748500192201,0.2120727358290147,0.014935515806862708
1.2788644287005355,0.6484337037954704,0.2791669770481942,0.020037179824324732
1.3029978926144765,1.277853946849174,0.42649561772707906,0.031520029232064234
0.2513037666137634,1.419768058874228,0.40793061368798617,0.030055550453158674
1.7606695471238591,0.27110449185637475,0.3025229052134494,0.02183426190510344
0.1816071461490909,1.4827407534130288,0.05971418904269549,0.0038533177388946345
0.9277252949726578,0.14135320163543996,0.2103826635412247,0.014808312425985867
0.31279702746379745,1.0577956444421968,0.2605115706501979,0.018609170476184177
1.2149846455644933,0.10396476465833415,0.4871949503815301,0.03633809893075341
1.1609692713864679,0.830513334578834,0.4391073513155473,0.03251741544889614
0.41753467575334646,0.8569665608790331,0.24288984309657446,0.017266747283149336
0.6163313635575061,0.776367369581014,0.18959900363351206,0.01324996317193659
0.9089073683779685,1.7261929575732515,0.38016019135707985,0.02787354898086226
0.03412182639336225,0.10269536607499141,0.42628983828269856,0.031503772078668044
0.5756789371751376,1.0643587987727674,0.34976525311013207,0.025497945331120167
1.4858489036697848,0.13403038322774163,0.4535954663134907,0.033665632533552585
0.46957104482360634,0.3528335717684914,0.19381707329447595,0.013565319104498397
1.6765652746463047,1.2230722005948411,0.19099737035946757,0.013354456280133785
0.022425808595528895,1.8780424164192941,0.06100933477130411,0.0039427257249133076
1.773448424247605,1.831941455957758,0.31657971027711485,0.022920513470374982
0.06532097290560235,0.45814164617152087,0.051563600004716964,0.0032938426345467974
1.5432249127156272,0.13307702017706524,0.05579757238954587,0.003583766398731278
1.2652290438626397,1.5624719712226776,0.2246301992211489,0.015882811330776424
0.594478480539967,0.11498129451583061,0.43653678657267375,0.03231396264362303
0.8846326137327325,0.5535992302537269,0.267812627412959,0.019167228735340713
0.9080509755159556,0.5115511429430477,0.3433224507475816,0.02499617686859484
1.3889535402274578,0.09239831864846026,0.1741717652430938,0.012100774040723817
1.710794559619881,0.4930647925840803,0.288661587548677,0.0207665221387479
1.0337483411661745,0.15866815691926672,0.2839250849996729,0.020402470432511317
1.4120071830295378,0.939485928378643,0.20688074437726583,0.014544965248173164
0.10263853239232201,0.6456694994216889,0.47696976635273586,0.03552341037876069
0.27927208363292544,0.5052064563136851,0.47985538094985486,0.03575319994241183
1.63113819989118,1.1306262420688054,0.44827418698181504,0.03324361024910944
1.527237255238613,1.5853998864541097,0.2966638386771949,0.021382515874360748
1.1955444128580615,1.447093209565555,0.3313622722678464,0.02406644283654897
1.751661512552325,1.037199014699713,0.17564315657806068,0.012210085961391856
0.27326940853051895,1.788551213080469,0.1131015708019723,0.007627213538742751
1.4109118283735733,0.5882502451406615,0.26975304003092093,0.019315722553101735
1.7479623525330312,0.4250424594176625,0.3661389713462919,0.02677598530669147
1.4443842589237672,1.0892639860323763,0.4350074120094758,0.032192956230849966
1.9884811079676612,0.5287665600658449,0.42689700200541497,0.031551741273340525
1.6945372380183126,1.6471631418026527,0.09891749613435732,0.006609291284589702
0.4817700307062873,0.9547276875955779,0.25066223646917124,0.017858047671257628
0.3523575664787395,1.8459825002006747,0.4863986072298811,0.03627460782721348
0.6479493883787308,0.5686278677189489,0.469864744816428,0.034958027546960396
1.9580155042350624,1.0323383888844007,0.19555687665453814,0.013695530788762785
1.592359827311839,0.8357914170521261,0.10551048068480376,0.0070812663675892855
0.8880475395508705,1.0000741920280258,0.4781951915000776,0.03562098272707408
0.6018752680645083,1.6510198620285585,0.4979913789499175,0.03719958229169198
0.6202158242031459,1.9253154704525706,0.12524042928775492,0.008505441351555362
0.21744491886149508,1.2210965136766105,0.44089188367278376,0.032658704417441294
0.6003026448223459,0.2539552706394237,0.12729878464100958,0.008654959979002487
1.477615697273936,1.846006890807778,0.24068711122448883,0.017099405561092258
1.042390183005895,1.6149963538748253,0.19674770656841623,0.01378470191967523
0.18413216231492413,1.5814431509504576,0.09393913332563153,0.0062543314621230995
0.41927735165222124,1.057585556857124,0.11809670948618173,0.007987854361715207
0.7817892395306005,1.672391320175308,0.45325289413349107,0.033638453340932746
1.4895544368577547,0.4037012388225427,0.30538749527163433,0.022055348227757506
0.6245851576537009,0.6795663026270131,0.40258765672820934,0.02963492003484528
1.117220334586628,1.0590972174447668,0.07971244185066267,0.005247341725486944
0.9732510897362119,0.09419623510621444,0.38082234922787633,0.027925451802021002
1.0665986737174733,0.8708124912712762,0.27112361388221057,0.019420652815445985
0.7790130510718785,0.3453145058551763,0.2400172996399812,0.017048540824094884
1.040150068018132,1.9255957046491963,0.12601926614167236,0.008561996154401582
1.0613034067283111,1.3217528309274245,0.3670201859617384,0.026844881453480587
0.9378423400545439,0.23156646620561605,0.20507069921262522,0.014408968580718258
1.8299417696837925,1.153594601747183,0.3094455960402114,0.02236879329670656
0.008250657198890066,0.1262931915432295,0.2538246225115021,0.01809899710524597
1.0897462140300505,1.6878543436743065,0.3717971509763455,0.027218557700962116
0.642786363263516,0.7421659513975405,0.46294005567650093,0.03440756198052922
0.5361921426726222,0.9347132893534205,0.44997902767582526,0.033378781044959394
1.9657925376446113,0.27832467487079215,0.26835801580208857,0.019208958156518692
1.9990666317867385,0.6080704748939274,0.36652866929135114,0.02680645171558764
0.7862080403409781,0.014471815302515623,0.053846499185859965,0.003449969626668123
1.2124943553757863,0.08259299901237016,0.418893821623024,0.030919827382139272
1.8023371008158506,1.9455006730857252,0.45270158544647904,0.03359471626522337
1.07764791631131,1.0467491504289754,0.07648361173485306,0.005020448770909144
1.8137120492394214,0.4422643668831292,0.10650755935843056,0.00715282526118961
0.4952348445852952,1.4103594555749015,0.2828005501619551,0.020316098986285707
0.2924704621481977,1.1072005482741605,0.05164492906759204,0.0032993966452105608
1.1606199375794024,1.9769853385764207,0.1155242038935517,0.0078019893511505406
1.817608435994367,1.1980057590100925,0.17469242329429366,0.012139447269969832
1.41014248514081,0.8765546893615905,0.33351250784464004,0.024233424819205807
0.7393537218698409,1.219530269937576,0.33651618708185715,0.024466807418386475
1.3568537712032598,0.7895124337567203,0.25438429915466376,0.01814166180202662
1.422975230746197,0.2589880683422181,0.46519249581787836,0.034586553679270375
1.9678184855921328,0.8204550445073995,0.22277915939421328,0.015742939937362102
1.2902650583354864,0.9615949372578374,0.3213614444283478,0.02329079290937936
1.4567706303651253,1.6178878448161074,0.10865872965216718,0.00730736860952348
0.05279736218406095,1.6384155542825436,0.27305022382030286,0.019568214703967357
0.9556340840118154,0.41830774673863114,0.06995858792610936,0.004563972293068843
1.859890461449217,0.8743255621218018,0.4605434877966904,0.03421718304966895
1.8134008595635236,0.8815324657456971,0.29286818181628843,0.02109019062409168
1.4658775214178705,0.9162404163523474,0.20687521701623102,0.014544549827834636
0.7402888793764326,1.6842683966268475,0.2788910942257322,0.020016012785522737
0.5765503395580114,0.5693927507970955,0.1324772843023373,0.009031858135623752
1.3963960796423849,1.1691653091800316,0.30278418364199394,0.021854421158801377
1.145323434934321,1.7220295605699332,0.1788328216625445,0.01244726743676798
0.01426412171910485,0.7071189792689336,0.09332506472214046,0.006210636558116263
0.8656013415653201,0.3311066837594234,0.4070800435587009,0.029988562770061396
1.7705183373553193,0.8779856901362897,0.09374768182405194,0.006240706344181704
1.1033277315028123,0.7849608520965519,0.12089185694041497,0.008190122127512535
0.007920596572754679,1.139445126932803,0.22017094132388487,0.015545989573173121
1.0357734692020188,1.1051716223688124,0.37146551418144913,0.02719260478880859
0.6137330224405444,0.12200938423285979,0.16843387572476537,0.011675110682514965
1.808465061860604,1.4240081509220932,0.3868331363629421,0.028396887114893153
1.1829628324192747,1.2439495464720383,0.37923047162679996,0.027800684024110876
1.0812384530802486,0.2339385047388054,0.41172587423611046,0.03035456799332333
1.729387948681496,1.0740609435830066,0.15619829676092328,0.010770798249115775
0.06390913134913423,1.3568182620821976,0.42934497194263893,0.031745191734756255
1.4020551580468528,1.1407576313752306,0.05991171633656115,0.0038669450951937115
0.8548540872252499,1.1143351466502298,0.08400377511254299,0.005549876947176176
0.6850249164514821,0.24371635078983545,0.4818340136965514,0.03591081915160689
1.5422901695839841,1.7165851198452393,0.3164931635435716,0.022913815155557283
1.1544192105830113,0.8240981366417028,0.4093577832632472,0.03016797056965193
0.05878889842535284,1.6725585250856985,0.14392981230982177,0.009868953310498378
1.8034751785660597,0.935359122286477,0.15358205390462926,0.010578056849164899
0.21710035565566121,0.7556106313829296,0.4171110391596191,0.030779175577718247
1.503829170300898,0.19719750663322633,0.3995446344100423,0.029395526392191736
1.3366460658964339,0.879579619137457,0.35801679058664865,0.026141509536896892
0.49822829921133516,1.4560930854218932,0.46513052712249825,0.034581628493097566
1.9587252577604728,0.7633869592457774,0.3760159449936715,0.02754884696970981
1.1527753321534133,1.8375581473487457,0.40569255216365,0.029879309934412877
1.4627278410501017,1.5781055233333658,0.21391981027021761,0.015074615963115002
1.8644564314496026,1.9863204002327401,0.4271309377187256,0.03157022470768057
1.0175007144744321,0.778691334248703,0.07848112464126085,0.005160739657146084
1.1076243645038697,0.3397288177649038,0.37641820015826677,0.027580352915545697
0.7156330934330337,0.5211407796179741,0.16204093236676603,0.01120203107094518
1.9039380474508458,1.8513474426789713,0.24639577399417284,0.017533308824238127
0.47458600378755467,1.695612660388794,0.4547881549750703,0.03376026980979901
0.6285826653273785,0.04333811142902966,0.3194667652508741,0.023144030314470876
0.890965170271558,0.5688726029907487,0.47234899407687686,0.03515564532694044
0.45989272375778834,1.7902160526176618,0.19202624689939035,0.013431372930470125
0.2541925495618169,0.09404949226587211,0.4868546797972498,0.03631096885105266
0.4903626186490784,0.2722867833127971,0.4104834925229862,0.030256663326212657
1.3974497675608657,0.6615043122465565,0.28641073278709556,0.020593467669426126
1.3982758745910187,1.2296680856967726,0.39643665403406314,0.029151152355511925
0.6419010776277656,1.0536159016404991,0.44184626619548345,0.03273428312161065
1.5990396992718723,0.4826822291565074,0.4012667599420279,0.029530990093986895
0.1518007778961914,1.9817019002978162,0.44217753244505636,0.03276051913063824
1.2815303586503557,0.47731617520328196,0.06679461460378527,0.004343667178416366
1.1344641461415448,1.7023518058624993,0.1903087441669188,0.013302991990701183
1.2027858951338348,1.1170345994251005,0.4426598084572851,0.0327987174104552
0.7708980833363657,0.30137909230723836,0.3346411109120055,0.024321099107243376
0.40664754359645316,0.9361401992989591,0.2132947905678857,0.01502753743827389
0.3658676288094227,1.746766504489202,0.3965118127335867,0.029157060372395592
1.5450585847398919,1.4749197088674713,0.2585047909848095,0.0184559694469496
1.154945296972002,0.06992896912156077,0.13105484953064486,0.008928228419124717
1.4496206303063277,1.7349774074228406,0.193190203313511,0.013518422149024581
1.1208509700818274,0.1376330013714413,0.35208787443248035,0.025678989239542663
1.4356974926930155,0.907377563221617,0.11118141270288859,0.007488870865809554
1.7064409182771798,1.679157265945982,0.3279963375040118,0.023805202919123122
0.9367428227038945,0.15382950978161047,0.4883850143389711,0.036432994077553696
1.41548543161899,0.6812558959199064,0.31756894051706136,0.022997084259883144
0.2575045694008149,0.7032625400263719,0.12730870544278444,0.008655681030779894
0.21097464974975466,0.14342890858740676,0.46029466025681337,0.03419742055973403
0.08369693964307579,1.665819686440971,0.24413864880210656,0.017361665738812364
0.16301405727470253,0.3933472391219164,0.13013916812800325,0.008861558586062647
0.8181976718590731,0.9273550358172871,0.387099728176686,0.028417808089107405
0.8810889380528084,0.29082973108320687,0.44813393103876475,0.03323249142807926
1.9841714390473641,0.6995277836950913,0.19421652443822862,0.01359520802406504
0.1780644245798053,0.7035971002807282,0.49670672093845963,0.037097006993258776
1.0308418102905594,1.491592027257151,0.3355221063885231,0.024389552456103587
0.7384426645459976,1.8563667643092465,0.08895909871987412,0.005900549295696496
0.07718723498973956,0.05017335788520083,0.05444778157344622,0.0034911680588345087
0.719244735573118,0.4302661328787267,0.26573580408970415,0.019008378067201914
1.0666287197777462,1.9587237217470477,0.44201549740962254,0.03274768592227281
1.8210255337228463,1.0106687673888524,0.10007291160501242,0.006691851726289147
0.2870674791207295,1.0571546256640771,0.36467991985919146,0.026661937210163827
0.2059871401830684,1.214494755292641,0.47468360917596497,0.03534142534911287
0.2827928063121612,0.6821636324554556,0.05084205500842349,0.0032445944632469347
1.1607914701487885,1.733473921144365,0.12333202840760507,0.008366966738590468
0.3480386801343829,0.3621175581641507,0.34826846338478357,0.025381317335466384
1.00583974760487,1.6360634200898305,0.4207680549463577,0.031067738699991774
0.7421340643192051,1.5083009832810756,0.06320674404724955,0.004094718287040737
1.5042335998195824,1.306257111365443,0.13877259988033885,0.009491407393380863
1.9415249886975203,1.7559799007980532,0.1614411997659258,0.011157715955990459
0.7445093340277869,0.3055979346430959,0.37037322031474157,0.027107136421192144
1.4763871501617511,1.7756047380391589,0.4185033645780013,0.030889018914062854
0.4669465461789495,0.8157274346865933,0.2547771989880184,0.01817161681028186
1.0855151537345114,0.5337816937287294,0.23829373075711896,0.01691770003032818
0.91610870574876,0.5594266933433474,0.22515240201441167,0.01592228531249705
0.7540294766270725,1.9397892667892636,0.4868769611177987,0.03631274532075723
1.1319559681115423,0.42830493333053976,0.3898254371687577,0.028631766893379963
0.6781160744562913,0.903742708243253,0.11541896774787325,0.0077943920147888835
1.6938926158437875,1.5097402233778239,0.304907698555895,0.022018307962090797
1.2743939152738555,0.9433693007430002,0.4082511700876514,0.030080798763243714
0.8262728506224744,1.2639756597094227,0.1057982025791484,0.007101910981609177
1.5906562532791133,1.3147159994088164,0.17125847631131608,0.01188452974448134
0.08633210351550535,0.16574779014740137,0.23262476022555134,0.016487815961954456
0.8582181867376575,1.2238108455875483,0.2805899871437574,0.02014638280322658
0.8921565015533186,1.873298597066602,0.44454374217601994,0.03294796034240973
0.08973603395580931,1.5433376273183927,0.3945365254200808,0.029001814228236483
1.9029011208402817,1.6637639227800078,0.3713921850304136,0.027186866482674685
0.0555331418475431,1.0747199629451865,0.24926980029768525,0.017752021107701875
1.7474723496964992,0.2746245677155905,0.40848248966377837,0.03009901927233485
1.8429673413926146,1.2150756615975113,0.05823330181063546,0.0037512514451439375
1.4323475773094931,0.6759782694200316,0.4162468785064206,0.030711012933481364
1.5057375791198153,1.6078867786812923,0.36224355662291363,0.026471566875358708
0.7227928391608609,0.5313157324617854,0.46513878146686194,0.03458228453435376
1.4192605123960111,0.64086776949671,0.2980773910825777,0.02149144777752791
1.5615739260684907,1.4750791015750953,0.33931919133592064,0.02468472750807322
0.7392810646729071,0.374946846315507,0.445973992106744,0.033061292153583714
0.45098204422834076,1.1021878560468248,0.4909119969385601,0.036634547364253284
0.16944793599234265,1.5153629960720418,0.09405611319665899,0.006262657566266154
0.1251919434416846,1.3213079431283803,0.3357881407632605,0.024410225766719047
1.24946146658355,1.3902768925440916,0.1386768720133766,0.009484408447439887
1.1996861255710631,1.2521542650728312,0.39171504147501124,0.028780154989647602
1.6345054217882797,0.9431682754692201,0.1568544005368505,0.010819169207163623
0.5419283366855057,0.9118731557010171,0.36871101010940727,0.026977107376790536
0.2745250575160325,0.9950954472724169,0.09982430553358745,0.0066740819501126345
0.900888742540014,1.3389378793847897,0.3984903512589261,0.02931261554754203
0.6612433452127469,1.082517818514927,0.2426486471171448,0.017248418481803328
0.4370065076382177,0.04389806011175046,0.09025660705574541,0.005992595827605638
0.08834579635098039,0.08595303472920568,0.24446705445227063,0.017386632564291623
0.8156255194905797,0.8256450495192529,0.34639284892106664,0.025235220619953043
1.8706569825909243,0.1602172845347274,0.15574684825672674,0.010737523547093886
0.11995166765205645,0.843513571069129,0.12083910723612523,0.00818630194136729
0.46313701665966356,0.2582381068573376,0.33898409249082,0.02465866862790308
0.9821034379889584,0.18677656494818384,0.41322498575506955,0.030472731135676816
1.997128221558394,0.23726149973990118,0.3762560416639784,0.02756765184997819
0.1979111618838958,0.40538226215016904,0.20879311837872278,0.014688739540416286
1.204135515429909,0.6808314612451409,0.2816619992660755,0.020228675157448316
1.4422447111899626,0.2808685496354866,0.38822676226577324,0.028506263835165947
1.1965444238912961,1.7406637629939705,0.2971008348707685,0.0214161880835279
1.6084800076997017,1.3726495954409434,0.38482264019075024,0.028239144143750988
0.9038705018954396,0.3810630329390774,0.4107323407226759,0.030276271927950352
1.4417996384848524,0.6240317130229613,0.44516981778629744,0.03299756696003185
0.6771597371112137,0.9942905651970626,0.184672309417709,0.012882241486642337
1.6296196466257513,0.14401892811472172,0.23387156979475598,0.016582301467257376
0.21412059406647366,0.844871311679354,0.4480596486441594,0.03322660277200766
0.2412363938417772,0.8479567499353067,0.44682005517797974,0.03312834529704654
1.3767406549866648,0.667655723922512,0.4005451719506942,0.029474224542003942
0.947503050700266,0.5427954110097393,0.3024699434389405,0.02183017572163016
0.2663317919268906,1.2406182941427926,0.2802869219463161,0.020123122118459593
0.34169977012802155,1.7425868258068231,0.12600833197413583,0.008561202008660162
0.40190054651195073,1.750994745473956,0.27735923618814035,0.019898507689355516
0.7027474867057595,0.9165203678844496,0.13477074577321393,0.009199106845323482
1.849722259229905,0.6561627920612472,0.4098226431902966,0.03020459407138598
0.16322945714687087,0.9149552507634029,0.19560901531570501,0.013699434227349363
0.1293580764182387,1.82245824392227,0.4041370258189677,0.029756856468217154
1.3902359473060426,0.019607670592650672,0.36001354457113516,0.026297397630110676
1.4178759809368613,0.8987998778250434,0.30481431065651876,0.022011098891565398
1.459080925598022,1.7549312728288384,0.3356686884325232,0.02440094308531783
0.8098817545123054,1.6678216637013594,0.21089283094670636,0.014846702799483137
0.6614244925259116,1.2941659470104685,0.3519470286579983,0.025668008226949403
1.8237900305748134,0.622616517270006,0.16779107233321516,0.01162748621022151
0.6861746416797285,0.5836533812243805,0.4309515514445272,0.0318721928390883
0.23240645701432516,0.8303576575035847,0.26025984095554705,0.01858994851620606
1.9160539373477332,0.22731578029309207,0.10230533645824186,0.006851555859433586
1.9966045587904897,1.768450879726978,0.3955644531806712,0.02908259672183596
1.5608871856431843,1.8807102949449848,0.3499588680887362,0.02551303408841621
0.9979974444769806,1.2007421092736845,0.24960680679498953,0.017777678609432735
0.1944566755603796,1.8622428403713926,0.21325619587857497,0.015024630671996131
0.4699542967780792,0.3890382174973366,0.47373854222409306,0.035266212808866215
0.3137209473257785,0.6377900916611052,0.239114830050694,0.01698002379185501
1.4463250833684593,0.9804917895621832,0.06145506765327404,0.003973526515295823
0.8417576695461324,0.4650451418729,0.14213612775827345,0.009737534776616865
0.16861305954608974,0.41478809107417836,0.32856551044437887,0.023849365132212606
1.6320337319422349,0.21567725901174484,0.19977743364415396,0.014011739884578937
1.0366470042410578,0.6958690562961054,0.3152181117621998,0.022815146739327486
1.0655098489270116,0.7990054849076724,0.46978503090026047,0.03495168763292844
1.1823206705092075,1.1687629800057469,0.4922177099355163,0.036738719707632726
1.8426906934449871,0.34384821395065823,0.20960974546597066,0.014750162163984705
1.1956467045110224,0.10026272743709086,0.20577601444449534,0.014461952212643504
1.6684204393246085,0.5634225899334988,0.2875500582457007,0.020681051760153
0.24433722281476355,0.12739339218971435,0.3379551759455204,0.024578666297395177
0.8713005368882829,0.6897852612654605,0.1252387615408324,0.008505320275026885
0.07109321066124963,0.06477265885769201,0.22879039801508433,0.01619746068636177
1.964638442856173,0.7010223517495753,0.22139547929201647,0.015638436294833614
0.8429346722260604,0.9413996169816097,0.30636279689963375,0.022130653801996112
0.9535240432439003,1.6829844192613053,0.3753012926398213,0.02749287878719308
1.862245159793722,0.5473724829767317,0.0676886634241355,0.004405847606721458
0.9878795350037455,1.302541684524208,0.49091881818365907,0.03663509152693219
1.6754795796714186,1.4053557835323418,0.11340425103231619,0.007649035766913388
0.9899897938415267,1.3364302436988034,0.28103346703047755,0.020180423639029596
0.10998586652985409,1.639723577519769,0.48156931428923827,0.03588973042781216
1.0561886109326348,0.12371806705467892,0.20472323081168353,0.014382871201176366
0.7880297970794303,1.6793177758135391,0.3634483465665328,0.026565694651151772
1.8768514042347548,0.3411227566100392,0.08788380140901772,0.005824336744006313
1.8324165732553268,1.1085881208305401,0.2064528776845978,0.014512810301462517
0.40312056913819294,1.6640164003730906,0.3666179929377989,0.026813435312780427
0.6727183782028554,1.1628770068832024,0.41899228433632263,0.03092759675799954
1.6425045855011045,1.5665808971397026,0.41863185374386214,0.030899156953477815
1.695104015392527,0.697607243603674,0.4999364158621596,0.03735492119603602
0.06618518155671738,1.717782483377256,0.1716756463498707,0.011915479499050337
0.373146031693095,1.4634117467702425,0.14830660950885458,0.010190101604125524
1.9189060765619461,1.7581387092459484,0.46725507026903434,0.03475051003797462
0.2563164160273965,1.801525493495288,0.4057401979433744,0.02988306119670664
0.005392156196743603,0.3938584382820325,0.21844788423685763,0.015415967171254302
0.23298314529559105,1.291072720701248,0.09579908359155381,0.006386798594657523
1.807545393763992,0.49547173266499533,0.1596545921294206,0.011025768385286084
1.9040827362386654,1.0091419117935665,0.1437700881085147,0.009857246134906456
0.05939398165388421,1.120068712746576,0.4773948870488156,0.035557257918402765
0.15396354178259797,1.8685746145656776,0.42993777164908237,0.031792049107711405
1.7355737450844262,1.7762095998642249,0.40724615801881064,0.030001644557780684
0.9093294438556951,1.4223884367774862,0.1661143507445872,0.011503319427889526
1.2656336585477008,1.6677793755636505,0.33875708121442283,0.024641016161014936
0.3123214944714521,0.8551984323181876,0.40885513816609736,0.030128373431896522
1.430735324245194,1.8509418758333005,0.45652488668851415,0.033898106345630084
0.8011921478761552,1.268783523437204,0.46783292472081894,0.03479645330253123
1.8129558530244023,0.26213444030709265,0.33971370630770814,0.02471540914471888
0.5361763858568094,0.9891701841133844,0.05196804912970021,0.003321468662297803
1.3013614701108243,1.256414768023683,0.2937153228352237,0.02115541126002623
1.8833952023163885,1.4995176560164176,0.48196037809179504,0.035920886943152076
1.9152793746591186,1.2862081238302074,0.33958918430220897,0.024705724737253385
0.6235160178207855,1.8341101794451067,0.490018867538279,0.03656330275646217
1.9368613377068933,0.4817218575620581,0.30560044217049953,0.022071788997221415
0.31427206726891654,0.7620300725362932,0.10583065042461881,0.0071042394218696365
0.5049178236270795,1.5974372202374898,0.49812882425456895,0.03721055788452024
1.650240636876408,0.7583992111689961,0.08086374429098955,0.005328399701090035
1.7896830138466298,1.0172898997392543,0.4514162192494631,0.0334927583468635
0.2619383204995871,1.1943441073056928,0.40108683272393636,0.029516835002724114
0.05783591889612194,1.8058748865463847,0.18476631148093886,0.01288925139551677
1.1333279775169898,0.3332330001193473,0.4231737670052109,0.03125766002823206
0.07267491390659164,0.17636437818140083,0.1924684279467837,0.01346443820395035
0.11230518468155704,0.6324251136703207,0.22028765975210224,0.015554799726165212
0.2818011631531985,1.0239626029145572,0.10399557913922619,0.006972633486278447
0.3978056103886649,1.570498356417664,0.47118494863033167,0.03506303855048745
0.17511794279107895,0.35346120676434567,0.16428075809955006,0.011367634814197208
0.00643499383664059,1.3729255999793444,0.4056978911703762,0.02987973028523264
0.6138717129318401,1.5455867619728223,0.4475760708792626,0.03318826931756969
1.0319781508953965,1.2660971919911914,0.18874392072646856,0.013186093177657274
1.5176428294293205,0.4019626656032069,0.15772370491472631,0.010883279781224983
0.526431942185936,0.9930672990929521,0.3507933202193783,0.02557807100419056
1.43132640913965,1.3816583783939396,0.13551844273266095,0.00925367463039452
0.24804830796361155,0.7938158448454946,0.33405787140823917,0.02427578823605834
0.3946360064194019,1.5383451360768645,0.10016542981759392,0.006698465488261674
0.06741656177953614,0.6733913327382532,0.17961154481195457,0.012505217342415973
0.1561246576681894,0.7730561954446922,0.05231555191104664,0.0033452168081258182
0.9256380430865434,1.267736939456064,0.3738599494727905,0.027380022010924012
1.3810161464645079,1.006120169119304,0.09912033819592922,0.006623780611227929
1.0304195376036633,1.9151474488469153,0.30981662257497516,0.02239746535581637
0.2450491833211912,0.4043625085215279,0.43789987132193486,0.03242183661621065
1.0391080405204134,1.3393423430650422,0.45056183384069537,0.03342499779894806
0.9831156776882233,1.561593369636345,0.09656826236989054,0.006441632206193043
1.4601482270755826,0.07524288908921739,0.45503417924533696,0.033779793437856684
0.43938366112491845,1.9229756355576269,0.4181886703312729,0.030864189847101507
1.1305799534569478,1.1102868313354621,0.4930534059496029,0.036805403185558444
0.4973389472741474,0.3247946300744906,0.2587879971339091,0.018477584935656443
0.9804699109087387,1.3791395124814496,0.20085040382323666,0.014092201977400598
0.8746222089716611,0.3380643923754305,0.45843807688915245,0.03404998947559192
0.999152893037607,1.841928752678524,0.38949704702871585,0.028605983910292856
0.9343246219813521,1.0057062891647042,0.2791699529790265,0.02003740815972591
0.25083980849323373,1.3784731516815854,0.497256402352208,0.037140894829350096
0.22750757925108211,1.7852031424873043,0.4782348550490175,0.03562414115674298
0.08993310742940674,1.564879923470271,0.1814105111404865,0.012639156423602393
1.0990384504100688,0.9671214162707209,0.18853416024417957,0.013170428268217925
1.1576309805348115,0.5431805048962224,0.3732565110886869,0.027332781858504435
0.01028387798841024,0.12078584576601226,0.3005046664813966,0.02167858280320798
0.15068619131111927,0.8653786358910323,0.2578118204513725,0.018403085904542246
0.655072539233547,1.0409963730914125,0.49831243362628685,0.037225220200691196
1.505637683779221,1.6298893413617923,0.10959731724134358,0.00737486459822364
0.5615349321899954,0.1597048614101011,0.1996163725908085,0.013999664477114605
1.7428193805274792,1.6157687925414526,0.13935051956658862,0.009533667870529039
1.0408645735298794,1.0211958919912043,0.44642427142883956,0.03309697710602293
1.2181051483119498,0.36751269669340725,0.18651326515013833,0.013019569641479963
0.4785208967579737,0.9438659100181208,0.34057041205175503,0.024782044063506162
1.49502120628705,0.07331139317639734,0.3169588756298043,0.02294986059485925
1.1531104931252882,0.18775199161957734,0.3286331977884059,0.02385461735469019
0.279862158866351,0.35965127247555473,0.45400399206773495,0.033698046241124484
0.6957450859175824,0.03481915957523696,0.3960978477912847,0.029124520696238682
1.6061690827667552,0.6694343140201857,0.4006745805958386,0.029484404282858784
1.2636972660182082,0.02826021203146123,0.22717228736080813,0.01607503040453207
0.6337861512688869,0.6752032893499482,0.1322552172250401,0.009015674635963408
1.751741204040538,1.7870405990064278,0.2621291689002619,0.018732720040210947
0.24320334849334047,1.3209356512667951,0.35841073308466076,0.026172260186002078
0.7680583798516787,1.3219049359792066,0.23110981671338143,0.016373057808258325
1.300973003285661,1.364598900821647,0.3406601379036134,0.024789023646126652
1.631057598357288,0.9262732356721135,0.06433010360543329,0.004172561697404354
1.681744516877821,0.8957468399692972,0.3411312124962295,0.024825669614296886
1.6625627476777047,0.22262322710268,0.32350295530950945,0.023456747061315654
0.13268775989566906,1.9878156868351375,0.40009548567631686,0.029438852397047924
0.16231641046835188,1.3557044208932267,0.18785056654913912,0.013119385853832833
0.7188942169446699,0.06375816495069064,0.10690677565332957,0.007181489422511409
1.8991931913821407,1.908323571893649,0.3493514988954211,0.025465702666382983
0.9713954241867373,0.9541950890981987,0.20307486855966522,0.01425910904369996
1.110010042768211,0.48138819632600804,0.23420832185094065,0.016607827122612214
1.5670349634494336,1.4642336217398382,0.31859480123588213,0.023076507794714568
0.6233982337288979,1.1909864567862376,0.23758487311724252,0.016863907642999564
0.06656336366512394,1.5906773388132065,0.1394985072336332,0.009544491441298208
1.993815753161334,1.3197847514595458,0.2858895281921777,0.02055340878483898
1.9677735643589787,1.1989869557675175,0.39964267433557255,0.029403237207359392
1.9783163527766,0.7955286081150967,0.45877968324698726,0.034077113311741104
0.7365722831975874,0.45365450627798376,0.29408415467965393,0.02118381135494103
0.5106071959243539,0.45074909335669444,0.3939085680074455,0.028952471633089154
1.6971695101645814,0.7172934445909034,0.34675902308826684,0.0252637386438941
0.7271677175048501,1.1999895431385945,0.39628933305200037,0.029139572085997042
0.8934743128978118,1.5620030690958135,0.34992688571374614,0.025510541605713734
0.09836162592541986,0.5147935524863867,0.49838766063616635,0.03723122763898657
1.7520680594546205,1.4050063386119411,0.46574930919215074,0.034630810466103855
0.06539747296521448,1.0641833103760794,0.477291757956415,0.035549046727247624
0.42129506202520517,0.9763097761148913,0.3818601270171804,0.02800680987461534
1.0555799943286404,0.1498722569147306,0.15730265681238437,0.010852224732828666
1.216561343675049,0.5846010855622212,0.16075964078352595,0.011107368360576181
0.576294123324941,1.8432892016012958,0.4360737214107092,0.03227732114008555
1.4256329193087396,1.0198404093203162,0.23781638389271775,0.016881474858928602
1.44187409381892,1.7259754963651652,0.17981689280509122,0.012520501527487567
7.427574602791864e-05,1.5008761697077684,0.1084329371054932,0.007291137337999274
1.669246720122917,0.40039309090387865,0.3916997731036387,0.028778955786620836
0.8309813547206377,0.5633768805939054,0.241967960857572,0.017196699016601053
1.4864033884874055,0.8833009723986103,0.4037773459683983,0.02972854653240613
1.9091163854668587,1.8729955373165552,0.16405502778959913,0.011350938123527396
1.6455027959346766,1.4227700085394073,0.07721930068108394,0.005072089189907215
0.14700382774305187,0.08182652681798075,0.29247686999036365,0.02106006826621189
1.1075876230789676,0.7493369286502369,0.35894850514665155,0.026214241751948152
1.4656034736542303,1.3490944009051893,0.4455910770093661,0.03303094781906056
1.1586761558778091,0.9418440843450142,0.36061995930431373,0.026344752713567662
0.22129206686025782,0.9637933608452955,0.1576412903007246,0.010877200714258711
1.8302553519204332,0.27744739632770377,0.26772111213086486,0.019160227180693646
0.024442040472478332,1.6918301670938398,0.18516617449528716,0.012919072673360893
0.8357227272913064,1.0455662156273218,0.4301869829273191,0.031811749142841676
0.03013644301193441,0.41703166165421357,0.4962372180915025,0.03705952345289426
1.1421566629712394,1.5732420991249951,0.25343585764320586,0.018069364999244154
0.5801824926763832,1.5963277702294898,0.37790064858166167,0.02769648318540761
0.6784860211547878,0.6518102672808712,0.276238807104157,0.019812590641365597
1.7061417190531996,1.1249745786854646,0.13680712553008711,0.0093477728911608
0.6615411552990762,1.3691756582613526,0.21583703344485422,0.015219086577306275
1.505867198962116,1.6251410244772018,0.05000339360086562,0.003187413273097512
0.48699316178475893,1.1715061965812155,0.12520108117412843,0.008502584752943259
0.8123421776606066,0.27311733031784025,0.3902632464266935,0.028666143059737755
1.540085910183338,1.4042692222153594,0.32013438596392035,0.02319573764330348
1.0762283948322797,1.9053567191305454,0.48337163933713745,0.03603333829146346
1.595295559257052,0.18675011128578856,0.35565628417812944,0.02595730040583695
0.10111301117713811,0.27708201130613275,0.27982159751645236,0.020087411185252032
1.626862387247847,0.6837985464464129,0.4714665270860194,0.03508543835458894
1.6486188465697356,1.7834393435622635,0.17736144801388704,0.01233782043697775
0.8845113324858602,0.8477493465641739,0.17205466829681532,0.011943603554892492
1.3501157339412881,1.874369384899477,0.1624448004412176,0.011231879850725345
1.6389380457359952,0.7230550724976494,0.32485175690244505,0.023561309978928
1.2774280501156339,1.8237194953388987,0.15984419460952298,0.011039766416459835
1.1020877524425712,0.6100079171596033,0.17426314106210297,0.012107560640602304
1.0359455925060908,1.3285513446850514,0.31409397245577614,0.022728179347426835
1.202608629421659,0.8646939215397029,0.08380000799854304,0.005535486974256249
1.6739441405526,0.9042824844488431,0.3784581826134879,0.027740166760248028
0.7406117998926212,1.5265213750106224,0.2075841344528867,0.01459783623848853
1.1779337374683787,1.0686039710546669,0.22770306761913894,0.016115183950107883
1.499057009372829,1.5408236782206393,0.2600729240027809,0.018575676456262163
0.5866751648607074,1.6883034882230639,0.12396619072782834,0.008412965614651678
1.0381725760652154,0.6863797263798841,0.3749379270125185,0.027464424533865116
0.8965571897174285,0.6569099861986358,0.096261864913153,0.006419785962188446
1.4312814226639081,0.7917539148037329,0.2508924134304376,0.01787557833581627
1.594384633907146,0.7038758143162731,0.34849807606396194,0.025399206228069453
0.5451597838969098,1.144442879002367,0.12146412608879562,0.008231573812037925
0.5885208752276789,1.6764021860592924,0.1566783251069927,0.01080618675165687
0.004058441033480298,1.1526173020546042,0.21217362163873577,0.014943111200783437
1.1341671784183462,1.7915629801776223,0.13601987951924593,0.009290281710722445
1.2929238745035898,0.6293595325555696,0.19000367788836248,0.01328019705009765
1.6601391608271292,0.04031614686932938,0.4877931483479261,0.036385796961771834
0.3788876601576916,0.8306276361985021,0.33749464207475904,0.024542863408890482
1.8898152101899959,0.4846249374936977,0.4751726812752631,0.03538035189335286
1.2547929214031854,0.7764429313855994,0.3867103746640526,0.028387253641419818
0.8693502593331284,1.3777294054856026,0.33685224025697946,0.02449292734846811
0.44964585456326267,0.026696905154726114,0.0885999071254921,0.005875084197159966
0.6669704108226364,1.996552104897817,0.12169421995676327,0.008248244209806365
0.04133124601367699,0.7165833640662496,0.22745072592543264,0.01609609348566763
1.029132289518761,1.88443164477906,0.31318655398278195,0.022657993905382538
1.9925649383841375,1.7675649508865199,0.45951152643584225,0.03413522697469095
0.06132224653547569,1.190952469117342,0.3877242863379664,0.02846682460804238
0.03237615033581176,0.7503448158510586,0.4911625696229889,0.03665453706358275
1.6032210241302984,0.01823799451922925,0.4504707193107686,0.033417772109360214
0.08629789425722723,0.11896592478017975,0.34308672912617044,0.024977831002456038
0.7604786381492963,0.6747921416696869,0.06699660626970048,0.004357710554110068
1.9014222504328864,1.6035503919680236,0.4867889221700451,0.03630572608711889
0.2798747427034278,1.9629364207481959,0.40164165952547237,0.029560485303138893
0.40026762015442197,1.8538566536835994,0.25020317736968023,0.017823088275555243
1.619881377945785,1.4128875612589729,0.256551511218658,0.018306931476615086
1.8453897345758354,1.1675685285275679,0.29056781048396313,0.020913152836017173
0.7135613137856807,0.29001696452108283,0.11875988065447851,0.0080358144160425
0.4243772622090449,1.895668051026382,0.4419479481033131,0.03274233609908283
1.8911062473410987,0.7185862150178544,0.43034416445818446,0.031824174674423965
1.8217301103544161,0.29255997071020334,0.43870379916408264,0.032485470006274914
0.19900609529628266,1.4310357804742768,0.08487853094635817,0.005611679241445044
1.4786246816084083,0.4646759984151174,0.3180310607749195,0.0230328600522497
0.019128234538735134,1.215521386160345,0.4433710403076484,0.0328550551908466
1.6880055966365415,1.7712287919022598,0.13661168312178276,0.00933349794331357
0.7241264456435454,0.4376855208691053,0.11505687318409542,0.007768254895810779
0.5664318570965841,0.35739055014239507,0.19750718552115554,0.01384159230997984
1.3856246495165325,1.6406699774876063,0.3115451529356022,0.022531073310989382
1.7564018398733476,0.5919901055436139,0.4281973161945272,0.03165448890655847
1.3729973710210088,0.9135555642287649,0.20096012028288252,0.014100431294998007
1.1112142124478313,0.3202523344232686,0.29760017958657703,0.021454668665575955
0.9028061732197041,1.3575751776263485,0.0868512689546555,0.005751215706868313
0.35119810529160467,1.481657651849973,0.44045033772488024,0.03262374167856959
0.856324813026643,1.0794521032011448,0.19169376274416866,0.013406513995670628
1.1537157526596984,0.6070607238171573,0.3894334454013811,0.02860099051201814
1.6842282966809823,1.8936589900815388,0.4110157076820098,0.03029860151784532
0.8573849913895528,1.766241186602596,0.06835533112368462,0.004452250787126369
0.8337174862877332,1.5829797246567654,0.1627650882784313,0.011255555086298661
1.478382835798538,1.4490022765704287,0.2613771982447757,0.018675279162438406
1.3251795052022128,1.199270823111284,0.23463394634210832,0.016640092891667426
1.1710757406737937,0.375866859212723,0.05432550718707899,0.003482787555746057
1.0778697336165337,0.5666211806115353,0.12397134069047792,0.008413339233058814
1.837330727134229,0.830949940860946,0.2510404227760807,0.017886851562853506
1.9352292721405007,1.451490359028028,0.16843184784575438,0.011674960419835302
0.5157226444611658,0.7716186569265724,0.20905896644990707,0.014708733492078902
1.2608849572885001,1.6383869964130209,0.13486637771156235,0.00920608501177669
0.622050296507574,1.6521199743079584,0.3293105146998625,0.023907178098922333
0.5448757078290218,1.8427579676351407,0.08559384102896249,0.00566224924212783
1.5593552137691087,1.9627236697966315,0.4563914726497446,0.03388751659244503
1.161864903999479,1.3667570914896914,0.45878778091508077,0.034077756290406366
1.353297029560442,0.9085650863021864,0.3512409994906229,0.025612967376206424
0.0018923150813310308,1.8917738789762597,0.21423153197308858,0.015098099408792347
1.7686859453903796,0.8966759861869846,0.3276083802327311,0.023775104286529587
0.7699974164582524,0.38230878542621105,0.39233341000071503,0.028828725380921794
1.1433495868703742,0.9363564165023253,0.3218603972367326,0.023329451937440328
1.6811282615625245,0.8218046575935425,0.05962035594695119,0.0038468453071851096
0.8854396639885072,0.3610516353168458,0.3247911189000179,0.02355660850526712
0.25137371397430397,0.2803753245705429,0.41551635144799437,0.030653398558881703
0.32031101046859,1.1910073249362056,0.09786070877988973,0.006533836557126939
0.1269993818221069,0.5732089111562353,0.06689664123658506,0.0043507601664428365
0.19636972705612843,0.4215891612966951,0.2403323198666047,0.01707246188683603
0.2280694506089005,1.6301878285956588,0.4426082955616646,0.03279463723636455
0.36312356008361624,0.14254176559303877,0.23346613410948625,0.016551572988337666
0.7199383825034622,1.6047509545405048,0.1260915520596902,0.008567246381402587
0.7127237058647271,1.8647513213327038,0.46927848548448775,0.03491140211892116
1.24191529680613,1.4164989969962425,0.313652660930944,0.02269404379320775
0.38830178889297184,1.9166684667667355,0.3562937780366996,0.02600704084182907
0.6993811084775463,1.9129348142134353,0.10690136475152207,0.00718110086447699
0.5647696605131962,1.045977660965817,0.29352403875584643,0.02114068333248261
1.7422958069769174,0.4132316837508192,0.1682846341465481,0.01166405244731244
1.920473809880714,0.7597133900764896,0.4939782855077546,0.03687921206139477
1.475560735356135,1.5205990689420752,0.11480527132875401,0.007750096827042758
1.809842208354955,1.5203317362903008,0.44858160349166704,0.03326798160075806
0.6190281301724667,0.38417745600806597,0.1718380906994707,0.011927532614613894
0.3977135210107807,1.1301455245753107,0.2233373446169612,0.015785110056510246
1.4407148856755019,1.706213283173507,0.251617316165723,0.017930795394144314
0.5565261085997206,1.7895606309017555,0.41948095997745444,0.030966158443976866
1.4702221517274865,0.2824182584723298,0.31247896982068724,0.022603274637325543
1.2204766394684246,0.5020008153434607,0.40974808823933306,0.03019872014469993
1.374016486571956,1.509682947148982,0.3808045777673301,0.02792405871608381
1.6345979631872263,0.21570289589615266,0.15093162389927825,0.010383027745310424
1.9950762389654715,0.42497837281225337,0.4554398092210933,0.03381198440831486
1.0577324647695259,0.6010477750714478,0.3325639482205537,0.024159752836932315
0.12685812646081707,0.013480711018836855,0.20476950978279734,0.014386346908921783
0.5606999301633326,0.987013417583793,0.4741616773089779,0.03529988646134587
1.2655211952666068,0.11440186747530667,0.28421682930310527,0.020424882115630275
0.9945804499340638,0.06863357358828548,0.21516252915031447,0.015168249780582656
0.791086627081917,1.665414175435598,0.23567334598045314,0.01671890472772711
0.22980174415674282,1.4115761990764182,0.2189153165161819,0.015451232779409707
1.184652817796124,0.1298554158237304,0.24946597390153463,0.017766956210085078
0.2786485813773376,1.6023109080631102,0.38486219553570405,0.028242247097747142
1.0721304158331249,1.9885338667150583,0.42792480708999237,0.03163295412110793
1.1084967093514269,0.37158623854618344,0.2554284720702876,0.018221277427620027
1.594971871418104,0.47438037451777393,0.3208419739045376,0.023250548562357948
0.5388231583549341,0.10111926723537668,0.3607084787751559,0.02635166568175352
0.963676595358274,0.07522128613228496,0.13658519584361842,0.009331563443347471
1.9653641051703994,1.694151532791756,0.17188850489497814,0.011931273428624099
1.3588600094853025,1.5024775267255317,0.3922204738641611,0.02881985430151442
1.5542763748535613,1.2993259820683953,0.39475721839058026,0.02901915676148939
1.8301007226424992,0.6126425248792422,0.36588569532834025,0.02675618550175222
0.3017018378787515,1.5468780490650151,0.31364060207014266,0.02269311108387266
0.052787256440583574,0.5526763636841592,0.06767890073801519,0.0044051683117443076
0.41752052416828245,1.0505201358425782,0.22528301947905438,0.015932159843156497
0.21951682490892832,1.2959245574961786,0.29305096016561666,0.021104261467155383
1.3639693449831367,0.3058788466817648,0.4846651950121966,0.036136430590699806
0.9094191701942724,1.1765955563266763,0.05140140092732163,0.003282767767511842
1.059013756261623,0.1330872383656092,0.20297616947156916,0.01425170072304943
1.5236497203147685,1.5277514382005797,0.11857725883371649,0.008022605491243277
0.3052090003990964,0.08322352332700178,0.058442195128465386,0.0037656381289213944
0.6885839767322297,1.6709166079654878,0.14943697162197248,0.010273149229732971
1.0539795534185772,0.8713193521148082,0.4947673078890399,0.0369421865606238
1.6969024356250166,1.8773275703821055,0.17894017995069167,0.012455255639309734
0.07145334178307272,0.22181529390798094,0.3333002276745553,0.02421693635282778
0.12757252958801235,1.1991336490698563,0.46202600586908854,0.034334943508702066
0.6896031369451245,1.6777695482887092,0.45813239329267863,0.034025719119591034
1.2103269579233655,1.7965865972526995,0.2533131849237472,0.01806001539401786
1.081141584863616,1.8380189073346733,0.331457818881952,0.024073861166923612
1.8030617498073958,0.8904596525747794,0.3116320191752792,0.022537789049630975
1.962573549958314,0.44955068430659395,0.44072675423744945,0.03264562876293859
1.9179523950663726,0.09498784984377817,0.46138820293727995,0.034284277879592644
0.7874955087965765,0.43870735976705433,0.2851251465230839,0.020494668846643874
0.06349986045563272,0.34493438017726885,0.07573256482287888,0.004967765671652079
1.8159644127117138,1.3240853383964841,0.3982361298322267,0.02929262535127898
1.820369990588191,1.7579698971034396,0.26282900832120243,0.018786188979270046
0.5948407536281668,0.06893892464000229,0.22298356084570858,0.015758381338361053
1.2792571739171434,1.6280096965440822,0.06710920052465996,0.004365539885575724
1.3213728404939238,0.12103227356405921,0.23053292796272457,0.016329371660890667
0.8438842040905015,0.6053754162441771,0.49931123499700636,0.037304987042747435
1.09654393555492,0.7584495994679656,0.07759414196645967,0.0050984136066639305
0.9601672860341071,0.6502176360707708,0.10234133783543595,0.00685413332579821
0.2049002748534383,0.8657179817445386,0.278801423410906,0.02000913312629248
1.919128503467512,1.817933883444409,0.26874116726777664,0.019238277808919693
0.034839598975454855,0.2543989018129782,0.4363006944237718,0.032295280766255485
0.2675279368650809,0.6060213252325688,0.4816144014240724,0.03589332248412441
0.981807480704608,1.5564746128438351,0.33986402192384874,0.02472709991616146
1.2357051163464052,1.5051661513163361,0.14332727498161402,0.00982479431484885
0.3777694237869844,0.7550576780462299,0.3084279264371391,0.022290162363518717
0.3308435697225467,0.2812362594900295,0.06356484469557727,0.004119522654243432
0.027808461907003146,1.8570925677095782,0.2792196916672471,0.020041224504241607
1.9749037818138442,0.8075788960627657,0.09142617988740692,0.006075644806707633
1.0834687461124934,1.7550879665477452,0.375998722757311,0.027547498119483396
0.8506983136043351,1.5745508415670324,0.09290425709181933,0.0061807048523738846
0.48430686758081154,0.5827249656565399,0.45182233910517194,0.03352497045594205
0.0977296450049916,0.5371701064742147,0.14402003759216223,0.009875566876329279
1.353205168323834,0.6569812205616197,0.1168051882812545,0.007894505905683082
1.4568961639713534,1.7789007441061733,0.09637531735426538,0.006427874601685717
0.9342103736293661,1.042918716479974,0.16812521313550755,0.011652240702198087
1.1509241270061505,1.3222020842644857,0.38066159041381664,0.027912850252410467
1.589908811343247,0.12629634288252523,0.18216354785672578,0.01269524980356784
0.17452481902274397,1.8155575692903987,0.050069261437275935,0.00319190186093939
0.4576640226730626,1.9288827652748812,0.4967152282630509,0.03709768621221897
0.1658743740247819,0.7991967775679045,0.32537613032710516,0.023601968985635328
0.5878404688290066,0.7348539212318188,0.32102020324390457,0.02326435581426892
0.8908559405738974,0.5631639858413651,0.07556871603751891,0.004956277076410859
1.8150034729918758,1.8104317060378423,0.4524161843196464,0.03357207592740291
0.044855895668480805,1.5349534257723454,0.3129107421992382,0.02263666366890216
0.25962473457034774,0.08433600172676314,0.11516917163807833,0.00777636034339954
1.912246630336564,1.3637060728048396,0.3166417103455426,0.022925312065113067
0.08196022659325197,1.5077096532654137,0.08126199388480607,0.0053564572460549015
0.7056699270965048,1.65583849441682,0.3978759175275111,0.029264302280928675
1.6636433265685473,0.11769625826398111,0.45469736725661597,0.033753065397149715
0.8005802146179817,0.8663245795331784,0.1873351848041876,0.013080911920468643
1.7260678825539557,1.3588810179595963,0.4705572482820511,0.03501310778249156
0.04667507606000054,1.910465078313295,0.2444718590776065,0.017386997849984986
0.897442744907962,1.4074681916734746,0.1913855268211373,0.013383470692398347
1.6575862785180528,0.06609480855689798,0.1710171478114927,0.01186662800959084
0.5736309816808127,0.10162548738990962,0.1586590634617064,0.010952289035047174
0.06588255558627543,0.5678389946279467,0.12528375367374317,0.008508586691648582
0.16041976832280747,1.739444956102678,0.3187987566262746,0.02309230040378721
1.0475873096028463,0.23464368313970652,0.31749172145815746,0.022991106570799856
0.5825756412306959,0.5438081225792422,0.20591177523659682,0.014472152070562481
0.9690720325970887,1.14918512552026,0.28963684410913965,0.020841532615309574
0.4162111600903049,1.600613987770488,0.30349916423000217,0.021909592486048894
1.9039294695411584,0.7198797369780532,0.06273156938862337,0.004061819592357518
0.9625456155654439,1.195046592159412,0.266267790528421,0.019049060154778585
0.8084548816579296,1.7849861763976027,0.4867418199289915,0.03630197072115017
0.05318701260715741,1.7776661958425395,0.3524459011009529,0.025706904081281543
0.35808513660794206,1.0525081044676798,0.26023455638256354,0.01858801786909289
0.3677320793869123,1.3567993298601886,0.0714926227769164,0.004671035711999134
0.8311317984049942,0.022694538457056268,0.20012720324736877,0.014037965858412754
0.8491541204843998,1.0834111053780622,0.29629578945777113,0.021354158945003844
1.9380252043220727,0.0439465674200441,0.23092341527001292,0.016358941332381378
0.5460967511609911,0.5990653157727055,0.15434765095542852,0.010634435924773982
0.5785217827582201,1.1544408481645339,0.10824628039896489,0.0072777211370531406
1.4793921299921828,0.12061214085884653,0.30411106620569317,0.02195681689700022
1.887218173778243,1.0066763811928827,0.1471329057266456,0.01010391588071441
0.007534973995834804,0.7927340188492251,0.4279156892464421,0.031632233608126455
0.4186865556557746,1.8902356957163096,0.16884791682268455,0.011705793096322567
0.6295951329716245,1.2323002124400229,0.42805170220265226,0.031642981774899825
0.4158140485396391,1.7289620097258454,0.44008871030034513,0.032595108894321684
1.014264059622729,0.013610417138786746,0.15248125906786947,0.010497027589654219
1.2689934370654,0.5309804007049024,0.26797856357312755,0.01917992442501849
0.41273056744073355,0.4372339356306014,0.2506270766408518,0.017855369937356275
0.40596151651044243,0.02847079131576402,0.13893385529581925,0.009503198004285668
0.40596031101782093,1.3891211123747718,0.25712384313388115,0.018350593117104345
0.9384930524326929,1.2059401646237677,0.08764100578567899,0.005807137285656937
0.9148485480863207,1.7770512850632378,0.19556793878866408,0.013696358965922502
0.21027907625564102,0.9668963297704314,0.12303259344015935,0.008345252931143946
0.9541814387523397,0.2865640018128546,0.38624943726305305,0.02835108440481163
0.5692409417084452,0.5647148651621787,0.486261199589694,0.0362636532718032
0.6958210448014392,0.08905651447073226,0.48190429201729246,0.03591641839212863
0.020582543783547402,0.04176009132595615,0.4990033418038996,0.03728039672689603
0.6149830122862441,0.5115003632637944,0.3574854879399357,0.026100040427760134
1.7731770880251423,1.048753487919993,0.08202415181486575,0.005410179341505835
0.37575104981802454,1.4173575169944468,0.3911989601598512,0.028739622902086797
1.8054398739629678,1.964492133675128,0.16666247608176035,0.011543900451361206
0.37720539560944744,0.7792790566277412,0.4866864354535596,0.03629755506154029
1.344783768849205,1.2210648445298369,0.05571861001479142,0.0035783451281763043
0.6547753869842565,0.1645353239069045,0.3494246164526523,0.025471400313761366
1.323531878087505,1.5756792449238863,0.45324849251968713,0.033638104132334756
1.5784373856307543,0.42782651716091835,0.1655636715946843,0.011462558633360266
0.9604018222118664,1.7281263740248216,0.303320699750985,0.02189582047121037
1.4608875175109728,0.9244214831776749,0.187749450386069,0.013111836822701964
1.4716611942670814,1.7240960413541064,0.3327559558619558,0.024174664366242177
0.26132876773279934,1.9787687369219364,0.16441136923899535,0.011377296507511087
0.96684945488526,1.0775169534152669,0.4308065258993947,0.03186072713669487
0.9100055765560946,1.8530271184187537,0.38005391570612446,0.0278652192125697
1.1143051487030684,1.6669961180154715,0.0730058071416594,0.004776799369127731
0.4618053044076402,1.4823065177895292,0.350796120695834,0.025578289290362256
1.985242991550176,1.604790915811029,0.4487844963433504,0.033284067162089793
0.941618494187922,1.6811945467992848,0.42674170073472206,0.031539471190632
1.1054202271604874,1.3960865866441405,0.11444764348351677,0.007724291604491576
0.08064695766932606,0.6949006732317211,0.13087334007340157,0.008915010338426173
1.098697955142441,0.7536058822386642,0.22258434237590702,0.01572822349720792
1.153746038695158,1.4302013964077105,0.36527405875773744,0.026708374828759606
0.5460010799791872,1.5476644258395185,0.30185282474647857,0.021782566528309205
1.6421880058803202,0.8266221515036178,0.44934487789226624,0.033328497414251576
1.3178900172088432,0.16651273347775963,0.23525933074597843,0.016687509398190147
1.1283459666183782,1.750571376093467,0.37952554041874564,0.027823808127069197
1.4701994856680392,1.1579420769260043,0.2058721050444864,0.014469171557314179
1.3259311610345805,0.5207319349307016,0.260938717898082,0.018641790169140974
0.27610594600234917,0.19932430503386445,0.25604362722430424,0.018268192019555256
1.2283055395749156,1.4024255721029153,0.3728155713485888,0.027298266238181042
1.2086617483930695,1.9676816627489222,0.08148100977954509,0.005371891436501576
1.1860232761668825,0.16509403519954136,0.3183706372255373,0.023059151202884615
1.9622532438511995,0.6090434527329376,0.3605659401628922,0.02634053412176617
1.0129806710947222,0.560448666315505,0.3117995187949064,0.022550739021298727
1.9762292043350482,0.439918497136464,0.16032668194056243,0.011075392806484745
0.06828215432585871,0.010404022683195402,0.08544044784826524,0.005651402399044869
1.0822993163828423,1.4514350560368627,0.3934826974153672,0.028919011368606955
1.264222668477709,0.7627953075590335,0.27935392456990193,0.02005152414550546
0.6712651482956689,0.9335132827064838,0.3061856978260298,0.02211697829139937
1.0555470975092014,1.763932708345827,0.30436336121350643,0.021976290035181964
1.8021545516918098,0.2630849301214615,0.2368095857491881,0.016805086847061355
1.2922056979086378,0.30750621254739197,0.2034699697568379,0.014288767694645082
1.8155810220407789,1.4243301218300861,0.3913541250362598,0.028751808881520548
0.5888107340635407,1.461218157732155,0.14409837009600474,0.009881308926412511
1.5484621314951381,1.5977534178034134,0.4491105845609934,0.03330992083444448
0.24774535948250231,0.0812071736532729,0.29685671454017776,0.02139737726732115
1.6840966925281324,0.1981217656229819,0.35478740967610284,0.02588951641091221
1.4565332660693326,0.1691334639301807,0.11929880947960655,0.008074802972534389
1.3649042290873876,1.0867645461626785,0.18224847599986904,0.012701577069574933
0.1375578941334925,1.1726178051647485,0.3318071226449088,0.024100982700147624
1.3304267086904975,0.2864489417049365,0.24113158600271228,0.017133163868077055
0.7711504570226879,1.9328568332998313,0.07916595984415419,0.00520889460171187
0.0782753559705538,0.4940620272673797,0.3383448150256441,0.024608960302453412
1.2174489757007958,0.9174979998543278,0.3292233554595863,0.023900414000870503
0.32736028378701554,1.5180750678693153,0.46640896399754433,0.034683246046930516
1.449153913032338,0.9021447264014044,0.13584287357959435,0.009277358437197892
1.5517281938927692,0.12176647207620706,0.1326501729515157,0.00904445897345232
1.1055388478067114,0.2739047344096497,0.23652710459453763,0.01678365839557084
0.7294518106225956,1.71483612363094,0.48392976802350923,0.03607781705206438
0.2979881739938812,0.5162635180276935,0.21572924503054186,0.015210961922298965
1.177926807516244,1.4217025359388693,0.15009939212045456,0.010321837385900444
1.8784407545721555,0.20351226004135015,0.21763207987211308,0.015354430976093295
1.852080589056475,1.4428347577056113,0.15633707846547107,0.010781028701263197
0.015391276412437316,1.9926404618495384,0.3225762740883261,0.02338492553340513
0.7761998225819466,0.721865343542976,0.08072882178252914,0.005318896278376432
0.4598747610523761,1.2493008917128294,0.4262932708372277,0.031504043255665325
0.7591573008124293,0.4837954498136543,0.1311988638474433,0.008938716886438042
0.5268230054792091,1.4203150627618413,0.45770297534779647,0.03399162651685063
1.7234619246920557,1.7270301855686512,0.33140133235114555,0.024069475480889096
1.9153792527622764,1.2230547668437193,0.18583140710741597,0.012968694721952367
0.32700328305494786,0.2632270173750646,0.38949384286091854,0.02860573234799452
1.4484106872313882,0.682952465180864,0.37310337062679205,0.02732079410090292
0.2912608430807442,1.9458273082173398,0.47540123820661934,0.03539854429314425
0.9994054225865765,0.243495662424686,0.19087076156823224,0.013344993244920526
0.9841712998309888,0.7259826641849276,0.17208437120669412,0.011945807740731798
1.4412228546169945,1.60698066606521,0.19817674870817076,0.013891759891351834
0.9759774701534067,0.7302007323611457,0.4391053357018079,0.03251725588660699
0.15332916924464102,0.7157742041354807,0.19165217787867228,0.01340340501773808
1.3101808852714543,1.8788213370342872,0.2724682240684452,0.019523630890388905
1.5136406031234664,0.9057436410126922,0.3062756953661473,0.02212392779267531
1.9127822899369595,1.1365010851801283,0.07429483747733118,0.004867015349107528
0.07640613568789667,1.4053468692095714,0.4406545990668974,0.03263991531423997
1.3437152872457938,0.611057704940783,0.19105502376514827,0.013358765573065898
1.461696311943696,1.7860644888045234,0.3303500817849617,0.02398786447213538
0.1168916439508294,0.16518601505624764,0.2761425851398523,0.019805213242229204
0.20456634910125082,1.079270161401615,0.21797377771372517,0.015380203340722855
1.5560779749619447,1.605449175735192,0.35675004488937156,0.02604264481824625
1.7986299980557297,0.4472593813222232,0.06207337400023214,0.0040162778892692845
0.8285558530794732,1.1898151876269083,0.3990405669735674,0.02935588367852467
0.5984435832494972,1.3473683448847855,0.26942969903585595,0.01929097312773479
1.906525954155632,1.2136940440409825,0.2981177798070788,0.021494560758813685
0.14881675067946198,1.9338206672976592,0.17367385844360542,0.012063798180405283
1.786827652660089,0.30015474453503743,0.3060969559626834,0.022110125889973065
0.46243767912885136,0.7261540768869812,0.1430190846266616,0.009802212484983919
0.043602787381007646,0.2817947520438917,0.1380888633567159,0.009441424725567386
1.4359287670728875,1.5082247253546661,0.21598752225494122,0.015230430283829772
1.9771123381036324,0.0898251101671168,0.4955777075091648,0.037006874462315105
1.9510451779297497,1.7667684092122795,0.227862129323172,0.016127218232153826
1.742908199892956,1.1096569467998056,0.3546010748540055,0.025874981258285436
0.44475009710134783,1.6325927116479184,0.14397119330925973,0.009871986526395485
1.6205925494471607,0.19005557804417328,0.05039020830289744,0.003213778723102187
0.8478987295998437,0.22943204872073464,0.4550412040760422,0.033780350914619124
0.7123494431172732,1.862508600440272,0.329631198313791,0.023932066201013496
0.5554985300215434,1.7042815420770796,0.08635011481762024,0.005715746956070205
1.776292879500718,1.0616194527569207,0.28267239797503596,0.02030625758350705
0.9803419423397679,1.8030387395265135,0.31656440437972233,0.022919328855876563
0.16349874111339346,0.4920573118761187,0.441376481968826,0.03269707893234666
0.010247625266760485,0.8979319537753756,0.4374811695609718,0.03238869826036124
0.3437584719158422,1.407405328313129,0.19019276506626082,0.01329432558740675
1.407645383480004,1.7988273369152863,0.44616341903781237,0.03307630406808728
1.1347498749118128,0.020322330784705134,0.21082954488676475,0.014841940140731844
1.155993897207058,0.5121081576520481,0.493718308186655,0.03685846392674489
0.6793110156293556,1.1175626702798889,0.21950162004071877,0.015495474019349212
1.9715026855068913,1.9344955957473413,0.09259532450711006,0.006158736679575711
0.24925787267119293,0.9026245546499456,0.38116940580837894,0.027952658098075713
1.6776083995624291,1.0079417570142968,0.11793590781994863,0.007976228097713372
0.258723638099712,1.427586197095424,0.27945412813386467,0.020059212950741454
0.2876588512885774,1.638555255270071,0.2290724975565041,0.01621881116880347
1.2481278796472888,0.03617123993958171,0.22844424903016558,0.016171265154038474
1.0406713406552848,0.48766738739338633,0.44165906949486583,0.032719457900091044
0.06165045175976269,1.5066223789689006,0.2652440290556497,0.018970776025613808
0.6188195548581701,0.05977340289518929,0.21167679438657844,0.014905708958229213
0.7713759120506114,1.2424630160242318,0.49952483871998427,0.03732204741437537
1.2889921946567424,0.2362208974958222,0.338643401647643,0.024632176709504374
1.4174402592670001,0.38573960226734316,0.3795498560140692,0.027825713759497023
1.572898471979682,1.590907103857947,0.19454891754409176,0.013620082561914142
0.4894159313850204,1.1664383385691501,0.21545042055988772,0.015189946560384323
0.8598209029836286,1.43425076174151,0.33367867825770914,0.02424633230151009
0.30756171073220506,1.1202932480723327,0.18921801975830932,0.013221503309713627
0.9923062078107001,0.7575396971229016,0.4480105974143282,0.033222714326018116
1.7653424495157424,1.193825202951556,0.3592256990823505,0.02623588279299906
0.1782766583360056,1.0738976919480236,0.47939096681879884,0.03571621089271086
0.02570959302921305,0.9511620800948575,0.2460205720395362,0.017504769045767313
1.1424277493950008,0.9367227661222137,0.24455469473875252,0.017393295751277932
1.1829402768981316,1.2139812467142381,0.08540801679108892,0.005649109284026444
1.4646825372243715,1.643070207549044,0.09381091654284282,0.006245206386635693
0.1606137828511669,0.0028395159678415993,0.3265144968523558,0.02369025150686191
1.3267228062861596,0.7816522367000365,0.45050093634143107,0.03342016841065029
0.9456935390516361,0.6607811715409373,0.3047046838078913,0.022002636451262637
0.07942317106380026,1.3827401083694586,0.3623695849383112,0.02648141219969286
0.38862839065371957,0.6342649678040437,0.24475738158475718,0.01740870642273775
1.3772500205426903,1.1402341969601915,0.3807031349420029,0.027916106806525925
0.7510645895161241,0.6178319215389001,0.4527819050927038,0.033601088050210524
0.08401041478385074,1.3732135171151474,0.061573098725392045,0.003981685220293175
1.6281639113455852,1.357905813783558,0.055744187401896815,0.0035801011208934767
1.3521492110991709,0.060758330787547,0.20627952869115063,0.014499784123020006
0.385522871886653,0.5606688917458926,0.25989239602779257,0.01856189289913298
0.45794943992252035,1.6259076759560058,0.10933903714528885,0.0073562870911612725
0.2843335884710372,1.0056501575819472,0.3015853398199331,0.02176193280785806
1.6599520035035615,0.01718515795472375,0.308328310483552,0.022282466430132573
1.169076478328222,0.523939488419928,0.12022366792691919,0.008141739728325425
1.5690613413678887,1.5053157557285353,0.07980593850357558,0.0052539214024379215
0.3577759953104622,0.77816439926028,0.38523027668157783,0.028271122603407542
1.4230960793763308,0.7150620148463631,0.4363513380509005,0.032299288117473846
0.8680354516602053,0.7464989860872644,0.4541184782727513,0.03370713029482934
1.6257145637943422,0.8705089489688209,0.14137652363341613,0.009681914986198217
0.766713752087427,0.9633796096271205,0.4925743415846576,0.036767175797423654
1.9803855513581308,0.82178580450932,0.057841545466742535,0.003724280418146943
1.6034815152339044,1.4708749578551068,0.20562987871263677,0.014450973392971592
1.1139300485634083,1.9717775513945912,0.13299481834577764,0.009069581531147836
0.9007959659781712,1.078907937266056,0.40651667946139297,0.029944199661831365
0.3796321277944388,1.9702190482567004,0.2636100656176952,0.01884587470406265
1.7741616400107507,1.2413335161412242,0.19691137475759135,0.013796960555517377
0.6723232144512818,1.5991087875231618,0.10384930996548508,0.006962150346190787
0.8866763151452413,0.9923491352704363,0.30037934702149355,0.02166891852023853
0.9448640302707294,0.8710970029980007,0.4862156621188431,0.03626002293310784
1.4658351665305172,1.466268476852298,0.13549669511749152,0.009252087170497695
1.2080419426830986,0.7075438884871439,0.15129830685311083,0.010409995734678911
1.075509791358563,1.7275173476155816,0.22795260343700163,0.016134063576552435
0.6976534767286378,0.27183144664411296,0.4202066920200927,0.031023432110883684
1.1773695746991661,1.0694951149034981,0.3067328856755482,0.022159233651036184
0.3132308640600374,1.315113144519823,0.18994084803594297,0.013275502637029469
1.593495258695589,0.3215986311933088,0.10786551254840301,0.007250357889431515
0.23794598231613695,1.1603932917226782,0.2450277103360507,0.017429261408916843
0.9727307827337217,1.6221052977046104,0.2580500770105319,0.01842126717557911
0.9748703008094821,0.15789903945758588,0.27531169887113394,0.01974151604894595
1.6674746633516593,0.35358112649018647,0.3196031714987149,0.023154594394189744
0.7313975334991585,1.4724883680403715,0.4813371099885807,0.03587123126268439
0.757584928086277,1.8840853279605774,0.11336147027099072,0.007645951173561314
0.8992793965124941,1.751486815895249,0.39898282524340034,0.029351342762827706
1.868240019312846,0.75115111148536,0.2274200603767304,0.01609377363738269
1.7043643163860738,0.30555830283964336,0.056524727543360236,0.0036337150324655017
1.0479725943343636,0.7010653793751234,0.2771871071349359,0.01988530688303353
0.3370590827436135,0.019277314146036728,0.1983185022418394,0.013902382394856402
0.680156466450329,1.8693481033603445,0.06335596687942868,0.004105053250333104
1.403935284629621,1.9525821045646348,0.3128556511292483,0.02263240329005176
1.406969555937459,0.08148032628688728,0.1302079237832778,0.008866563494446384
1.108243013541202,0.5325674570440253,0.372733750818095,0.02729186184878836
1.43420052331125,1.129646075896069,0.07669501383197269,0.005035284282404273
1.7168741348279837,0.5702676487799052,0.3895771160341736,0.028612270251356542
1.9850081041271335,1.1291229285141011,0.05834151587819905,0.0037587038083589136
1.3673393602231383,0.5101331635266884,0.1259387084132172,0.008556145379104785
0.08580388084257207,1.6988747377765032,0.28215668068710714,0.020266656366660318
1.284984713615392,0.885662584212402,0.23847109880586903,0.016931161514553934
1.6042328615875714,1.7551528529243556,0.3256141202236576,0.023620423801973586
1.5183695847900098,0.23984454035542835,0.36133953759352805,0.026400951896418112
1.307299366035601,0.1088398274593354,0.05809827285705075,0.0037419537650539778
0.15491920894791056,0.39514617220766013,0.40458808843922606,0.029792361480692416
0.17372486903360795,0.5484404681289992,0.40984425534252167,0.03020629683188449
0.5054400692152532,0.8630881411634601,0.2739887327145473,0.019640122537958722
0.04183122551151097,0.14785582759734361,0.4710139282582733,0.035049434186176856
1.9441102437107571,0.5563968360576625,0.38600727318338174,0.028332083256444353
1.9671656203420318,0.4619505856909303,0.4017261162515561,0.029567130194802768
0.5897886078629522,1.1864319094094826,0.3112285269122404,0.022506595647444495
1.556510342607645,0.33108610494176105,0.344564989889117,0.02509289621007368
0.5516151767390394,0.026282557303391796,0.13519079244799637,0.009229759771475084
0.17364930573229453,1.898677904372851,0.2394587803823216,0.01700613498769537
0.5258449992650689,0.9013538471662903,0.25543334655184335,0.01822164914762781
1.0838206886651949,1.2197830520222381,0.46743871664403597,0.034765110719026875
0.7123323985427541,1.882554437482477,0.3495485657829432,0.02548105918837408
1.5196190192455596,1.9481990826113271,0.11671682022106834,0.00788812144070735
0.9773077567281627,0.16914112723513663,0.28725247836739803,0.02065817339866996
0.6707750424193217,0.7742254491817888,0.28623457968827887,0.02057992828343831
1.419215736341855,1.4308124721813038,0.39719057726877405,0.02921041966805346
1.0122140070454826,0.5044597276542957,0.41219327235012737,0.03039140612192404
1.0829385681802581,0.17050049003920176,0.4536888093784028,0.03367303848599172
0.9472143992323672,0.297415620293779,0.49716675537278776,0.0371337369785077
0.3823106855114691,1.0467524609505232,0.056283792684153816,0.0036171601623366653
0.9910967685995464,0.15089881852458298,0.27633501671431304,0.019819967270583095
1.4771251065395916,0.9935357758734638,0.3386525937490285,0.02463289145773888
0.05064103282334931,0.36591250948875365,0.19001625958085994,0.013281137120275007
0.766542515386671,0.6131031014809343,0.2222064077724497,0.015699676924852718
1.4813017720912192,1.3651113887362958,0.43168651468575964,0.03193030303751031
0.7301790012528886,0.8703818393157932,0.0796016701387103,0.0052395470331673905
1.5522632807981984,0.722112692449806,0.3006574654408542,0.021690366603846493
0.07438867931166127,0.6559152460856215,0.11403082451726203,0.007694222371562844
0.592630681200182,1.5322973388541175,0.4523219905531989,0.03356460392827446
0.42423952784884844,1.411244708153868,0.24919657913687837,0.017746446837029632
1.9151865654723341,1.0582469039055626,0.2471791600749234,0.01759290683593136
0.5926459447868242,0.021699075171174975,0.17370974826181362,0.01206646320775292
0.9993050366040968,0.23794133041756305,0.21133278192143834,0.014879814495265403
1.423968468694155,0.6014052642737204,0.34442787003190384,0.025082221606969567
0.535278450039335,1.1465401499644088,0.4526137407415061,0.03358774760406281
0.3942465439147331,0.8782879224561233,0.4869137694739535,0.03631568003026993
1.3595640841171366,1.2849475284573506,0.16439821124750384,0.011376323147863954
1.168934757010372,0.5086260285645443,0.41618043589428716,0.030705772524736878
1.8259316642584253,0.8853876243382057,0.056963421945154274,0.003663870646552233
0.054342377471480185,1.3318033879552005,0.34504558125661555,0.025130311938235395
0.22509785690313344,1.9098533409293337,0.45593580156233454,0.03385134926351676
0.7974194381860169,1.7084037613685776,0.24242399631461087,0.017231348100983552
0.16774884824874992,1.2240979583334701,0.41335015391740343,0.030482598494600308
0.7839412510290351,1.575395933425425,0.14477151739731806,0.009930661875491286
1.5391507711991883,0.32557843875884296,0.24797169852721923,0.017653214400291793
1.5827292331463934,1.5841850738301844,0.14177414984741865,0.009711027437941711
0.974810911975716,1.4981341422946837,0.4798218836470114,0.035750531910330965
1.7197794815498133,0.5928388519511898,0.07637193638582124,0.005012612899728544
1.3680485557407014,0.2629593262442398,0.2766294000715333,0.01984253947250791
1.554459030216824,0.07502198308501695,0.39052567806524613,0.028686750098187122
0.7618337688015053,0.5341362054134906,0.4738285179979635,0.03527337302688121
1.7354841401940853,0.6310300237075537,0.3123910145376976,0.02259647343044672
1.0402949267904857,1.644466216818497,0.4042605802641169,0.02976658168003949
0.928080400836724,0.8823553519698641,0.16933139699533262,0.011741627845838718
0.6697524725847208,1.6845534481326216,0.22369351942075988,0.015812022370884672
1.2135403411432886,0.033649755892191324,0.4040612256468918,0.029750890190080686
1.5001594819494477,0.7974336296315987,0.4337924252023087,0.03209684556567618
0.5107042992066728,1.68610474378469,0.17398817193823543,0.012087139072076546
1.66723162908324,0.9074076276950749,0.0629579613901349,0.004077491695118456
0.8924347811488884,1.3628546694529735,0.07310473374532309,0.004783719123716324
0.8549501707707989,1.6438895848094006,0.17244173465792684,0.01197232893180531
0.005066252492938572,1.121039508870143,0.44819616278186086,0.03323742483370272
0.06323911807599902,0.7978927874410264,0.3196638812761712,0.02315929620650837
0.21561300910882686,0.8838620505669963,0.3381505186504932,0.024593853674345474
1.0873369634430403,1.210601793197799,0.22288142848396814,0.01575066568024542
0.45944758108389405,1.3738291890566126,0.13308829206764605,0.009076395973118778
0.8245194841444581,1.382979699836872,0.28708198149459524,0.020645066094975732
0.27998379260990913,0.996249470965612,0.18707633623618852,0.013061591284045555
1.3425259950142705,1.3395397199294568,0.31819848610449813,0.023045822442286583
0.4179760726850177,0.10715332868527705,0.3008481201071736,0.0217050704023967
1.8371792244659717,0.922239183428146,0.1385806427387251,0.009477373178085943
1.9433896030887063,0.019946764744114276,0.42366514868543065,0.03129646182025966
0.9610859417053272,0.08255320689520351,0.4033459038531761,0.02969459057706125
1.3320961492792955,0.10262563009937153,0.17874307305624415,0.012440589770821629
1.8167422821775896,1.4332312545249406,0.3895551224286304,0.02861054349059553
1.455096964787236,1.592469177267925,0.3339392117113045,0.02426657043675472
1.284284121761039,0.8574497439233744,0.1489070854675411,0.010234213113867784
1.5457374604810876,0.1071981186608928,0.07092468173752482,0.004631379285475795
1.964557584424225,0.7952712758653961,0.47858920794350646,0.035652359269628515
1.3804154637948018,1.0563934127014838,0.18175825801221412,0.012665057945464223
1.0424581752812783,0.505101772504559,0.45893302899790894,0.03408928954839822
0.0930669831686115,0.588647581492683,0.32612682614864497,0.023660184507068655
0.3296279437664389,1.2826996424784312,0.18640187465367292,0.013011257674702969
0.9215253439507325,0.7200693541243535,0.4026064652630009,0.029636400085823585
0.988156991074822,0.03291381262642501,0.4716802881823518,0.03510244384685858
1.4534480543428896,1.3743194101125744,0.29786210584322126,0.021474855050375947
1.6474329285480032,1.4086701478038166,0.45594874965048277,0.03385237693916584
1.8126771672098823,1.2545176219348266,0.1664335137841162,0.011526947870298856
1.6463933618237727,1.0032241889078855,0.297408117694507,0.0214398674338
1.4836536326826673,1.63848116994291,0.361650127587421,0.026425211412970488
1.0283053200173058,1.713592121018791,0.4182941989064562,0.030872515804403273
0.682271831752246,0.2755276862012035,0.22874067154801808,0.01619369736596751
1.838235082122853,1.320594924374736,0.13496135250363997,0.009213015564845063
0.18003288682024965,1.3220382583525074,0.3263695344474697,0.023679008210959616
1.3343500705114835,1.4515294783411086,0.35335105587732624,0.02577748646367585
1.7483981307141951,1.3558946301031254,0.38149050488728553,0.02797783106822025
0.9746678358694556,1.0444372260523838,0.4115449100851237,0.030340306021819127
0.736261992984117,1.3051787328511872,0.35665485377904804,0.026035216488895077
1.5352092810347393,1.8104435918352009,0.3558683741159561,0.025973848033478172
1.5231169058982565,1.0441872967517665,0.4476560816005517,0.03319461161076946
0.3956941348315772,1.338023956812086,0.2736618729493795,0.01961507686083269
0.22361493075138572,1.3647371877401782,0.16181583558301038,0.011185397012949341
0.49972158800764843,1.7851673854909136,0.4091838989744201,0.030154272015627072
1.5201646332663021,0.5221413149388747,0.3017764936850718,0.021776678240597237
0.14923290967645508,1.4660266234486274,0.41102606093682265,0.030299417384436138
1.685678677845703,1.8146322340832146,0.3750618486897214,0.027474128316711355
1.9923397016617672,1.1806427727567834,0.11229549538957995,0.007569117889036157
1.339276705588054,1.7315215244557018,0.3966732016894713,0.029169746971624784
1.3631126478684645,0.8949948703292461,0.08703821118065899,0.005764450002478307
1.6787596147674586,1.4540023977188126,0.23720103729219794,0.016834784487974735
1.405484977171871,1.0965224689046906,0.2129757589154705,0.015003510599906875
1.8771446936545055,0.4439030780085398,0.08551719269107336,0.0056568290648381795
0.905582464158907,0.5832026890446149,0.49765183159358845,0.03717246888557549
0.06753556833268926,0.6049487036061809,0.4137236879440182,0.030512046459897413
1.788600461345094,1.2082037210553496,0.1848710659323861,0.012897063419911262
0.9254699564039537,1.9913319356975416,0.4284695404776939,0.03167600212843894
1.1271207185207448,0.875458864623615,0.2487681658627009,0.017713834329909493
1.769551588705033,1.0780714312306123,0.4525780050977257,0.03358491274626196
1.4221760634829297,1.3201502059621586,0.15634333147319168,0.01078148966363948
0.5839494379906545,0.8408513862054936,0.43407472376024936,0.03211917493730779
1.2237564051193588,1.1107445225561685,0.4636641991542233,0.034465099998163364
0.8467669441462573,0.6654668071218364,0.3739821751189679,0.02738959108232294
0.3882369281878961,1.455264802573147,0.0888923575678745,0.005895817105093999
1.5615993660862275,0.30254755931677835,0.1427684498229744,0.009783850360420211
1.28094497919339,1.8246473152139233,0.3759636644116251,0.027544752353505106
1.846418303488837,1.8860483664382979,0.47273574627119086,0.03518641726403073
1.126242051591104,0.4895972546007006,0.34573383331629215,0.025183901042911887
1.6612316903484086,1.0804971194548163,0.07857782285179427,0.005167537346735498
1.9316213302996514,0.44702863180855057,0.2023714835275005,0.014206318628074857
0.06415438705395715,1.917198213763742,0.1632837505775151,0.011293900704243506
0.582208600603916,0.918485310627132,0.43532042325020437,0.032217719764694085
0.718552677984795,0.25754498381048174,0.1504874154580309,0.010350364138245511
1.3486622210147061,0.825418361932452,0.4767334674494463,0.035504597476952664
0.27220115812462375,0.6146467393414667,0.3262285212650702,0.023668071547693535
1.2308266703828954,1.2114978902412634,0.1790204370995226,0.012461227544819348
1.4093210100743845,0.6786597462579642,0.30537467063967716,0.022054358115001598
0.7990237802847424,0.012071268527638956,0.44227578373938553,0.03276830081153658
1.3972264173579485,1.3653165367475442,0.433686340259867,0.03208845467284532
1.6544419376010036,0.07035830300192658,0.4243537932415605,0.031350845634921146
1.3683872209174033,1.8458013721367335,0.387722574416083,0.028466690245688722
0.3048971540222114,1.3287058910800058,0.15775775879306364,0.010885791727484823
0.37813617927530596,0.22163177127342526,0.4177615528409298,0.030830492759100745
0.11375322640953933,1.5965112951506155,0.22636162505106344,0.01601371626904295
0.8928370905506822,1.315547813679233,0.41716832115721875,0.030783694170629042
1.0819141573250664,1.1381633248945864,0.4738522126093375,0.03527525864542235
1.0557864809951072,1.7579188598803366,0.4540755277735967,0.033703722314264564
0.2845880337078459,0.5926651293353995,0.24617483584364974,0.017516502775918232
1.3339987247337466,1.8368987069887843,0.39485530570358823,0.0290268648904853
1.2669950973654165,0.9795948948254878,0.23511731216179937,0.01667674081658866
1.724406016963514,0.1491102746868196,0.17755881713531974,0.012352497961002223
1.1088712379718146,0.9942199526116582,0.09342019960714659,0.006217404717650092
1.0976505577163944,0.34778698319211276,0.3543526954350287,0.025855607101456533
0.3083780429248746,0.06896740508666044,0.33820290794107205,0.024597926905631645
1.7138837406794762,0.25469853851052515,0.49713481536530113,0.03713118675448341
0.8844534678572895,1.0840584116485807,0.4794427617817425,0.03572033606776676
1.667603399445041,0.20591328632907957,0.4769284124408284,0.03552011794682137
1.5285457160105764,1.315073940259086,0.4977512323181029,0.037180406062250315
1.8208120040708022,1.2405502432739772,0.3603761826557198,0.026325715471028903
0.7127681616398385,0.6230039854130058,0.4036133302240732,0.0297156376428611
0.3624765759196138,0.281334427046241,0.11643074453789294,0.007867455173700515
0.9324831468817245,0.7607453622568272,0.32225692008601703,0.023360177607890414
0.17531112638739121,0.28398220009271546,0.46806860843993975,0.03481519284709737
1.6984022340635097,1.0799033364377137,0.47738918719656337,0.035556804090051616
1.3054742104061818,0.5173601646780899,0.34740772054709484,0.02531426497496824
1.1101583456059463,1.8702060937734983,0.3037144189683695,0.021926204330281085
0.4092187769405937,1.0497636889759154,0.2971682403300471,0.021421382233399604
0.2584238475794087,1.9925266732125175,0.34834236676934455,0.025387074984947123
0.9011763246369491,1.5393677569777562,0.11982554161361222,0.008112920910792555
1.4673152912059437,1.3447347204868516,0.4676776706111777,0.03478410918539239
0.9415424546163051,1.3156521763511222,0.0723525180080661,0.004731119141140126
0.43981802459843866,0.8930327666375744,0.4433013084525399,0.03284953134632764
1.871771499925308,1.9224881985750109,0.09201807037667963,0.006117701746120686
1.5211875851236687,0.6934849611972367,0.057488824480867375,0.0037000076147125464
1.9304477853172797,1.3059617871075366,0.15774299082330145,0.010884702380112491
0.2000184166231418,1.5754855074969827,0.3232310239887586,0.023435669814968665
0.7022805729188377,0.9869872286887267,0.17704532099854242,0.012314313728881797
0.8076250245617207,1.7415457365427207,0.20480344473275608,0.014388895573242456
1.0959738505423944,1.0546741132966693,0.06691696541829237,0.004352173211975689
0.6883458128629236,1.2433079871825603,0.12388904836027094,0.008407369234589788
1.8813003517513909,0.2727629776201064,0.15402353733004728,0.010610565621115526
1.159670701366626,0.0203349090229914,0.48843478364835424,0.03643696300701199
1.9143486606415205,0.6814017644861452,0.39688203726809496,0.0291861638235992
1.1147782971080427,0.2943180816961384,0.4555096851113833,0.03381752998901156
0.07166014671497023,1.567308898361231,0.4973796264030099,0.03715073378218507
1.5296265666951967,1.587866806781108,0.4553113713911749,0.03380179131242632
0.2754117372259466,0.26976426228741524,0.1713678921310094,0.011892646777642539
0.13825909138695391,0.4349822989142329,0.2391687645161788,0.01698411808793753
0.8430516175866065,0.0346022712136409,0.2425801254524385,0.017243211659153265
1.433949030642422,0.987901569731793,0.4702585976031789,0.03498935306371809
0.695941577815602,0.29577450198681077,0.258367405136516,0.01844548416757377
0.8985054636484013,1.7260616576541572,0.16710671389498194,0.011576796813484344
0.41602011263419314,1.3007922040423567,0.2406141997324236,0.017093868270313277
1.8144161974640878,0.6489351108524319,0.3257679772075783,0.023632355065944702
1.0198228275245849,1.0129060901987383,0.2688213272730658,0.01924441220627253
0.8951615028948219,0.26495586000444105,0.12450141302656222,0.008451800529752534
0.11786887277529745,1.8161904637078563,0.4266502409644071,0.03153224525774076
1.087160536378994,1.7860230206708692,0.303006677326983,0.02187158887495831
1.6787766196103502,0.13783349319716542,0.15300429270684957,0.010535522962721396
0.5658387858730933,0.692344098619919,0.46190014141255925,0.034324944737192796
1.056203709717948,0.1302908316601734,0.16219801261983274,0.011213639831592213
1.4668690540247264,1.8320730702161816,0.3481725703789036,0.025373846648813963
1.9460540677096874,0.15826323953793775,0.16561313834092845,0.01146621973720545
0.8245055917864765,0.2939656726667461,0.0643753283098019,0.004175697527247544
1.7755032892054017,0.5181170833590609,0.20691627635216076,0.014547635746085457
0.8626709251557136,1.1839615450598835,0.1715140964175471,0.011903493528274531
1.4938519193392072,0.9575851113428173,0.38172097205769673,0.027995899736106045
1.3548594596765473,1.4241968818307287,0.4361779100896128,0.032285565166662554
1.42604324339404,1.597130890569322,0.3299335094409061,0.023955529953091362
1.7327036819314263,0.2676063277614631,0.1282497474312202,0.008724094298435748
0.1772315952755199,0.8444415154343028,0.2574107700162836,0.018372484510910742
1.9047205686176092,0.27474306071560584,0.4854694609476651,0.03620053761954317
0.11255147126122034,1.2221530813553807,0.2888019403208586,0.02077731609759166
0.5496988450941562,0.002443938172379756,0.4662583299837997,0.034671271784770155
0.9255934034513515,0.1432153264304583,0.4548042040825917,0.03376154338878466
1.742735852674214,1.9928113108121122,0.39619136587013515,0.029131871471129247
0.1606909071005409,0.2556371655117353,0.3804601566373601,0.027897060795294536
0.028245726871205967,0.1487181545828824,0.14497798731453293,0.009945802748474543
0.6472405704017243,1.4519159896494396,0.18843202270278003,0.013162801073519989
0.9027390426597732,1.7893228936800962,0.07393156541066914,0.0048415798414820485
1.6339381710913625,1.4003429872093063,0.1404117220577226,0.009611299948344263
0.3350762683800985,1.7282630341361833,0.2908637635234982,0.02093592413345805
0.14859927485044921,0.7453000676929014,0.11201505368970169,0.007548912566788269
0.6706170461879073,1.1252343505649078,0.06704858530763264,0.00436132484530949
0.024955087824354516,1.1884377308193206,0.4003088503821717,0.029455635238828562
1.1422101315203315,1.285067492024187,0.2088281225308713,0.014691372038897244
1.8834482207888388,0.5978937498780081,0.1977266765250129,0.013858036565931141
1.1044560199683862,1.0406535541687765,0.4758213698476473,0.035431987000402815
1.5726559309495536,0.5135713362094567,0.49967438497722655,0.03733399186310518
0.6180970974903406,1.579227092388679,0.3649283211898092,0.026681351507523456
1.2270689677185793,0.31644751919759684,0.45089403093661645,0.03345134300305904
1.6643488791107506,0.9448324537463078,0.36671722750070823,0.026821193913546797
1.5519103613407843,0.4171831525277261,0.3480397396499806,0.02536349850867919
0.19857958745488102,0.2118249436089088,0.2110338319115575,0.014857314329413928
0.25800352160806317,0.5862028280495106,0.19312496583902988,0.013513542251638217
0.03430509520035052,1.1853051488690398,0.33642673338753404,0.02445985488077122
0.7167698428055074,1.6266480595014159,0.4289846430333785,0.0317167120087113
0.2766881500783007,0.7294504684315792,0.442132698939717,0.032756968275254594
0.6300726704220361,0.34884942951757325,0.4707576640540192,0.03502904946570961
1.4298781340193034,1.4000267778669044,0.2735192480421104,0.019604148853206667
0.28113870496683924,0.4921327544980454,0.1345695944084243,0.009184430147716378
0.7021557347681633,1.0183150374279921,0.12978428120053992,0.008835728318865558
1.2481312912839164,1.5360792074493879,0.28376771863071043,0.02039038226927433
1.7227677978309612,1.4194540041641743,0.4142357597216075,0.030552419182049383
0.6645523125137214,0.6564738892145066,0.40333570414422365,0.02969378785574365
1.1181045307051831,1.2875715105971814,0.3413397425326152,0.02484189275724584
1.5871656810250654,1.4801746947064518,0.15808103657902622,0.01090963981432101
0.5613929620860925,0.4743456381332629,0.2546042202959423,0.01815842837869807
1.2679342453713407,1.4145579184201673,0.258439207708934,0.01845096408744661
0.41334563077815023,0.33723743769077097,0.30312915785571753,0.0218810399007427
1.1788226060594147,1.0032258093651338,0.054681865981546014,0.003507215473839641
1.6560974699278939,0.38975952048049467,0.48890486983043036,0.03647445212248909
0.23911717593230364,1.683705272688863,0.4088051720289518,0.030124437406650415
1.5781057350984926,0.2062483740615626,0.2208993604596564,0.015600977448764222
1.064841941269325,0.04738839414028684,0.4020630021075295,0.029593636680508694
1.4616027075080034,1.2989930368035079,0.4524138394041854,0.03357188991372417
1.9242488601983458,0.03893732850099729,0.36076554346866924,0.026356122236907177
0.6900219917580968,1.7508382682802435,0.4492846389300935,0.03332372114153448
0.7334583253592575,0.5220217825905811,0.43482478902977445,0.03217850878614573
1.8365019272546494,0.3937205759891884,0.31834693620086196,0.02305731612702305
0.6797822004059808,1.3006049943691578,0.3551180521651088,0.02591530966074317
0.3968251390508626,0.09397744890796256,0.2983615806961659,0.02151335245302469
1.1698850633484896,1.7717783059535233,0.47082690477628386,0.035034557193295866
0.21352998584707295,0.6405892072046504,0.413432368094626,0.030489079782033558
0.21744188035768652,0.34515105890519515,0.10400873917060507,0.006973576718190042
1.557567809139039,0.1958103304388601,0.18375668441384313,0.012813974521597481
0.8371578834463285,1.5806587764721691,0.20704177145720898,0.014557067910038923
1.6081228179349039,1.5971545783368506,0.44246625361703695,0.03278338671140412
0.29942921548861134,0.9490446809844209,0.09215948439333306,0.00612775272490116
1.4428655720048469,0.11725200848808592,0.4453739635014396,0.03301374332925396
1.8031962411922358,1.7828333691074787,0.4591435866620801,0.03410600908622337
1.2683322920198608,1.914058136428723,0.1685239488183689,0.011681785084500922
1.920781894059284,1.0241255591038625,0.184519215632299,0.012870825525072798
1.72102720573806,1.4222089166062404,0.481264149994314,0.035865418840348856
0.5458664184714721,0.16857537021080837,0.2754491177257798,0.019752049904094085
1.9719398727339195,0.3306842741083498,0.40504910363090824,0.029828652723811362
0.7798769646462385,0.06153892769480396,0.06533656831667498,0.004242384615884955
0.49313266364849206,1.2720199629905264,0.16599796350882262,0.011494703767234386
1.4919910971016648,0.41232951546382024,0.08674640711825504,0.005743793029990215
1.0594310846731787,1.779563885896445,0.35498098770430764,0.02590461713176172
0.8477030100497569,1.4604110862999091,0.39876158767622966,0.029333944654027187
1.3729893769380672,0.2679438840206694,0.4279012958726117,0.03163109621275696
1.5225423755540357,1.713834001778886,0.30620475027642813,0.022118449486832944
0.9717695412165301,0.7992877200676378,0.14049191206442962,0.009617167883088749
1.8322450708496554,0.2719063060556932,0.42864826828569647,0.03169012706457973
0.44480389674795084,0.2932553926340944,0.3946347796733582,0.029009535178351052
0.6284130195548774,1.6269462597292734,0.30571039898678637,0.022080278628135143
1.2558271174165676,1.372794077463035,0.1990436621128523,0.013956731473409468
0.3194820535513392,1.8617623515319455,0.30830398910428475,0.022280587482911077
1.6803047106236604,1.2274259122470927,0.30187401551513077,0.02178420123286123
1.3360255280253022,1.5278200735028846,0.20558907333436727,0.014447907880961416
0.3185875653818486,0.04097911107552621,0.28234394870621893,0.020281035841665653
0.7101203833127352,1.300261147494534,0.15602966722561634,0.010758368374027568
0.041338542411836876,0.589065773714263,0.12018985866713609,0.008139292151148546
0.8714727203149983,1.7702963100003604,0.17089372094704375,0.011857472885090587
0.4283113609115481,0.7986565284994351,0.2649987677118118,0.01895202468034332
0.7540988327693054,1.524847404776284,0.48589231561542334,0.03623424577484998
1.237048885147607,1.0545366593276257,0.3913686072160451,0.028752946266402627
1.4255274610205975,1.6357029997576094,0.26450566844249757,0.018914328623298157
1.9770592691121098,0.8680894500677974,0.4314599363984372,0.03191238779515772
1.685230554386055,0.21400834264323332,0.19941424764212695,0.013984511292328349
0.2486488437347001,0.373498490930511,0.34397877254245257,0.025047262003150626
1.2300051966633665,0.6226831879623209,0.49254733616504676,0.03676502095111775
0.7842925990047322,0.4938879001179197,0.3750094691367374,0.027470026668278073
1.1448506936222527,0.5468469231770716,0.12810882222321013,0.00871384689693552
0.6532049281066155,1.0342008162774947,0.2953324918077387,0.021279951678738352
1.5690575811397123,0.40726177709198774,0.28776029389721697,0.020697215958983807
0.024938015171245942,1.5024444163728066,0.4030282576754344,0.02966959234892554
0.19112319240676623,0.7118972503957834,0.4442664491468405,0.03292599078323276
1.3741047328228324,1.3391492680181616,0.26901973789462963,0.019259596500431016
1.3266654885608926,1.2336941426203105,0.47488329482412334,0.035357318524821955
0.7397583548911548,0.9944445225544587,0.193048102947124,0.01350779289504859
1.9096747640568916,1.9964300982188736,0.4590412068091158,0.034097879447495046
1.1087943753443004,0.9948056918413759,0.05359210791253451,0.0034325488779274865
0.9179878457726778,1.6835312146846102,0.23482253274999393,0.01665439055393911
1.0300545169385031,0.5848929266148406,0.4486832467288384,0.03327603992209916
1.6910025574629564,1.289583176768604,0.39920803264143034,0.02936905374258517
0.4308396008123285,0.06286487278243058,0.3787331876350196,0.02776171542586866
0.16738633759137844,0.8629795919520211,0.432068809041071,0.03196053201199071
0.8944302824992718,1.1518059177192483,0.4282232085448747,0.031656535075323525
1.5251707842303066,0.801709614039859,0.17605228124614336,0.012240491712263896
1.689283832088837,0.8628169732165296,0.12102396676785118,0.008199690157491599
0.48687337992100477,0.4043393010615073,0.057570749455897276,0.0037056444397425606
1.1053222121498767,0.055845613127869065,0.1437407356787746,0.009855094811188413
1.3339643358922402,1.6794262807930926,0.10491644825333656,0.007038655666645982
1.0522066958709302,0.7877884056636808,0.30029312022232757,0.02166226911446243
0.4164767704004577,1.277146899250928,0.13167720359843726,0.008973559750660796
0.45250239317874796,0.5035663255044145,0.19239338190350946,0.01345882606519389
0.6954426243885863,1.6128437495491583,0.4885523293511956,0.03644633697907972
1.1185381229303122,1.1495502830267417,0.3823421268391745,0.02804460213064259
0.5533709526093216,1.02369524299358,0.37850644068758205,0.027743948057068764
0.4137057281224823,1.7236032657211149,0.40769461251224176,0.030036962927139664
0.5420535181934438,0.38659290011251746,0.24076533367366093,0.017105346323208155
0.2931248586294073,0.38642371086458627,0.30975817294650054,0.022392948348525135
0.8139752225948906,1.4946588900359392,0.2003047746218221,0.01405128149726544
1.2413815127702676,1.6709384896508763,0.47723221050997244,0.0355443055848127
0.2258958913483724,0.6130708937926648,0.29530779023742737,0.021278049022091818
1.2225755012597999,1.6814106152423516,0.3134049409525867,0.022674884044255827
1.0949118267600615,1.6215312176004126,0.4938047112716268,0.03686535945553566
1.8839503656023742,1.4994870914769698,0.2242449567496007,0.01585369441369332
1.6942611290874483,1.2355580086103535,0.13755009330330875,0.00940205145419749
0.5204707884073378,1.7798056687291641,0.15782687238080517,0.01089088992902277
1.609236421640954,1.9732747228766687,0.3337690491074914,0.024253352149781363
0.845084193563227,0.4475349212362334,0.3701634490983399,0.027090724509259784
1.2765025697655057,1.4282371374886138,0.49817039185733647,0.03721387727575614
0.49818165882000054,0.7882977134153792,0.19023773465462346,0.013297685844280593
1.3657861227995673,0.22080044862220793,0.3406485708148723,0.024788123859844538
1.1878115534990945,0.6670856542102852,0.3852625164532952,0.02827365186388948
0.7570012882477675,1.7279338552631758,0.1240073049134051,0.008415948387790044
0.5035878822272803,0.7290130016488099,0.0865747952608834,0.005731646768615349
1.3477112601815477,0.6486511758169433,0.16862974235766737,0.01168962468335869
0.18503106184393014,0.22095787126918998,0.05835531147889321,0.0037596539366682694
0.4525426120301095,0.735845769837346,0.06340815962450243,0.004108668443073209
0.6393093902978078,0.31724686961216797,0.13146530228805353,0.008958123515462038
0.5967093118586562,0.12048867205615932,0.45038065591381715,0.03341062987726794
1.6731549577070233,1.2410531301096175,0.25743226948099585,0.018374124903429184
1.7863792896457416,1.5090134413300773,0.3065405748793042,0.022144382286036882
1.0183042352586151,0.40153880690981536,0.484450235690364,0.036119297695372574
0.064204896691205,1.7079423387160433,0.3096311213516324,0.02238312996066463
1.892105749073484,1.643389294368872,0.2864256912848147,0.0205946174280113
1.7587111315935147,1.916939058880946,0.4436713952967556,0.03287884864978587
1.458578983746055,1.5068256128235833,0.1717401742881312,0.011920267276534372
1.992940158545591,1.3180370919376285,0.3847774969922973,0.02823560287253864
0.8540055481361062,1.4467758872474217,0.41044900686828656,0.030253946009513356
1.074322209184036,0.7523929819126096,0.2029234304860686,0.014247742254263507
1.2508546258326643,0.7253235033427192,0.08934864739857834,0.005928174597184117
1.3100369564455994,0.26014670317228683,0.06612272988367321,0.0042969758372915666
1.4029709626391635,1.0539451073925228,0.4094549917974417,0.030175628804862943
1.6286950678623355,0.11918937836095966,0.3369345653500275,0.02449932638885611
1.9316548882948121,1.8200693865908957,0.42762881367217925,0.03160956458111739
1.5835855119818114,1.1154841484642304,0.28524552908741646,0.02050391908672312
1.1549842597748154,0.8211946809763186,0.42852707128325285,0.03168054876857912
1.91639867480317,0.4124248456229356,0.3250645002273269,0.023577805182169027
1.7450983455563382,0.07326174045672729,0.21868045613090087,0.015433512997140407
1.595085989831806,0.025977047371382955,0.1841275414004187,0.012841621972741754
0.945384244313501,0.811546464177997,0.414739268341674,0.03059212012634815
1.3195052389609137,1.0434944804958497,0.45355870694192363,0.03366271602910764
0.4192909057398315,0.627321669133251,0.2678568531621665,0.01917061237147
0.3236251464403448,0.04180979721102518,0.33871169531511996,0.024637487037371206
1.169721434888855,0.6823011543025854,0.0671515027088616,0.004368481636071368
1.7037926901878404,1.8092805340208864,0.09313801110479561,0.006197330433659951
0.7833946232604434,0.7486569340183054,0.11083626772461105,0.0074640214114011
1.7886413034062247,1.825440888509693,0.17753845140026486,0.012350983393535369
1.6775865800591265,1.7941940773957117,0.19700139130393268,0.013803703033212216
0.8380007803429275,0.17389245902214112,0.15917498103458239,0.010990364630650392
0.1491524077300801,1.884973853888577,0.2967447637148419,0.021388751196466254
0.603618697989504,0.4186888392310286,0.3584390678790045,0.026174472053856295
0.2602851225828695,1.905842766874084,0.4920554931600078,0.036725776696839275
1.3434345941329173,1.1025625902817315,0.43395823475285544,0.03210996071869677
1.2031249713839727,1.0909171520564929,0.1511095782046122,0.010396114972253448
1.6985898449711374,1.5349234314084992,0.31364639995920524,0.022693559529345025
1.827322763584717,1.8262426219142212,0.20323650257438358,0.014271241775497004
0.15313038166562598,1.2424562682414757,0.49888648328149354,0.037271063933365364
1.3643049631051976,0.9338294747629856,0.431317765811796,0.03190114688831361
1.7799090779074527,1.6137781076385362,0.07892984922144125,0.005192288962825542
0.6578550784902215,0.8391718243974069,0.24528167281270963,0.017448573378333554
0.195551788039797,1.1913062018347806,0.08489336727758252,0.005612727822071387
0.19936810419750906,1.0295041840472017,0.4806709904564477,0.0358181665194865
0.28582783948678525,1.5473820640859572,0.40126993520774085,0.02953123989990348
0.7166522899210073,1.4815960078921302,0.23008946410908582,0.016295794528817034
1.133275218788371,1.7858097506182227,0.3590409041595743,0.026221455384970466
0.788768082513287,0.013217828104783447,0.4980004212686356,0.03720030435292191
1.5603255591325929,1.6278379436268795,0.15098823143264922,0.010387190696559863
1.0255122902665,0.766505944114477,0.33783768437733847,0.024569531931438224
1.151964253435389,0.45972697202830415,0.06066683984452566,0.003919069368365808
1.04195392667462,0.9459470717782659,0.09755748422231661,0.006512196644007518
1.3513364450015253,1.863799594717762,0.3661549893801994,0.026777237545252873
0.4794492943812796,1.8205582259995727,0.1497552867657107,0.010296543658106791
0.15297541244492274,1.8318026441871957,0.12479462354172209,0.008473080325925446
1.7186344417201287,0.8460942549854051,0.4562085349443453,0.033872996240333075
0.10823048751854203,0.4754863689703588,0.3133307192755988,0.022669143617829172
1.7877105046518647,0.1604436350503653,0.22051679734175583,0.015572096451137484
0.29925199161732974,0.4283543157521288,0.2890766134586361,0.020798441134674786
1.1135457559360835,1.7258188108575019,0.4841964477727178,0.036099070721068216
1.1699907236587226,1.8665525061828636,0.2571332581605453,0.018351311419910827
0.06714989563442453,0.6584094975475339,0.14309266971901785,0.009807603932361991
1.0668940117115413,0.24568566969028538,0.21836101155017584,0.01540941360139919
0.4260067274931463,1.4485669214417967,0.19131454054375907,0.013378164216339283
0.434138258521078,0.41375470904736456,0.06793870366690226,0.004423247894473444
1.8887723726050754,0.11925309341496004,0.31130291878651856,0.022512346565751226
1.4254921842098889,1.0316425419376838,0.42833053337290866,0.03166501661773697
0.7963402509192599,0.929705502257004,0.25467552025990947,0.018163864434051054
0.49811865839976033,1.1196345181038458,0.43298570259492813,0.032033040605756506
0.047439860723417215,1.8159655361124614,0.10224685808028958,0.0068473693182114735
1.3316459524359445,0.04570406978374475,0.08528101008375874,0.005640129551321533
1.363202372319369,1.2402710220158955,0.12473860175703747,0.008469014269824842
1.052425992155993,1.2778845108031285,0.15394208615387933,0.010604567453707029
1.0081799296045766,1.8414440678405222,0.25559063279796,0.01823364380270403
0.9727468445781688,1.241595309214606,0.1910738808064677,0.013360175058536778
0.35900608063071027,0.5855234560546276,0.47286967040611627,0.035197073342373285
0.44459862807711725,1.6045097136652495,0.4918021674708313,0.036705564843992074
1.4055984986553445,0.020820457377264345,0.2658820907436529,0.01901956434618119
0.61796797384512,0.5193512675355141,0.4585041882698848,0.0340552386668064
0.11524319978499431,1.2572976957203275,0.13785110619262309,0.009424048142325638
1.561032171321011,1.5911794744415269,0.4671468588859997,0.034741906950411426
1.8175919018608078,0.13488717569110964,0.4060018142550097,0.029903659394783726
0.08110315247101663,0.8155477154824213,0.11286751144884816,0.0076103414074459004
0.1354781942369525,0.9700200003459758,0.30713170165259013,0.022190034601825
1.3217453182941887,0.3034788985673609,0.40192236151219296,0.02958257076407479
1.1436378366755275,0.15934833596982845,0.393591102072283,0.02892752838678325
0.42948555173695313,1.5069182108797687,0.07824437183713107,0.005144098852375092
0.6196338390216767,0.29219343357199135,0.08772862591085216,0.005813343850391445
1.4309445476125116,1.2121395519047418,0.46601323942522566,0.0346517895138619
1.3534444548148703,1.6191415528519184,0.4225951489802162,0.031211973632896708
1.8303292873005546,1.091244467560186,0.06759295492608774,0.0043991884299516655
0.12837994219109006,0.9324816933279583,0.15831357275300648,0.010926796006193227
0.11306065213212935,0.4628565809947529,0.2515639900659927,0.017926733081175254
1.4001255312802554,1.0691383387026123,0.07050254520202526,0.004601917826677832
0.0900652481115487,0.9798520752594244,0.32086052253539327,0.023251985481909033
1.1805806068550158,0.5781963745261447,0.33189830023664313,0.02410806246748418
0.8373834124723996,1.1434547642190707,0.21204128748938045,0.014933148205446018
0.8923083962596008,0.724473872093998,0.34480996951032306,0.02511196828553559
1.5438987016663195,0.6192644346287715,0.09889270461836082,0.006607520528222297
0.7016385066064543,1.1977880980630662,0.09685330217180277,0.006461959937118565
1.703856801545672,0.012187724025672475,0.326045472321916,0.02365387517251593
1.974604547849817,0.23203829508870322,0.29634161470175574,0.021357689490394197
1.4578485165204265,0.48335228416129006,0.47339944809193474,0.035239228744932384
1.4622628342344863,0.8062613008438806,0.32755819103128253,0.023771210670478837
1.880560485550281,1.6753919155973416,0.29482855102712785,0.02124113744324091
1.440673902741213,0.44474553261808847,0.31816054287903783,0.023042884763769218
0.9772244249214637,1.3761379662247109,0.2651618601446932,0.018964493705317376
1.9585681552554886,0.8373998301615,0.1369553989008761,0.009358603591339087
1.4303463884424577,0.005254353463583605,0.12688315226683697,0.008624754974330549
1.7562072176268702,0.8363797730305262,0.33643797096529104,0.024460728282993924
0.42174590090213226,1.592576729138734,0.3017706860919064,0.02177623023872554
1.0747727053083527,1.4027439388014387,0.12106389227357445,0.008202581896755639
0.6528782594225995,0.14713077386104034,0.40525236501885786,0.029844654421900235
0.18926789178749015,1.0196671464646971,0.10819062222217446,0.00727372093982604
1.8803339643436578,1.7665027438754004,0.4970701637513646,0.037126024733343754
0.9831614731460396,0.11268933250032154,0.10949524175046413,0.007367522176067406
0.6392909209516586,0.04009236040620401,0.1934361237402497,0.013536818525071371
0.425744484633767,1.2154074625940468,0.4995911131795968,0.03732734080885718
1.7524740588668435,1.1424992905330702,0.3381903964047818,0.024596954138338623
0.05196811017322922,0.42289989189496335,0.235793553454191,0.016728020934591806
1.9955251119634387,1.5627703412256644,0.18986253054781094,0.013269651195401513
0.25452185933381677,0.045643290101075706,0.4923509342805312,0.03674934968001381
0.5731903549274737,0.011614318318849515,0.1469658238553907,0.010091650813720699
1.8704263236081302,0.9345097956893538,0.21650829363348528,0.015269689752803592
1.6641118014369243,0.44250741113900993,0.486178659638078,0.036257073038252007
1.0809183226261188,1.771023114843938,0.05226880519375115,0.0033420215283494078
1.4489323241401444,1.2227613855205748,0.3705638963277213,0.02712205493441726
0.9020061566608859,0.08771732577704272,0.0900263773807274,0.005976256403769401
0.16907449721179812,0.5015585348687306,0.32494172506719016,0.02356828563289554
1.302146592878662,0.4547961318481588,0.1669698283746815,0.011566659626636203
1.556927701905218,1.2711059836022987,0.25907478437729664,0.0184994754119373
0.3620502630530056,0.631692843903688,0.14284837942665224,0.009789705959170102
1.1628575129546008,0.22841788012687148,0.42482258576013515,0.03138787072251626
0.08633739582001398,1.9873169807702873,0.09190102726295876,0.006109383731401518
1.6978163526046675,1.1522622416620267,0.45976222831863345,0.034155135993599324
1.7475836351238638,0.008009470535075724,0.48163046942256627,0.03589460261444273
1.06848266824215,0.07463848030702014,0.10080616533415378,0.006744280690931129
1.813855482891312,1.710847838728406,0.4109140686356719,0.030290592140682953
0.43772990471414697,0.2268565512531111,0.4367211062522038,0.032328548270811996
1.8117263661592529,0.8957030007715521,0.44137848021513654,0.032697237176094344
1.3127943155452808,1.5206237561350089,0.08110013096223018,0.005345052506088036
1.1399498548585676,0.17882715305546815,0.23363476771356662,0.016564353493747165
0.9417472096895574,0.06859062808495398,0.09067965967377722,0.006022627408750664
0.8745586067458553,0.8836259225508851,0.0673370615190786,0.004381387153701268
0.6563717909294537,0.08814128774443608,0.4800939899815226,0.03577220532344501
1.0956177023232292,1.0208083940220696,0.14163229302915173,0.00970064065508107
1.2697422547256536,1.9753109883485387,0.08715901234801095,0.005773002984163217
1.2526400032335048,0.7533063260867978,0.4979619588483619,0.0371972329984663
0.9752005690479983,1.8873379997957773,0.32932002719338177,0.02390791633494167
1.7858940200364777,1.7875056990216924,0.4048381582615985,0.029812046692231746
1.9292023578115598,1.5368004340483512,0.06621202833959831,0.004303179583415437
0.7846514009903895,1.579521725506707,0.15633020926203856,0.010780522315327086
1.3226850923679834,1.1266457195558992,0.4638304610448241,0.03447831148726282
1.896381966455079,0.3107994486074963,0.347450014528671,0.025317559432830147
1.8412952067995083,0.5105002570972625,0.09930091671567506,0.006636681339817943
0.03394970891133764,1.5169793607695108,0.3311560456089056,0.02405043170490593
1.9688907859926155,1.5127128226125917,0.4833102959308616,0.036028449888206034
0.8564997588644041,1.5219616330700227,0.19229528443045135,0.013451490308198423
0.8254188935216618,0.10091176742459385,0.21066479805165123,0.01482954240774038
0.5436076042406099,0.6179486384584856,0.1493910955934135,0.010269777874944833
1.1198155284947142,1.8001998999622837,0.09131625237757418,0.006067835942414017
1.210509242693472,1.2072010910951494,0.08467465251987692,0.0055972711006001905
0.4143548324928792,0.8563657594768235,0.24167955059377277,0.01717478823971024
0.13167645144725237,0.1309734091346273,0.13544809613235753,0.00924853976737372
0.43716095175979097,1.4337030590207631,0.39302391349624477,0.02888296792990423
0.7144182975880398,0.030199064978611467,0.16781479312837239,0.011629243429867047
0.1732973464954175,1.8388634047270853,0.4986599030993659,0.03725296875477964
1.7214896086175968,1.78617607268404,0.06249484602712273,0.004045436469368596
1.5471489253641513,0.39817333171423996,0.25382236793694707,0.0180988252499441
1.6791822111404937,1.582004417682131,0.3853287115684491,0.028278845019911167
1.0326367245720798,0.405497212108032,0.21583872662827858,0.01521921420486303
0.6277680898752416,1.4565945779599743,0.4864862380299393,0.036281594132901454
0.19916035458859405,0.18519922705393532,0.41937855074346836,0.030958077013463543
0.4468389854755721,1.6601326812715995,0.42637511190937116,0.03151050886871325
1.2511263891926696,0.5641366270117452,0.4624619936731998,0.0343695801758792
1.5821965761501116,0.7981317219727857,0.07032223594164247,0.004589337513589389
1.0067519386092758,0.3441545194651088,0.20256895422278048,0.014221137911760976
0.46932257729883786,0.8239384173265345,0.14527195417073097,0.009967362522733492
1.7252456409241963,1.457204357811791,0.32248163724444984,0.023377591597210774
1.3749660101613723,1.8004222503223943,0.15429154854278238,0.010630303849435264
0.28907501345661113,1.7458484472337523,0.08810712884484809,0.0058401599860083845
0.28955281506128006,1.2220328147612447,0.1381134668901036,0.009443223003175976
0.6942929376586664,0.44775550205000547,0.11705194049358852,0.007912335161269407
1.4119453177524566,0.08668256797906926,0.4068525717445313,0.029970649587067258
1.106193751006003,0.35259011447611743,0.3164369451178274,0.022909464178476065
0.26044999650116707,1.6204637518794163,0.38336446645537486,0.02812477179310325
1.4770492981493493,1.7528786005564205,0.05611671800790274,0.0036056831671889807
1.5146195897734762,0.17153763256194843,0.05998601053198965,0.003872071435182012
1.943075092757698,0.4174462268438104,0.4959639899632998,0.037037710957236306
0.722498456309824,1.955852993535465,0.22909051322669827,0.0162201747323204
0.5755462213561189,1.0029520678430968,0.42956922755084714,0.03176291731317156
1.644400111692579,1.3499649694828928,0.1678874543208884,0.011634626226010785
1.9831026671497491,0.6800786091445958,0.15278626810224188,0.010519475205894196
1.2592976351653014,1.4839011585317277,0.28721312389694414,0.020655147893778484
1.7102079124828478,1.4250490957261515,0.14121078231179382,0.00966978179902805
0.8476990422910484,1.8263968364062977,0.26695206716064457,0.019101396429413345
1.8791971339499525,0.9351539475169872,0.3893241699343729,0.02859241136720386
0.451059309533824,1.2010356441176644,0.34193875221562137,0.024888498094235594
1.4871721366119803,0.638306764595973,0.3656071924333568,0.02673441468215084
0.4939945848356102,1.0069219030746763,0.2047128204721277,0.014382089356824435
0.7986846546892423,0.2109153436463349,0.23961185168176646,0.017017756319627392
1.8369484812534576,0.39124874700851064,0.1856478243819959,0.012954999412070095
1.6792314672581845,0.6426006336035031,0.42149726509785435,0.0311252990261707
0.049103714588949465,0.9654814889631045,0.3414699057780951,0.024852019496149885
0.8005850285154696,1.9106651997799866,0.09827517874879058,0.006563423088552036
0.5634626309025732,1.0768094852172911,0.13977808342020098,0.009564941338226465
0.8194872859567663,0.08930335710221438,0.4774122737057566,0.03555864226499049
1.45871749152548,0.5384850537495716,0.26365360681365874,0.018849202332628923
0.6169675476523007,1.2070272427432425,0.05502582262703269,0.003530803662082977
0.16987482959903488,0.5411981459504676,0.23184928242723846,0.016429066449886932
1.1905293041853606,0.3848298650451085,0.3363972881165168,0.024457566357531036
0.4544087606547771,1.5514508672800709,0.16376917964803084,0.011329796946234908
0.560490227046655,1.8360358021757173,0.32900468590846593,0.02388344443032718
1.8423735063595543,1.4491671787559264,0.3994544256025083,0.029388431607785162
0.494992989392778,1.0940465410037943,0.3548501873843353,0.02589441354000097
1.0228331718890233,0.5811635875533647,0.38817639002313725,0.028502309969790078
1.007442348419049,0.21163840565594594,0.0717684796962526,0.004690305249232173
1.124505231121331,1.778556183930412,0.421722989904237,0.031143118045065823
1.458525572290406,1.4024610793588972,0.07028046094377946,0.004586423157825354
0.7925257769357801,1.661328507119015,0.46932594555912205,0.0349151764872963
1.734018646543569,1.541304939891402,0.1090549415615741,0.007335856231118486
0.06443298342184711,1.681665476337528,0.26987631231971443,0.019325158698447198
1.6767743895291445,1.4681999791114688,0.1895194452949478,0.01324401976122423
1.5638017796241763,1.9636730703061964,0.49050555488241276,0.036602124519187144
1.3095100989506594,0.9565303157090472,0.11035217169321035,0.0074291768761975616
0.3265210752317669,0.13483052938007067,0.17733193292410843,0.012335625618843623
1.7962111173860436,1.8511865758950683,0.05576214049674896,0.0035813337078288766
0.13270884808384498,0.10820224659825484,0.30437878754304276,0.021977480737161555
0.7800836045594572,1.0103262476452504,0.08056835960338579,0.005307595366265941
1.4884660421792477,1.9114549547469346,0.23432390010988918,0.016616588486919895
1.73286411784456,0.9272307600226866,0.1505487188483983,0.010354871513824197
1.1972572277801146,0.28598972336383865,0.12463539205393322,0.008461523648778727
1.4714126797966651,0.47490472177799536,0.3181141307880859,0.02303929143310951
0.5284847203352443,0.5125346667318422,0.2602351062886014,0.01858805985797773
1.9646119322599784,1.3334560426033655,0.45101346624567973,0.033460815260301265
0.17721626164808657,1.7591667625674356,0.2451665687706181,0.017439820395581725
0.8214348388149135,1.1130181248703248,0.26505819269093184,0.018956567880404878
1.0847417425925774,0.5426998191043546,0.33883312079744193,0.024646928931564317
0.7552862991683453,1.1733353898876644,0.46186464611229155,0.034322124996579134
0.4788913067606222,0.28214202196980365,0.18081769293257444,0.012595008948910634
1.504584034298741,0.6512217482753144,0.2782058350801257,0.019963442707136334
0.4683213666239705,0.20529857064742352,0.49915784113310324,0.03729273589875777
0.7282084903757151,1.6703544436183504,0.3139273575778268,0.022715291256820015
0.20672880596989152,0.9400604285222987,0.1025129657959718,0.006866421640309142
0.6172187447144435,0.019244469838447298,0.09768727417440629,0.006521458661906856
1.0494492889659803,0.5869631657286594,0.28581127959792485,0.02054739516790656
1.6139990530076582,1.0677140630063877,0.09745120243144252,0.00650461283907241
1.1635899668606076,0.9874120646749878,0.30232268764841896,0.021818814689252355
0.3458437977674689,1.0924886529546007,0.2487350094855474,0.017711310497263835
0.3395003022170886,0.1920098298334192,0.10070531717121459,0.006737068300229576
1.4842597205505577,0.1885881719398732,0.21546188456844534,0.015190810580599894
0.18655520861396524,1.774873359814329,0.42012902300940314,0.031017302264565113
0.8863279452481059,1.2912758287148753,0.10378202837721939,0.0069573286036950415
0.6432552964430347,0.9596218746313876,0.4521962766622655,0.033554631736236705
1.6899761671924105,0.36605831964111246,0.269973903085713,0.019332629206725845
1.5359556953502096,1.1766157923092084,0.4525834224328114,0.03358534249475704
1.4203728139095084,1.4176232084991527,0.053641830236745076,0.0034359534216355687
1.3002916749285598,0.18549259982123534,0.45504075446407216,0.03378031523427879
1.835079292350504,1.1585023072337484,0.36240088965248973,0.02648385775869589
0.5687486131897834,0.5249968897562414,0.22681500556750012,0.016048005668149488
0.6408174932695379,1.0955883711339842,0.16520570373699062,0.011436067176592542
1.0323905898135484,0.19895661268808262,0.1642198114809489,0.011363126593417972
0.8472298036772186,1.515678867861818,0.291095724755278,0.02095377287389762
0.06316478265175185,1.7347690969030887,0.3969664793727564,0.029192802102801448
1.0961298602679213,0.22435230354730873,0.2516001938940754,0.017929491035268728
0.1410787338232713,0.1385997571652382,0.22478561525967056,0.015894558768161936
1.4177690696218255,0.1161256569526734,0.15287934888487006,0.010526326247561812
1.151056020593467,1.4105140922753727,0.08365923469442643,0.005525547015125302
1.225623302254913,1.0097429288584263,0.41619757910023336,0.030707124624486503
0.11780341108675607,0.33851451182026904,0.33344483891618404,0.024228168682719722
0.24769120836513392,1.1400204257487843,0.49419279017017004,0.03689633170510647
0.013146647774976206,1.2518245905485879,0.16014544801535324,0.011062009802971723
0.9637816459727551,0.10635033515945924,0.29789271976934745,0.02147721451386065
1.8690839124505663,0.7422677431394904,0.45115243656778653,0.03347183703158676
1.731454678924915,1.0836466207347035,0.31202593806673445,0.022568245036877446
1.2945170181439696,0.24097419782390128,0.42647491920656255,0.03151839396638965
0.037446514734826186,0.9497802593828628,0.2850610739943198,0.020489745600078293
1.305920091351967,1.6513621175528466,0.3915464639246502,0.028766914810087012
0.12486446489569314,0.380420504782226,0.33402689100234845,0.024273381574340027
0.8520707141124644,0.42404599247192487,0.09082734964527536,0.006033113876286742
1.1478128672348884,0.6137130536237434,0.2340369119603577,0.016594834012836554
0.8236177236155147,0.9868673844302136,0.052052031912280174,0.003327206997467013
1.528086751057929,1.2089356341563868,0.3309026281528317,0.024030757692006768
0.3248771862518509,1.9753981868700035,0.3134281844117448,0.022676681750859212
0.6661181848102509,0.3998697660536108,0.4698064352914831,0.03495338998837315
0.8433279143460433,0.07501029746802934,0.4627368547165777,0.0343914174275618
0.7709225769888255,0.7967208298235926,0.4932309689500525,0.036819572642047445
0.8425068758208081,0.9970120260837729,0.07665452914573674,0.005032442980140168
1.0271858704416001,0.05834672966345167,0.3544196879978255,0.025860832580721124
1.2291145818384281,0.2960417999694025,0.38724697846841005,0.0284293640823325
0.16058875164820519,0.15349014089396107,0.44734591490278924,0.03317002574023036
1.8170884427044398,1.5518767416799701,0.4142302967308308,0.030551988451186247
1.9365110614146874,0.41693885251963136,0.39958323416787944,0.029398562237732538
0.2784014157252823,1.5686598233735036,0.37251555536812,0.027274783374623482
1.4202180517057752,0.046427299509884445,0.36279979635806114,0.02651502206900561
0.33925611421402446,1.876714709933582,0.3879056217819283,0.028481057181429716
1.6486033419751347,1.1988024713851864,0.2328173424774011,0.016502407919557868
1.3484730361258732,0.7666626618087364,0.4529134409081295,0.03361152299984353
0.11935182706669467,0.8521803413389377,0.2846083678394317,0.020454962447138795
1.8901681483162862,0.488674898137996,0.42959098272707585,0.03176463691655452
0.37721835477613497,0.32680879304522437,0.41791233007111506,0.030842387935053173
0.2330717337828454,0.3118494067180615,0.3848631235522099,0.028242319897086376
0.6753681094396136,0.0375300845481068,0.08357363901346176,0.005519503694827442
0.5429921709534216,1.681048728191887,0.3874511542217171,0.028445388006382768
1.1265691006709797,0.17676309042672034,0.05689656646761093,0.003659273999371178
0.009767266609416403,0.985541943369842,0.06405228066660269,0.004153301110229848
0.6920986846523547,1.2734418593710408,0.30754846497943067,0.022222224592974082
0.0016414620732476681,1.7235123464419286,0.26391412157807137,0.018869112921560283
0.6009368878741166,1.9876932590626446,0.37205324542666635,0.027238599986328334
0.20848519000522603,1.1213095387672731,0.16775416059547588,0.01162475184901494
1.3056772455134018,0.5359033135337554,0.08250237642172828,0.005443905488409239
0.3370640421568587,1.5871680315432026,0.07788715123444362,0.005118997224089269
1.6416971957726447,0.1573860787001411,0.45249680525954133,0.03357847133599522
1.5826274753640461,0.7926518828977152,0.2540473541808029,0.018115975380993316
0.8043669186752906,1.642881867280394,0.27852395762539905,0.01998784656480541
1.415259103641838,0.6901933844856563,0.3472646359683504,0.025303119714599635
1.6374012203134976,0.4448984745139082,0.3244763607269966,0.02353220519087429
0.4339825059702742,1.1061467179271682,0.1725923186060287,0.01198350542922891
0.5284714268936967,0.44887394717904416,0.38212492864355246,0.02802757182130608
1.0185499368144786,0.9388293392848936,0.3068353019924203,0.022167143100533963
1.6373367249215671,1.6938100302112515,0.4779672578228211,0.0356028325965982
1.8625838049709158,0.734818247043667,0.2668913119901385,0.019096749250757415
1.4968770270765623,0.3354072491650837,0.21881638546280957,0.015443768454186362
0.837369350348844,1.3107180633985438,0.2436794052105321,0.01732675593066848
1.5121185340637888,1.0630138740433153,0.17337993359070686,0.01204197398440179
0.643679431317203,0.013358851259399396,0.4849925316032224,0.03616252129465851
1.2935565337848136,0.06191263679576342,0.07085466121486919,0.00462649162297551
1.6522822622141535,0.45215708615202477,0.32641334827903995,0.023682406378969036
0.49375466753217756,1.30881838260663,0.29253726092584764,0.021064716851506956
0.27853594622050215,1.556223018917964,0.41564859131932996,0.030663827384468226
1.316298952179079,1.4965833352514766,0.26750536172333816,0.01914372142982013
0.9882101276085962,0.059051422676217546,0.17462283594310862,0.012134278027720225
1.259899506049647,0.923125452267779,0.41118272390431715,0.0303117630549648
1.814305567418807,0.014655169288854797,0.3693473589925115,0.027026882014781
1.3688677716031965,1.0452734955159217,0.28560721426933044,0.02053171272782661
1.8862520164160026,1.198401718271725,0.07063944070766609,0.004611470612344969
1.2027338893772537,1.2184445717311299,0.2671486727807752,0.019116435344095545
1.313688928985419,1.6793744822372536,0.07276602089304361,0.004760029398282275
1.4493306288857768,1.5806195116368156,0.37680411114280343,0.027610580915076892
0.6796427179909801,1.19264687047977,0.48167174032649274,0.035897890662571076
1.3010818607561219,1.8003701452063656,0.08539895292931415,0.005648468412867026
0.8751260040745605,1.7017512374637218,0.23817414192083625,0.016908624133969218
1.1032193056786048,0.804064820302383,0.27153111703204724,0.01945185806526698
0.6670997720509906,1.5447303086904833,0.11229436540095328,0.007569036468386962
0.6717397489782777,0.5930814125778063,0.17646905443900401,0.012271470907530169
1.0660324505335617,1.0067094508727599,0.3153289475075833,0.02282372254482323
0.7570325326467446,1.2747589922398732,0.2988219872474834,0.021548842575821556
1.3839284173068158,1.542720184368346,0.48549224650001804,0.03620235393414536
0.47251269890053993,0.6542055805750557,0.39900661884349703,0.029353213929741325
0.21912570602039394,0.20787271449304678,0.3169733687983427,0.02295098240372284
1.7235068477595503,1.8382219381791796,0.3184187739002542,0.02306287826273439
0.7374293256518503,0.10442297865304462,0.2600750961448323,0.018575842306290988
1.8544495146423357,0.39577583092006785,0.28818478909348494,0.020729856221278896
1.8794837464758973,0.7566768503094456,0.24947174437145592,0.017767395540172915
0.5722628201834496,1.787820950678102,0.43828404182634517,0.03245224390223892
0.18640553513447133,1.3800371076597266,0.37143106983332963,0.027189909367885533
0.43362932702224977,1.3660146546884284,0.1523556627064181,0.010487785029457838
1.1069310541917001,1.2748016736138301,0.4375603061104381,0.03239496139365474
1.7678253797076662,1.2939121376898313,0.45033784260001475,0.033407234718725747
0.2842415471829254,1.0274913355993058,0.14378496426739487,0.009858336462807529
1.8365525326300802,1.0675949084511447,0.18302581684006652,0.01275949949662817
0.3438250132314453,0.7727225773875694,0.3074237142972039,0.022212588776384296
0.9236972314340093,1.8784256728264168,0.3189119153424366,0.023101062774318372
0.399812745285252,1.5321315380033615,0.078657995774699,0.005173173779579903
1.7565500667335212,0.4092099651126204,0.11625050252837149,0.00785443618884655
1.676238769113412,1.721623470514711,0.2623015899769095,0.01874589239450479
0.5237265087473904,1.0294193579884134,0.2738419331832944,0.01962887374730666
0.650504122611461,1.651964253886751,0.1085688308164873,0.00730090588321185
1.724260533229383,0.39429846638540433,0.2100897398021333,0.014786272657782925
1.609442279831342,1.8721331544345334,0.0562633132853276,0.003615753227960845
1.6359525254281848,1.5294813122735647,0.17257344501398106,0.01198210457468196
0.8332192822515494,1.7971515672538705,0.474457622680434,0.035323439419746035
0.5398643592569727,1.5810930916286754,0.2018546323738608,0.014167536009209279
0.535460090882548,0.21394200410569053,0.4913015440797682,0.03666562420036621
1.796521473988808,1.924869877123153,0.30181318500681714,0.02177950864903166
0.9211717194523348,0.7919677741719902,0.0756778364580158,0.004963928088625285
1.1155389612177031,1.7694319442091966,0.34452552867861885,0.02508982417595518
0.7154382969245363,1.9553916113303837,0.36832433265396947,0.026946864708026628
0.42436580297516113,0.08117965665166738,0.18157795110649394,0.012651627567756039
1.2015298193793043,1.0603509248286198,0.2642821015559821,0.01889723915845343
1.8288081327849603,1.5268085045104653,0.3269408933187805,0.02372332484748021
0.160865629796898,0.3213035686723469,0.29721932021007785,0.021425318416089287
0.6535163725263364,1.3459060372503453,0.10166706366734704,0.006805870054500996
0.20238222897581015,0.37162740882293277,0.48622657801175595,0.03626089316789136
1.9125261940223188,1.3422540348030447,0.056812004405892964,0.0036534604701498772
1.1293088439083039,1.6988880895380905,0.3970049463974211,0.02919582615790555
1.4783300979957923,1.214939686458981,0.49881874454452235,0.037265654113327044
1.214783853551652,1.0122540856011952,0.4314945835459094,0.03191512725676725
1.50047750955457,1.0552182752147867,0.2835323800727821,0.020372305502998525
1.8332007394703538,1.1196512122880236,0.18055398445776,0.012575373651372486
1.3112855745130276,1.1317508985818234,0.26090110878453193,0.018638917948930127
0.6349061432219756,1.1468305252070399,0.14897391722615083,0.010239123395603008
0.42362303157475356,0.42771339671879116,0.2327678065631389,0.016498654503647733
0.0029862040148807,1.2620475799912725,0.46138294154101617,0.034283859946205336
0.5143854792355316,0.5961963390245402,0.12163418550541405,0.008243894478623101
0.004691491384319457,0.2316351738183664,0.454300335789366,0.03372156033588575
1.9086664914533435,1.5255635367323779,0.2538129689224736,0.018098108809714866
0.022927230171715163,0.5390917261939625,0.1076013501554501,0.007231378212958601
1.8283090728998859,0.2617272748760908,0.0760023058628937,0.004986682855034546
0.7987549849277553,0.15513346450561327,0.11255627758968749,0.0075879099041460864
0.7233058286563598,1.1034071514671755,0.233989919069734,0.01659127200057306
1.1585330956058362,1.0447880511648953,0.4441882791910233,0.03291979765217168
1.9564797576037096,0.2771488241805531,0.22895049220115699,0.01620957706644324
1.1357487876737666,0.43867861276487097,0.15842740643889539,0.010935195129551012
0.8467855342556634,1.6112266335452203,0.3172518968387882,0.022972541884403553
1.327474119671615,1.1145024268121237,0.4910656941617757,0.0366468086383641
0.8541021577346761,0.31867156113600603,0.09507421957428983,0.006335151908471363
1.4921329979731803,1.7047889453292706,0.430597209395391,0.03184417906832671
0.5207486858656671,1.9916382656695621,0.12804115180664177,0.008708926506950505
0.22754528769065696,1.942264426250625,0.3496884769095331,0.025491962185744826
0.1537407101269903,0.8210507869610713,0.31811058338598597,0.023039016786580897
1.083849725019177,0.33804649103880413,0.39779661042361164,0.02925806669411088
1.2877147398615836,0.4855164043394482,0.34410827711615183,0.02505734285119555
0.8568247379857536,0.5164454103699574,0.2596750365843219,0.01854529808572372
0.28242637799754133,1.2056082650188413,0.2962924817163213,0.02135390410589102
0.0016663806994832164,0.5769736955723035,0.06994030773193897,0.004562697450494744
1.1843994880432387,1.5731846686924598,0.28038227929498116,0.02013044074351176
0.07865893525663381,1.2764678737658386,0.4466861965591675,0.033117735999201536
0.671738590922365,0.033253608331077045,0.09752301939169433,0.00650973732156092
1.7616222360920257,1.5859405521243324,0.22326493909705275,0.015779639509058467
1.8791954792896584,0.5288684414592582,0.15489232171739875,0.010674557596027616
0.8887983574724381,1.8053506949500588,0.08971456405590461,0.005954131577541002
0.5176091780124499,1.9252425960412596,0.24020578800082698,0.01706285342873597
0.29066745242963754,0.2987105139767374,0.2654538358199137,0.01898681765653717
1.6852960206034273,1.4586493305812365,0.3458467822891439,0.025192696248755368
1.4396990296584735,0.19782201824017087,0.0899170411922805,0.00596849781241089
0.6246441182953404,1.0993388050108495,0.4568131886037453,0.03392099106932858
0.4637887888904957,1.9100534320143472,0.09499409038670353,0.0063294443538373605
0.5964445638104292,0.7545331129012893,0.3295897535118317,0.023928849595690627
1.5910357860078397,1.1969976895199637,0.08033135495856181,0.005290906619312388
1.3770186218841283,1.3594778649416843,0.07779428379907063,0.00511247279733373
1.5357643157233611,1.2221692589826711,0.21485135647197573,0.015144800673221267
1.7994754159817512,0.4080388391572263,0.2552820217855601,0.018210109596231906
0.35999324212899286,1.6534610776244894,0.2671395321775923,0.01911573613681878
1.0730396664008022,0.8036582263197496,0.4309445650744092,0.03187164049139104
1.2352654743907452,1.783146122641325,0.1781364845088979,0.012395463155932625
1.4101017527675708,0.47681954342112176,0.07560650403785174,0.004958926507576683
1.588128653263147,1.4821270556454307,0.4081842650979636,0.030075528944426937
1.4200840675788633,0.10491499754581013,0.4966482862328084,0.037092341628132894
1.3550077353889083,0.7002316663677455,0.46194052294584215,0.03432815265750607
1.4941614000242152,0.6726797495831527,0.19400392966644198,0.013579300098231713
0.3598983353647438,1.0652982170910388,0.13372067648835995,0.009122506866199979
0.2858150973829463,1.0458243160067937,0.05507403484713685,0.003534110820390971
0.6625034638634433,1.67383908356189,0.15419002565480172,0.010622826712262
0.8704254607139927,1.6393724412991284,0.48948929682881626,0.036521063323492337
1.5068155861885717,1.4979500820374536,0.4145503929830031,0.030577227180801796
1.2343118000089188,0.39945493845850666,0.06754993656378629,0.00439619552329559
0.6244957619904059,0.27221988419439547,0.28285160173678653,0.020320019559998636
1.0153457013410832,1.9733414731377152,0.06633431019091246,0.00431167568983114
1.1484003659404098,0.677012018075285,0.48254391388277507,0.03596738117239439
1.1902523784979986,0.4729564837066962,0.3348603133972696,0.024338129979661338
0.7378794753136264,0.4736004286125297,0.4438712355029773,0.03289468016540513
0.328549255990771,0.551160883457428,0.16977249605916117,0.011774327537544843
0.5675452537671828,1.009625495877787,0.3510654513902712,0.025599283124884804
0.5408914577242705,1.9986084930871628,0.09269840396060541,0.006166066090380054
0.1118962057608619,0.5792572709186421,0.1860789429627499,0.012987162426655489
1.574786593442192,1.12367626569684,0.3969790381840638,0.029193789401721907
0.055620929868348545,0.1223257821609609,0.10976486289117476,0.007386917396361331
0.760542068340635,0.6027147324617581,0.1927596921994454,0.01348622113379251
0.6871774980538543,0.23651469383078316,0.32103187379352816,0.023265259938743316
1.4782185349357588,1.592560521225843,0.47137538814714625,0.035078188073921046
0.2741822582963436,1.111651186135521,0.22447546376978822,0.01587111589407894
0.5001796015643798,0.18142756115491165,0.4654226075343059,0.034604843036247876
0.7977588085374687,1.5945962215183045,0.4011149490076353,0.029519046915795676
1.138954512927733,1.7849133020036914,0.3165635905534323,0.022919265869126813
1.927947794969173,1.2175104793957257,0.47241975092056254,0.03516127496508691
1.7839063812317573,1.8987196513652675,0.22688454569223027,0.0160532654417355
1.6988788743711287,0.2806546646836423,0.3349728253409893,0.024346871860720154
0.6541460660069272,1.033845561361902,0.14714049703244875,0.010104473162533571
1.4399901337811734,1.332341091414877,0.35577773963370746,0.025966776489474243
0.530657989766232,1.1287328124183997,0.1732534210619049,0.012032581096080911
1.7357330298051592,1.73313893072446,0.15583601485864587,0.010744095180978066
1.5786224859777738,0.927008014412787,0.3396190343635454,0.024708046233568322
1.3522848408206272,0.5298344682425238,0.4709399421152517,0.03504354882661533
0.39759396032692806,0.5689601624532337,0.18698515783920067,0.013054786104499165
0.9349305750382184,1.1649299972587404,0.3244087026813364,0.023526959851482458
0.3192994251861321,1.9738728880837757,0.10621529610714198,0.007131845142170943
0.3423535222883216,1.2290467647941044,0.23440231594287958,0.016622532937986382
1.2819955917596282,0.5348467407129016,0.2953785154390479,0.021283496712125503
1.4862221641790074,1.1882629878499185,0.3591216471171439,0.02622775912931882
0.8648116985914154,1.5095000684028397,0.23448114105867457,0.016628508553753585
0.008318454141341025,0.47324068848948553,0.3721797255039264,0.02724849883317645
1.8547433149071963,1.4678680307399603,0.28107900303682054,0.02018391912295648
1.9664764438429272,1.3364153865232837,0.36843417861462185,0.026955455715479443
1.6762490948000097,1.336239876097908,0.14212330757815625,0.009736595885948536
1.3800802292386418,1.1592570804218725,0.48469143866449654,0.03613852232352179
1.5552442311962726,1.021648497201232,0.2806269045954269,0.020149216388612903
1.1563171959989436,1.4284499021527244,0.44288452489381286,0.0328165168742211
0.04567679500935684,1.4624351758779088,0.3213081473577281,0.023286663679486307
0.304803690968928,0.6730766013729701,0.32065653170360525,0.02323618309892707
0.6801146535874234,1.504905518944498,0.2076636876668393,0.014603816711105218
1.4496004035838133,0.9490940770620704,0.1097096034035602,0.007382942032202182
0.5912333451945617,1.8643181600070247,0.42658808266068793,0.03152733439747305
0.7845546827019096,0.23851459237291506,0.20100012193886307,0.014103431708925787
1.8644406574635894,0.3640299518367258,0.48022480663048894,0.03578262524028474
0.3688852424825948,1.7139315784332847,0.33370488905439954,0.02424836829647806
1.9494440807375715,1.0962293386723214,0.27071720764239116,0.01938953478639567
1.486870263725302,0.8462001287174394,0.26830558395054216,0.019204946172352053
1.6751391255797814,1.947575117552841,0.4340390914268092,0.03211635642054395
0.8166060827154595,1.287388966205688,0.3936659839299846,0.028933411716964504
1.0018542119710703,1.0772448889071344,0.06328505339606108,0.004100141672624175
0.27476770785388016,1.6011999595862296,0.31407265739809337,0.02272653054641173
0.44611538746343493,1.0163453163036096,0.24230060322324803,0.01722197238221194
1.1238067823104372,1.5238527882748103,0.26480922380876076,0.018937534007083454
1.4029453517731107,0.19215354894555525,0.4628163729013367,0.03439773518172198
1.0425329556040723,1.6747985117071922,0.2467716094063887,0.017561899793174966
1.90938084567237,0.8982163819430258,0.22169477298251233,0.015661036901095538
1.3294065173298173,0.04767987384702943,0.09828829973981326,0.006564359858396582
0.7016812090510951,1.337880999151759,0.4763237389747576,0.03547197853098069
0.590860394385003,0.18203172494512332,0.190399684494435,0.013309787655738441
1.122332138939737,0.5462268638621297,0.2182740740438175,0.015402855321727102
0.8874720638150777,1.0286234227078392,0.17121240062486645,0.011881111718070969
1.9165219432709462,1.1478053449518493,0.10778625145621737,0.007244662760266629
1.3866971770734522,0.5870306541928629,0.2354444746707614,0.016701548639070217
1.783553299593062,1.1613261044097805,0.3449678025228992,0.025124256346254766
0.983762334015081,1.4370581943893532,0.10210285270247924,0.006837060495164776
1.6158847724082264,0.9352130304411137,0.40277225472259975,0.029649446329757613
0.2320037329774094,0.27802028560495295,0.22366874341470372,0.015810150217782697
0.7546050278555225,1.9154418379190816,0.2791002521357089,0.02003206024014294
1.8512216332599167,0.7536871372399481,0.1289282655266436,0.008773443724383535
1.984860128011733,0.3619773835441902,0.44089978438236727,0.032659330037867765
1.61861891273068,0.5586984767353593,0.4821418915893978,0.03593534893085315
1.1566391404983074,1.40540344180654,0.29423864299280844,0.021195707703518318
0.7977225717035952,1.7186014422482427,0.36155176158113306,0.026417528100131284
0.20353997280523894,0.39039460038589113,0.20294226740976368,0.01424915610293786
1.4743466873982345,0.45119783276582726,0.20771657121757803,0.01460779235923234
0.9181347327780649,0.8284574336902195,0.35296061047202404,0.025747038683624657
1.2662337708490374,0.34201153552490715,0.1920857228789395,0.013435820100792134
1.776685963356902,0.9770243753855141,0.4218834221216596,0.03115578317954743
0.28682424435608644,1.6207842576019573,0.376494248583429,0.027586309539207238
0.1802115626016758,0.7893245670906615,0.43018393459503074,0.031811508168840145
1.066094560838754,1.6999173283618583,0.3026775215556576,0.02184619137126328
0.15055901873372912,1.5835756987667495,0.17971981933527176,0.012513276135631078
0.14742952089758088,1.2894623431574974,0.4320515515917063,0.03195916738235492
0.6374031504533608,1.2654595599014804,0.29504591833191307,0.02125787882117377
0.5141527203251945,1.3942115662844754,0.18584037826441213,0.012969363996081066
0.41367174720419375,0.8267444786820162,0.3960751073152028,0.029122733251179207
0.8567799031522323,1.0819363217768463,0.45581832487664853,0.033842025358992965
1.793136455634779,0.21777634319561612,0.13613285475934112,0.009298530684385924
1.5353122704464033,0.6933753468638828,0.2113028787020373,0.014877563761225308
1.8261395009937582,0.5237306112339086,0.25559578748185724,0.018234036907713948
1.9722102316147758,0.941418950991955,0.16366840845665956,0.011322344569012203
0.4222992224208957,0.1349815479485137,0.31626174788061084,0.022895905279965968
0.6821044144834207,1.0841469525330585,0.275576327784185,0.01976180152622597
0.6897759633696874,0.8902272824146584,0.4856552788593704,0.036215349974798736
0.398047049314326,0.30769563655343846,0.16330668040244262,0.011295596140810368
0.5126911941854497,0.9171146060732127,0.34195845611440157,0.024890031231725528
0.6358929868119398,0.7612534503287816,0.4387767673559084,0.0324912460642122
0.9760395138750129,1.5274599496164694,0.09468046596338132,0.006307108268624721
0.7535305621548176,0.07454711080101051,0.23243368797914332,0.01647333924119682
0.8566369992909464,1.1449406519124805,0.30286276416666813,0.021860484369220386
1.9817003665999988,1.8480513180680882,0.0848001147511313,0.005606137265838214
0.5860341354944538,1.3140414534919223,0.3531382040612501,0.025760887529148548
0.7076392092053008,1.1629710935246684,0.4713370629572413,0.035075139259066856
1.0806500867148074,0.4290219384941303,0.3592080440190107,0.02623450439532301
0.416428291078321,0.7859629639776473,0.34367152580459526,0.02502334646185947
1.8360552241041634,0.025624394623446456,0.358743045753876,0.02619820190282591
1.0287669775603583,0.630076860556632,0.32027931637237217,0.023206963509638603
1.9654127017587737,1.310138413733677,0.3300455296462658,0.02396422473138779
1.9345182411145747,0.4137632455935383,0.3367275338850186,0.024483234262678486
0.11868114252229978,1.3319814655882363,0.1252077079511006,0.008503065840077905
1.3126449299306855,1.8016741154038962,0.10063304940105192,0.0067319002092093546
1.037825742646341,1.345004118376897,0.05113342036358652,0.0032644754825549714
1.669072821228129,1.8491364194554059,0.3877232674773662,0.02846674464147494
1.3224325174813256,1.8440296128348,0.3348724862626048,0.024339075769392184
0.7846900409026087,0.9172783882699156,0.473104575093631,0.03521576474634727
1.058426777254052,0.1048779769126793,0.44511679497641155,0.03299336555194971
0.37603368043398766,0.291094932849274,0.06796962033057917,0.0044253996908292835
0.26639387262661884,0.015469253591915422,0.30270067969225534,0.021847978179835886
1.3729830638236784,0.09231207928090779,0.34166893182239577,0.02486750429609086
1.8369188784541035,0.453708718216983,0.24473237064786224,0.017406804745371533
0.20359193677616272,1.747883889728113,0.17676160877109737,0.012293219799099432
1.1372304554577373,1.383396304938211,0.46143965498310985,0.03428836493517766
1.2923122283427635,1.7733036039208565,0.07650864837789573,0.005022205613528778
0.5591305672954789,0.9049793782868722,0.29020486076914914,0.020885228847420393
0.11378313094617654,0.6627480448943714,0.40015636847345304,0.029443641253366157
1.6437130946249718,1.331993465244328,0.12161574231693686,0.008242558227108215
0.9216672330253031,0.5162407947088494,0.4789185475521272,0.03567858679716448
0.3923378584690398,1.6405011988002574,0.27733354727629395,0.01989653753659997
1.9524708899135692,0.22856323522541433,0.23640262732881645,0.016774216361249403
0.41531346464994656,1.7136143283017244,0.3661598072585376,0.02677761419228199
1.5656842902110155,0.9798029705559099,0.22458304203551988,0.01587924696986357
1.8169850374459229,1.0002017982508606,0.08805386288583293,0.005836385723603631
1.8870754737085826,1.6536760667764834,0.447144767149882,0.03315408206331766
1.5951485852127514,1.6356557707134294,0.291777716674878,0.021006255845332156
1.12418322614686,1.543793714544487,0.43555773188573405,0.032236494990579345
0.9381338832686397,0.9754917178120497,0.20267915762313948,0.01422940861259869
0.9741865264170446,0.7963428849307361,0.12117544535762793,0.00821066185341444
1.222360530706419,1.8742757142483495,0.4467188665827703,0.033120325322964
1.2727730498075465,1.0053494221015973,0.20898669322011693,0.014703297779708639
1.4013060130567045,1.609867284076278,0.26316617927873615,0.01881195293047687
1.2504055119511452,1.4891400596407147,0.49299215586841816,0.0368005155352212
1.3782369519199604,0.7609866849099236,0.09409662212124228,0.006265540976988228
0.008580216515557293,0.11979762334353894,0.19063192506669097,0.013327143229234133
1.2999389110425557,1.6881578544940419,0.07806773624475019,0.005131685809014624
0.5890869585819813,0.5647442180515987,0.3754725074134413,0.02750628684681973
0.3901225411804625,1.7171109258677064,0.29649178000557336,0.021369259041818175
1.076833291516041,0.15503194517659424,0.2983052871000162,0.021509013358968314
0.03819011334382871,0.9117920735104599,0.2257605927528406,0.01596826719657202
1.1749636610507748,1.943171869771499,0.47960285275448883,0.03573308660022042
0.3170613253186956,0.3409381585963276,0.16024093448776078,0.011069060757707925
0.3860513213350296,1.942502582122954,0.162489049370731,0.01123515047901468
1.844940681835869,1.2433859494028472,0.06978036817332332,0.004551544405808264
0.4876192439446865,0.36021763013997066,0.30659247995816385,0.022148390636626315
0.05530822184374773,1.5302400418416273,0.4671305382702271,0.034740609430766095
1.613132780541437,0.2625853404041325,0.1532346944805041,0.010552483459038
0.7074848589631979,1.581486454732484,0.3344527318909493,0.024306463669755706
1.892751506857996,0.4355153191940142,0.483303659531036,0.03602792104178102
1.2874529690155103,0.678880272889473,0.38339141125852716,0.028126884946014438
0.5167413955964908,1.817425983243905,0.17489642988286325,0.012154602559344639
1.566364880214008,1.8937641843915116,0.43797960936425967,0.0324281477705015
1.7944093536185288,0.46649316503946925,0.31199013219281746,0.02256547658260258
1.0501188090303972,1.6679940980054593,0.41269980840917714,0.030431332174324376
1.5589881651442778,1.87483209066552,0.09755789576355724,0.006512226010903481
1.0052768548285718,0.6704043828290396,0.3977626635370631,0.029255397618217507
0.09096379794211229,0.21889384175112037,0.4874229062816703,0.036356274791082714
1.1659844350936075,1.6921412091129864,0.08737412262012414,0.005788235277178235
0.4440893262663941,0.18634633266997747,0.3711059032971846,0.027164464514079074
0.5240708258692386,0.6376598438701948,0.37706920588365944,0.02763134674379337
1.8887875641944847,1.9582982532900763,0.2940236631836819,0.021179153334146696
0.3761188938854054,0.14684005335193584,0.4925211428461769,0.03676293091264026
1.8141286715434108,1.5799486038821655,0.483977278409634,0.03608160344473155
0.9999859654633654,1.0655127356060128,0.06799018102727977,0.004426830750427872
1.8243931352010807,1.0803340220046427,0.39298553957513405,0.02887995329125389
0.8747537258198552,1.476817983753637,0.32979170901911103,0.02394452398767498
0.14943810636205312,0.4107788576368272,0.20896658187585448,0.014701785216675013
0.666145152470859,0.3142290103506955,0.21826099569634916,0.015401868749783682
0.13832294367959275,0.14048094380001386,0.4369232601638045,0.03234454564894172
1.8521085906653965,0.6104061804111172,0.19957159116114292,0.01399630714916396
0.6533256485409054,1.117708421311266,0.1645864734444946,0.011390250315767349
1.1630496836019815,1.8416773027876308,0.4177352697891608,0.030828419256663027
1.5540111437665163,0.26888449234893486,0.32666235710919805,0.023701719915224264
0.6885569646562057,0.318013869699566,0.3545494295637246,0.025870952731626866
1.1537298911731686,0.7199458044239524,0.15120173160659772,0.010402892593472369
0.5546031302329391,1.7965256141487798,0.11615279053499485,0.007847378976943183
0.7495742417626459,1.4274072765626356,0.1702582633128807,0.011810345368060294
0.938952408051295,0.4303967038548846,0.44634181171330406,0.03309044192983291
1.7189412595318678,1.5594277516558186,0.2555269243959426,0.018228785336171588
0.6547130504901377,1.5710453671566416,0.2752644400415946,0.01973789350277656
1.9784192349229566,0.2125617363221195,0.052477332000154114,0.0033562764871072734
1.7959598870069056,0.09767109384617734,0.08718313554561272,0.00577471105629793
0.24991199812496867,0.038320689868932556,0.2732559017005319,0.019583972128807903
1.63208887304408,0.8230940967765634,0.3588906982780021,0.026209728808535677
1.927717602166078,1.7038564180203215,0.33633118773923193,0.024452429003992502
0.04149378941429127,1.2538756466877103,0.16434998993006766,0.011372756032021676
1.1629805791023786,0.15266269129847143,0.16758819401082986,0.011612457828755359
1.5540436979259709,1.3898065580865244,0.09073858275711136,0.006026810997808474
0.0893937581437767,0.5746679739003915,0.11556280754528715,0.007804776392866771
0.8499843217894358,0.7552510407552544,0.2999125807747908,0.021632925273654728
0.8814488943341596,0.42281240067245673,0.48071059014021256,0.035821320987268895
0.4040441445143914,0.667933260694028,0.17026791854160417,0.011811061339205377
0.17272006637808146,0.5393291810693022,0.451376251112885,0.033489588312016885
0.552936239801102,1.6560200265570961,0.25432785483942244,0.018137358702877155
0.1052794525144749,0.8296277436919273,0.3539496988120344,0.025824174446530887
0.05406530001995313,0.2723016140640029,0.3606321102512408,0.026345701640341525
0.988870854037913,0.7210693923399836,0.07975486235924789,0.0052503269347678435
1.7702764705535325,0.48253917393068924,0.07512511883147155,0.004925181979209618
1.5035725857837863,1.5699514590537402,0.18373007986295614,0.012811991295732546
0.8578678814485254,1.9643154729629173,0.3810546449480715,0.027943661629520552
1.8844080289663385,0.8942992700079617,0.35252491639984884,0.02571306505795215
0.46415797482996357,1.1470700292347749,0.22880653757648578,0.01619868214743579
0.09302257070978515,1.2701451726885928,0.3625086159098917,0.02649227356482158
1.160671168341397,0.015313648215914188,0.1863564246811063,0.0130078662929514
0.2608126156709638,1.0443474795841998,0.34426358622288283,0.02506943271155418
1.3013753990488843,0.3498076571403155,0.45953318149033473,0.03413694664058255
1.235308722504724,1.76125553448977,0.24710029343830264,0.017586906272998356
1.5088451839513046,1.9207994049303299,0.4438189323794559,0.03289053661876931
0.26571129242660896,1.828590917306113,0.4179513119362166,0.030845463355714253
0.5297265009181678,1.2315657563700972,0.402397388422362,0.02961994801553963
0.3150857966911649,1.867219972325955,0.14405956603553388,0.009878464424360443
0.1399977005049362,1.7558244616559493,0.33178844591987217,0.024099532504379722
0.9146238433439375,1.1783814940667987,0.10358957286518575,0.006943537449352407
0.726262008176642,0.17290096419818402,0.45181998586112,0.03352478379850385
1.0564417748681956,1.4870859228225637,0.4099172882008581,0.030212050930583198
0.17774475958338543,1.8505295820318943,0.2608050116509199,0.018631579109405334
1.9756401062610922,0.24617231416140917,0.4067626024702033,0.02996356478535721
1.7407148597724433,0.20254982807282773,0.47552908254707765,0.035408720556443424
0.7590446469095968,1.9680129624734939,0.3384918767285956,0.024620394812163573
0.2104024737075123,0.8136636051487633,0.07405019907966359,0.0048498853627260575
0.5528134434470753,1.4888810540941335,0.4230195959224261,0.031245486600152955
1.2541696685643304,0.8089374319154934,0.07355536874347629,0.004815248470207424
0.4071441637958402,0.8683561620617573,0.4976995524551188,0.03717627939655513
1.1367058705326318,1.1975421960513823,0.1473007568729523,0.01011623838600474
0.08902705766726937,0.8670631571346445,0.3377885250795602,0.02456571011356916
0.03596444521005937,1.648135098778438,0.36922778853499155,0.027017528869226516
1.101589488251771,1.773174189753119,0.45940174930598604,0.03412650946613015
1.3871228838389364,1.8647924522664245,0.41239605473725655,0.03040738937592924
1.7611541631555705,0.2266426876410268,0.07199607888041153,0.00470620766977862
1.0277795642097869,0.542665260890824,0.24676808978462456,0.01756163203065454
0.6715035446300941,1.7550444216979155,0.46242955572982675,0.034367003094424094
0.3549051316717995,1.5388957791675995,0.16538122309410397,0.011449056014533337
1.2747872981365624,0.35196606851282985,0.3783400854234386,0.02773091330856605
0.01742023125496206,1.5592112020787199,0.22793329804169804,0.016132602899042836
0.33342930696938144,1.9639685409405883,0.07271296276496686,0.004756319177878906
0.6826042777559072,0.3612824870219975,0.11798969864460944,0.007980117154200543
1.1198685817240863,1.859113403693992,0.10072945360706571,0.006738794428177325
0.43873404264728566,1.6749658604121564,0.2154958725890465,0.015193372210805913
0.5316895329918463,0.7303462210584726,0.3483477921022298,0.025387497663971838
1.0192055812621807,1.634223414311806,0.38976599184892585,0.02862709953592323
1.0827340195658848,1.6694127046606175,0.34336880183150964,0.024999784407368816
0.21760905102837436,0.6234683349231305,0.24852853252751217,0.017695594185417093
0.7506653295413486,0.03676093108502232,0.3674028308211791,0.026874801395231934
1.130826361619764,1.7386977978692975,0.12135075718101734,0.008223360987851421
1.5269996693424133,1.4942384914490114,0.39844091440631213,0.029308728110023306
0.39634910935753154,0.12515821409296057,0.4374275406988675,0.03238445393586905
1.754594308777917,1.1538232521700191,0.406037686510053,0.029906483845953034
1.6963767760629371,1.236371465053818,0.17448903455978784,0.012124339095481256
0.8915407026373801,0.10561926051865744,0.40819819915886707,0.03007662646567239
0.22738519824429404,1.0556590171979787,0.18853223866662178,0.013170284770393467
1.9255705701413202,1.4390097642733009,0.2723013462377603,0.01951084850523064
1.7397298224841318,0.349663793515508,0.43865901240524097,0.03248192478318639
0.05553690606063921,1.2919515219221007,0.25903513451364624,0.01849644883737119
0.591232023023305,1.7362686107767584,0.29610148592324265,0.021339189504470373
0.6571443935261163,0.9245428361223886,0.48523290360416793,0.03618168116916054
1.9808327657296902,0.682587631128919,0.3595356758190015,0.026260084612399662
0.04905383945832664,0.49962762321813226,0.25480094364527356,0.01817342722477689
0.6507449654741349,1.9110455289030093,0.18197042211287057,0.012680862422083015
1.3514772109071138,0.6559944951534129,0.3492416323590185,0.025457141528747288
0.8751619559762853,1.9695138058337216,0.20768101402062,0.014605119253731981
1.2845257725076242,1.1272047714409261,0.2712891381258493,0.019433327727147308
1.537963525698724,0.23671108188379608,0.2864519938406629,0.020596639137695136
1.6929229094929703,0.9502802399197672,0.1413140826698725,0.009677343844863637
1.00242603298185,1.9838619465413014,0.3399742310268427,0.024735671637070262
0.4094010151424148,0.681132345267937,0.48991247050401443,0.03655481610062344
0.8372142931284428,0.7211017230759249,0.1355974452589913,0.009259441541277067
1.9210763707107597,1.7758979322888877,0.36732427914817267,0.026868659071447108
1.371807758100724,1.4693339568699126,0.33333341602708294,0.024219514148449216
1.7870007062482647,0.9713283433137148,0.4768963221812307,0.035517563063148974
0.33004331512354734,1.6889558752182476,0.29521043205794334,0.021270550043554517
1.966579406167217,1.8808817428634828,0.17312559551311643,0.012023091203590337
1.4290000183744074,0.23168964246139767,0.06780251127126774,0.004413769723631922
0.4933941393374661,0.020234466117080574,0.06586463183415806,0.004279048491098274
1.2106392546347693,0.2221221416748409,0.4654980734924439,0.0346108412319812
1.0635256601060397,0.8707057692767015,0.1421276908946111,0.009736916899105134
1.6673742970409555,1.5571563758427895,0.30472770143247885,0.022004413236480728
0.7590982288189982,1.8792052191075308,0.4570364608960882,0.033938714580249205
1.9411239367152515,0.00864500323213302,0.07035941921026444,0.004591931636310531
1.6097077137465334,1.8767718740770458,0.2006837628323097,0.014079703610777492
1.731402733698224,1.1789441609650273,0.06506426932285339,0.004223486655640786
0.6302098775548384,0.8563458120368197,0.3304366640845645,0.02399458537960127
0.18444974977635886,1.549971131787513,0.2074378777095901,0.01458684169061444
1.694283511109431,1.9220500638800095,0.2603771354662656,0.0185989049098239
1.6002788055590573,0.9821522092886226,0.2140359639714306,0.015083366085846496
0.37169838794634313,0.4980615853057133,0.20982055724247767,0.014766021060375315
1.7029596610177515,0.15634469585834831,0.3046560373713891,0.021998881347533028
0.7024567102805901,1.4746541231496877,0.33993489893017637,0.024732612487041093
0.6463061523734093,1.660147287552834,0.12831452702352283,0.008728805018697255
0.8731604271627207,1.1758237159020026,0.39672447233767166,0.029173777372553538
0.18279722592436354,0.2138591967791208,0.3584747603374059,0.026177258292109536
0.48376204433794334,0.9486991003798737,0.2734957721036274,0.019602350150121437
1.0845774909606813,0.8339383216000562,0.3680910689223159,0.026928621833776673
1.1600703730302424,0.5029604115998356,0.4256570844051114,0.031453786140657435
0.4280564524801287,1.0226001003446121,0.12107008784060576,0.00820303063746964
1.3534056701392543,1.8684996877432902,0.3174706545182912,0.0229894757522771
0.5078941064588913,1.6565861502355526,0.3440650867117378,0.025053980810304504
0.66199336876296,0.057308726594207604,0.24897725379126734,0.017729750443482142
1.1448291401550723,0.11244600959001705,0.16303704010281414,0.011275659914302898
1.8468704818292516,1.7553971550894258,0.07169777914830573,0.0046853660893872206
1.2442273488694584,0.8982392012714422,0.36487861135751676,0.026677466264249394
0.04392595097682328,0.5969772492941181,0.12765563679881203,0.00868089871460263
0.05108090560661194,0.7542610234085181,0.3718470335855078,0.027222461504271295
0.23868297473360278,1.0700938144590775,0.48658682184248053,0.036289613215697035
0.41381578687007536,1.2649224877758904,0.39992662548765456,0.029425570629481975
1.3994317907402671,1.2351308598756563,0.39341019162994156,0.02891331490394386
1.497217000894194,0.8272280375473768,0.36213393561120727,0.026463003480780282
0.978408362184827,1.2452385519049756,0.13326079378956474,0.00908897259878278
1.1612394987556236,1.216577493745841,0.32893872866127793,0.023878326055351277
1.3228484343929021,1.4501831761110564,0.30707516721160255,0.022185668223295797
0.920299459963434,0.022943525172296697,0.17808819547228816,0.012391871191184699
0.15633190751039638,0.7170403762171083,0.2970718511750471,0.02141395467430468
0.9120359780934146,1.7127017703019745,0.12012167724608042,0.008134356390792099
1.34592579144103,0.6882322060241521,0.39284633147543707,0.02886901733363795
1.0153810645996837,0.08068650517283382,0.2702094977586078,0.019350664590122666
0.9118547474042777,0.73573013652308,0.23839199496625274,0.016925157782539273
0.014737230301819393,0.9789879314959735,0.1574913740247993,0.010866143151860144
1.9913304325241798,1.6391342538856501,0.11569729883318469,0.007814486670986373
0.9493937023460073,0.6421164817847833,0.211865740855199,0.014919932548786798
0.27225981920706577,0.3241273989558884,0.4935470654414413,0.036844797886693016
0.3590629597328421,1.8653838144196748,0.32782994466888393,0.023792293472738705
1.4992228687485754,1.0654611185935519,0.4177951068193357,0.030833139887007838
0.6104929562045367,1.3231963111887888,0.09259357635360121,0.006158612382884885
0.2187314775491893,0.7200215533013166,0.22396037104256433,0.015832187427071234
0.5325724751897538,0.859775315311023,0.16511862712410297,0.011429623659357565
0.7633092164459583,0.4765705045231188,0.161515783356948,0.01116322642850892
0.07882194477522697,1.276837356872313,0.4798060191864124,0.03574926832383275
1.7913961053210867,1.3052492999099625,0.4322744183933569,0.03197679082301279
0.2299464009215182,0.6319074757994223,0.32675140861976515,0.02370862714415546
0.24812277270904048,0.43123215499161294,0.45190386687175466,0.03353143721467168
0.9045721909635696,1.3619809262114793,0.08975762516845087,0.0059571866788655356
1.211846395583971,0.9190906348354033,0.46482204808708616,0.034557111679932924
0.36930766597215436,1.8206738328096355,0.44029232055894224,0.03261123006219281
1.0160712925517623,0.3902063674555778,0.2849223192403641,0.020479084133942668
1.7143083989489265,0.3839723594194242,0.2942852976377633,0.021199300421953254
1.5319073437981916,1.8719717382532952,0.14666757808950656,0.010069759721679361
0.7394262698216674,1.944906101694086,0.31094137961157964,0.022484398404949108
1.0785079523601355,1.5071044220283778,0.1208386167984008,0.008186266423918408
0.7637649006459417,0.7006574392679701,0.4533571004983017,0.033646720776693166
1.0713405592492273,1.9599906931727826,0.2355521701648794,0.016709715409178143
0.5998535438002162,1.1001801352084544,0.27733755697132606,0.0198968450502253
0.891366393911216,0.7992631472259926,0.1277010092307538,0.008684197087707766
1.7610165745952417,0.296457945596297,0.3137647139415049,0.022702710807225475
0.07264836392044094,0.531641480624357,0.23636438717240965,0.016771315781017076
0.056143313459596556,1.2450104905526622,0.13630455416464748,0.009311068352305916
0.6338232331645162,0.12703487310614303,0.2658465793981125,0.019016848818013684
0.5025969269660808,1.4015955052821398,0.08173237110733556,0.00538960855813453
1.3076830993766348,1.5303515389782312,0.23068425420994276,0.016340830438953
0.6031106610690387,0.9220818584883874,0.24166373514033113,0.017173586778209297
0.8726018698608056,1.2969591045985729,0.0660747800701125,0.004293644904295406
1.9250471071954538,1.961044267298737,0.22319944837297362,0.015774691509511298
0.9446481537468203,1.015624989863017,0.3966519376591145,0.029168075410408754
1.3175550701083263,0.5420681419483533,0.3639499351326589,0.026604889092705593
1.117474258188745,0.2778291897426699,0.3113063458004055,0.02251261149585381
1.8294623443636466,0.08616020838289806,0.28071055377704207,0.02015563694585658
0.293134578032217,0.12536050366472296,0.4657015162455561,0.03462701163127781
0.22538781678275277,1.5095462994787332,0.15884754845311772,0.010966198559499544
0.4197848648486284,0.0010731939730610485,0.2576437222089103,0.018390259086487296
1.5258200373647621,0.39060630586938117,0.09590279601965745,0.0063941903330623304
0.6974183634375353,1.246874765769434,0.2329438779299236,0.016511995964480473
0.5407722507005883,0.20012210117114626,0.3975112838158323,0.029235633362497418
0.1339612012131457,0.38540125270180514,0.05509780785549357,0.0035357416236983658
1.229217567450534,1.398110982283686,0.31970654043996016,0.02316260008321355
0.663478788107474,0.4387933957580703,0.2695207097806078,0.019297939137904587
0.541549658006484,1.546681135800329,0.49431079417609514,0.03690574983808676
1.3021414444582782,1.7026887166815705,0.4817812494992925,0.03590661533988389
0.5868873863538682,0.39199097269188865,0.08437895960673612,0.00557637866089366
0.48928509469810666,0.7699501098974735,0.23360198334558246,0.0165618687624125
0.7708438248458895,1.7660652530721606,0.21877207307830748,0.015440425170468964
0.8195478179884381,0.09403269444923912,0.1779303880304713,0.012380133203183418
1.5461264587085173,0.00019769753643261723,0.30272763929490243,0.021850058309386994
1.812898273777888,1.403589925610862,0.29061248297027087,0.020916589935824827
0.5509949862936951,1.9440179625657055,0.06324450659267519,0.004097333508821703
1.4296674405523848,0.27800867511420546,0.2270572655066449,0.016066329849987415
0.9536800355500537,0.8109686119634008,0.289783124995822,0.020852785107000855
1.0254822134361827,0.3041280362009593,0.22176752091525465,0.01566653064407156
1.1719155080829222,0.14169635190475272,0.19911803600003103,0.013962306399999602
0.38665009734384026,0.6240341334683104,0.2527387983943435,0.01801624219641282
1.7380488051322565,1.3614487688527381,0.1714572562521557,0.01189927653709476
0.39696893482228046,1.1506556932735141,0.07335999807104926,0.004801577429706677
1.5628863866048475,1.9720410038081855,0.12837626412109743,0.008733294643890332
0.3420441578537865,0.8448705719834464,0.39385965311247884,0.028948628307413352
0.7215773768054168,0.5129969631611069,0.4571671846704514,0.03394909180231555
0.6773847165586102,1.27148392258789,0.06388766465887204,0.004141891519905953
0.3585687703182061,1.7382040341531904,0.09473948598560583,0.006311311238831832
1.0464433689052866,0.712261118603368,0.2312587695332753,0.016384338805459794
0.9935396741402283,0.30937106865760833,0.3470053948570742,0.025282927502328134
0.7867103997951705,0.43574042380293476,0.3578698750008694,0.026130042091149597
1.0993224367116663,1.7708654228495766,0.3281185468697105,0.023814684716507398
1.2843196503074792,1.5481391708628576,0.38506811166947164,0.028258400726261925
0.04601808497444737,0.3692098311299403,0.42171777683291434,0.031142706510800172
0.06977194103649031,0.6021461707872395,0.1416412651431944,0.009701297573698526
0.6633194098180832,0.743859302978118,0.10089766064768362,0.00675082462164672
1.4609225651054483,1.9833899902954175,0.22181986923930652,0.015670483936264308
1.3782133822676024,0.7389673290708536,0.28193446180192183,0.02024959402506075
1.4949480802380042,1.032612243502791,0.05468776633521532,0.0035076200278293134
1.9869422945314665,0.10867761058375236,0.4060110931026561,0.02990438997592037
1.9992268292768895,0.598319861981347,0.41070560648274856,0.030274165298902395
0.1551474515521447,1.2696320819082174,0.4280760747290664,0.031644907792629885
0.15828999874508742,1.4221754656189474,0.44586735149996143,0.03305284117462509
0.37309861644962217,0.2583247402501232,0.49609537441747087,0.03704819960855491
1.5612337441127597,0.2671696239181969,0.3874474299531041,0.028445095716716617
1.8251698091255746,1.5775554073301168,0.4282302942453718,0.031657095031347705
1.3300543929931599,0.12682185115469014,0.06027053422070371,0.0038917077720817626
1.610642959915394,0.19951579953346021,0.0898440415552875,0.005963318056797205
1.5552122758453664,0.7155706841798297,0.4965900642813276,0.03708769328674366
1.212183328547181,0.538843896370458,0.4239973766960394,0.03132269785511641
0.32183307317277876,0.9219468999373468,0.2613240968201162,0.018671223327817472
1.1988644604567102,1.1050472004041454,0.4374726818990766,0.032388026522828545
0.11003148223198234,1.3026387557842072,0.4142707830778877,0.030555180616575604
1.3309851567308544,1.178330829473196,0.47012430120143434,0.0349786714474816
1.2140380007157314,1.7115861548977929,0.37375059048886283,0.027371460456170067
0.609341496556211,1.8045450437588697,0.05664492169277752,0.003641975511999174
0.19114615426509518,1.8939432950367265,0.10256143391764733,0.006869892145094981
1.1661183646254023,1.8270590389659227,0.08293955163698291,0.005474748488398449
1.0616924893687532,1.7319535756979247,0.3295300537469597,0.023924216239050996
1.784958068367735,1.208715863913605,0.2740437923163595,0.01964434169093089
0.8637181690940832,0.5737817988110674,0.2865316541730867,0.020602762197432303
1.1009530914498822,1.1051632034728789,0.3161117472944424,0.02288429681735775
1.5184625999780983,1.1301934829224007,0.2862597742128475,0.020581864736387498
0.3633579035900725,0.06186907825195731,0.18452294707994243,0.012871103765456686
0.4317847151623251,1.4642559380742632,0.07354013634885076,0.004814182494986196
1.2116028539971202,1.0400237373686128,0.22074355378681132,0.015589214653477745
1.1927694953902443,1.7794453271581876,0.4944656960228221,0.03691811309615803
1.6724533540561382,1.5383095874391002,0.42809395027174774,0.031646320396673505
0.31899605864956615,1.3314039137859721,0.3374697999171176,0.024540932222182933
0.33703894734528217,0.1267394559550299,0.392880388595106,0.028871692779816795
1.408343934477392,1.5258629540256723,0.38118908692846254,0.027954200982402595
1.387431589239737,1.7404685593125442,0.17207446596940834,0.011945072692532368
0.15680166420248476,1.6645141165304844,0.3345868219101387,0.024316881258168936
1.1273165954710989,0.7051787630371533,0.07333999632901572,0.00480017795173514
0.4737168166914394,1.7810082696014784,0.44254912341589636,0.03278995043764815
1.1679159509641102,0.17234397139598934,0.28859818256046166,0.020761646038634944
0.48445316646188985,0.19434570151026476,0.4401796629355059,0.03260231015109184
0.7749251622870241,0.15412656981056205,0.33042845121350034,0.023993947854398106
1.2402802174430867,1.5999247886612094,0.2871872421628578,0.020653158165583094
1.629756534509578,1.040985717301702,0.2621420421922419,0.018733703493082534
0.2508683265882363,1.0795903001777003,0.15875739733635358,0.010959545584372812
1.2790454625479664,1.2352691407069893,0.10381239654776264,0.006959504915312358
0.8462419595871249,0.26008808058801547,0.1673863366028997,0.011597506318185319
1.992645986203574,1.657992698933377,0.46184730090971055,0.03432074710207597
1.8223767092708618,0.9496289993562714,0.44489830786518303,0.03297605348951355
1.8661615006407992,0.31226572824799903,0.16197888188229032,0.011197445544702601
1.5484809580120331,1.4618675982028582,0.48550885716375575,0.03620367803088418
1.5668510501856723,0.3588738430981988,0.15461278844451293,0.010653965329347618
1.9683732627668802,0.41066591848347556,0.07135543827583549,0.004661454820047959
1.2086348625809946,0.12140161552317852,0.31720164774161547,0.022968652253252054
1.406460055071572,1.8130706843642028,0.38844168375809907,0.028523134052447868
1.0917775387530242,1.7924621609262215,0.38420938779979996,0.028191039834694103
0.21724001980221375,0.7439698079634851,0.08525259465637652,0.00563812062666632
0.1261562078519931,1.713862305871054,0.3997217260234284,0.029409454697523693
0.0381732799186385,1.4589309903810546,0.27792680233004124,0.019942039095849278
1.1941718779770638,1.1920173660970035,0.1267377092050274,0.008614186888334164
0.8038940960741208,0.8312497357549686,0.29107293336921375,0.02095201909970587
0.5152677986577159,0.9373152901609687,0.4750678702994214,0.035372009477235934
0.24698908615781945,1.969788030507133,0.47772195748400115,0.035583300243464684
0.5684354927125201,0.48125690975004853,0.13798731319082116,0.009434002635823434
1.0629565682606557,1.4372840983034647,0.30871534182870697,0.022312367897579337
0.567193086609241,0.8750128566570317,0.3106946446111984,0.02246532626942784
1.4401543535535242,1.9226394578197703,0.4696909522696621,0.034944205340671095
1.6793446624210178,1.5727910597750026,0.3783272978589998,0.027729911356720423
0.12481356018619372,0.19287312791657119,0.12144447362017155,0.008230150083339102
1.771248597841211,1.2862737406067886,0.47171087627760266,0.0351048772873869
0.9227704761878066,1.1644924565229207,0.05917259970978687,0.0038159696148956264
0.03638577562643963,1.1590999168457425,0.11444309754400485,0.007723963620559098
0.25965608026742437,1.6181874628607875,0.26507625836103643,0.018957949063581156
1.6739093323982965,0.8045613187782867,0.10285357974670303,0.00689081331034919
0.5750151175012368,0.8034406047151716,0.4339660849836432,0.03211058166241986
0.05329338143298212,1.6447759017606636,0.3909215970281569,0.02871784083027572
1.4394364419684307,1.0946962229251014,0.3119706046786071,0.02256396675492634
0.5236991739358827,1.3402800248204187,0.285852485361093,0.020550561928531805
0.45614248889883613,1.6684642264687364,0.4011469367588058,0.029521563410915344
1.9968672540580417,1.0829525255233128,0.4561037586226157,0.033864679988736976
1.4999425325843707,1.7556836107099407,0.2690394090237328,0.019261101967043642
1.0805758710750646,1.8261144201675799,0.20581152833152522,0.014464620365280038
1.2474877475765407,1.3832527860587305,0.1237641456871788,0.008398308539169102
1.368079931633086,0.03835061799030126,0.4393541803956747,0.03253695559300857
1.6111952212056608,1.5893111554315444,0.32144697906652514,0.023297419867385198
1.9826941692388447,0.41996527773058934,0.3439855840288293,0.025047792213878303
0.4695894659107409,0.01515999548182334,0.3618643650365646,0.026441945877329995
0.5473772824688248,0.4213348004674129,0.33098100234432504,0.024036842145490685
1.9212791387805186,0.5231888615318441,0.415447148048277,0.03064794106631183
1.447486381254506,1.445360996040963,0.31958294275172067,0.02315302774471683
0.11077339214501625,0.48244788556740814,0.2464124485109382,0.017534577242842582
0.5373683083979364,1.3764683135813285,0.17649292150187335,0.012273245124676957
0.523555080663912,0.9649382255405963,0.14724714282643322,0.01011230229696419
0.9038520395869234,1.3144698798095158,0.470777432893054,0.035030621964981766
1.80845151160559,0.5623703966606928,0.49206043201948707,0.03672617075600188
1.6727517464817065,0.6149003060156712,0.08540049195207652,0.005648577230976613
0.8817412265503572,1.8795801004772574,0.12337491236953241,0.008370076807304441
1.5994819286881476,0.20802492411293705,0.41786575745430804,0.03083871367842162
0.49707509567507335,0.8890133329723804,0.3103446820590003,0.02243827663748863
0.9573628743579363,0.8771040852421421,0.22714541794969806,0.016072997904630102
0.8256592889940224,1.1337913361762761,0.4522141066193736,0.033556046077099555
0.9508444331983406,1.9288002724681201,0.2542601963596551,0.018132200765462597
1.8006790458869166,0.4485705250176739,0.17658686355970532,0.01228022870068528
0.3779754519538028,1.8173130884536692,0.2944145219487805,0.021209251759847766
1.9010005356852107,0.9865890847140693,0.21877655715514577,0.015440763483270156
0.6972806664835014,1.5406977081416395,0.13492044721993662,0.009210030560582281
0.6825214127478825,1.9109100088884878,0.2592934744057771,0.018516169150137256
0.7024967161650828,0.05388855240072088,0.41337381896081316,0.030484464099830126
1.3676051387052524,1.260788451192884,0.357095739446419,0.026069622573633672
0.7518779380657883,1.0733966506801669,0.08644533273641758,0.0057224848315429525
1.7374345032118472,0.8255793297708331,0.3752637536845215,0.02748993911742744
0.7259243945117551,1.4348092207058227,0.20000024348594375,0.014028445959183875
1.17396983834664,0.9768784707990663,0.47937855010883273,0.035715221976750165
0.8471512576861109,1.1315631740714058,0.267708244259028,0.019159242712372987
0.12292792006426767,1.8345781031414956,0.3371117661001767,0.02451310037738236
1.2074830996782175,1.8781053017366713,0.2744216188344348,0.019673295672929247
0.9749435813967753,0.2031441678490309,0.09447819983537681,0.006292705740411822
0.33065247442888146,0.47254846959888397,0.12059566788129447,0.008168673312288917
1.7763048098142653,1.976795044149255,0.45766424152767327,0.033988551447042534
0.35010824849721045,0.28083128774887123,0.20745828488147433,0.01458837572541053
1.8423656701582218,0.5205554657407097,0.2629036600232723,0.018791893078408374
0.42145882126390344,1.523200645960578,0.2762619512933179,0.019814365147509075
1.0547653703580293,0.5075040136706632,0.2429558313097765,0.017271762033561483
0.2655067241518465,0.46989102002247396,0.49024957686010046,0.03658170549760582
0.6574647244969576,1.778579378338128,0.47951376384952277,0.03572599102976249
0.9435119206782927,1.1868248745595091,0.42088779778867624,0.03107719014941889
0.28517590140935467,0.8803252345258177,0.23129396561116222,0.016387004466747717
1.7702427927213864,0.3298220638008531,0.13272441895912446,0.009049870676626425
0.6165928379452499,1.227807232504102,0.11988776476081449,0.008117424567714457
1.1114444323967538,1.880914760895292,0.3229234935708447,0.0234118347765458
1.5414639903774017,0.38370282341384554,0.23804657037135785,0.01689894275612848
0.5066227873378508,0.4733583092965874,0.07843020424718482,0.005157160288160604
1.7138475632278007,1.9679662870286698,0.25054391730334996,0.017849036716721264
1.5334464293244607,0.2693118134889019,0.25163581636602633,0.01793220472923869
1.3054770601132026,1.1354637454415655,0.24015839091304902,0.017059254323056623
0.8816229564325386,1.8282215771914845,0.18910042414851191,0.013212719602622474
1.220117665894094,1.8693423325143201,0.38767391437755333,0.028462871118155268
0.7029077997188418,1.0706530474715046,0.34402246673627623,0.025050663201467347
0.6985265923427719,0.29503156832799937,0.3590238411071113,0.026220123255049067
1.4638720349468455,1.2196860358343633,0.09912633695864378,0.006624209143427297
1.7321137611145545,0.5507043548084398,0.08152523431507544,0.005375008315488697
0.7314971227635596,0.8774527129543186,0.2741300365274154,0.019650950601643787
1.076754900922518,1.9255077456182557,0.327387180899713,0.02375794422551784
0.5344321664958263,1.3254871035772329,0.15433386561286233,0.01063342059209504
1.0280698609427026,1.4200570013308131,0.36422329173669243,0.02662625091672793
1.4767096467003868,0.7798438025261938,0.24652614733581196,0.01754322638925929
0.5676144934060676,0.630353805537361,0.3519625670406752,0.025669219658963727
0.4084594131530428,0.07987086991941372,0.2764740484383529,0.01983062749045003
0.3070215202303981,0.9336415931731157,0.46899782906814885,0.03488908282941775
0.5722078793128498,1.2057043500372073,0.3303271570919293,0.023986084974716923
1.4014185094511176,0.7235998203860421,0.06098102778701209,0.003940770194236943
0.5931554073315317,0.22203648025907707,0.3180390205307517,0.023033476301149703
0.8648018264847397,0.31486436609993174,0.2613790626580196,0.018675421565522616
0.45644161119880877,0.8275754297112323,0.1374409287131222,0.009394075009950122
0.6487555535123661,0.19436531299327053,0.49181545687097983,0.036706625134715225
0.08769099670569847,1.8144509893475396,0.06360359297881599,0.0041222071900921435
0.4780384168814713,0.6946254940373973,0.17815111867492256,0.012396551727020297
0.008678965894261426,0.5456882238827876,0.08449624293968674,0.005584664813192524
1.2735537561444579,0.2798962041997275,0.3419054598462725,0.024885907667476923
1.1557213005048215,0.9574554736862593,0.25263281453140934,0.01800816606343517
1.1591538922870972,1.2242709550132074,0.47407034389301533,0.03529261785116638
0.6726979409158402,1.3083207639832488,0.2342102363290337,0.016607972246439066
0.2574510308389468,1.9709431096185175,0.10519968069219222,0.007058970218680918
0.670630467688162,1.678239024341977,0.1326488552022951,0.009044362926166458
1.0325479038373035,1.9739480726347471,0.4380083996913537,0.03243042650402032
0.9258260064668624,0.7722497281593128,0.32720383734711794,0.023743721522448816
1.1617529316296806,0.8677844803410533,0.058297138551303584,0.003755647565660417
0.4370330178357662,0.575168232556418,0.4983840845239567,0.03723094205831505
1.293426784761974,1.242378650088591,0.4630395503188679,0.034415467124098265
1.9516149477086788,1.2665330787851985,0.09653182300580743,0.006439033816123809
0.8557714233839553,1.0717327049097183,0.464252101007106,0.03451181727320185
1.5730684410190856,1.9582650781586795,0.4560751605856222,0.03386241014314905
1.4838122505774036,1.733408638046693,0.432966389671919,0.03203151321677129
0.726153855225927,1.9472230668702535,0.24812459097940592,0.01766485015793014
0.8404099480772314,0.9222043107691762,0.3351894531166196,0.02436370383763452
1.1860240544931233,1.2411314170394738,0.2616310840917133,0.018694671499445693
0.22594657423964315,1.3282673286882374,0.2164845327739241,0.015267898347382118
0.7112981949050021,1.444773312665025,0.11387313137235114,0.007682848396826037
0.13221327478787837,0.4210663969988184,0.45478149397004447,0.03375974122580153
0.21647539680783656,0.6789275582651926,0.22402659403041542,0.01583719192657773
1.8045982538295626,0.6344053673005632,0.10730376080994744,0.0072100007105957865
0.7213242322147717,1.3426347891904422,0.2897118289685178,0.020847300691799117
1.9801362490596002,1.357400935346739,0.18900727998187722,0.013205762543391371
0.724117119603787,0.2573576369528132,0.47679539277963934,0.035509527590644234
0.05601195003467452,1.17886691835667,0.4123565439111192,0.030404275100540185
0.32072839150368626,0.7315638140284069,0.23428454365425172,0.01661360505284392
0.3289170691629897,0.13865454167475666,0.40913076483201316,0.030150086203356026
0.13933116293818504,1.004642116375241,0.4469422503467356,0.033138030370619694
0.5608365169713261,0.6257787799277648,0.4515384179556467,0.03350245054146537
1.4627068693529535,1.0964667194814421,0.40792003578007685,0.030054717317954543
0.003683160415369313,0.058717812937182146,0.38985199101069834,0.02863385178779804
1.56787978376664,0.793845812751871,0.4176951483316757,0.03082525404265424
0.8615839316653799,0.5690604693254289,0.47522685449962193,0.035384663853940075
1.1411344249429685,0.47564471353318116,0.10073725678534604,0.00673935248204858
1.370338158035001,0.7608270841452416,0.2097307614203333,0.014759265787908291
1.4732594222762965,1.5620340250966926,0.08733015196437605,0.005785121436023928
1.7192311110306984,1.3116295250754344,0.25514135822122297,0.018199383457874804
0.3137186114894699,1.5479889494161598,0.4364092132111439,0.032303867727920196
0.8019134681752631,0.955537884279738,0.4423998132934564,0.03277812434773722
1.9437821697335025,1.1216898111377962,0.4974955455937348,0.03715998962438333
0.9241873824918809,1.1217364560757872,0.3640088491145001,0.026609492912475264
0.2701498236413795,1.0819716476941648,0.4509968842926785,0.03345950015707481
1.2563894823113557,0.647983760480058,0.33343960392046545,0.024227762061171405
1.4710024762772325,0.08986324712211147,0.0752548053308348,0.004934271383749375
0.6965538262168316,1.7393766663316406,0.12587963247417722,0.00855185495494447
0.7218320568746779,0.18784039276396913,0.29342216126354953,0.021132839539970444
0.6689065096179052,1.3665840961630047,0.3787872570085124,0.02776595228589631
0.46047597098450765,1.9251552162837795,0.16313519903872997,0.011282917167117363
1.8678722338154137,0.07597514325247734,0.3445498604864708,0.025091718391304987
1.633414933740207,1.7654447521490928,0.2564293437622519,0.01829761252450895
0.04062629691760122,1.6000775755693402,0.06146745349576657,0.00397438261568004
1.052321217148436,0.9042146708766097,0.08297137223339923,0.005476993891185688
0.47949476853434536,0.3158651341083054,0.1317044064490489,0.008975541503006144
1.7447024469887562,0.08561016757714768,0.31784880171456564,0.023018749741609428
0.24540380382147742,1.5557351606517984,0.43333047582731177,0.032060308260195465
1.1234011617470536,0.9690115535861452,0.1750807969932679,0.012168299915911162
0.014994325324767077,0.7772644663860608,0.18133224881166954,0.01263332761695698
0.4797136967208131,1.15576290123862,0.2748881665603772,0.0197090524229375
0.8499226101715289,1.073702357019909,0.3332843510758843,0.024215703196748328
0.3973622360538305,0.4684703695393595,0.07404939887966423,0.0048498293377947374
0.40855884348775295,1.8818149594940217,0.13334210946882152,0.009094901490770978
1.6025442394741614,0.03665616011686512,0.4424029846557497,0.03277837553223587
1.5360718610271706,1.7234033220941882,0.38310237917430473,0.028104218067415237
1.1101928596355375,0.4312485905672343,0.09434599265604446,0.006283292967470082
1.7256249870763156,1.9840334827271675,0.4879994717151731,0.03640224933885032
1.524862811363042,1.8932680433509204,0.12334743238559417,0.008368083870955417
0.6197858158004108,1.3850393447499878,0.46858471089866116,0.03485623115424216
0.8871656075001957,0.414470249452374,0.10003319317956658,0.006689012542183674
1.7320221828486844,1.5220516790938405,0.37791831691951333,0.02769786745631241
1.3170123433525955,1.0465059838892985,0.43091274326824336,0.031869124643181965
0.26139126676464386,1.6001576476721906,0.3971041110973528,0.02920362200658574
1.8522311490364216,0.23339201429829792,0.09644382665047863,0.0064327593189864776
0.5487547878868899,0.11537435988160416,0.3157956169149604,0.022859832906494768
1.008608990873117,1.396989530209678,0.40073276580967937,0.029488981411116985
1.901117066404817,0.34034916949058625,0.3561583938944512,0.02599647698490977
0.6136012161698958,1.6847730627461914,0.3673699415544067,0.02687222961815672
1.9041152989480576,1.6854061816913761,0.4513525718912109,0.0334877102261437
1.7634910148716574,0.7549703161168448,0.26600543113836367,0.019028996295715965
1.3349272832752581,1.6178257221594345,0.3632728309075229,0.026551980629950442
0.6143021742501269,1.0815142443003936,0.4213200940026643,0.031111313363545664
0.37991000321944424,0.8349942880899603,0.2987910885657108,0.021546460653982847
1.8519234571251548,0.009999542719370869,0.3976207332008745,0.029244238507675664
0.5413927219018944,1.7281971769060627,0.18283254363333806,0.01274509643511785
1.6102602663420498,1.5771475786117441,0.4160923478170451,0.03069882500112188
1.8713297704966934,1.6452417128616315,0.1337694539850638,0.009126064148341885
0.33056563647602766,0.9657035511417824,0.15918900371594225,0.010991399647417395
0.7805750245504921,1.662102457633116,0.44991691040120385,0.03337385536455961
1.6897125093331407,0.5374073963808159,0.4375505412251424,0.032394188563487664
1.5103010838093944,0.25586560723907614,0.19163532240459608,0.01340214487789969
1.071130943949138,1.2846679838045547,0.08521725198927005,0.005635622021862066
1.6170018502495676,1.7237654228360817,0.25830568657923453,0.01844077393634869
0.5586192834458281,0.7137466834101651,0.06483236064190769,0.004207396145502639
0.744599124981864,0.9031645739285634,0.4728175254991687,0.03519292425057815
1.8960356510334375,0.9935015761420931,0.10724494868882077,0.007205776391672795
0.17380444216996183,1.8668501411510445,0.39384465253798584,0.02894744969361124
0.22444943715965837,1.4364133696018653,0.11811717963420756,0.007989334470465874
1.1239963375796833,1.5660349025523541,0.2440981470641187,0.017358586781036082
1.851995658741204,1.02305619218037,0.05026337661505057,0.0032051322787426304
0.4048974920767796,0.3272660533534002,0.1544348125634379,0.010640855788850616
0.6149644612066436,0.6648542658942489,0.1170134701320574,0.007909555287308372
1.304533036693986,0.05331010896442878,0.44046871654706654,0.03262519691255521
0.23551841423454745,0.008071820393029228,0.28838068471746653,0.0207449201363367
0.9004823022238304,0.7583800657555755,0.41347397941997793,0.030492360210738752
0.49671753619608316,0.6439790990513379,0.46343601781702715,0.034446968803105465
1.350094540885416,0.5690980155555363,0.31935918033480404,0.023135698542998743
0.9458316934500006,0.2866113287393539,0.3692245646354869,0.02701727668941547
1.6796260221643968,0.23478494873170508,0.11967936856611268,0.008102341668511606
1.8642961704509844,1.6992195897391176,0.12777959807028086,0.008689910336568489
0.43448572037928446,1.7727311645110941,0.21021226910512503,0.014795491582579028
1.0033176453792594,0.7761482704083298,0.4684244117430404,0.03484348450231998
0.9060211927359578,0.3637243968574695,0.10621186119829532,0.007131598590881873
0.05507360389668858,1.7795008317925756,0.20244790008072733,0.014212053226918929
0.36566630657094845,1.8187798155290928,0.45728540411288027,0.0339584765715363
1.4759997834224083,1.4154572495135598,0.29158421128215883,0.020991363696486975
1.3631867671621376,0.450349209489854,0.2268101065225348,0.016047635125593332
1.3300279100097006,1.3264026202949555,0.4963868224769084,0.03707146710220417
0.40942893129563585,0.6480029118271979,0.2158337399755091,0.015218838324751549
1.4292733606240835,0.12484994445448616,0.20881534229590631,0.01469041089370155
0.11075984653078463,1.3274259998496192,0.21173526599117437,0.014910110514342722
0.9708994051553563,1.8655341859904346,0.16809734010592642,0.011650175626403638
0.746541721548166,1.298120789325588,0.3378397193564837,0.024569690138749423
1.918994985585363,1.646719096115412,0.07660566872349277,0.0050290139886203615
1.3690940039625883,1.0165575376849265,0.0723787183793421,0.004732950615363398
0.46060497821634305,1.877624508129949,0.11214537779938807,0.007558301751898897
0.575883746018548,1.595901328154934,0.2908500185113655,0.0209348665256673
1.409219336795624,1.7825849716329127,0.4017528382292189,0.02956923264833508
0.99419308396,1.2039184019477023,0.22585166041345656,0.015975153046971412
0.9138495524301764,0.3654898692489472,0.1393123763074255,0.009530878264788037
1.0440437378548875,0.4324095347314403,0.361229925417603,0.026392390668480398
0.027087155481072767,1.5282566765323666,0.4310328643513272,0.031878621544343816
0.20318429897689194,1.645094898264342,0.49884645051774695,0.03726786678986723
1.2908276034774622,1.945989823791887,0.46546890316564116,0.034608522704071686
0.2838976922621961,0.4567854148760908,0.2743166984897438,0.019665255035452894
0.93094473862928,0.6662907944618504,0.39432439053243334,0.0289851448386499
1.1863093057441965,0.8623821890814223,0.06431163686314176,0.004171281278113951
1.4887083394764637,0.14918117067008962,0.05369556936233026,0.0034396332451190905
1.5260978243716201,0.17943888386722717,0.1780903374688942,0.012392030521501958
1.1856821510454585,0.6121161776321589,0.3827312136710841,0.028075111737537888
1.9196787290887376,1.362509147989334,0.12974645932470777,0.008832975759714763
0.09845432752395644,0.5205993127348569,0.30186306122994033,0.021783356193159797
0.4019314191623806,1.9018089654707473,0.43569723733930993,0.03224753261919661
1.6819512659703337,0.7070767273646099,0.42855664833805407,0.031682886249627305
1.7096652292353358,1.599485348954937,0.10978306731152332,0.007388227051491108
1.6623425122782391,1.2522149870896586,0.364172952853894,0.026622317033065154
1.4550122768700644,0.8048172145751256,0.2666093440735729,0.019075182407867573
1.426372064791147,1.8808939494745023,0.15895080615706741,0.010973819095080726
0.9020268062613224,0.049639570038881864,0.10121284775289216,0.006773370576466044
0.9770022260465576,0.02362700896390968,0.17802183633642799,0.01238693519744098
0.5086449347596431,1.5607973418672692,0.2805076295220598,0.020140061567059452
0.13713430702102536,1.273051470910116,0.16568510872011694,0.011471546501494937
0.7984200926297038,0.344140421940869,0.29869695519740347,0.021539204192682574
0.9972749286231579,1.7685625177015767,0.2858107525876735,0.02054735466612288
1.7339104336516271,1.173135421626072,0.38642965025206905,0.028365225159883538
0.30991352048819887,0.30799468781251504,0.4728061475802082,0.03519201893088035
0.858649292363588,1.2046984152730904,0.4485585966782483,0.033266157627776786
0.4445955524617231,0.42654664024362576,0.060952518490368,0.003938800750527986
1.5100480823987483,1.7718670733800266,0.17909501842326592,0.012466777279832511
0.6486194022210285,0.6791070683976732,0.23741014209180306,0.016850649700288926
1.8584645065016623,0.9334051585645902,0.37782732422721965,0.02769073844993176
0.02322020673875569,0.29237150184574756,0.1581269680783167,0.01091302843781442
1.6303658596439612,1.1071879837627454,0.42464141338021005,0.03137356144979309
1.3100134243380372,1.3603579564082564,0.23644990338802568,0.01677780237467192
0.1120277999957604,0.05434616208743637,0.47710764790933663,0.03553438809537546
0.08124203108672745,1.9533499490921944,0.05206569203451394,0.0033281404201615976
1.6011937025999652,0.28611153778897314,0.08954283741898056,0.005941948916845528
0.577793635650923,0.6569266123770388,0.29016673743485905,0.020882295920984176
1.1280122206215424,1.194804146590842,0.0678650517369626,0.004418122000589009
1.725036278145279,0.3060579187656749,0.2577184437447858,0.018395960678313415
0.4057640383416994,1.168749214512158,0.1111501865605999,0.007486622453341445
1.8942632729994704,0.1647041387020376,0.36859965015353807,0.026968397510181125
0.3831827665559637,0.7699332756623858,0.29685224642892166,0.021397032984680285
0.41708710043620045,0.1059310375492779,0.09566088904423994,0.006376950122644526
0.7712167856625698,0.36307527000460915,0.05554411931823589,0.003566367110124756
0.9659603456600283,0.8984389909514803,0.09322164334763075,0.006203279414800526
0.3680895907139057,0.30321827081792385,0.15446085130163048,0.010642773713401174
1.7893028956753638,0.9695857285357437,0.26976182260734266,0.01931639482466535
1.7288915921713939,0.7649402641126941,0.2161582044894479,0.015243296811932781
0.3122636658951976,0.3284864393061657,0.21588439284778005,0.015222656426216336
0.7765447501904637,0.7290345140037053,0.06559292363906226,0.004260181028871284
1.1106374944054795,0.5247664924544804,0.1274527191450314,0.008666148497897755
1.7365963840387992,1.7414817633358817,0.20249151266937493,0.01421532615413085
0.10949198124085813,0.3579731167208311,0.10315656662545358,0.006912515157168282
0.9648764119708293,1.6113528903823309,0.11706963548784584,0.007913613825315519
0.36411715890131213,1.8831218007268549,0.23082204456591388,0.016351264698774026
0.5312070739529096,0.6278719444877532,0.4901026645888073,0.036569986836109174
1.5668603206741019,0.31618072400281894,0.4736084459364458,0.03525585999040259
0.49893147340216815,0.6946038198660345,0.454069417096597,0.033703237453989655
1.276721863849462,0.004690944467317326,0.3406185506284451,0.024785788644928575
1.979837988407274,1.8075924143963444,0.31491962780458044,0.022792052874969226
0.8430197292405899,1.389071112904794,0.10913471078558146,0.007341592499884017
1.08292127065224,0.8158580358895671,0.28449159778443117,0.02044599117432594
0.741188167101259,0.03470172700463059,0.08833064472970908,0.005855999351210885
1.8887003414605987,0.641411512397468,0.32435165981470904,0.023522537535932284
1.844827043089422,1.300302744131102,0.4581155334769055,0.03402438053355385
1.542857747953165,1.4479834722306275,0.18108358838938243,0.012614809086179924
1.9276812051176788,1.761974484551596,0.3549616482930608,0.025903108468822385
0.3450475375785027,1.6309760757195813,0.06078421676392132,0.003927175636420406
0.18602605109347836,1.8234905826638443,0.1608502614187793,0.01111406177013765
0.32438182170642094,0.8280756376851561,0.2408422737653303,0.017111189824011306
1.3923675136521547,1.4766132182992808,0.2456234535243057,0.017474565453123026
0.9270272411995188,0.31901460938705295,0.46575114264980155,0.03463095619949919
1.3666931449218123,1.7258390859058923,0.1008165231459318,0.006745021482109365
1.614868625061411,1.5573639519362938,0.06739112751247356,0.004385147877074451
0.5478726731832688,1.3384837767766804,0.14264116413425285,0.009774525947927215
0.12969618093939062,1.7233775996415568,0.060049437378542625,0.0038764482688606887
1.6184612606958606,0.5544797212023154,0.057555525139771406,0.0037045968930287543
0.9881569824059413,1.7471519729682852,0.12078340249005498,0.008182267873066229
0.8034870641856797,0.6863430000134032,0.43000109048289414,0.03179705435730101
1.215405823251786,1.1677978175072778,0.15122019940260956,0.010404250881753428
1.8291390794023685,1.2413752148855912,0.4558496509545123,0.033844511634912935
1.1031898977520769,0.33986700095705324,0.28466094171573963,0.0204590017042069
1.249306220927495,1.5711358785765994,0.37764841910890384,0.02767672211231724
0.009003220786625743,0.8716704844934071,0.3639668387234838,0.026606210014722756
0.2133583667045078,0.09596877149780725,0.3034580407136944,0.021906418955248454
1.94287253293218,1.5956594772481176,0.16485900684707466,0.011410413604487833
0.6102037199805981,0.4918211385061966,0.10848946275974741,0.007295200509648313
0.47415388709801864,1.7401649290511623,0.25188334673264723,0.017951062144144648
0.6351861835444603,1.5212933743744828,0.10842895394827301,0.007290851026585863
0.7982319732895182,1.4284392671999249,0.33948098546632577,0.024697310025038745
0.19942871642265403,0.8998413435640362,0.45487470654934925,0.03376713815780719
0.7511855848706037,0.21269708876730498,0.4908723296704091,0.03663138293077148
0.08515073006956153,1.6945356673436336,0.27323859072044226,0.01958264586583571
1.6826656439778929,1.7382505897788587,0.45115842540774526,0.0334723120132596
0.9172419977356097,0.5638382921138958,0.3034926398423422,0.02190908899246442
0.8954532157770574,1.0895540828473347,0.11155864264787432,0.007516036434411404
0.7252036080784894,0.2566307106231287,0.41860026264913336,0.030896664336149057
1.388728140601257,1.596684133540316,0.4101612969689944,0.030231276359071694
1.6931259937355976,1.5870052495397198,0.4777980711310178,0.03558936081589772
0.9821134019290008,0.6207790468961798,0.2938784264194579,0.021167969951676278
1.6833787221201588,1.038214177225721,0.22035467153054222,0.01555985806201601
0.5657171224280046,0.9944818947607197,0.35572278206803193,0.025962488614177857
1.7842098191612248,0.7657004542751511,0.43972122265978375,0.03256601377541777
1.0540120711138454,1.1929809981173518,0.27221914669090147,0.019504552443557064
1.1170881047608796,0.681484213405487,0.33484158935009173,0.024336675190285078
1.1421323234042453,1.9586589715040583,0.21909243876223777,0.015464597193471293
0.5090091583170768,0.6797349326338729,0.335481613620209,0.02438640589581697
1.1881069902993266,1.281769616326946,0.22745189980698216,0.016096182290217587
0.9406821822479456,1.3984753479313063,0.37494763130114617,0.027465184427711637
1.7288112080114724,0.384500817344803,0.11852847636319674,0.008019077322395018
0.9999239604245405,1.1960566884898516,0.169688143913499,0.011768073864485064
0.923612531984414,0.175263475327744,0.2792668628233764,0.020044843890780286
1.3260384327641195,1.7937474008356367,0.4771309108853378,0.03553624024544142
1.4833280117834164,0.8352989645328437,0.2300068581956355,0.016289540465542925
0.09142325598942347,1.3068837616719375,0.2233586374571384,0.015786718845161238
0.7174801824917505,1.854002055992514,0.42840256213722283,0.031670708905871425
1.602634327311027,0.1946470565959142,0.3349755773401852,0.024347085686332617
0.09011783763109116,1.8626244621757921,0.29552758002701995,0.021294978878265567
0.33888446554515506,1.4738519430726738,0.43954750873452453,0.03255226089729172
0.40359643779392007,0.5183874880736468,0.39681375979734296,0.029180796372149015
1.9231410720088626,0.9486009153192045,0.47109543061164005,0.035055917509918724
1.8089266445913839,0.9850953496800807,0.4659994485176515,0.03465069329436447
0.5886921893570654,1.567609904216204,0.46756903814029294,0.03477547208170641
1.2531433901980296,0.8829699832702358,0.20719542839840038,0.014568617243985473
0.43798389723883924,0.0985566466616421,0.32984288994658584,0.02394849640307214
1.1480234398216311,0.9593948190596049,0.3749085547250777,0.027462124546603257
1.8814083803638415,0.4630857516473881,0.4552552683941009,0.033797338923023355
0.2258759916807429,1.8525439822629135,0.2002430313740508,0.014046651431186944
0.6734122977705652,1.5552923329450188,0.12164659920138556,0.008244793887380437
1.433327360623826,1.6779178519865925,0.38683054237848874,0.028396683555081816
0.18432041027580137,1.2045158162245617,0.19638326988614124,0.013757408388960179
1.5139764818330665,1.6726169412213623,0.21744104636543854,0.015340023599404836
1.3087655789934343,1.918624730696752,0.25794979574703064,0.018413614607752888
0.657860587463889,1.0882919475660495,0.08957872439906042,0.005944494684033978
1.7911950251320126,1.3178155773093227,0.15050541521316513,0.010351687569966505
0.15753370111905562,0.7612516740008595,0.06126826637758842,0.003960616392639417
1.736156275345365,1.3102890007638524,0.26665760432058894,0.01907887357143744
1.2003467539853667,0.3207236628920267,0.08837133326519428,0.005858883026022631
1.1523931746105156,1.5150576633395747,0.082929180863532,0.005474016693347748
1.6333003555611225,0.8094055754161811,0.3885645540571081,0.02853277902007576
0.45509845546333727,1.6812548317678129,0.1620774151626301,0.011204727203441886
1.7602084663030217,1.2260051508618046,0.29707361077485334,0.021414090264122134
1.5554725618430236,1.3249297772728963,0.13177612112789383,0.008980766117779905
1.7597012189558934,0.7141443641052991,0.2821282428153951,0.02026447280705259
0.8534059263482432,1.5751009768009214,0.17820429355949208,0.012400507224170266
1.2260336358148154,1.663923444279804,0.2808054055638364,0.02016291752739225
0.213806508817183,0.8856530459780367,0.28785135733938305,0.020704217724645865
0.42398254094300114,0.5257255559365304,0.11703257901014048,0.007910936089757487
1.547439145786562,1.9385072256136788,0.15508926708010634,0.010689067432000958
0.7515152419396662,1.9523867072770897,0.2449031867392507,0.017419792814200363
1.8996974087180185,1.6560388206864034,0.26407244222551907,0.01888121369426224
0.08379854597914904,1.568730605932264,0.3744068915820691,0.02742284390034039
1.3398423539266273,1.6749618379079099,0.25366326956403973,0.018086698217337795
1.0519820509260251,1.8729349845101217,0.3444270502043683,0.025082157785340568
1.3477966385785727,1.7553065320680736,0.415266189475845,0.03063367067568448
1.0746072718266586,0.9974379052743205,0.14604313848611067,0.010023936116807687
1.3001105141619314,1.1499998949668315,0.3431134341777909,0.024979909373564358
1.3866611146370158,0.8752642282994509,0.17194420106638622,0.011935406261719055
1.536513885940179,0.736334930526954,0.07268440401582632,0.004754322214267559
0.2792474022471647,1.2402988328069273,0.1499204846213821,0.01030868615316345
1.8715639717218295,1.0272361691618963,0.16404115911850872,0.011349912345248342
0.08059765004510977,0.8236104739218224,0.09451810059093757,0.006295546738658489
1.1216425517465334,1.7578966805089589,0.2815496797724773,0.02022005200529925
0.9017488189873453,0.30876417920221444,0.42770033077965763,0.03161521579448793
0.37371171007697357,0.4075689615260465,0.23038031126973801,0.016317815692898932
0.9235643941223295,1.1327434372215346,0.1626127573311233,0.011244294591330776
1.4479458308281505,0.9592628300276924,0.36342349658457074,0.026563752955144283
1.3715071351597605,0.9936471182652087,0.37413372095086334,0.027401455936834792
0.6210017284984377,1.0402357965440077,0.09890849931253713,0.00660864867494459
1.0943654116122505,0.39463029430238006,0.49581252589347535,0.037025619552905
0.6784457406664042,0.30358656812582985,0.41775025604273247,0.030829601539626043
1.510267999861302,1.1084901807477856,0.43239317489089435,0.03198618188143844
1.1025357888856195,0.4628090862334058,0.38612052359555027,0.0283409692278942
0.7549131166429099,1.2434483472960158,0.14076610240326762,0.009637233612471352
0.9367704131622168,1.3591332779674983,0.4693660088612299,0.034918362631324376
1.8688803220750334,1.7642104630225157,0.22607549799051263,0.015992078772182713
0.3939952632301218,0.8609289778526299,0.06059002818201686,0.003913765197942318
0.6390629171090927,0.04786526340820063,0.2275410298286875,0.016102925099891852
1.4288906577188396,0.36238121931093037,0.12029418892960725,0.008146845156986158
1.1080931396455989,0.5561606082151092,0.25370245417586346,0.018089684956351115
0.22977055282238568,1.2764808799249254,0.16581311094640688,0.01148102076138537
0.04193245758816633,1.3064208094093899,0.42718129186731085,0.03157420331770476
1.8444312474028701,1.2518837092610575,0.25203986670524164,0.017962986844430512
1.4292104882344951,0.004519296209071433,0.36889148122314297,0.026991223063489094
1.6267881685371453,1.9324694595838403,0.05217660073254423,0.003335719652198986
1.548651229272962,0.7342326387402998,0.4703416078734183,0.03499595560835374
0.3898859456565047,0.9548144520686239,0.14238944098722264,0.009756087463086378
1.5506015931046593,0.06915097146146731,0.25595210682592795,0.018261211755564243
1.6003253291798432,0.18931900975369276,0.47251215455566736,0.03516862697798415
1.6810096352197403,0.6942590888649827,0.4621849735870052,0.03434757229794465
1.8242888585074741,0.3758326594090686,0.4903684065179962,0.036591184287679275
1.3582851909712597,0.5074532901082107,0.3983658903776345,0.029302828703702655
0.5913266177089305,0.18356898328567595,0.17721343285388025,0.012326813902046787
1.7254237062282767,1.0634376603748015,0.21385261347353973,0.015069554025122629
1.0254225357271374,0.36854949696739947,0.4141427107820386,0.03054508276884516
1.630738940505938,1.7726707529533654,0.27578738829613314,0.019777981610883278
1.8166495748358078,0.41279146538539746,0.4249444663313532,0.03139749727408353
0.3167804051629326,1.4284857254665946,0.2112832352764068,0.014876085265934029
0.1159658689172558,0.8273869989745217,0.34728298795512985,0.025304549184767006
0.17080177263649943,1.92422222785899,0.32567314408197995,0.023625000923803274
1.337403096095008,1.996084496191062,0.4734142742208817,0.035240408534617775
0.3183685706991688,0.5984129781421028,0.49989842617276975,0.03735188677834604
0.7362369228704566,0.7546096987428899,0.22919654717199062,0.01622820034105453
0.32856128251702077,1.113420913493231,0.35073960734677995,0.025573884319407953
0.849306824705135,1.8578876134598743,0.4037078443243123,0.029723076348448358
0.06727119912692325,0.8113139799701516,0.3989835468651867,0.02935139951221038
1.2919942378179394,0.5281104156374861,0.23151999446391336,0.016404123983176457
0.31992011943877574,0.5449847478019219,0.46700196087932516,0.034730387395795724
0.4079961199418711,1.4585776239550612,0.0527766679388314,0.0033767460164403824
1.7092569312441337,1.1425701623769011,0.150886453694192,0.010379705979177974
1.6428802359020367,0.5641900008978054,0.24316326035677754,0.017287526140938887
1.7056711167591347,0.49252333239246493,0.395399970725084,0.029069669447097133
1.8626360744017825,1.902033352014338,0.0892324056964012,0.00591993030892113
0.10498085529984724,0.9355136304255667,0.25140251809502395,0.017914432718691947
1.6112746645233447,0.12766989318471267,0.280563086173958,0.020144318045413362
0.4188122194242021,0.2178445801125961,0.13853074250939462,0.009473725132460654
1.416946157433746,1.4577891323784073,0.17297757188039875,0.012012102389895094
0.450894184632199,0.5168131592609537,0.35023002569441014,0.02553416684779867
0.5966353489344463,0.4581542552213669,0.16585840405036184,0.011484373313337017
0.45504842233740317,1.2242861829974672,0.3623126884003338,0.02647696741634692
1.065977618839942,1.1905029072983775,0.13895886357107834,0.009505026634258004
1.43549468652386,0.14338671542835724,0.19226589980479636,0.013449292967768351
1.421939455645303,1.0959394549517647,0.28435583075288345,0.020435560710989085
0.979796311746578,1.9139380917256608,0.09848304181648496,0.006578264433690785
1.3078621800061645,1.2865615726045736,0.059048504314552545,0.0038074152812393215
1.652091308479775,0.35389029150387463,0.40643462557528653,0.02993773853635252
1.2712134950022556,1.7644222157821763,0.2487178211069141,0.01771000214297638
1.6785090157842912,0.49458469238296243,0.2406397350182321,0.01709580754405841
0.8302841640396532,0.23830972420982932,0.163356711362523,0.011299295498605396
0.9188566430489677,0.10371092059119169,0.19879446583925536,0.013938053237680537
1.9934220758036212,1.5625573422014911,0.08882094973565544,0.005890754301342303
0.06660762058443659,0.6444951820260425,0.1297847594912369,0.008835763127737695
0.7254181005770539,0.194242350605212,0.2685741441668341,0.019225496453067377
1.7579036019129022,0.3541788228348368,0.39794413136505036,0.029269665719085833
1.1663233564790787,1.4427643971011583,0.4644341057884677,0.034526281003872665
1.0473003357691475,0.21155735648023755,0.10568491321349982,0.007093781782976604
1.6194242953704125,1.1954036375618577,0.28129453556802203,0.02020046459315051
0.6566992376739647,1.4437645875052365,0.2635701328083241,0.018842822879174034
1.3451940440376398,1.1399098631775362,0.48834822437487424,0.03643006022371374
1.7156807134527126,1.3539077335116552,0.23705219539487127,0.016823492134185783
0.5428913698364235,0.2028475375422938,0.43719951437126364,0.032366407753509976
1.8798787941699915,1.4607773392688506,0.1126763376024862,0.007596562461978003
0.8012416198501031,0.6641846890625831,0.11327001142296146,0.007639357045288678
0.35522696120276587,1.4506307134933263,0.09569586343258987,0.006379442489217598
1.0069401079691147,1.1245838154692849,0.3575694028477411,0.026106589851768145
1.6564106767321787,0.15376163335052961,0.1483407279944788,0.010192607649362098
1.2409813543083759,1.7300806235514812,0.3668885102879775,0.026834585906662562
1.9206997779241661,0.37606816211612415,0.4651126864110013,0.034580210546424635
0.8199235444749338,1.6879444276710027,0.47799489458931926,0.03560503325282926
0.7399348872780491,1.4959408414821094,0.2799487621311212,0.020097169920386227
0.4366981186976011,0.32585267540677965,0.3997529029061287,0.02941190681222309
0.6951830804560064,1.831892776363087,0.2924474695578604,0.02105780519527905
1.898095194430562,1.9979032410160473,0.45135132560838287,0.033487611379072364
1.8614090123633986,1.8122606185919905,0.34368196727695105,0.025024159183345444
0.842738056327432,1.4608508501627926,0.49730243480973135,0.0371445703192416
0.06523837073649719,0.11908721184202609,0.17612888586894504,0.012246185436242769
0.09907236279879417,1.6269772746941065,0.2561560255348765,0.018276764878184068
0.5621932576631492,0.014465767987539735,0.10958331863500279,0.007373857632425715
1.1523166664018198,0.8858037639483607,0.16969345524522772,0.011768467628013013
1.7354461125652043,1.973584747110329,0.06834206888508346,0.0044513273680056855
0.07597723480963992,1.943550676292888,0.3943645520511083,0.028988300651151308
0.5699990828416663,0.031568224636725484,0.19235414348472313,0.013455891774075756
0.5863280410349059,1.4147574679552783,0.25270029654591203,0.01801330826945384
1.8782988541577215,0.33234438557137236,0.18788682607099777,0.013122092949888588
0.0674126735391658,1.624749676212651,0.06181615801833074,0.003998489694081571
0.8169965071108023,1.3624780812542718,0.26663861052337523,0.019077420833787863
1.6874015890146907,1.9637703373760735,0.4012451499498703,0.02952928998669432
1.8327418180525592,0.4928249759936485,0.3798569296306087,0.027849780086323744
0.8907286144597077,0.3479864460970781,0.05734889848430149,0.0036903813277117266
0.36547997049861203,0.7065758842673053,0.05929678463279034,0.003824531359303417
0.5125350226971768,1.0253567144828124,0.4045486718926264,0.02978925873162657
0.36903971106492595,1.5389708539731533,0.18350675089623075,0.012795344106617737
0.6330361360114796,1.4312630353032516,0.4082244883118511,0.030078697147163713
0.7125727793950516,0.8242356772863539,0.27151153743952183,0.01945035865058208
1.1148730274597516,1.9737909956968216,0.2600960825801221,0.018577444693016983
0.6933583583602323,1.7796698464407172,0.33544134558049077,0.02438327682444057
1.4214246835511208,1.0269095861966608,0.4726249773575132,0.035177603758198825
0.3286087349412701,0.033839642408958204,0.1212809867599964,0.008218306847505111
1.4558793426118604,1.6819987941731205,0.4158501365734411,0.03067972227692482
0.6770592828516233,0.8343891489964521,0.39383164148539557,0.028946427401528915
0.6257093064565713,1.6971004138009018,0.4665097688495706,0.03469125941752396
0.9052440964391648,1.8540735434317515,0.06753735747442739,0.00439532038604269
1.432721469372801,0.8777364108520029,0.40610628823181105,0.02991188534449195
1.6108479545075047,1.7511104060744098,0.16593678830473652,0.01149017538963869
1.4528544092015518,1.4837906879363778,0.2761918431849399,0.019808989865685994
0.17963280874595489,0.19025514638026397,0.3430317642247558,0.024973553290265314
1.2894925995536184,0.8156358074571761,0.3703743910396873,0.02710722801723017
1.036030764404581,1.659182001814033,0.19180725625513878,0.013414999262218369
1.6265589385890782,0.17897494676496128,0.10897145121994825,0.007329852683887604
1.9879512032423567,0.23362577124904726,0.29884697072636274,0.02155076851811024
0.20849146701789056,0.0704753894705974,0.3052762028334469,0.02204675610307766
1.7341332898484159,0.9076478289879857,0.08003786905991103,0.005270245438281058
1.0926811271610812,1.991513966574215,0.4742875174340732,0.03530990138587034
1.3762566189433925,0.29659044142294944,0.09258122340271022,0.006157734071659654
1.3736291263018565,1.078451693070751,0.1690600024580996,0.011721511661811382
0.2911373166747975,1.4253016727851204,0.23070942370227054,0.016342736382212394
1.4603066644878995,0.8908921188058441,0.487443368784812,0.03635790637920754
1.5643577009035519,0.6945119962477844,0.17221502811804504,0.011955503806609978
1.5177306560804054,1.2579902904316962,0.21902540888553884,0.015459539496980272
1.7100678442882484,1.8124023969896543,0.14434994273575652,0.009899751548365794
1.335712485485413,1.762358184488591,0.17362492250110223,0.012060164463825985
1.1392898859829546,0.6601571559091395,0.15524335126371824,0.010700420381900722
1.4756285409062666,1.3611601826999506,0.18964719337758207,0.013253563273503483
0.07827513072034287,1.9651896867146068,0.0519487040332818,0.003320146950486088
0.35207970596902993,0.040558358869205335,0.2578864490423188,0.018408780660422074
1.1529473485487691,1.3887225806359715,0.16417579288100076,0.011359870609810039
1.8595917375299111,0.22615130409623885,0.3775232000682814,0.02766691208784195
0.9731289905071976,1.5162454992172512,0.41271402759935494,0.03043245300441449
1.4016826009126904,1.6733826665268174,0.254133076178701,0.018122510027366243
0.5794971170582655,1.8179478085358518,0.46596972518921964,0.0346483306371564
1.263710548988119,1.2947252128398932,0.3557825166220609,0.02596714919974178
0.20083495824026842,0.3659653181903031,0.32385815284230707,0.023484280066925232
0.5366731652099885,0.30480332417624134,0.43336500189068133,0.03206303896291181
1.9459780922348615,1.5516628342946337,0.15554417540518142,0.010722587398017238
1.3349281904880428,1.4353040444120277,0.08167100980321773,0.005385283179202635
0.25303603367667926,1.9784425126713308,0.25106652054704204,0.017888839363939098
1.928706340909387,0.28843067655446664,0.13956976223963047,0.009549703196047017
1.7209262150297868,0.20547261117674886,0.3497403788526141,0.02549600687806231
1.9744760103447085,1.210169411013719,0.18800840023405102,0.013131169806321166
1.2387621908206747,1.055810141604738,0.1597066821620307,0.01102961399027954
1.061195367274993,0.180220610860216,0.08087555726520976,0.005329231813690501
1.9961121221832625,0.21767880000982065,0.35058440387328776,0.025561787132362675
1.1037264714786188,0.43535772276442075,0.0667481121625062,0.004340434532648195
1.8123252690805736,0.4697569303473448,0.11661890648735251,0.007881047704097066
1.293619861424347,0.2028517328692201,0.22782651994049197,0.0161245240489779
0.17141297604075612,1.0893184492558279,0.2645373241013783,0.018916748464140053
1.3056538877529487,1.4554367847378349,0.20134387074271187,0.014129217056485767
1.2221782572289621,0.28876073530280943,0.49155669203012164,0.03668598001666139
1.1423703343439475,1.171306480094719,0.3924308647922262,0.028836380549722075
0.7427276681811994,1.487270310416417,0.27225589046377,0.01950736681098858
0.8329467972743247,1.4204290105476192,0.11410334728459527,0.00769945360462523
0.27495500000190765,0.8019501746416993,0.28623828971769105,0.02058021343582425
0.42128129985497065,1.2778037296696225,0.20631992915326658,0.014502819917578678
0.25609949049657943,0.5594628271509026,0.14278142819575096,0.009784801133483725
1.355610454149348,0.3348684541111622,0.3016691117923577,0.021768394821140805
1.2022319579009542,0.8634000255371084,0.2823229330514134,0.020279422110581563
1.211189024307557,0.27916296622211956,0.4961451499833739,0.037052173329312064
0.2388889778745129,0.9252900115141098,0.07402027640504175,0.0048477903951640415
1.252890891271068,0.38341915917561464,0.336334238516391,0.02445266611034681
0.7799104952017981,1.486068770640631,0.4783548904798224,0.0356336997525739
1.8081541495176219,0.2600927537986326,0.18570860565310182,0.012959533604232229
1.2395150707421942,1.3698954328063409,0.4082790973877293,0.03008299849440893
1.7651545000172566,1.2998532551226172,0.3342148973572907,0.02428798677466048
0.24635475667605866,0.7820135985514349,0.2738439912509363,0.019629031447741887
0.07019507301239014,1.401166046615218,0.4037913911314536,0.029729651976386846
1.7129029116909231,1.2676800788911569,0.4365006270625512,0.03231110131082084
1.4398256249167132,1.8369024820633166,0.2477917784351451,0.017639522359794293
1.0275143337154327,1.2192894189349501,0.09358479639040683,0.006229115712223703
0.5331229201301424,1.1505477785956164,0.2979597962313473,0.02148238426087841
1.5067382924582553,0.3798782559740306,0.3724335223883085,0.02726836271288802
0.8534412506205342,0.8264325327480713,0.18320661374964275,0.012772973752465782
1.0090476560766628,0.3202672931920958,0.4519156399909694,0.03353237106171514
0.9551791076272145,0.8937105793326929,0.4856680227151921,0.03621636585739579
1.8081258862516458,0.4397995049850236,0.23585936326661822,0.01673301190707527
1.7072281173792248,0.24400638490091264,0.15924963866897918,0.01099587519719218
0.6767405127785955,1.0845596012600973,0.33363345633604946,0.024242819591613812
1.925577184346203,0.7432444358598207,0.4698738226906483,0.03495874954532852
0.6025945635665695,0.6872614443354159,0.3561506429089235,0.02599587219349474
0.6747486605221267,0.8497220632871458,0.35254081700128953,0.02571430487031672
0.6238265286735976,0.7989062067295758,0.44703566801051836,0.0331454346895847
0.1984240640030297,0.8302250101217468,0.20021699965453904,0.014044699367386984
1.222729517727954,1.3100514871800804,0.4507720724696763,0.033441670816133695
1.337488318554331,0.9422202365439913,0.46007364612394835,0.03417986769653434
1.2343759407729937,0.40307336403899274,0.11837931556855502,0.008008289960970923
1.9706573869097872,1.4905029854659204,0.351750694331725,0.025652701566488433
0.019625459782212307,0.3454538178712063,0.05560853087151177,0.0035707883777773993
1.7858565818411924,1.892470747285385,0.4297602813628233,0.03177801906386895
1.4880736500847187,0.6807609552288025,0.23855185820171004,0.01693729103982583
1.5075813399862272,0.6204827273430589,0.4190028603464563,0.030928431284419425
1.7775535214272709,1.0440569194407725,0.29318696010066214,0.02111473155604292
0.9820243493799801,0.6705672070427757,0.1579277079812761,0.010898328398465737
0.28559935405765247,1.9240472973587437,0.34833173108090115,0.025386246376756155
0.8875456073061969,0.9198404572991052,0.2910405433876526,0.020949526739564187
1.2857609352817017,1.136005892542996,0.10773707926638007,0.007241129747361299
1.14743091725502,1.8371155308884126,0.19966670621854493,0.014003438123343972
0.3638612169237019,0.5366885104140997,0.43603057501319153,0.03227390718085692
1.1588938981136787,1.9255883832405662,0.26740867496169357,0.019136324812018022
0.3921774889723544,0.7887393413114088,0.16354548333786617,0.011313254261102452
0.3076001799475423,0.2660562604429415,0.13174961857033174,0.008978835309535024
0.6045658809681094,0.6154721916207577,0.27684993200757346,0.01985945011292763
0.23510779366186463,0.40291377771068193,0.4625478470938134,0.0343764009908726
0.26702233139338905,0.550810032783434,0.24460034197014796,0.017396766321376433
0.19963287791119289,0.7525802148926823,0.16892309263236988,0.01171136453848257
0.8425464192736059,0.6464190448434513,0.15092924836961563,0.010382853049818945
0.03544999284468875,1.7891997842789613,0.45985613556484317,0.03416259365395571
0.7688811413797856,1.3425125110030471,0.28355902953691303,0.020374352442989064
1.8987086696572075,1.937295441919765,0.25048367934301613,0.017844449225140602
1.8338729209138196,1.6338109437641404,0.12390479480574787,0.008408511558711087
0.1996445715106805,0.0002390875425051231,0.19877514691032466,0.013936605275819289
1.7350639909264365,1.497513798728628,0.08661256146098575,0.005734319624079904
1.8749214315429974,0.5299449262036282,0.48705674636429014,0.03632707964244247
0.22909396521101755,0.32078590982448607,0.306619604265257,0.0221504853198754
0.6935461847309579,0.9464108410832239,0.41169416537567144,0.030352068954047164
1.2355584242414828,0.6264041239499614,0.15600413530537782,0.010756486467880534
1.0786514794581297,1.1929934901515964,0.40843949983675065,0.030095633009013096
1.1662212372018228,1.6092980235919296,0.3174425570670084,0.022987300704573516
0.8721694960591861,0.7144894493359726,0.3336258520583897,0.02424222891624001
1.05182933967027,1.5025163611330035,0.4948665910480737,0.03695011117066721
1.3801772994851638,1.83459398046565,0.2705947334099937,0.01938015771593605
0.4991204754023897,1.8397712885193294,0.06670347652073629,0.00433733180475501
1.6575586667427302,0.2874260094993637,0.30923672061521373,0.022352652937865047
0.5292135994622695,0.6599629197957315,0.2656482310806565,0.019001681719013393
0.6525655039983262,1.9835627392963364,0.09413904839221438,0.006268560955567216
0.7236239395298782,1.2714988349891638,0.34322059908393565,0.024988249797158052
1.419808907172073,0.30712524353378035,0.4225504385286512,0.03120844357441721
1.8558473075847648,0.010924341343611754,0.11660097756734869,0.007879752481172436
0.0702159275099834,0.6089189529156425,0.13913874986803149,0.009518180768185627
0.9835943058661702,1.7727835111626011,0.12591089783149376,0.008554125602257014
1.2082718944450093,1.0473207944581708,0.061613059823280775,0.0039844477105273005
0.28485892546278935,0.7684105909881247,0.42057516169770354,0.031052513789564175
1.8129287420641766,1.217633930850122,0.11110289506363692,0.00748321735133017
1.6870712394647576,0.8774819789004369,0.14882791772426318,0.010228396675960543
0.9734903759965565,0.6026531069000973,0.19425001975339762,0.013597714502872128
1.294510458318661,0.3972235292862385,0.28490757449108667,0.020477951216192183
1.8837164037428842,0.024083712957773562,0.2512941728829466,0.01790617966998752
0.42895495914273263,0.9798615228318319,0.2722687922328209,0.019508355020533424
1.556447559311902,0.1933562644121225,0.20312013002848955,0.014262506437558553
0.2070081813057103,1.2138986384946644,0.21086458190226393,0.014844576875857725
1.4927997217173106,0.4323643549425258,0.4256945658914455,0.03145674693943492
1.7243802925291405,1.0372218517236393,0.41477333929210225,0.03059480669290014
0.048902682016911614,0.6618299521881186,0.14789523355929807,0.010159888662441798
0.8646487237436149,0.3049347258178816,0.40934348756224376,0.03016684434330827
1.6089563941536138,1.6680729405571804,0.22729714304804532,0.01608447516004361
1.0228805415715783,1.0256375593115041,0.19286699938914637,0.01349424694460553
1.908800868045441,1.301641381690804,0.3850015982272135,0.028253182840512103
0.3449059729770818,0.23753141236551345,0.2372069110313761,0.016835230127508635
0.36481199634770123,0.9711159094189619,0.1384897394369553,0.009470727597282512
1.2629447810410752,0.7374249415742391,0.05545194504955236,0.0035600407998399642
0.8106308562286733,0.016718444720698722,0.32086881324759725,0.02325262774607025
1.1552257250383955,1.2349991194829202,0.22226763211121253,0.01570430116173563
1.1397817257790983,0.9721603638896781,0.4802548548286732,0.03578501869209246
0.5763707404058436,0.04380351056373111,0.3878141773872851,0.028473879878213017
1.010918943705497,0.7728352676660508,0.23861279160152582,0.01694191589448306
0.5688774974819799,0.9525436993263658,0.21479253963153416,0.015140368662972144
0.7552506467694451,1.2480828917245126,0.3191321998111614,0.023118120972069053
0.04749692805224304,0.37300151437082674,0.2905827975255479,0.02091430593450031
1.2209726344752818,0.6084606519514075,0.21515036210243987,0.015167332861722277
1.6933015673626106,1.21818546566369,0.13829512971398317,0.009456501462389912
1.3897978339916695,0.5320823651578273,0.24293276964374005,0.01727000945990196
1.7918154524945962,0.45434202816221125,0.4709597547594143,0.0350451248524395
0.5028462953545583,0.5479373478239642,0.295676802339871,0.021306473593921165
1.018440872452773,0.6812592129540651,0.1843065222604066,0.012854966401344297
0.37182436593442625,1.726136983661614,0.12417656829543175,0.008428228913423708
0.8098653988500764,0.3788187284517437,0.2666631584977295,0.01907929838316837
0.5910368606349541,1.1614699983704122,0.3082227148168951,0.022274308715156763
0.26849657814913197,1.0163182445849979,0.2654326195291144,0.018985195438816046
0.632439984532247,1.5751088434330975,0.4541095822303893,0.0337064244213585
1.294833913380723,1.7326582398015342,0.4015984119760167,0.029557082707017138
1.5535149580825467,0.4418610400332075,0.2731737283116559,0.019577676550521263
1.971085519808106,0.08458515818703094,0.49140227093660993,0.03667366014642312
1.026169699372701,1.5288432176092512,0.05452365475109605,0.0034963689457865846
0.5449515800019955,1.7311686111467333,0.464487598821876,0.03453053211397305
1.4934581040014903,0.8532920643464383,0.24431270083676676,0.01737489764286429
0.22878000598476356,1.4665456754323773,0.4954534976235318,0.036996959278817146
0.390043983049567,1.7202474125702711,0.27142347509931697,0.019443614886136787
1.4497293941309704,0.8095498765046496,0.1337457170462978,0.009124333031751294
1.8813923450642613,0.11169641082532533,0.4891897633609059,0.03649717343607585
0.04574589184097677,0.558940375773435,0.30084248364197597,0.021704635693877802
1.0702608249454948,0.7543476540348615,0.07128397657113415,0.004656464476229957
1.169112170782894,0.9858054665503124,0.17942820464962356,0.012491572233283184
0.032092551881191866,1.6849358331400681,0.4635400419053202,0.0344552344379305
1.5978839076122624,1.8573457516843768,0.27329336386279823,0.01958684227376775
1.284266293300745,0.34123565356631347,0.3764996660326338,0.027586733873399067
1.1644729907835634,0.5703521054584648,0.0681218953668243,0.0044359990013769866
0.7467473313565622,0.2808930604637301,0.3668657407271192,0.026832805610660104
1.5475416462982827,0.08364417011674208,0.4468854056894556,0.03313352489408418
1.7639244687746702,1.751859141432297,0.2860465919962394,0.020565479907390286
0.7263510604412897,1.335042651939983,0.23573391496011248,0.016723498073811474
1.0944528624996654,0.1861228431989359,0.4073450155278822,0.030009429924440657
1.5886596173674736,1.3933090133641843,0.32963053035248263,0.023932014359118525
1.6296430930685857,0.8009181452622927,0.1779255328023896,0.012379772074383785
1.9246259367171472,0.9245304365459979,0.1276129376608715,0.008677794751909829
1.4921489432987525,1.5465662961356181,0.22663438867097407,0.016034344953101725
1.98123342187686,0.9600180698029694,0.14609754502571717,0.010027928125917282
0.5048338097032505,1.7157357026573177,0.30822921034591905,0.022274810516872398
0.34405973653231436,1.1495384269411721,0.2388191194113879,0.01695757681283545
1.9525668302812929,1.1608296750751195,0.4682558425237373,0.03483008055698659
1.487369130303408,0.5584458425144418,0.3009008863213606,0.021709139987789144
1.9640744827173613,0.9958132095178429,0.1465719490200048,0.010062741245162456
1.275437136183526,1.5170680398918863,0.38135806481459394,0.0279674480832838
0.5655290149633505,0.26940612780059703,0.23226429118533753,0.01646050546273948
1.7760997557080538,1.7181165259293987,0.41943394887243723,0.030962448634861577
1.988362191795758,0.7513920950333992,0.3438991221127303,0.025041062013351413
1.5175094795873145,0.40918204450604856,0.32590086951856845,0.02364266087952455
1.8554576515300787,0.5176953161588371,0.3516402928314528,0.02564409467906264
0.7769084534290329,0.1379196618359273,0.3616725752863249,0.02642696481018188
0.4441969929359242,1.010803437036993,0.3486641625889349,0.02541214636889353
1.37388398276725,0.2843050250143766,0.48159581605619806,0.035891841799778904
1.9243609828434374,0.135576878366636,0.4035370021577644,0.02970963035166734
1.3560350978375733,0.4420791636985473,0.38416829528722013,0.02818781667426589
0.17877428043964438,0.5618937621647186,0.27380311035554994,0.01962589894454819
1.6782199131793631,0.9347711798346439,0.2345313606869388,0.01663231570198978
1.1568514368779321,0.9758164121125297,0.08303210760668028,0.0054812798141338
0.11234011793807697,1.0976357379027784,0.27674073892571915,0.01985107694663369
1.763700091399927,1.6080488244320137,0.2426308804256046,0.01724706841711972
0.6979008060564158,0.5688417220609963,0.05001868598767878,0.003188455342055044
1.8558891341829447,1.7428879537263646,0.14765891640741305,0.010142535294844357
1.0531914229545798,0.0007081304359113361,0.42254211773268485,0.031207786619093507
0.5669660272455674,1.3623100023227703,0.21742309494577794,0.015338669783018429
1.0582085242098007,0.8887017617140585,0.12130019088318195,0.008219697966214037
1.1625924645113774,0.4757467399504589,0.2567675284122483,0.018323410050210334
1.7106669998626625,1.4965820850271192,0.11119661349420412,0.0074899654019455995
1.6258122256836243,1.166564221195136,0.2992265994739737,0.021580034946605972
0.8750143838997093,1.4053157907073979,0.15555999882967797,0.010723753470509306
1.1648950708332446,0.06361633334366035,0.4710292044364789,0.035050649364933795
1.5954297299312723,1.1262830662432128,0.14694259707319424,0.01008994586922205
1.836649484099739,0.8755376988358583,0.08360612431091255,0.005521797207223156
0.5012324325274324,0.11239753308859912,0.4108440757156028,0.030285076626343672
0.48473134879660007,0.6915352307938871,0.4037465760024502,0.029726124748959245
0.15811783393200662,1.102847541266838,0.40313586379350475,0.029678060620004724
0.765099787402101,1.5463363575503661,0.14812230346076816,0.010176564783555565
0.12945810328228768,0.8237749150332969,0.2681303658135789,0.01919153921093337
0.7100998634513285,0.18047184536892913,0.3357113807493347,0.024404260693662045
1.1282555264451857,1.2993354612033583,0.24015827363491354,0.01705924541758284
1.8766270610432916,0.05986812023999133,0.11686289006530079,0.007898674956289658
0.9165392734588762,1.0088718983149607,0.24571712862951134,0.017481689785285578
0.7667041482166896,0.13029205830243962,0.09195101986336056,0.006112936513893667
1.5680883697197452,0.9358721061664461,0.2730835180437358,0.01957076539050364
1.027333316401518,1.651908134825084,0.05798227542375219,0.003733967727548255
0.8718039637612229,0.6403810882112257,0.2771018253535826,0.01987876671916734
1.4371633908526804,1.3774343727522083,0.26792005296201127,0.0191754477465344
0.4503761752455415,0.5874409511238923,0.09198999372844088,0.0061157063295596975
1.4456607158886332,0.2822972993108157,0.32851895647039286,0.02384575280410121
1.8485979747075751,1.0071397122202532,0.4576282294166163,0.0339856924692521
1.7816013784374838,0.7683016633472803,0.3805015353147912,0.027900304230352193
0.9357381681723016,0.09985718699601476,0.26599034014538725,0.019027842257874347
0.8468836430037607,1.3157043487684414,0.1599887652628765,0.011050440593783227
1.0372852918843176,1.9258544361875494,0.4420124546917657,0.03274744494149297
0.3977017594448231,0.3467372873288308,0.2672313349699382,0.01912275863460378
0.2601335124220314,1.3078049153795774,0.25747563117732825,0.01837743339605828
0.2482004183725386,0.23325965624806866,0.2237115392748078,0.01581338401683554
0.25141813567645355,0.27742066385643827,0.38283209682828306,0.028083022674617906
0.3331635000252633,1.6679110545790818,0.2778478973222904,0.01993598684178873
1.2510255045042473,0.14642828214679904,0.33518552195866574,0.02436339837999572
1.6860573594354695,1.0576563197898243,0.24071443202290693,0.0171014804792505
1.0836926242547535,0.6150539702089286,0.3275553898364927,0.023770993358471267
0.32281638380210786,1.816535745115138,0.49211983042686935,0.03673091002674899
1.7772494218763621,0.609168283378489,0.37718387990700364,0.02764032988647898
0.5284419786715551,1.2613382745356914,0.3979886873014534,0.029273169045602322
1.2939491420305453,0.8913507535919061,0.461156055722173,0.03426583782664232
1.5128763570701196,0.03430862044921201,0.430241920821624,0.03181609206367044
0.6181292789568942,0.2461504331619715,0.37091195342570865,0.02714928832758193
0.14584803828611448,0.04412186993789513,0.27573684030009615,0.019774106479171896
1.3251365780596815,0.888312940448498,0.2094166435721817,0.01473563650797108
0.7736878248342198,1.712631432155197,0.07042586003091661,0.004596567172815057
1.987872799072557,0.8325500645185331,0.1831507753713434,0.012768812186271761
0.8497702644141292,1.8356679514419418,0.3649435801792841,0.026682544133763336
1.902390717892504,0.49408313505614343,0.3870989596007965,0.028417747773161573
0.11497245074185147,1.6832090912200826,0.31486231952457344,0.022787619075297638
1.8365944338710183,1.9930057284072997,0.22322368854763114,0.01577652290793093
1.5513088936083608,1.4107360661746102,0.43899123106476196,0.03250822308899703
0.540869987421762,0.757847530088918,0.06633877421745432,0.004311985869516813
0.8956213797535435,0.34827044888479053,0.14931751499175133,0.010264370705279323
1.9607646431647403,0.1653424129338319,0.24420049909581187,0.01736636769005089
1.9333607458897892,0.06923521805559618,0.06077926718694729,0.003926833787614211
1.0786783955280956,1.6383074367342048,0.22774026905857425,0.016117998482706224
0.7662343727937739,1.410049125794227,0.3610784292580698,0.026380558398956724
1.5748538719812692,0.4136191472588837,0.14992333204300828,0.010308895454551891
0.21607181151154564,0.2751233823952799,0.08176514119583675,0.005391918624473193
0.1924328501768866,1.580539934507116,0.39341131508594496,0.028913403168450307
0.20252413429232896,1.411665556718801,0.370006876202885,0.027078475103062237
0.9089465031360402,0.9417070387196587,0.17425291685668023,0.01210680126348216
1.4115356008682,0.3927702445898129,0.4369090226942186,0.03234341895511272
0.6159575673329227,0.3322538039965284,0.4549673243422603,0.03377448799382395
1.6136043244184106,1.5761835020860642,0.432293001592026,0.03197826033847488
1.4813983582372268,0.019225194644236554,0.19114725746577965,0.013365659750205596
1.915669402513954,0.9504043722438855,0.4204955939690594,0.031046233712487922
0.943531943565934,1.6442197805372176,0.48523245952508487,0.03618164577134117
1.1768803920816007,1.6186946962315594,0.3286550128263432,0.023856310115883177
1.221151301963552,1.517652323461191,0.3389084837822572,0.0246527891807772
0.3779222969435563,0.4379568233768749,0.490274746639576,0.03658371322436137
1.836696366435536,1.8732473589146712,0.40653160907279573,0.029945375265952034
1.1665348004587561,0.5328789058133476,0.4357639054690387,0.03225280746725252
1.2872516982630862,1.20269321373322,0.1893728848693535,0.01323307140608758
0.1021908073449409,1.933596361716276,0.12177165712221016,0.008253855054456697
1.1311661675121376,1.3639639276913305,0.1381870574773276,0.009448601887126441
0.16010699989625854,0.33742068555526994,0.1790218045592828,0.012461329298607937
0.8434778494949304,1.807409279940247,0.14646881259216826,0.010055172137413313
1.2938059130161692,1.8937562716148852,0.06090951805782871,0.003935830368464281
1.5773904825322205,1.9634270297531082,0.27205734178872626,0.019492159405200066
1.1921898090749712,1.9934567044252403,0.2915784180865731,0.02099091786344946
1.6848504115765548,0.14040351985235966,0.2798910766323009,0.02009274304167717
1.576067854426062,1.57640570050047,0.29480539251583865,0.021239353851727337
0.0328324453235358,0.024909164817037643,0.15770779463136303,0.010882106189787789
0.05321616073207247,0.4428476855734449,0.2966581693803211,0.02138207905607565
0.5806254758584941,1.6317030820331742,0.4171213829836528,0.030779991529508673
1.5593574298341082,1.0737722356768062,0.21529452024104628,0.01517819696898401
1.702017889520472,1.5580867970502061,0.4604898871766197,0.03421292589545546
0.43576141980624317,0.9591423833636554,0.392983059598002,0.02887975846602142
1.9543289908301864,1.5463271660402493,0.30252032730326406,0.02183406300930318
0.501585710885659,0.13999187426420834,0.35668650263544377,0.02603768622249961
0.9461496263427092,0.9273058242569823,0.4761153318593948,0.035455387748186226
0.26538715812914493,0.7001003664751746,0.2828751538357682,0.020321828291281086
0.5038039450214,1.6822219969183538,0.20097269877656998,0.014101374768688326
0.8994831128272944,1.167521852793408,0.28221626474796785,0.020271231489233276
1.0705974240312195,1.5528796123751865,0.19281530305638866,0.013490380389940703
1.2972069344946504,0.7029522534825616,0.27089102229365924,0.019402843167590365
0.2662731240174321,1.6083465025336297,0.34678281423682417,0.025265591595134154
1.051106822064217,1.0173682823249834,0.40704006316102437,0.02998541430278923
1.8593927789986138,0.6741685847657575,0.10933239296007759,0.007355809229762778
1.0855935918489164,0.3855624787012697,0.34872046030893283,0.025416532735922665
1.862447673077214,1.6288321136424102,0.059640260695752095,0.0038482182408869628
0.8615394559968146,0.6893216415762207,0.3285219814814169,0.023845987526971778
0.1361650314710039,1.3236531032624654,0.27718889506655725,0.019885443998984148
1.538951603879009,0.9505931095876801,0.12072993199134968,0.00817839572692674
1.8601734866400312,0.06382883496171377,0.3527370913335035,0.025729609221962588
1.7013677273674483,0.24778856940379623,0.4160164635988877,0.030692840079591607
0.41488404442692284,0.10210147823350191,0.10037029788638002,0.006713112197778429
1.1159930497957247,0.4304267486849216,0.16019591972596892,0.011065736721434632
0.8185887293545986,0.8464299361999954,0.37764789695403705,0.027676681204717588
1.3626509669378901,0.9647773487407956,0.2351774687533279,0.016681302144877563
0.9767610635643025,1.879987849724534,0.3378172312043032,0.024567941824685646
0.6263704832207628,1.3035875597587465,0.38503659767286336,0.028255928489915157
0.87906774530497,0.466499323682225,0.372796894363189,0.027296804314315953
1.4707041174664517,0.9299040148964013,0.11187207788344855,0.007538612758744036
0.18211269664365104,1.2893819923073444,0.21632410074941794,0.015255803231047811
0.3888019921872936,1.8152290591669988,0.2648966325165452,0.01894421633321477
0.36508351219686386,1.8824098489119498,0.3887505283806934,0.028547377873745495
0.608384226851979,0.05255232308543656,0.265971232536795,0.019026381068037373
1.1881258640601084,1.7436511087582973,0.3698264548608953,0.027064360368491216
1.7127985957235308,0.6320729850802913,0.17776306939758285,0.012367688541046556
0.38536073791510717,0.1331191426800462,0.10009348042119826,0.006693322073342709
0.3550352880680423,1.913806751914761,0.16350971132431363,0.011310609010587863
0.9464596006498254,1.691193217584342,0.3115806636200179,0.02253381867121609
0.5900263491522695,1.6846754101974746,0.36096481165363464,0.02637168477423636
1.2862561371378562,0.45189497544604107,0.18946028566895629,0.013239600349221333
1.9192986906620892,1.0269520336623,0.24468755814519544,0.01740339751262482
1.0137249750805715,0.2083107927047263,0.14648889050222968,0.01005664561187319
0.15866975110841008,0.31442950251824153,0.09188920933422845,0.006108543895989054
1.8063620827730746,1.2861497689104915,0.4126300497828525,0.030425833477314385
0.9715083863949578,1.8207871211985645,0.19578138035962056,0.013712339104162271
1.9571340933671393,0.1675553902677258,0.29429413930361575,0.021199981293549452
1.5294534111720386,0.43813889084122737,0.4609758695528711,0.0342515256152659
0.28877745738992955,1.9345244425023194,0.14692849684090128,0.010088910861333499
0.7773674533373327,1.3434459530793115,0.29253599145972303,0.021064619133817027
1.6581045707865245,0.8489277467038072,0.24761581682136263,0.017626132225653058
0.07637568420945429,1.336837443781115,0.4433286211214429,0.032851694926203046
0.37666413322623193,1.540680680846596,0.36293506164433076,0.0265255901128183
1.5102539702534086,1.1225017147885181,0.30499251656997656,0.022024855613114222
1.177433649786336,1.3910623487669054,0.3798538792459017,0.027849541011460265
1.7144973746882652,1.0454719908546455,0.1704593376396211,0.01182525635587513
0.8453321834094654,0.49376553118925215,0.37736102093437596,0.027654206835678256
0.7490473682339311,0.6397476145690006,0.31468314940191977,0.0227737574859347
1.0727742395380788,0.19957535395681036,0.12724832975379424,0.008651292937609403
1.604260368805709,1.5873922425518148,0.41123871745745105,0.030316175650393115
1.2351233400885244,0.4498683573169404,0.32126484700808944,0.023283308987726105
0.28493944071781363,1.9216997755330212,0.061174773976209684,0.003954156008624766
0.17595710551850474,0.7663772568723433,0.23795834162749413,0.01689224730486184
1.78312646287797,1.9492027734523725,0.20259207333662121,0.01422287296202497
0.4781803888804981,0.3339956561471302,0.4250424681609569,0.03140523793774271
1.188311233519618,1.3741840218117363,0.44393022133863863,0.032899353168824426
1.0842905851698625,1.9769568079682514,0.08334956114047344,0.00550368512609471
1.7979117851110649,1.117290297910783,0.42150919268332526,0.03112624058928772
1.6008304130484157,0.25563733488046325,0.134813898146808,0.009202255588379397
0.7450081932074561,1.4280661646485882,0.1006659279597194,0.00673425142455292
1.7030175034767556,0.04028120382288791,0.21782443596358003,0.015368938981281513
1.2156516432527575,1.9309538824215164,0.10148928694459833,0.0067931488053501726
0.09716153068492672,1.071308749723761,0.13684920362239472,0.009350846423518138
0.729851397669772,0.044786288402169694,0.17624077438795255,0.01225450198217405
0.6659026758936286,0.5867709979079714,0.12785450572389775,0.008695356196390235
0.42814680378287595,0.30338774305076566,0.43090957832786025,0.03186887442208359
1.9794643254212947,1.2793972009164916,0.09300182071992855,0.006187643642740127
1.9384626868891124,1.5422409450123697,0.25126249911756,0.017903767010499318
1.3042342499487547,1.6949911980094168,0.1180491145883791,0.007984413046889436
0.7810634494415056,1.0264799065138097,0.24746088114927955,0.01761434264413037
1.257907410478848,0.1333987244137118,0.3125550474381744,0.022609157501534433
1.421727611281023,0.16838004961654884,0.3215189348553875,0.023302994872571085
1.2271392579263567,0.49771548600650384,0.1704017765192106,0.011820987695017587
0.8764450693715553,1.538136176217991,0.07684607629134396,0.005045887083483966
0.637773206614245,1.6647972340639272,0.2649320237740045,0.01894692200995092
1.8142612749433837,0.3727410544619998,0.48363919904640446,0.036054660394909024
0.58852291626342,1.1877456134118798,0.23432320430229142,0.016616535740607234
1.7556379517826959,0.15150968731699632,0.22416429921166708,0.01584759869278642
1.9960520889120457,1.5310988141962403,0.25473101526321446,0.018168095559494002
0.11964016909244268,0.5483057414033843,0.47842436843495906,0.03563923245875399
0.1765444823805069,0.8291307566555093,0.4909548983710057,0.03663796982118933
0.24353437670879052,0.48411512771383247,0.3548410230874649,0.02589369865282217
1.003361292528531,1.540695842542521,0.28810370030719074,0.02072362089010803
1.404244293430324,0.023558637812868488,0.06436353785635722,0.004174879975889869
1.5693355398775148,0.46369139076895793,0.1892332524525544,0.013222641130808526
1.0997568424987199,0.9992169900520327,0.34041245250952756,0.024769757035976264
0.7998190078646945,1.3515707063718316,0.34579758069786765,0.025188864953397425
1.6858101799445324,0.39842053289199875,0.30578938074079554,0.0220863768425136
1.3658528207642473,0.3001276163082194,0.3325062778587275,0.024155274207781973
1.7083313934328488,1.2556216263293474,0.27790193653020995,0.019940131800584508
0.750185102530859,0.19269618581356784,0.40349473342241077,0.029706303685089194
0.9110852641134062,0.9333258110548575,0.1082583354343607,0.007278587560691169
0.767975603880394,0.5265560742621882,0.38681243285662553,0.02839526243475
1.9380494349671797,0.44052339410085795,0.43020195265432615,0.031812932517844776
0.016941770255539,1.7970126622036269,0.42758267686989915,0.03160591892977146
1.3084360175782759,1.485349365801274,0.05691337737828235,0.0036604297981817327
1.1425704756477224,0.04025362251827902,0.13978368080394832,0.009565350793639755
0.6990483316958536,0.37503444019833765,0.17281680886398118,0.012000168579017662
1.483713353015352,1.9218800172229107,0.22531995817124706,0.015934952437626087
0.3187445859655804,0.9699176704826882,0.35675763223851564,0.026043236910179988
0.2495501304341856,0.6939853148374098,0.30968385175522195,0.022387204866363444
1.71363090772537,1.287058536153473,0.49067768898713976,0.0366158558380377
1.7403699924903906,1.82325382312491,0.26852394668090324,0.019221655223757125
1.600803295993481,0.13284152268429716,0.35061517578519624,0.02556418559038887
1.6617250061611883,0.3991428661247829,0.11010940209974271,0.0074117066380888766
0.21299464296107073,1.6298866363557665,0.15143588381237869,0.010420115105610257
1.2343300441719376,0.1670339298484802,0.08992044898223933,0.005968739622336485
1.9574007343702082,1.738240190054408,0.3155059738377254,0.022837420212311763
1.709217908772785,1.8296106536382974,0.3871053671908039,0.028418250625321433
0.14483761621399727,1.5254246736114228,0.25410776227424287,0.018120580315334874
0.9819711400452924,1.6994651142775432,0.4437831877024994,0.032887704881154396
1.2531980985268583,1.5021263823960873,0.2908860323464888,0.020937637611850274
1.3492881534586656,0.04860513407187228,0.4517037482395667,0.033515564006719935
1.9364422079114083,1.5010006676291483,0.46051799750021694,0.03421515851429199
0.06620868997622642,1.552476613153701,0.3579899838791928,0.026139417124302754
0.5284361763994403,0.9369852266336067,0.4468350756488381,0.03312953579551832
0.037464472496640644,1.658815908369544,0.2724571326984944,0.019522781305040836
0.024864111257328014,1.9458179553724115,0.05678260352977892,0.003651439338873504
0.835248091859176,0.45811656844675475,0.37362374366648204,0.027361530020669933
1.1446174720903286,0.8300181900146351,0.4496551097974513,0.03335309601740484
1.8444903447772616,0.24610032718138375,0.0818460275846146,0.00539762083315708
1.0094300467305324,0.8642042664076801,0.48535867912332326,0.03619170690383092
1.6238186217545736,0.03365475096246073,0.30285742486149353,0.02186007238926709
1.1663999325566214,1.8668998360592521,0.24997192345948338,0.017805478935713256
0.5062553137597829,0.47502689853102154,0.3013142593421045,0.021741023015764274
0.9738525093456194,1.926225553451774,0.42221975996129046,0.031182336056936422
1.1222023609416238,0.2099940154415436,0.34743302056599573,0.025316235697572607
1.5937648594673668,1.3462124862202498,0.15789165519978893,0.010895668808910549
0.7895684789692916,0.07767290358419943,0.11000468801410396,0.0074041720004035735
1.234203753216389,1.089555343602164,0.3612251386723143,0.026392016805180562
1.7973025991659242,1.4888954898160531,0.34962277295267524,0.025486841968846683
0.42045951521452074,1.023163953414889,0.33746640376688736,0.024540668212053737
1.6567672262062723,0.4344921933532051,0.06317762238862948,0.004092701558166674
0.151718530080988,1.9131031750084768,0.41074093619346974,0.030276949243716215
1.5341355510491634,0.866225863637234,0.05171450416697581,0.0033041484496606492
0.9892922303605649,1.1958764642974216,0.08879646345051892,0.005889018292339405
0.5709172227331276,0.49529019360747917,0.09881825332847971,0.006602202961900329
1.8575376288255454,1.178098144564506,0.43122004260114183,0.03189342042072402
0.37427626019795457,1.9111204028505326,0.3202625861550842,0.02320566762025921
1.0205991271136796,1.9413706281433138,0.40796559765371293,0.03005830586434065
0.30458863144145565,0.8304979594582302,0.4509982238537229,0.03345960639661109
1.1272399051374051,0.468886831900577,0.2625025232605324,0.018761243733359672
1.5644871259230664,1.568810176209002,0.22171444192596457,0.015662522238526204
1.656689417628884,1.123944753518608,0.1896448324077714,0.013253386891533676
1.323326782111913,0.339580145728932,0.1815691066962759,0.01265096880484403
0.8162032095009275,0.4828242498977886,0.311243914343101,0.022507785176273363
0.25543178422265944,0.709814339006857,0.46491809094058867,0.03456474470295454
1.031517518268774,0.7506574670377091,0.3651751623951995,0.026700644773496686
1.6291754334981923,1.1550065457466583,0.4173721530377651,0.0307997734488658
1.5901000072085367,0.6670352043137824,0.2994607566909745,0.021598087927455784
0.42065843954134285,1.6903374653904215,0.49376208190790677,0.03686195734432602
0.5201987809254696,0.11174937595107481,0.0926388320344948,0.006161830191001181
1.7410794772458293,1.9335276258339769,0.2813643023284908,0.020205820463320763
0.15238184635410978,1.163843496041212,0.2813777984809853,0.020206856549532883
0.317421816160917,0.2845718036902225,0.35290619299903686,0.025742795275446574
0.5539418404941663,0.3833987559604697,0.22741452969244458,0.01609335524349936
1.8821672257161182,1.684877016126075,0.06572340196894927,0.004269240794123282
1.3524909260245384,0.12679901511503444,0.09620878039345052,0.0064160015048746
1.2449295268698224,1.7810935728133173,0.28606230467633603,0.020566687528976346
1.773326835135683,1.4921648963884788,0.10281102689507018,0.00688776575749084
0.9243444842930695,0.08012843356213173,0.3469176783775541,0.025276095527728224
1.6756635199893448,1.9662749967118025,0.07985725685399478,0.005257533075152892
1.2459023900432078,1.0690788160320688,0.426485426286189,0.03151922406690212
1.3669411796963344,0.6388101851124732,0.1472031001099393,0.010109068963564888
1.4376050948380763,0.7996822570839315,0.14996033476852388,0.010311615386426823
1.065000479732636,0.4204875567669162,0.40772832763871175,0.03003961829554402
1.8843311019175244,0.1636220676687239,0.4736352836046384,0.03525799566561766
0.5889924920481688,0.8452177134945071,0.14392530143505639,0.00986862266825347
1.6494397309325255,1.4031606002252417,0.20534752715186194,0.014429762536886333
1.7611966386095443,0.1302725435937795,0.18994229758096526,0.013275610940439029
1.4002722059359913,1.247402703529704,0.32871702520400536,0.02386112207497202
0.5543301586369191,1.8581466313859494,0.31423330893621176,0.02273895774583795
1.6339000960374095,1.5673975525132318,0.22208289369307566,0.015690348249536357
1.8167665206619887,1.5100801593761815,0.38241406608476824,0.028050242967439958
0.019422773259882176,1.5930877142303006,0.2032151323776767,0.014269637626513117
1.8514384303418296,0.2325688301411979,0.4211233847484137,0.031095785858700768
0.9738415872544928,1.3802959262253436,0.18027793977088852,0.012554821939620852
0.6520156371966113,1.8031617053375173,0.40938634168832194,0.030170220432516787
1.1065763449901573,1.0906961638403274,0.12443823382793727,0.008447215742669986
0.07454893526659401,1.7692435599341538,0.10915953188199637,0.007343377463825966
1.757737863844745,1.3687254025023379,0.23283592251591617,0.016503815773176205
1.3211262734340148,0.16607614841080265,0.4126975509829299,0.03043115423256064
0.7561663454418122,1.5954895007289935,0.18400070355161285,0.012832165756907103
1.0360742071312143,0.9561617102766702,0.4397676796302377,0.03256969182304591
0.48066544508863274,0.1541150570943186,0.05508681264097151,0.0035349873575392723
1.0432609855857748,0.7984429973186205,0.29456708714661173,0.02122100092650922
1.931280568147611,0.131838146130008,0.2995440751359442,0.02160451182220329
1.351986511196048,1.5549687309340097,0.45910431212829583,0.03410289041320542
1.3800992732459847,1.4838748527940673,0.21981396261669217,0.01551904606859634
0.6054782344801608,0.11047177517027174,0.4810803662395229,0.03585077781481213
1.386041189623116,1.2337675117521354,0.3313900077854524,0.02406859623342417
1.1571701257850846,1.8426866440076295,0.4428039831463829,0.03281013720728783
1.9931224254969386,0.6322608400037153,0.30179116100373354,0.021777809690650123
0.05715262240516883,0.5654396293592951,0.4179754084679209,0.030847364428357633
0.9097201438730578,0.21079246801734808,0.25285291028575363,0.01802493795888149
1.7479567562665985,0.0969925425921645,0.4951230293996383,0.0369705801439369
1.513452510771236,0.29997037783228064,0.3097022080520818,0.022388623417445613
1.436501774124262,1.4655684265220001,0.08191941600934674,0.005402794797955215
1.1988556295396835,1.7498395538291474,0.23781289223687085,0.016881209900626852
0.19396641415848137,1.6245761380425225,0.254200193290231,0.01812762651672278
0.34383072121391023,0.16479529222108602,0.19466216229372751,0.013628557868599997
0.32527819088091303,1.5983312931551268,0.21948281148233867,0.015494054638088983
1.2276209097032054,1.8464472741985,0.12920230576658975,0.008793380082388221
1.443236833380884,0.6910576429539543,0.26308196378866766,0.018805517631947807
1.715270514937355,1.7346070755215055,0.45472367745633635,0.033755153219287584
1.0168363743314701,1.5807987844210958,0.4715892743682033,0.03509520329355786
0.6573352475726884,1.7017154974411135,0.18063327583053052,0.01258127734813499
1.3129004706493062,1.555930135507128,0.08288601196285653,0.005470970625058922
0.3913589938165438,1.039646402133493,0.25057710375190667,0.017851564101631388
1.5796284192198793,0.5604380360334187,0.13318455113275374,0.009083413817952444
0.35258952056840687,0.2573160635895524,0.08270562336885356,0.005458243295618472
0.8404934037279825,1.5036513884207638,0.13218037868230428,0.00901022107760955
1.0242934117026878,1.972461801852199,0.054362590451127894,0.003485329049686307
1.8787897632368649,0.8713555337349213,0.0978280396094024,0.00653150486761276
0.7345519223748949,1.2166568031961498,0.1245260979009252,0.008453591904942891
1.3958658018974146,0.16363089084106575,0.46951828798051964,0.03493047321732065
0.7777180320845933,1.9196686371151461,0.485296514326404,0.03618675164240691
1.4558524803746857,0.097404534067971,0.24203203393606765,0.017201566948443093
0.4205645247915002,1.5802846960459336,0.20405457825335338,0.014332659181412908
0.8100100225122919,1.58386644741774,0.38480990364367107,0.02823814501874194
0.2109340105677271,1.5888638472520762,0.05579317591315118,0.0035834645386676614
0.4968912382359687,0.09833579138840953,0.4685716426374209,0.03485519198231057
0.5563010339960959,0.15742407577846063,0.4199583695615159,0.031003834112114357
1.0070114153356349,1.0220078776486434,0.07135156573400259,0.004661184382237417
1.8680979788077603,0.561854903474617,0.4260624549997897,0.031485808791167705
0.7623936433088516,1.0933696341717172,0.07744644183528267,0.005088039847111851
0.6591286816618718,1.6074364628045539,0.12620908526505084,0.008575783425284521
0.34059972409154815,0.3736046164111393,0.4687574576798573,0.034869967952017036
1.8423544435928194,0.6028235620435283,0.05123014278065232,0.0032710769690231867
1.4124935799087406,0.027026464954989837,0.08343697436200981,0.005509855632413267
0.6724922053193128,1.5010285391838016,0.2797214649109292,0.020079727127897476
0.8451514699119538,0.1889373933819889,0.4909053001101938,0.036634013127387566
0.37373602723004495,1.3755588163253385,0.33052232817066496,0.024001235130792487
0.07370034813216719,1.679334748288308,0.4768716122951299,0.035515595780056565
0.061439180482051325,0.9646051984439461,0.0596869062229928,0.003851435748534243
0.6277182267102419,0.08143310925809089,0.12727190754143652,0.008653006549473298
1.7585411063888605,0.7983995284370038,0.3046257427248429,0.021996542871552355
0.4884451273103627,0.33199190189492844,0.11361621786476803,0.0076643202572059255
1.4091314262641625,0.6468684435411352,0.33532202234153713,0.02437400483590408
1.3493693768513992,0.4020291635763442,0.43418682183893503,0.03212804199688576
0.3428348524002345,0.2985155049035295,0.4800064316110869,0.03576523116052981
1.5371699134197314,0.913723399064404,0.31399555704535126,0.022720566604516736
0.3936813207588492,0.5307181767408302,0.34073713264282135,0.02479501300377842
1.9049082939948894,0.18933637458509112,0.2883370149162846,0.020741561969647253
0.09895223712547851,0.04151071216509239,0.30563910435498687,0.022074774033041367
1.4457040340385612,1.861422536000271,0.46540660508837006,0.0346035711362478
1.021550035348806,0.15957301771735732,0.16964050086095495,0.011764541813501157
1.4678323679838554,1.6657784669752511,0.23580214479456518,0.016728672490687796
1.4500999376393657,0.3084059354226165,0.26712426313241816,0.019114568140175085
0.38951581371773236,0.5539348096275523,0.11482624287447057,0.0077516102355909815
0.5686636659459152,0.7514988969896608,0.48962302853224043,0.03653172968720406
1.7886622212779741,0.026759240919661087,0.4879647065827523,0.036399477107988826
1.3085867150779655,1.7041061272608913,0.47858122856448043,0.03565172383347103
0.4891024902578922,1.963680690710083,0.07738741629550044,0.005083894553619021
1.044664966534823,0.4902894201401049,0.17496582763960863,0.012159758274318727
1.0655993714552172,1.507287817313543,0.36761975971797656,0.02689176455384965
0.22226639965852812,0.4171821086296077,0.1821846340256903,0.012696820733795765
1.419051227102459,0.46644129553620717,0.07841940937720172,0.005156401500355304
1.2915638002319614,1.5888377145318897,0.29777868471516844,0.021468425737624672
0.675186557021215,0.345661820669221,0.4627314822117596,0.03439099058243253
1.36779115242368,0.2083317598756409,0.43235177531042124,0.0319829080540097
1.416459548474731,0.4396888980160387,0.14085594982402608,0.00964380939106056
1.2760058996619241,0.7128724616373254,0.29639421777485325,0.02136174227111562
0.028176578078785708,1.0601315382258338,0.23649409797958904,0.01678115469541059
1.9558449196889331,1.7877805664099113,0.48333934694466757,0.036030764933160424
1.1580517906718173,1.2453549950608436,0.45609111220015547,0.033863676232399866
1.561893802746503,1.8396476521710474,0.14070773940533104,0.009632962279921463
0.7317544826333227,0.9062556931960544,0.48361279735981805,0.03605255638163951
0.2581341927541181,0.34066830648066104,0.1805450804406435,0.01257471070748033
0.19596370811342978,1.729535355808703,0.11698274505867248,0.00790733513429743
0.4379986544587571,0.5356461808137583,0.07063375624465618,0.004611073916056173
1.1733816603612164,0.9569950906163383,0.19272407081878667,0.013483556977267601
1.9420395733142537,0.9627398220367704,0.31477719434246354,0.02278103325359935
1.804562266582127,1.6997172061382844,0.26338822686277236,0.018828921303550187
0.7839544759737749,0.43458832957618565,0.4099875443721957,0.03021758632695925
1.6220201948032322,0.801443436474033,0.39696586347425405,0.029192753684586112
1.3614549772739883,0.6895713917897317,0.21296056335018015,0.015002366256920934
1.0068799370446044,0.6966765990361103,0.07565007727746906,0.004961981672813581
0.8531114920160623,0.4214217118995942,0.11826463022950785,0.007999996514371171
0.44098085519115227,0.37707190864932705,0.278262067126454,0.01996775624708696
0.9576152265862996,0.9669330172317916,0.3403988654556567,0.02476870017293041
0.6845788720155752,0.4220864850701822,0.30340032418102375,0.02190196497970591
1.3782595790665366,0.5989818688921076,0.2426665063099574,0.017249775582396314
1.2548758987467086,0.6562891059516827,0.1221627478160741,0.008282195970229883
0.4395849192491019,0.45184845093670756,0.32447576709035797,0.02353215916755482
0.22680757514926952,0.8759015954265323,0.34383395918951837,0.02503598980480956
0.9908795087768447,0.2056292689689614,0.39479478515353555,0.029022108906007548
0.036931172040079785,1.0258603222700282,0.18585719874482148,0.012970618858333048
0.07565120114012336,1.5150304238277197,0.18186362605788342,0.012672906837294782
1.165310028290006,0.06961967601404195,0.3340748407310453,0.02427710647643158
1.2000970231401846,0.8460752969973075,0.3542072492534271,0.025844262405066078
1.677348289606638,1.5435375231676438,0.3139282838791742,0.022715362907314258
1.3153584248094905,0.4531035986556933,0.12490811102161893,0.008481317622968337
0.6315788160367437,0.0075517520725441045,0.1753232582821561,0.012186314832068034
0.9482166924643611,1.1375656954981765,0.07816699010020785,0.005138660622597517
0.8136078083114988,0.21840230862225551,0.06935816648924022,0.00452211155295289
0.8606392122203701,1.771261310981797,0.10555516023793352,0.007084471959247933
1.1214411014662085,0.6634047074666827,0.24269406107758718,0.017251869452669117
0.6359317927975454,0.8704822322766619,0.3512917077033567,0.02561692024922953
0.6849241023558121,0.966479736707228,0.2602623840624369,0.018590142700228494
0.5962478933672173,1.4510331233407727,0.2951900849681236,0.021268982837881846
1.8145625167364539,0.45384993851475786,0.33246518853988877,0.02415208328042118
0.6177515408280261,1.3916691662083491,0.26025695040439234,0.01858972780253955
0.5754462417966391,0.7487482196972819,0.20184830597807207,0.01416706134203525
0.5336934688943131,1.3191442421781814,0.2043572518823905,0.014355386852383054
0.02953534094497079,1.9892169418973245,0.4192318329679757,0.030946499295702555
1.2407207781607834,0.17241742792284298,0.2659179441712847,0.019022306058519237
1.202773534987123,1.439881420625944,0.46372061650455976,0.03446958299252425
0.2828158853329905,0.4741716909364797,0.28348521616925393,0.0203686828855734
0.29510725661370985,0.4714988090064649,0.23467279727164714,0.016643038306715784
1.8284771642635813,1.9923432868375026,0.2167741865517243,0.01528973717538911
1.5842869989219317,1.6501304901819294,0.4744688294971463,0.03532433133970751
1.1128272660525007,0.006232360066088072,0.18230692865666553,0.012705931992851782
1.9105703903628457,1.911440479419236,0.16293531177567933,0.011268139081331095
0.16645905235338754,0.5222936350772434,0.377639295067137,0.027676007300719778
1.7818503873517526,1.5474407344816328,0.4779560220887083,0.03560193792178481
0.9162214711696499,0.21320823468540318,0.2776739202880068,0.019922642693220017
1.2723027692031812,0.08323700178113524,0.1568522302026324,0.010819009177194553
1.9025387740751198,1.976039663468209,0.10378366949394006,0.006957446211941337
0.989131785115434,0.16883930006460268,0.06835033223099628,0.004451902724292998
0.9660817880140797,0.3122214914837931,0.36092747646289847,0.0263687689083931
1.914992552256085,1.6995683438390503,0.3660496351201059,0.026769001356140222
0.696215106224289,0.2327574305258786,0.21931798666389757,0.015481616550092576
0.6631495862830932,1.8321929555987804,0.42688410124506854,0.031550721995019966
0.34997033486994655,0.6091911058674895,0.4566997221746124,0.033911984253767596
1.3765209577286692,1.7549913321126742,0.3119948777549682,0.02256584350079961
0.5511525223305014,1.9130140303270855,0.33531676070798977,0.024373595986956497
0.47386508648755465,1.5770743377036263,0.41465412913511746,0.030585406786290813
1.2555140465415344,1.9120877069967939,0.4617573185739618,0.03431359900616062
1.6996064361092078,1.3480466357261323,0.2035215258079171,0.014292638092423383
1.7575492002960817,1.7015024787847675,0.09505614013634264,0.006333864091794366
1.7846889235106351,1.6488859750787377,0.2958510796610404,0.021319898823897166
1.527319790692238,0.7233689386400586,0.11893957003216857,0.008048812607052203
1.627726918235497,1.8820141588912913,0.4280510342516214,0.03164292899075632
0.15551547689017298,1.9486850074592572,0.2315012402754691,0.016402703489493693
0.24326349543122272,0.6059689536087334,0.25493135070394674,0.018183370335508275
0.0005728920853949049,1.494014912941922,0.29094771783807166,0.020942384059805454
0.9914491656708946,0.9668539701328396,0.4702660603395734,0.03498994663818701
1.6480033678127837,1.4771396078002756,0.2956498693174889,0.021304398891777255
1.7347614232580448,0.2062435254160182,0.1718188420854801,0.011926104356617312
1.8609506491119285,0.9142509522179969,0.46164660095090687,0.03430480385414626
1.6731018758307257,0.4941363088383497,0.2718926871936681,0.01947954862388865
1.4552626272058105,1.646019912422419,0.34312085735362735,0.024980487098234347
0.024693805543825054,0.24176932623165337,0.3709076794408142,0.027148953903044046
1.1620944837149785,0.3223857965570929,0.18167217897800986,0.012658646129872723
0.8633567020477602,0.2482229376476468,0.38488313803926616,0.02824388995985889
0.35441307362541186,0.6090281557380144,0.2082399106551745,0.014647139423011565
1.40967802836913,0.6956722466340466,0.3129954340912945,0.022643213280418618
0.18056292949241826,0.053341282847596316,0.08948576849708131,0.005937900680274454
0.7082273111659845,0.12514505874998227,0.3034676130228074,0.021907157654454352
1.6566401677029448,1.085930942769079,0.12641477869140316,0.008590725321297699
1.4632520243482434,0.6759087386842861,0.4453619401190465,0.033012790590335205
1.021509001389459,1.75893819318003,0.11983892843417543,0.008113889823524517
0.8858993736309899,1.6979729555401133,0.40442648410351817,0.029779640618016166
1.120417399796773,0.20682458803756187,0.26831711796027563,0.019205828727892907
0.5822485690821215,1.4558550749758588,0.47218175601449824,0.03514233956936796
0.47395296717059376,1.2248667386094572,0.44172951426623447,0.03272503679017977
0.5731042395802495,1.6100334237190843,0.2195441149272916,0.015498680911955694
1.7624878403987139,1.0097125063588361,0.11017646824386677,0.0074165326010470775
1.080026520732194,0.9642579157717162,0.1464249275587731,0.010051951558109673
1.42446656793689,1.6834137329865348,0.06400659778943264,0.0041501346117397185
0.8085759710182274,0.4299675830279457,0.08797797961556676,0.0058310091400191845
1.8333928020193706,1.086016474076855,0.24051346132396445,0.017086217844361283
0.40975528691342467,1.0217043137945696,0.2428843198713761,0.017266327551909724
1.3771762292798684,0.3291687942314552,0.2538532472719592,0.018101179041294473
0.08790421949695704,0.1862478659741449,0.37839842468220203,0.027735484429781306
1.3612484512254048,1.079251943583773,0.16524313909484603,0.011438837399713285
0.43275672588927794,0.8297021087975467,0.1351886503863192,0.009229603437733162
0.8860391230428988,1.5200429693102724,0.4673048463812691,0.034754467415060594
1.3242005639933494,1.1788768448401108,0.077021423280279,0.005058196175288931
0.9283021236558433,0.17587059772343605,0.06559883518950707,0.004260591470611762
0.2728321306524226,0.6041848933112899,0.11131222662556965,0.0074982904872629335
1.4201970907436148,0.17086638606829485,0.30076489797745254,0.021698652009738393
1.8126806435872669,0.0032957397343316153,0.09078163078084295,0.00602986756263531
0.7614615666994162,0.39181391018310485,0.3502871821141185,0.02553862149672612
1.076353281652331,1.273656825004819,0.1430095467641939,0.009801513676964456
1.9914328049076904,1.0712173143347532,0.20455370710092513,0.014370139858442202
0.0846934684788343,1.1895701578591742,0.165505292632413,0.011458238020902302
1.922943305691332,0.24816527765953422,0.15504239830253472,0.010685614286513025
0.8023545679038024,1.099246010874057,0.424316442836068,0.031347895832834476
0.18100174802771485,1.231479577907332,0.2060743549337531,0.014484367472932927
0.8770828571526008,1.7230306568256293,0.3750029934270109,0.027469519582223864
1.6637851068265759,1.2221989122319648,0.14111044539475248,0.009662437055682488
1.921451896566206,1.6238053102193335,0.05290258628564182,0.0033853591040957144
0.7888887992243279,0.03478298733984486,0.36642631280819965,0.026798449315551715
1.1026583287810288,1.7210407113733384,0.449173637266374,0.03331492007280429
0.49320998557008755,1.1227878622176124,0.3014639739617576,0.021752571092237914
0.9076682954641799,0.43595991382435373,0.16468940171467328,0.011397865157405986
1.9473128982303025,1.2144911976741475,0.0731697450405042,0.004788266909674678
1.4937883644682326,1.9747304572202247,0.39006072056601127,0.02865024068344231
1.872406631541993,1.7966453119859087,0.2712752632949218,0.019432265250465087
0.8792042582397879,1.2230306202534502,0.1125941236365442,0.0075906373473087424
0.17760453598461634,1.7650689190358064,0.33712244886643455,0.02451393077527579
0.7989675776180267,0.7073747655844171,0.289544833944209,0.020834455038361947
0.681396474283485,0.697795208972493,0.2047297610340772,0.014383361639748873
1.3205017841232427,1.2268143065994328,0.4359838125403495,0.032270207125946054
1.8629395642367013,0.7948304875550467,0.32400219710955863,0.023495446199080314
0.8944010010298535,1.0027965537045067,0.1839176800510981,0.012825976301170466
0.15122815026071734,0.32506443196426993,0.30586600925854074,0.022092293466406225
0.9930331133209334,1.6118820772681597,0.3686381490390127,0.026971408627310584
0.13903161449204093,1.2209659035087623,0.49214106598481644,0.03673260437567071
1.1187399773590416,1.8442929440489775,0.40206356545745936,0.029593681006677634
1.407729466725516,0.2271378610481487,0.16571727737690609,0.011473927461137396
1.5653703698873185,1.2279091893282592,0.2549063994283777,0.018181467855383618
0.12704183606258246,1.738041900461269,0.07458232771520505,0.00488715086640972
1.804021036802129,0.9119588803579839,0.3682741126181626,0.026942937078543058
0.26615496472743216,1.110213840389598,0.14601834307552403,0.010022116819829554
0.444010665413507,0.27924129509251827,0.3195105593603057,0.023147421946777724
0.49881019537193616,1.4727408738969152,0.4148915917172848,0.030604131265038734
1.427173106440605,0.7264692751788295,0.17349695032591622,0.012050662281128506
0.5512292827930609,0.1285672942463374,0.06527711787251467,0.004238258201009037
0.27268325743876076,1.2340515268805732,0.44812777344307764,0.033232003288815516
0.15170172921185432,1.3333667091498078,0.05329234209609444,0.0034120281982540613
0.6374105193991608,0.2318061076773923,0.38583474827267755,0.02831854677349941
0.21551280996195055,0.820049092449328,0.37953282103787966,0.027824378714062764
0.21225938575529324,1.8773978628208934,0.28657297388860015,0.02060593826718137
0.470526190215395,0.47424325994958805,0.30735300808804467,0.02220712750669286
1.924816507415399,0.7525497651727602,0.2158048839987699,0.015216663252698485
0.6273382614423704,1.5197937878094985,0.1535764999050592,0.010577647919675167
1.3838682798800748,0.13073640892318572,0.3922946287991625,0.0288256791162571
1.6109814153118793,0.9729811840937492,0.35203549081634933,0.025674905125996645
0.28033144103642593,0.214906194126816,0.4212210522049878,0.03110349530586856
1.4480997497528656,0.7520950033331122,0.4410697152881922,0.03267278626275918
0.5646646407585614,1.450977206472232,0.2437953347068298,0.017335567985952056
1.5893859107834927,1.9258362223065326,0.47284175213244045,0.035194851923412554
0.5303011289200086,0.19305968926078831,0.22018111051359002,0.015546757152234554
1.5393826240932447,1.4182192476123299,0.4878140869357317,0.036387466598277664
0.90056560470651,0.7888077274198524,0.18138525887020007,0.012637275670918
1.7727966462988913,0.2684766223819979,0.2345919901363439,0.016636912093344714
0.02780505154731361,0.23586418127113218,0.4341042676342162,0.03212151186917163
1.2193397028028208,1.3463912467935772,0.28062404441564404,0.020148996855649397
0.47023259290055797,0.18389683416111824,0.3569543026714901,0.02605858473120587
0.8835800716095725,0.565317282470639,0.42697202090478376,0.03155766849615439
1.9646596697040462,1.3626262694772353,0.48016074354240823,0.03577752240928222
1.4554757120337936,1.4306947686515,0.0842230995346524,0.005565368263969386
1.511878938230928,0.5109287361798134,0.07810616554697127,0.005134386258456507
1.526988383724002,0.002885924081534652,0.1029232988460376,0.0068958066453035155
0.5390795861495548,1.2934917569999798,0.23656417951879039,0.016786470724032932
0.16307426066325093,1.4364355770350064,0.41588461073665567,0.030682441139496433
0.23040940605313898,1.0812061107397113,0.10997682431719494,0.007402167168557188
0.7322821730206519,1.0151410554326499,0.46955943705795977,0.03493374580339049
1.3186883912353506,1.6356002659779187,0.11043062378391888,0.007434823029819676
0.7157076500180819,0.38817700622311624,0.1861812335768,0.012994794433790558
1.9346396505828185,0.710663891282006,0.09228596250466331,0.0061367430381850776
0.522913143763617,0.24321675995065406,0.094879399706885,0.00632127558262437
0.6078684205187452,0.5686720321975205,0.07783149046973985,0.005115086697543344
0.4987798613083092,0.03782310232181296,0.33711618043091235,0.02451344351402916
0.5308565031879644,0.4677019943820413,0.3774648645543331,0.02766234199037106
0.8770778032726496,0.1292946047238197,0.15001311465443923,0.010315495118452908
0.8246629267941443,1.8943979042077743,0.14717581765309867,0.010107066094273634
0.38882485692119806,0.934187311532098,0.4179091488309554,0.030842136956357402
1.6148725574542897,1.4459406774559633,0.37961122743787173,0.027830523523957162
0.02835277926927926,0.8580781159570723,0.18172005258248347,0.012662212091083877
0.3830481052911674,1.3018627305195463,0.4619651539497491,0.03433010936085539
1.221716512442764,0.0014893921808321053,0.12138684645080004,0.008225975358266394
0.026677983284632223,1.2311590619849924,0.05451607187937466,0.00349584913938273
0.8975317260979501,1.130259699009653,0.447643657103302,0.03319362674007183
0.34103068215722043,1.2940817590708036,0.33599509616878936,0.024426308881246722
0.5106194126194767,1.5690043119327854,0.4275538850003692,0.031603643859152375
0.8928834514342889,1.5565273431107676,0.4483734631098417,0.03325148053129404
0.9863441598906342,1.3427900890805853,0.13924960292170568,0.009526287450460842
1.3491894336879224,1.3547104691996208,0.38942480593025486,0.028600312226792653
0.6057998922190335,0.22368300025651333,0.3346090080401711,0.024318604948696802
1.0599779329456718,0.32179108661011435,0.2614368892011148,0.018679838366887594
0.24037243038602862,1.2159216364590828,0.2590907167311424,0.0185006915778812
1.7734513018045135,1.3626816346763477,0.2896629887451436,0.02084354373307786
1.4515955116855626,1.0185300149563465,0.18265232408482063,0.012731667101797158
0.17877230446956216,1.0332349163988874,0.30535274389950884,0.022052665289821655
1.9878812223227889,0.5932396892646066,0.16140973286370858,0.011155391134026095
0.6301411560820798,1.9430340967488595,0.20190962517810118,0.014171662142540849
0.7001426275561999,1.5445466278536806,0.34673877262152974,0.025262161462240047
1.8304774580812926,1.1453155614179111,0.40492224324248755,0.02981866595465382
0.7972165823790991,1.8117678574491336,0.4660184551015497,0.03465220410108853
1.911836012543148,0.10501484940258088,0.1997825521003735,0.014012123647241472
1.8864960321930295,0.7818691009562466,0.19071539086172118,0.01333338106922883
1.2898679913347413,1.3276173451530777,0.057817205431079405,0.0037226051084788343
1.252016294740189,1.197286633996596,0.49637523954301166,0.037070542371105505
0.7796553548543781,0.9773138677243145,0.4676759946533811,0.03478397593301061
1.596485685390948,1.9426489194173129,0.20898887171891228,0.014703461623996168
0.5296146147494796,1.5161262930096808,0.38685227912519193,0.028398389323058326
1.0554572827559419,0.715705201637393,0.2801828879295806,0.020115137759777472
1.7880006531701484,1.4201345059057122,0.43798220302331337,0.032428353056311796
1.3418057786912807,0.2021501713563354,0.33633280016846034,0.024452554321949066
1.0955950036843953,1.5631241909061833,0.3958065887796578,0.029101627714556547
0.06953442798639764,0.13575683098540026,0.32418697268917085,0.023509770273328026
0.5737546452255333,0.2531478495207289,0.1508548010019734,0.010377378316640247
1.8726368313091133,1.8723658290196585,0.051051112569451454,0.003258858499620408
1.1746684558776381,0.3882737715105318,0.3794718903586716,0.0278196035592489
1.2352220793336235,0.9929940553013072,0.14247398209155776,0.009762279769182753
1.69297835506535,1.5703959533840617,0.4452307360609307,0.033002394029588954
1.9654505846427568,0.9895478791496635,0.18291192652774474,0.01275101206186706
0.36489068032482375,0.6497214701959229,0.268041714946256,0.019184756246392293
0.8904219827966326,1.2590066384707614,0.16893802693041596,0.01171247137204499
0.24384083909727905,1.5396305355372453,0.239445801001875,0.017005149603229942
0.17799256122514606,0.8759274348612553,0.44752396689757806,0.0331841391790307
0.9096882025892257,0.3155299381259953,0.4022190648408054,0.029605916357855613
0.24918437654998793,1.6270600581301835,0.18705343381850814,0.013059881920508557
0.042496578514510386,1.8645221571720598,0.3724084832177379,0.02726640293463485
1.298351280265905,0.7603533620652669,0.4950464060736026,0.03696446397426672
1.6237073040230492,0.6348719384776553,0.39754434484633294,0.02923823267432717
1.4749864651766944,0.8468443457386294,0.13011313620403117,0.008859663700172762
1.871057255334361,1.3273846928156012,0.47201165367914705,0.035128806258716616
1.7055993904697748,0.5139995373007187,0.38625054785399215,0.028351171548048903
0.8797259673228555,0.396937549151966,0.48303704651291063,0.03600667539737862
0.7008838537349389,1.8618067308527733,0.35116060889131234,0.025606700743600927
0.9830171629474946,1.1079402652154187,0.2508898838274517,0.01787538567096489
1.4003572618418343,0.10821781121343843,0.1275045388568098,0.008669915152611098
1.4640088156034026,0.3834531488128319,0.13766828882111587,0.00941068826325585
1.830237797717514,0.5155608112448533,0.49956788635494215,0.03732548565814468
0.3309788256415256,0.4382697406749909,0.08637143075458656,0.005717255284459373
0.20033660648277674,0.5323232502938,0.08804241847791275,0.005835574828532936
0.6206410981198036,1.9083203095347299,0.44880280272216977,0.033285518535979185
1.279367655636836,0.34138245713465243,0.4456061823245258,0.03303214481466177
1.1594479890845502,0.9286185316666751,0.0993193396758737,0.006637997587460529
1.9709239967453727,0.44969914644470177,0.48741879694564905,0.03635594713164897
1.4559781695164853,1.9288248787461109,0.4413554466079789,0.03269541311751507
0.5617889956103468,0.3254265519241324,0.06303252741074343,0.004082654418293951
0.34942249053550545,0.7595815310309533,0.4932453679813553,0.03682072169442223
0.2534277235496558,1.2420870650678106,0.09097401748020838,0.006043528933247883
1.0499640482093222,0.8580544101119871,0.29322138032429196,0.021117381483991258
1.9108383246947533,0.20236175338378715,0.3950526887099118,0.029042376508689023
0.2008658804202863,1.4970212250583141,0.41804417037912983,0.030852789374644765
0.7938328743027936,0.5266588273388815,0.11184061450344754,0.007536346295935191
1.4793364106212419,0.9400719926136671,0.4782097723236257,0.03562214380377012
1.3239445309118323,0.49525299269903633,0.18372548421825197,0.012811648717198235
1.6619959791092742,1.3539496267087692,0.08245998253507442,0.005440915170528803
0.3378165912911286,0.24291874908397415,0.21415285295469066,0.015092171929821532
0.6909561895131895,0.9757812361977292,0.4460713678376802,0.03306900903804211
1.0783335499994005,0.10912466497019269,0.17581555368366225,0.012222897752967978
1.9287682486397542,1.8992793159413897,0.17059714300015436,0.011835476233475759
0.6500062309035057,1.6598945920234638,0.3828485897901772,0.028084316014038064
0.7397128667300497,0.5900529420012881,0.3450232243350171,0.02512857129347334
1.153365088455466,0.9154844942765521,0.32499072193545997,0.02357208464605275
1.2004425597821509,0.4018643711123526,0.487697724963955,0.036378187993316116
0.23075062865024987,1.7062617103346964,0.3526154054550041,0.025720120782776256
0.49908812656417356,1.232031781292219,0.1534509560716878,0.010568404659431724
0.3772260674156451,1.4824955345043658,0.2764248587443957,0.01982685584166641
1.5412152729870592,1.9274154861188968,0.20924592080924864,0.01472279504146887
0.3165241968911787,0.8367970602196351,0.0842090170593828,0.005564373507243668
0.9892283373174706,1.6637023903125079,0.4887983686063072,0.03646595849021357
1.4199150309266322,0.37463485871015556,0.4588315773785892,0.034081233872003014
0.1635058986054323,1.5709782442171938,0.43013557094850974,0.03180768498544876
0.6062754348646848,0.8616696560064685,0.3631579052964895,0.026543001096132786
0.9144720007983271,0.9739470050724592,0.3017982408501297,0.021778355837678013
0.7098371779841068,0.8787948307540345,0.05125553657683604,0.003272810285867056
1.6344369955863836,0.7014267992089822,0.4616992767269837,0.03430898827787164
1.311562949033745,1.5289989975178468,0.4042385540986997,0.02976484794249323
1.6093899714411408,0.7200084054784839,0.4686303535911479,0.03485986062024872
0.7015218470873192,1.7758716533257617,0.4352327227111542,0.032210781310810406
1.6098614904196473,1.4507609681219606,0.44865254663887416,0.03327360599194645
1.5181232862735186,0.6688934230549446,0.4435415575514739,0.03286856305391175
0.6481824106317737,1.259145968777915,0.06320120297617017,0.0040943345526510775
0.4075684101332091,1.0974280693914074,0.261832720006372,0.01871007380152169
0.5227548943264271,0.512411961548336,0.4560270152361068,0.033858588836295785
1.5791797401798153,1.3384265238853266,0.48196591748085404,0.035921328285358066
1.0181844935373423,0.4769934405638776,0.3591953567207908,0.026233513852775465
0.72839650085888,1.7564593382182094,0.16529536079194035,0.011442701886896296
0.4046997375336845,0.8996382187286203,0.07197312753369482,0.0047046038951262335
0.8673138811425414,1.9206030196735109,0.08858763861992094,0.005874214539907346
0.5373767419970701,0.4936880972195534,0.27268373886875136,0.019540139533582218
0.6686179101854646,1.790832675067193,0.18958495590385688,0.013248913722892646
1.9911532366529847,0.582156959712671,0.46762786776373083,0.03478014946487113
1.3732663388120872,0.9782756564872157,0.13810305253230232,0.009442461812800137
1.2096718455773083,1.4870506420851581,0.3727533140927751,0.027293393128360495
1.7697312343288973,0.5516223598132084,0.25305924274798913,0.01804066196887581
1.9885659694318492,1.0886090311640382,0.35549322133039585,0.0259445784204109
1.2328790194756023,1.849927718432455,0.2574695547178495,0.018376969760556396
1.4562018606552185,1.506339426482428,0.11113476537282255,0.007485512079586394
0.7953744587418321,1.9347181024035565,0.28773213822276783,0.020695051131778733
0.8918435029544218,1.2643088308297534,0.11126777699618765,0.007495089681970503
1.8767512429900888,1.770025960621222,0.308676469700917,0.022309364577761327
1.0815334338391516,1.8471144035658065,0.27968967365753017,0.020077287544519325
0.4077724438802284,0.7364525483317408,0.22307076521994051,0.015764969444591805
1.7297624098534476,0.22290175371933119,0.1434362933972194,0.009832783152363559
1.5882649277619154,0.2547372755951176,0.18931673070282035,0.013228876733110139
1.683127772222426,1.359118840684547,0.14318493865780585,0.009814364581892908
0.2635808841310563,1.1626858815130015,0.21725961779386355,0.015326341416876492
1.83823209506791,1.3032967858334568,0.15547432512519097,0.010717440032973357
1.7096687297976436,1.5054768817365092,0.1447047154413703,0.009925763466564933
0.390042725379133,1.2046509033880328,0.3020297619090305,0.021796216110231557
1.204417244025685,1.6099164652275466,0.2130932207681931,0.015012356571267262
1.1982077294191087,1.556071840695497,0.32551725059518904,0.02361291197912953
0.9237177519559774,0.5969161438740875,0.13051917042106959,0.008889222251130141
0.641012238332686,0.4558207568852408,0.38802475842311573,0.028490408173536312
1.6156217001439501,1.2309534634252908,0.43663409067269854,0.03232166248106087
1.0375518298720998,1.3450304202599066,0.44538445592198067,0.033014574755429224
0.6969071236446767,0.7534378445729313,0.24670895824454697,0.017557133515593917
1.6849298059347546,0.8223222815366631,0.2588338125757289,0.01848108191699342
1.2677778376299893,1.2805396442082915,0.3876807109689964,0.028463404552850333
1.3184072401843465,1.4432733982257404,0.37545148534431166,0.027504640557536857
0.04946035334519805,1.3778921780922622,0.16292648552207134,0.011267486566663541
1.9328691922496115,0.786043213349392,0.28661019758650214,0.020608799520636215
1.1304121828169378,1.9370404975959274,0.07607026478182735,0.004991449606847086
0.4021137865473854,0.4429728543927003,0.4849135251748159,0.03615622389371201
1.9310768914925887,1.4281975172925407,0.42725632405735453,0.03158013186291457
1.2811584113629755,0.4578978557676576,0.2186838509613776,0.015433769121479701
0.3854212417709968,0.5030692376449237,0.3983870901786032,0.029304495711714645
0.4650766199205514,0.32766888545141937,0.39323490608250306,0.02889954377903457
1.9582591913402467,0.6946806770924974,0.10120473283770134,0.006772790039763724
0.5061882545476943,1.0808755008452673,0.16112547640371122,0.011134391258037802
0.7437149499250144,1.6255876824342037,0.4244978412049111,0.03136222219812817
0.5053787667129799,0.6294742477344564,0.12088181440322249,0.00818939482809694
1.2755379597595422,0.8549709502714467,0.13498634852368224,0.009214839644197094
1.1679469851969115,1.295469722881001,0.3065162677799191,0.022142505195343474
1.9377512725577302,0.3616855236034726,0.4673400760658834,0.034757268317247236
1.9717232407663075,1.1147191513188046,0.13982821483072053,0.009568608552042264
0.722431206247059,1.577944544748438,0.2406196801177498,0.017094284476221303
1.268134607444208,1.0479697936091539,0.32484747214909987,0.023560977765221078
0.9596620487305998,0.27887867584896964,0.26577710358019446,0.019011536122392373
0.9705869419604407,0.517121304040493,0.1332420143336942,0.009087603385837828
0.4952124767511654,0.46218979530650284,0.3913704764276337,0.028753093068617366
1.7660418180595507,0.8759086153644031,0.3073079483298188,0.022203647185838678
0.051583821892927206,0.07892390193045284,0.4119638616961014,0.03037332468908257
1.3315906136089122,1.9313863426915008,0.35377702774940295,0.025810707322621904
1.4637616164612761,0.1606440816193171,0.4409259497083007,0.03266140195379266
0.03936023015049672,0.6735187124090309,0.12836843467845122,0.00873272526545061
0.8941242345449667,0.22146794982378504,0.205449632889103,0.014437432707182351
1.2311371525108736,0.6734403387539873,0.21872969671227538,0.01543722799930883
1.5211009333332188,1.393739299323261,0.49099183904431487,0.03664091677577158
0.7983498476765902,0.3702037886673861,0.13510011674713637,0.00922314215097249
0.7913485416898158,1.16297797713235,0.35813247991786495,0.026150539856557773
1.8061909104307856,1.9087531066191545,0.3064374497400968,0.022136418624119577
0.05978739802541977,1.869662487206964,0.45943388854860623,0.0341290616597399
0.8819844661750607,1.9806890797510934,0.22476310581110276,0.015892857310992332
0.5252441238259071,0.5938827357054861,0.30888899280738824,0.02232578475536767
0.6025731022474543,0.6884084638699735,0.16707559478296324,0.011574492207831955
0.6756344699720975,1.8107680436937919,0.1678736338907772,0.011633602385704784
1.2746141354149028,0.5110507267798969,0.2469530110412274,0.01757570065522055
1.0056427605507376,1.8748663417725955,0.20803521865166874,0.014631748924182151
0.8044022857507955,1.4057698526682731,0.2670348927765338,0.01910773189968295
1.171825864915102,1.9787975139258707,0.19732844783136116,0.013828202221854498
0.7184980345832692,1.8248149312062105,0.48294947700194457,0.035999697404908895
0.3657283836254599,0.9239346942525619,0.09963633654030066,0.006660648396050508
0.3048409691482017,1.3956979806757432,0.2185449164971352,0.015423287379594338
0.3533442939970268,1.821124293527069,0.07769194757251602,0.005105283760491512
0.13473754192060672,1.312234546663402,0.21228555373033903,0.014951538528177934
0.0325222067613935,1.62486749237046,0.44537773531333286,0.03301404220990704
1.6937873938546024,1.0983776162775805,0.19496658645169052,0.013651342845762153
0.56232585812218,0.9599985527564452,0.43389629298835003,0.0321050612275239
1.3009886706074987,0.8709909898515185,0.0877705957606019,0.005816316932963053
1.5802427216193746,1.9393218528675522,0.30428846648793156,0.02197050924431135
1.7201595120073918,1.8336800555801145,0.27962234772746203,0.020072121179744083
1.785293286666807,1.655427191864254,0.43043262803860094,0.03183116804479195
0.6206231779535767,1.2617645731849532,0.10490957811854945,0.007038162960338877
1.5141343670308394,1.8567186152516975,0.40308111540054076,0.029673752070095337
1.2163554224097808,1.9481179813721274,0.4713144080574841,0.03507333704264526
1.992781152691219,0.2581400496646118,0.3702627977679025,0.027098497190696333
0.2461448462751803,1.838031401228554,0.3415743772478869,0.024860147600012414
1.0123138079269436,0.5159417589967288,0.4876026058286543,0.036370603387589635
1.8449211844644633,1.712295468093893,0.2928478100730448,0.02108862238176602
0.28711070735805855,1.8225536190726006,0.2212667229330469,0.0156287141462653
1.0352873986822648,0.782250112346752,0.05213195275318242,0.003332668383520332
1.9533561232075756,1.0204706897101121,0.09309025076674529,0.006193933280667941
0.23535509540174693,0.07560107429050311,0.09689973280494632,0.0064652715481569225
1.7869549485150096,0.11946294175397232,0.26421060222399306,0.01889177395614232
0.7925034905330821,0.7649982823416235,0.2430396758984738,0.017278133908341573
0.5767412045253735,0.23994888879727316,0.12023239016952522,0.00814237117138712
0.9748781648408675,0.09184668189028922,0.4096467379263515,0.030190735222398124
1.8716608299089592,0.4214428308383624,0.38259914541574097,0.028064755581486335
1.764259724237192,1.1896202857612488,0.42176644417555426,0.031146548459062715
0.5849452638736177,0.8559651845906373,0.40061721500157227,0.029479891674709446
0.17701001821441253,1.0723407595686836,0.4142955848424152,0.030557136134189446
0.6620126354428733,0.20773528535699937,0.23225955477394633,0.01646014663373661
0.16601394432920946,0.10424150984340308,0.2536311205870663,0.01808424777396911
1.5835111308561465,1.3949386510201884,0.4887677919686593,0.03646351998111674
1.7791204544905566,0.8748763663904264,0.2518779825052113,0.017950653471785857
0.4698252370064693,0.4975141332730284,0.44543605764175265,0.03301866372867348
0.34969462193382594,0.6848439246755407,0.15853014638794266,0.01094277606834319
0.24002696029247295,1.9817669477952817,0.3562494193703308,0.026003579559526684
1.7584368678046154,1.1901892313155336,0.19598456184159074,0.013727552197563952
1.4133108618484909,0.11099335886422668,0.3849164592818997,0.028246503901078693
0.5272339005480782,0.9098965001318817,0.1119201257397306,0.007542073968233816
1.810551230383436,1.9132498088610028,0.2330230242912334,0.01651799335075526
1.6776645938656245,0.6071567041461186,0.21604233045618176,0.015234561810558168
0.36532722304017007,1.4315606525609665,0.47829962784305485,0.03562929908792145
0.4987800625865506,0.9242723750234352,0.06356441541071776,0.004119492913413685
1.0164748314486949,0.6541632149325733,0.1910583819183771,0.013359016580361168
1.6050761504251276,0.5531125755627493,0.15852059682758807,0.010942071414488816
1.0872177038659891,1.5537742674468338,0.23469522959546868,0.016644738989305134
0.7848873523903437,0.2646718506379715,0.06703603989322343,0.0043604524993979335
1.3907428797483494,0.42912769335443146,0.0878139879732268,0.005819390876772244
1.8506426627098937,0.708353947143088,0.09292648757858815,0.006182285855223883
0.89447568266246,0.7329712057143749,0.3518817756543937,0.025662920892368404
0.26064037264590856,0.4190276491718192,0.48773706284337115,0.03638132474537505
1.274086351568528,1.5128825661935086,0.2436413440266102,0.01732386287966653
1.35337279756632,1.8837003381460715,0.250079261888428,0.017813652317778064
1.9663949301444974,0.4671123478051895,0.25792877960074867,0.018412010869722398
1.2908081316774782,1.1284958254605995,0.1965272177501603,0.013768188569957105
0.45266677960080126,0.3399441830982224,0.2930798788968761,0.021106487776090435
0.5324703622143914,0.3417546631354398,0.4100087891816025,0.03021926019196319
0.29813236390654585,1.6200778132496638,0.26635078245609184,0.019055407222697218
1.7269326023468214,1.5836911188746539,0.3536682837599995,0.025802226291866855
1.808048375847743,1.194497338162541,0.39330263944524524,0.028904865129327103
1.6409646965250584,1.260405160224708,0.05485585245966869,0.0035191460096453573
1.7692627291938317,0.3576732216380043,0.1977830496320196,0.01386226023987594
0.7408642084382622,1.4167035247050455,0.4176540146171091,0.030822008992649988
1.6419359312930613,1.2787506908899127,0.1247507698538103,0.00846989741848585
1.894523436259018,1.5425367272869415,0.370104628553187,0.027086122669880402
0.9699556832658811,1.324409899765081,0.19716652500577841,0.013816072537402595
1.6805771860840155,1.3084156084143035,0.19524228878388805,0.013671980223284664
1.8667601499609066,0.7607872558814464,0.4903970294439558,0.03659346750153382
0.9921871277076284,1.7019728681263002,0.35770526636079264,0.02611719400597393
0.24347065171066395,1.7899859616718687,0.46574948723044823,0.034630824617574656
1.6106858970308888,1.1236579457490872,0.45055249341102477,0.03342425706672785
1.0952372557279875,1.33409323495137,0.43017812101955466,0.03181104859966675
1.958724786583026,0.931579212461227,0.44373068356573336,0.0328835454668958
0.8612152337859751,1.2363145827185391,0.49068852739245616,0.03661672044017056
0.9017783131787942,0.12699385909874494,0.2872759720953808,0.020659979570234657
0.013450444448928733,1.0823655464872632,0.1177923677839904,0.007965850806047267
1.5715592981268351,0.8057277167070052,0.3675741845092126,0.026888200658296994
0.7748951987315187,1.2390468186523438,0.30087348157226473,0.021707026394978846
1.0730817780717106,0.9040959603243808,0.2580887435798906,0.018424217916640517
1.4483817452837802,1.6460477441352466,0.4927455224029057,0.03678083503616039
1.6982346734801994,1.2989612070443841,0.2570557655723976,0.01834539931397123
1.4846293449965302,1.3819015638340915,0.11876495339620534,0.008036181344370804
1.3285336134393688,1.2590065221914561,0.22782460500079305,0.016124379166685184
1.0098886167976615,0.06556830096748545,0.2888448430503086,0.020780615643640907
0.5627954935085315,1.959658971327411,0.24238929246611257,0.01722871118162399
0.696272197689672,0.94772740612363,0.3255043448684877,0.023611911207201634
1.7064191461232006,0.2407225590950255,0.4967519939462986,0.03710062156838192
0.5403526741757787,1.7131493758468188,0.09876923206258095,0.006598701845973078
0.04282843908458123,1.175365584033277,0.13757315090504424,0.009403736284188094
1.148406095672442,1.5807496823513978,0.3631571804487127,0.02654294446190163
0.2363081898049506,0.6802181072751752,0.4367846711488989,0.032333578401317495
0.3804811219236468,0.04149619020255879,0.13488095769732641,0.009207148928689044
1.899516438730493,1.11712805977596,0.22115676250510452,0.015620411551841908
0.854588680812365,1.8888980321695543,0.11204678422449835,0.00755119852004105
1.705545175048727,1.8313421850789378,0.06341109719426502,0.004108871923451658
1.8121452956155675,1.6474433359752891,0.4133148322468057,0.03047981396689742
0.15375624744849103,1.686475390713923,0.0729722628881811,0.004774453150141116
0.11043298747794017,1.3962104315683002,0.3017044823832879,0.02177112327955373
0.20552555264358263,0.6133137250202385,0.13220955010814606,0.009012346802824627
0.6569885448438311,1.1064833868833979,0.39386001319235925,0.028948656599375646
1.366839434536285,0.5760383617648297,0.2607009809885277,0.018623634604748564
0.7216854771213776,1.1592872622224402,0.4737755724469125,0.03526915964038412
1.164404326123373,1.9017791076572679,0.11598492498880693,0.007835255907647626
1.3357184205924184,1.7633694454092153,0.1484144461933008,0.010198022478612657
1.3580705328082756,1.1475881732070439,0.4467554350466811,0.03312322364039507
1.4899283288938587,0.13670419002884282,0.07638638558637523,0.00501362670541798
1.455995088503051,1.0285455294594328,0.4736908117904992,0.03526241448773407
0.2792621271596587,1.8812141688331983,0.07795681865299899,0.005123892079821812
0.17725876011536168,1.3889291792491647,0.34644801088083044,0.025239516557573255
0.6375722710012055,0.4180177376959897,0.4169821750815497,0.030769010510708378
0.6228093076298815,1.3381646070946798,0.12192127209635745,0.008264696365146693
1.7758063118207585,1.911450225711125,0.36744885140471495,0.026878400002629445
0.427539242747772,0.383162150564476,0.3614651098820467,0.026410759904659784
1.35560377857249,1.3428487013360668,0.435336005643721,0.032218952580421546
1.0457102660625508,1.8393588844618292,0.07684212092298157,0.005045609444977491
0.3324479236939135,1.481646004995515,0.2712706589098877,0.019431912666692107
0.28851968823813534,1.828669504578598,0.46748522239444257,0.03476880819012713
0.5924181188442468,0.17163033811036832,0.3748483342622667,0.02745740904204132
0.863390333372513,1.5571972615559604,0.2453684917647856,0.017455175634521047
1.1332318784908566,0.6155687209832259,0.4729940552270847,0.03520697058290724
0.4232405400445074,1.9119892456905871,0.25177454347261746,0.017942773111774068
1.7312331353844579,0.565202363954977,0.3645957671135459,0.0266553602927522
0.9509218738684686,1.6944045893650856,0.3970433922839837,0.029198848571455358
1.1629851854912194,0.3142240071100395,0.2183233957975379,0.015406575970565627
0.5550198478302228,1.5372773084753206,0.2739323344265289,0.01963580086367938
0.4519759631097908,0.7469395367013878,0.42127012722370333,0.03110736912243719
0.07948450800860551,0.349922865354082,0.14965970169088486,0.010289518315208487
1.382844628678953,1.7350148513585169,0.16493497103673949,0.011416034198616365
1.6412645270788604,1.2050300946461097,0.12799812077223205,0.008705797766704243
1.6828801617157856,0.17063089106452778,0.38443437386009305,0.028208687416806003
0.7747092657672825,0.6732857209999177,0.4144273710811396,0.030567527075164743
1.1595720618804184,1.0425348306809628,0.17665994297102783,0.012285661541841032
1.2594570950751358,0.8507898743053353,0.27758214847564305,0.019915603969555103
0.2122819394497255,0.11212102255006062,0.26252981993092217,0.018763329266435678
0.22600006869619693,0.8231572855694747,0.12856788140906222,0.0087472303226675
1.8002886075784752,1.6119149978212521,0.2912817327104848,0.020968086352756564
1.69960455470152,1.4165121166784067,0.37756050980268074,0.02766983501766043
1.0663713743404926,0.4907775885478607,0.4192329373254864,0.030946586441151204
1.578945277182598,0.610828130693182,0.33020828313371997,0.023976857685680038
0.6563446231520258,0.3890268015367584,0.097595142501197,0.006514883911318602
1.9139836241628079,1.646955735163664,0.3672100812382554,0.026859729562849925
0.9674339939600409,0.036532177755560724,0.16302869010993906,0.011275042582388886
0.6845073536448216,0.008504022381667475,0.3182949214450879,0.023053288864875912
1.6918695929743373,1.8178072673330576,0.15753399999067916,0.010869287094712889
1.6685664085570915,1.5375711779113794,0.058668907807417625,0.003781256064486361
1.0052441485872274,0.779886655359576,0.3811696759781632,0.027952679277764247
1.0378757080396324,0.06771635686428179,0.46552911313520506,0.03461330834863963
1.366611434155334,0.48792322677913624,0.08920513171890063,0.005917996045604571
1.2577918522077605,1.8893156329717178,0.27507322666406914,0.019723236800769053
0.37350387032452304,1.7300100416339896,0.1996823329929795,0.01400460971762807
1.6344623694930898,1.2511689993026014,0.4017513614802152,0.029569116459221778
1.8883289301770547,1.138196843954547,0.08345637288592259,0.005511225036266707
0.3884900505504332,1.5184822904612756,0.13326264897733478,0.00908910786152404
0.3161825416534094,1.93731813855894,0.47352475006184797,0.03524919973346784
1.2606537563617979,1.3909892664506873,0.20261332602929444,0.014224467952599453
1.3389296955606877,0.7715103242543713,0.291461762058371,0.020981940373045033
0.22245492730259087,0.8221279053571537,0.09306557445532945,0.0061921781223431265
1.3501850214720477,0.537158177714337,0.2257736087253115,0.015969251354612038
0.36465007843391906,0.9488303403380767,0.19439175352517968,0.013608320874171327
1.4883600637043,0.588732869440318,0.43896423577819216,0.03250608610085569
0.2662368406800477,1.963043851304683,0.2657122982355498,0.019006580656161454
1.4056134586946647,1.8823400349693375,0.25560698867911147,0.018234891132059523
0.8959076164040027,0.9686334686094593,0.48567203582817553,0.03621668576500851
0.05213002663038102,1.4696648637556515,0.4925013826349577,0.036761354194965186
0.4704933119615007,0.39207747798122083,0.19655184435601808,0.01377003289830674
1.320403122120163,0.07604207470801128,0.4056216478825274,0.02987372753285982
0.6840419525721142,0.48442903175724017,0.2560830223662487,0.018271196741417844
1.7946284022415881,0.8040805082170146,0.24606773364131324,0.017508356233331333
1.619576564691652,0.6489069443464845,0.13084253595960268,0.008912767212979254
0.43539692357933557,0.45088529968987223,0.0850070633293947,0.005620763885743985
1.0237638670536118,1.1279786933206546,0.3265326145036719,0.023691656737586983
1.4374483156386029,1.1699206890044107,0.10776868847113347,0.007243400850209721
0.709803290720783,0.3792421243313393,0.33122597770954887,0.02405586105230897
0.9873482042581425,1.838829830680567,0.3014093114081241,0.02174835470896634
1.0253134359401883,0.38675782949864645,0.3716076646297322,0.027203728865678827
0.022265699019824448,1.069637384836537,0.14737418772138383,0.010121629491071203
1.3917739456698746,0.7467392399162454,0.28644414473322605,0.020596035825535066
1.5562735167357487,0.45897610836660774,0.10592255592421662,0.0071108347793099515
0.4437222305016937,0.6159177959348503,0.14837215355812788,0.010194915931314528
0.3751680411799916,0.7195380004536844,0.09798371353692839,0.006542616230259247
0.7570604673450649,1.1159967420415782,0.11707779985875871,0.007914203798216998
1.5496196093445505,1.223334876282974,0.24814449715712306,0.01766636513805011
0.10601546104924986,1.5244937791296038,0.10075551111664582,0.006740657974604149
1.7444297178742516,1.762787929920001,0.30004209144508986,0.021642911704333728
0.184006112505968,1.8602139862611653,0.1153547210888758,0.007789754076451127
0.7002197147470677,0.4715708667356715,0.3348989407473042,0.024341131199962007
0.5315681557009173,1.1297301446205146,0.2577353079930755,0.01839724751266493
1.7047704931763703,1.8243001253952422,0.06712608937646128,0.004366714343590061
1.6275021813254147,0.03857200384358128,0.14208753561870685,0.009733976144071052
1.788599894075687,0.6565786219897636,0.2883426650179441,0.020741996455180996
1.1567356314289072,1.6011918482981071,0.21388741970256692,0.015072175966365153
1.8091146174720494,0.824487987475804,0.4930817242351584,0.0368076629498354
0.5888029065442364,1.1460463358324442,0.31259542456249223,0.02261227978901948
0.5809378533376142,0.05107347893505554,0.47986680914462176,0.035754110191481545
0.17789313524581307,0.9870141308590341,0.2520947869219958,0.017967171141623123
0.2508078755212044,1.754635103667952,0.2961507685531333,0.021342986249276216
0.8773863239128468,0.7070099772710745,0.4455886607282468,0.03303075634513784
0.9817667995056427,1.8131595783274277,0.19960410393866673,0.013998744673514366
0.779710884000637,1.7919381028875585,0.3235982759512273,0.0234641356009845
1.706812172701524,1.3778352550185076,0.16891987205668715,0.011711125851131609
0.3130826772118329,0.5545979460000694,0.37196057396307336,0.027231347286898848
0.6539133339726908,1.9446264746701944,0.44147936956218065,0.032705226800135344
1.109649092936863,0.7159874053027577,0.3237687750556313,0.02347735178451533
1.9931973561888314,1.7726759014465217,0.23604263296298267,0.016746911465496492
0.7505655904942532,1.5820495133168984,0.160208177603949,0.011066641876588398
1.4587184549250805,1.6649356603857524,0.48449818212383317,0.03612311912284291
1.510273771598407,1.8586789378503077,0.44740828170606145,0.03317496925243612
1.9102492681406817,1.490668071615443,0.1711483223529658,0.011876358313814811
1.178042582654822,0.5880719824672316,0.3575219746210145,0.026102888141683798
0.7094228863464427,1.2743741973952871,0.2269899202774246,0.01606123582146931
1.902208642255773,1.934746191658707,0.21210026470330073,0.014937588349574451
1.6563670378273254,1.070953284640585,0.29636954284136685,0.02135984119549468
1.0821683940963798,0.8532271958585529,0.424636099963089,0.03137314179430851
0.5763171553195705,0.2047624042446341,0.09424899051653945,0.006276387271409998
0.8689034558022499,0.6452589181423978,0.4065797879278688,0.029949169039437357
1.5918638091554282,0.9536625502716476,0.2434593679367517,0.017310031210535523
1.2279473634606364,0.4207897288291249,0.26668245548083996,0.019080774319377405
0.7793149725094852,0.13316539035554742,0.36659838406118767,0.026811902220485427
0.8242036166752591,1.5331994537434461,0.3473841389150225,0.025312428113503312
0.37011554970342186,1.3353179347175144,0.4806360785211481,0.03581538548752655
0.26150318185860955,0.1665583119991627,0.3441184209606614,0.025058132475716678
0.26691971009223403,1.9328047465787603,0.1387066913963106,0.009486588594504195
0.6641193285385232,1.431112684147673,0.49153933589038723,0.03668459531304523
1.320089437828671,1.4195746536246558,0.4861316182208147,0.03625332284625591
0.48668318168264446,1.2274850378641387,0.05770004566784195,0.0037145417553215835
1.9022339435201547,1.8795936075021562,0.18165206597008904,0.012657147991578497
0.28780396259081664,0.22753876273873264,0.332854680191552,0.02418233163980879
1.1842371913523455,1.0642487188820557,0.3544293672304531,0.02586158757507857
1.6541788431214464,1.2313124479776385,0.41462165992117994,0.03058284657049229
1.8223863925328574,0.2530140806049477,0.102647192560645,0.006876033072526782
1.4913921107153583,1.8631928942276836,0.48061861298868086,0.03581399421485833
1.8819583640333408,0.6814662772436013,0.36614619588112085,0.026776550097205542
0.14264793418489785,1.6556097205290934,0.11822926708664719,0.007997439347911072
1.5350218851159365,1.8580491153387517,0.34451385265122303,0.02508891520812567
1.0947029372584103,0.2234523519575753,0.2918027569249441,0.021008182989397748
1.1482353240901328,0.364264702655799,0.36525186605991616,0.02670664016411521
1.0921736992732347,1.6319514121932521,0.07785518420888443,0.00511675131145816
0.6165888778873934,0.09936292545496306,0.09112795231626934,0.006054461274734777
0.21953014503993806,1.65174660539799,0.2365013502567651,0.016781704811178022
1.6242272346967448,1.99169808432042,0.4917494509549422,0.036701358892383136
0.35883050801768834,1.787582249002389,0.30423173607222165,0.02196613054110221
0.6354406266415378,1.1390782362306033,0.4182015647601,0.030865207179547095
0.47470700134785604,1.70273189213576,0.4845154398240334,0.03612449460274953
0.9353219838135238,0.8946248567146688,0.2574697870741194,0.018376987489388756
0.894878937727593,0.8444099593704306,0.3316996001373053,0.02409263395353608
0.6991385091292046,0.10489628534314233,0.11841249237826215,0.00801068923852236
0.44340495125487656,0.5997212262793754,0.3204699937866848,0.023221733333094602
0.42313510813154864,0.01174283033561685,0.1668996222960511,0.011561460671431698
1.7989182784936588,1.4419453644785016,0.44924334235655744,0.0333204468128851
0.14114849220139702,0.8830327411336043,0.3620819130916526,0.026458939638501797
0.46000536479811904,0.8015513859236518,0.46381571719351805,0.03447713989932004
1.4845226311495414,0.051159412775853896,0.4839784243802546,0.03608169477444194
1.980052531167216,0.9964701539961167,0.14769585779734135,0.01014524786847677
0.5010112817734671,1.6845456520798174,0.321090113418885,0.023269771831323137
0.6685751309024803,0.29061704525883547,0.06607225043427785,0.004293469182539454
1.0425200556385121,0.5545939882050981,0.22744261330265908,0.016095479763780743
1.767056000296853,0.8189168717076476,0.4335855369344592,0.032080481665927876
0.5453509203443418,0.6179084091340199,0.39976999353263093,0.029413251024582227
0.8261746728921093,0.15686265106634423,0.4185870187276383,0.030895619361085078
0.6849494445298061,0.4935301781155612,0.2531397637761301,0.01804679848738941
1.646246511606055,1.0900084018555745,0.13967571408665871,0.009557453096854305
1.9691931786068388,0.15179218012590479,0.3587471949567066,0.026198525817436456
1.2081174378601538,0.5293311048221263,0.17147891863347062,0.011900883665149381
0.7930160717799217,1.4782341001408892,0.1433522032746834,0.009826621015888597
1.2275672920142806,1.8763454627515546,0.1472236795807937,0.010110579767845221
0.9842441901132992,1.410254488391312,0.385243663772225,0.028272172839819677
1.5490114441989493,1.3282016047519651,0.2822716358090616,0.02027548317916326
1.1214801114441402,1.1091734398359658,0.2552329812734331,0.01820637002205293
1.9287528087115264,1.862850248977514,0.2826860217242086,0.02030730379998111
1.2474276171194714,0.43823538246700844,0.2803739215458359,0.020129799283907363
1.1376400474353217,1.3914515815538318,0.15507114704156572,0.010687732395484484
0.12175319690845643,1.3975781714459543,0.4341636291478878,0.03212620742105146
0.2290542006553824,1.9873720611684345,0.4401284250830118,0.03259825333536399
1.8112419099835668,1.8992743065858666,0.49514331771189635,0.036972199593319675
1.0500481590551243,0.5475414961872485,0.3755227191258876,0.027510219073690653
0.74882626552964,0.8856021132949505,0.12783783826714396,0.008694144436903771
0.46319093921092835,0.9000835837792083,0.47290233269971504,0.03519967224801607
0.29122090255109123,1.4166564861477504,0.22417099392579082,0.01584810464232836
1.4632591252973999,1.8696216230010934,0.1548171682025731,0.010669021039653918
0.7208340467733947,1.164500127867304,0.2194503869441946,0.015491607751398045
0.07982239697573257,1.5965823592862456,0.3639831844056296,0.02660748734329184
0.27408935317222394,1.6500557511611749,0.12464400054922717,0.008462148408719233
1.0613997454465787,0.2967627834261115,0.38995630932390835,0.028642042511692258
1.5931941954226412,0.49431553460371425,0.2796806638325251,0.020076596155965794
0.39692450537382906,0.48663468786760955,0.05318048398362912,0.0034043729103971822
0.16002718325506438,0.4697576923192859,0.0765923499741808,0.0050280793139354
1.692385455519568,0.05942015498967024,0.24885097955745467,0.017720138132845054
1.0264698960082608,0.9083945314818809,0.1328981125527257,0.009062531811811401
1.1133877828846264,1.1147300511018319,0.4563511357484693,0.03388431488876628
0.8124123427770851,1.908650842935907,0.18237960867564684,0.012711347037748573
1.9927496356763867,0.13668663060414632,0.22131997107450418,0.01563273476515506
0.32007446849442855,0.7140664271907047,0.3633188706093943,0.026555577925422298
1.8319655113286872,0.5187470638487197,0.11440244793999005,0.007721030841696445
0.26046845611611813,1.8354488419972275,0.2664061137974648,0.01905963893636
1.559555775499791,1.8028583384567765,0.48630158332667883,0.03626687276410327
1.1222381177253427,1.9129045014465575,0.06715205607880531,0.004368520119005207
1.3520088252274993,1.0170885736499704,0.30887310299080223,0.02232455703313799
1.844306012535707,0.03942070869105918,0.1551771048224269,0.010695539237065095
1.6478951215474906,0.9097368867306597,0.3107971619575412,0.02247325053400414
1.3972822844095691,1.799758727533021,0.48604926506862406,0.03624675762534945
1.3919658409097209,0.12226127316454827,0.39564016798198925,0.029088547548272503
0.7832314240631937,0.7864666046615341,0.2937398190563624,0.021157297395648183
0.26033631637058674,1.343351050868113,0.33878290846338327,0.024643024454723474
1.0923386116469804,0.580273957687538,0.4390028434812812,0.03250914234842497
1.1988369852870993,1.3836466105226621,0.24315471171744352,0.017286876446626104
1.888265897150355,0.9073563915305594,0.16744508905754107,0.011601857964524854
1.1187227787113154,0.9193876691615375,0.3356772592757269,0.02440160912087968
0.4858093616548904,0.4504700085761504,0.36961870140647485,0.027048107974811848
0.9734435328310012,0.8608821510908213,0.11060127828192264,0.007447105895357452
0.7378317327936095,1.096001174648261,0.25126989314736276,0.01790433022792778
0.5912587057449823,1.1283990435524145,0.1550013642066742,0.010682591081326775
1.8753544420674009,1.5943858517175293,0.38933695043431843,0.02859341474724297
0.5838232800002361,0.05564133766120816,0.2537002625102485,0.01808951790184112
0.38202185096011854,0.7048040710813723,0.46340983158607496,0.0344448880953763
1.7490155327614252,1.8467032872343625,0.17225710179483558,0.011958626207535301
1.1167847477467856,1.363458237995016,0.3745516772209486,0.027434180365114188
0.6233304920892713,1.9747359216802114,0.2647032758662987,0.018929434575258468
1.4593871058157541,0.1946851137214194,0.07688545985822433,0.005048651581352886
0.9428355079471797,1.0878447193616232,0.1240273658408644,0.00841740380307265
0.775993670159207,1.0095435926302392,0.19803442617246614,0.013881095276288018
1.169650426222649,0.9785854119033228,0.49039723753761866,0.03659348410093035
0.7333435036362932,1.9240671139617445,0.49695777911998135,0.03711705164390176
0.5609424667289256,0.9431746887078318,0.4910143667737059,0.03664271394043651
1.7221459154643985,1.5068321894720345,0.19959782314195446,0.013998273792048363
0.46395091849315384,1.6944639874646046,0.45491510062212265,0.03377034368263955
1.3998989270104478,1.7519431639156597,0.17670546101065604,0.012289045504607415
0.6201468404128672,1.935771943409327,0.18185198638610744,0.012672039779840208
0.18298582170929545,0.9554360992336917,0.08822946213981747,0.00584882874378325
0.005129931963586909,0.8860403984532876,0.06862977028901872,0.004471362125404269
0.90698057521939,1.7343904559256815,0.4412977687822672,0.032690845571132734
1.6473413769718717,0.7355597203035376,0.37295615804687626,0.027309270694934624
0.8433527702420829,1.147129210492436,0.4887841818690554,0.036464827086288065
1.349238867633371,1.4303770067129458,0.3297780243754776,0.02394346185920458
0.38870705140262163,1.4855695308948307,0.140730850417203,0.009634653659180469
1.3648735803899072,1.3682507162019812,0.33732745872417,0.024529867051233497
0.6733956811062194,0.4661244283843877,0.2567109748392799,0.01831909584645068
0.6538773552217148,1.0898900298871559,0.25537265629032896,0.018217021042230636
1.284280701375766,0.8748710885149842,0.3866050057488054,0.02837898519938534
1.9267847071118476,1.9924602430767624,0.1578593048905401,0.01089328238392218
1.5747966238395605,0.8634485025305976,0.3781827797518552,0.02771858800366796
0.5330658801030701,0.5955866451893141,0.30180366964359195,0.02177877462129113
1.747727586180832,1.160921322847013,0.4357689966542167,0.03225321028912449
0.9450514258193077,1.0447788433993352,0.4323092588986515,0.031979545931461933
0.023813587325591135,0.14590901470309459,0.3287297406552161,0.023862108760424737
0.8310723607235753,0.2562298798910181,0.36586792564848725,0.026754796395875677
0.07735876619327664,1.0551437275505673,0.2492438398343611,0.017750044744660895
1.8634012697450615,1.1665547384479606,0.13814872214712048,0.009445799856111135
0.7768958251094917,0.006748509933906188,0.12544681107451605,0.008520425292654135
0.5066460042216385,0.9915370888671349,0.14538939091434333,0.009975976273273873
0.18048246532419232,0.05500713299158355,0.47096036111818307,0.035045173086208796
1.9808446364836114,0.1873252007376376,0.4702868468878868,0.034991599971400736
1.559994823828589,1.9783676278063484,0.3293590097147472,0.023910941666579432
0.3158863636660645,0.42374454523092675,0.34962596640127547,0.025487090828267254
0.33087351014367505,1.6709782101772457,0.13307012918870753,0.009075071833038866
0.13428869869111226,1.3523291328711542,0.2491055644876577,0.017739518119313902
1.283983390958124,0.8770575880906926,0.13695025827431012,0.009358228078237694
0.581214775356931,0.7802364104083808,0.22779789762814573,0.01612235852414914
0.6587677664399676,0.6819777836607572,0.18874892108903496,0.013186466619317794
0.32275591290081396,1.8753436259496423,0.170275148162252,0.011811597444318067
0.5260890143287296,0.6528022751173261,0.3306770954327437,0.02401324937922448
0.13732905857132205,0.16261844067757947,0.1924188206684096,0.013460728425430633
0.30023352340664977,1.0480767945127516,0.498154929344252,0.03721264251070367
1.6615866406459285,0.5281588370047872,0.19628782708398385,0.013750261027496255
0.3351116142872277,0.09097794717818974,0.2695278463433179,0.0192984853810233
1.5371673346502424,1.1015321840803978,0.09612034862957919,0.006409697421264241
1.107248198190486,1.7533763947037608,0.050998216412140404,0.0032552490034012988
1.0481366921253832,0.4555281025965012,0.4731274065709309,0.035217581484838195
0.0811217762060652,0.5415400709380365,0.3153752645892292,0.022827306344544534
0.8500005563427904,0.0804149307030757,0.23087861735998083,0.01635554883301998
0.37891058388641463,0.5504871466284509,0.15940310013101078,0.011007202925316354
0.9146014065865686,1.6568909404740222,0.39277260968017175,0.028863225979865258
0.9733766681673621,1.8218992435948942,0.074357648124097,0.00487141408323872
0.10577844459628638,0.6478588508551475,0.09167703641472084,0.006093467198546771
0.836815554620653,1.42992193793564,0.06081108312405792,0.003929031229134643
1.2340630745515544,0.9772308494165696,0.0743680955665412,0.004872145759896054
0.20981623563115037,0.4730297040460778,0.09494169715561535,0.006325712594573507
1.1708668093261192,0.8664240332401449,0.4299506724049357,0.03179306888710133
0.6444193881678539,1.7012602289021967,0.49653539988947204,0.03708332900907994
0.7255078283343377,1.7973326414579136,0.278059027119178,0.01995218140509046
1.797538111952362,0.2293405940590818,0.35933092007559864,0.026244097891479388
1.1359441733021252,0.9443545507507334,0.12711960749391704,0.008641937908862505
0.8343720677663122,1.945529129162647,0.49927259938606167,0.03730190129880431
0.5889567208263333,1.4137317482854246,0.45485553366707515,0.033765616675362896
0.9640771467718452,0.26368576467961624,0.17921791508792867,0.012475922597086506
1.9878941167500692,1.426343795196653,0.15301662003684086,0.010536430366151345
1.9634136765977561,1.563971718046611,0.12530722566082564,0.008510290783660994
0.35151123509446514,1.3449801250959517,0.06874746192730558,0.004479559528509915
0.3047573843499918,0.3830459193180573,0.1592774246968124,0.010997926161639497
1.6917969226067946,1.66768738823466,0.29057894888911806,0.020914009821176464
0.9269423318004437,1.8667330681695251,0.08144069548031252,0.005369050246808461
1.9256817250048446,0.38220453950305955,0.3917400964677239,0.028782122857016666
0.11485117285307078,1.6010384942308635,0.431490621803717,0.03191481401114494
1.2183752707868036,1.7621603580191165,0.32294851165069777,0.023413773735647302
1.0255665025451595,1.3208803330241845,0.13538849978587614,0.009244189749799596
1.7008168361864375,0.1888029382111831,0.05738064878777794,0.0036925654655521243
0.4007246473413557,0.8235795334653988,0.31816866235248126,0.023043513395765675
0.8723516907010049,0.13114531423365694,0.30100427728105333,0.02171711414092481
1.6351057132308018,0.8015778726081726,0.17139579858247103,0.01189471708023593
0.18847129788802297,1.9059357998370514,0.4434243824349788,0.03285928075517579
0.4229714873722983,0.7591408437218672,0.06474060378661241,0.004201030879164706
0.9417552041916555,0.6165361026089455,0.22644446140765945,0.016019980871304528
1.0646982350436656,0.9599910308418358,0.12832995527239585,0.008729926972842682
0.15216091399481013,0.2764678241632821,0.46330832026757235,0.034436822277225415
1.7362567027960216,0.29665568867892955,0.24007077937165083,0.017052601655242357
0.6971540797120368,0.017321188695146095,0.089164967327553,0.005915147671820657
0.03614184347114313,0.19389656767265318,0.11119068441521254,0.007489538476153084
0.5196765225114048,1.3450958962385302,0.4169940712961597,0.03076994889982618
0.024608692547982924,0.9624517643632435,0.11981919066337371,0.008112461243648424
1.3491171081325724,0.4969324627395928,0.14562835623532344,0.009993505384190155
1.798951264464464,0.5230531421005595,0.40609813712664966,0.029911243547061633
1.698472060598367,0.527837482031096,0.3289764491646431,0.023881253210698332
1.8028964688128521,1.340547563817353,0.35710085830356364,0.026070022059119076
0.4591624440956361,1.734334979214906,0.2652199573408278,0.01896893558056286
0.8848314669750232,0.5319314353228808,0.41385598823332465,0.030522476938573257
1.2310245970186835,1.3185018101088055,0.4720377965496441,0.03513088615882381
1.7050666730830586,1.5148739676477623,0.12390374667042964,0.008408435521540763
1.4666721805809562,0.2724115655663777,0.15676462039186648,0.010812549380227977
0.25046052439866484,0.28782826607728995,0.3904919149698006,0.028684098849775984
0.0875657107544503,0.6237800768856323,0.31066443798431287,0.02246299142772058
1.1797161834391208,0.10249467615457997,0.4793404495248825,0.03571218750637142
1.8063628072558906,0.06458219289070621,0.10909995824507347,0.007339093381295032
0.022861708389824154,0.4079117948243236,0.40858642090686886,0.03010720592828915
0.33009977123820433,1.7193022368982105,0.3105574197159574,0.02245471950417057
0.08768644060710451,1.01762037410047,0.15023151765694093,0.01033155043834032
1.5297492122065985,0.3941096613608548,0.19634130756940343,0.013754265955405203
1.575728734027719,0.3695783698621995,0.48491938215395997,0.03615669073615515
1.66167744443488,0.6195744797735392,0.4685867514615087,0.03485639341745038
0.03416256410578633,1.6672940905767697,0.28165635640312264,0.020228241929874553
1.7778711660364885,1.8575121913153207,0.09998629610982585,0.0066856603086553855
0.09389359446326151,1.2863277727794213,0.19669440859930704,0.01378071008995284
0.7219350097347346,1.9178943151322938,0.201230421543435,0.014120706648516064
0.039812099132292555,1.9803229175901529,0.10804621412535757,0.007263342877881899
0.013496493602383586,1.4151494449212252,0.43931241381154645,0.032533649101662274
0.8615029076903877,1.248213635482178,0.30894814306826757,0.02233035502201631
1.7094946033926763,0.6795847371287516,0.2930761985213939,0.021106204441490077
0.2738343177632525,0.9969438649478266,0.2625540739519726,0.01876518234613649
1.383541910397364,1.4095381862355731,0.14159260531522802,0.009697734841691865
0.16567908237866247,1.0936514150345258,0.31498157853356773,0.02279684591203957
0.19306652078321762,1.193323317442985,0.48630722255659925,0.03626732233905454
0.12032057302455001,0.03051105270735288,0.3932968728739726,0.028904412086523747
1.0324420587673298,0.5840651866640794,0.3956548631925942,0.029089702531653574
0.05034553626029892,0.16439377733341254,0.40720232404012685,0.029998192523894913
0.747420712362284,1.7288414804589516,0.2689225319964083,0.019252157271095804
1.2628570362214366,0.2263109941880046,0.31298111625117186,0.02264210600774137
1.7595294785724724,1.014015566590536,0.3361311822990015,0.024436884908059217
0.7526541783657197,0.13793377678256435,0.4616518990886307,0.034305224722643156
0.40287705975667176,1.426039363168204,0.4309681632924407,0.031873506186809834
1.0251022072706033,0.5261469355396524,0.367527595619881,0.026884557526346393
1.9159924359401124,0.9482923459617352,0.41741139667722543,0.030802869245640185
1.9479432607930975,1.5973599842733341,0.2899746976986119,0.020867522213127036
0.1318871060484086,0.04965695186171226,0.14092350750324173,0.009648754012343197
1.4290171220079924,1.6473193622949802,0.39416154382339486,0.02897234889446162
1.4329798335706676,0.1899632769991617,0.381005418175449,0.027939802643661683
1.7936527961574993,1.2514341463433132,0.25536158086355565,0.018216176462816803
1.184939576538966,0.2682635731691869,0.22654185337246374,0.016027346461742056
0.9498666656427941,0.15670377370554633,0.08991817252589904,0.0059685780895002895
0.8660418068191247,1.0989899270775119,0.24751171204208638,0.017618210483287055
1.5509733511739547,1.425754248524635,0.3992400485284739,0.02937157162316685
1.224247531699598,0.051076472030897824,0.27861143759388196,0.019994557676670775
0.3142688751313578,0.5326386599452932,0.14733701106368802,0.010118900052785203
1.5567834018995668,0.11364075530403617,0.44403426462431184,0.032907595839019324
1.2980003647117597,1.4638071100556873,0.3376999899225166,0.024558827173783528
0.04820254068872232,1.6686263713404121,0.2077401776650466,0.014609567053248411
1.0934816847243394,1.1929518708270035,0.173752835768171,0.01206966275541458
0.30898971935923103,1.374885537527398,0.4448513765475352,0.032972334912355586
0.7274704440959414,1.712650576719935,0.49204637378282223,0.03672504908541193
0.0711693060732681,1.2224298262874798,0.42732957255748594,0.03158591954209428
0.5060381893863519,0.38984658863555643,0.06298495562598723,0.004079360644739858
0.8398221766106049,0.22235220716090298,0.26473889113733806,0.01893215724083556
1.3974733844599938,0.45868553982904303,0.13361489909065316,0.009114792959844544
0.34776296184080246,1.8207084559931446,0.13985999509094565,0.009570933389178889
0.006002051384724316,1.5567217407348337,0.11389475881602298,0.007684408260844944
1.7033753393448867,1.224181570373158,0.22510610287663702,0.015918785245605423
0.9086711302491861,0.5212809618617564,0.050679863613125514,0.0032335309007398656
0.32018801034618627,0.8397726062201978,0.1515074118582962,0.010425376548511847
0.5266506218870681,1.7998729888903373,0.414452934222257,0.03056954267689056
1.2559857844029991,1.698987248200569,0.11217938438646718,0.007560751876349517
1.0325797839493007,0.5892360933475054,0.4409157532213888,0.0326605945382817
0.27230235804880887,0.8661367312273138,0.1609374115689005,0.011120499088625058
0.5598443265006083,1.3940682216504374,0.411599943624887,0.030344643226106773
0.22347381912477693,0.3020221409775212,0.36653048008725253,0.02680659328801015
0.09900737709335261,0.21912208230827046,0.06078716075968739,0.003927378968129831
1.4847552432755728,0.4389550427194553,0.23220495553368797,0.016456010249323926
1.7821472274820676,1.816334388480401,0.268614665777573,0.01922859729785875
0.2779630476446002,0.9107163438599359,0.453357286208196,0.03364673551050354
0.22609793974626613,1.0774726370425822,0.3832379268016517,0.028114848026266986
1.5866136061993383,1.8083562094139058,0.2426994418441628,0.017252278335809786
1.4112633250709878,1.505745418950697,0.46426711989430475,0.03451301079373761
0.27464767324380013,0.8811229930187727,0.4276674598132739,0.03161261835409347
0.8960444294319152,1.5704467306587913,0.1439244763180604,0.009868562188146817
1.5227810454883928,0.49558775537114474,0.47459008754253185,0.03533398202960329
0.7956295611715583,0.24941813430259985,0.2680671997325167,0.0191867061539517
0.7466176722903315,0.16122892084175322,0.05222051461517019,0.0033387209280289587
1.6207798937337892,0.2792714335471549,0.4595355588891498,0.034137135434336496
1.7060064259022587,1.6935179840196053,0.3053238514533056,0.022050434699262468
1.8714354341727322,0.12399715602028216,0.4150305882957019,0.0306150918127424
0.39826123646969447,0.2905141828439932,0.4152561875918796,0.030632881939758914
0.4497082422338796,0.24562078082763716,0.37015268598759526,0.027089882450951713
1.3346626041499756,0.0964519053753401,0.13112229046408772,0.00893313999868647
1.5837631734509245,0.9897484062285111,0.4879695459314731,0.036399863005080385
1.213236027369749,0.5881475702799928,0.23596841274266062,0.016741282358460986
1.2001881665619611,0.8684618862948734,0.4908109095618431,0.03662648321177965
1.0917827984687365,0.3947264205401928,0.46821733888491124,0.0348270189494232
1.6967770120536123,0.7078851229913361,0.18466386327313955,0.012881611653968913
1.7152357383731573,0.860629202783169,0.4417711310789733,0.03272833267221207
1.8130118716278945,0.9220231072025236,0.23031495150512055,0.016312866884994483
1.1080724174336,1.502964542850392,0.19859739453042952,0.013923283115871507
0.9246533519581395,1.3412828142096587,0.29818166811008573,0.021499485041372373
0.8059429130066462,1.5541833371124183,0.19221818370636007,0.013445724875294116
0.6777418603479346,0.6965559006154518,0.3248935532437263,0.023564550628810358
1.0867000504912787,0.1200247648128232,0.3736300158767287,0.02736202104665498
0.7372316637776151,1.4374076480955131,0.37969733551558377,0.02783727202508801
1.6336126233600166,0.5082542326698283,0.07673293435765836,0.005037945720238127
0.855793492539576,0.08203131454751578,0.14803159401274768,0.010169902826996745
1.1069045198603313,1.9398234443044247,0.0559411390425173,0.0035936245207386776
1.027282656131691,1.1947576421663102,0.48345829459043366,0.03604024384697115
1.9470704674383026,1.670830651860093,0.18409096743762438,0.012838895206713975
1.9927019490379485,1.7064391314747214,0.365210575362531,0.026703412747422762
1.465108986936672,0.6262909673035648,0.380969822781775,0.02793701227048671
0.38579390494058696,1.0812029377903485,0.3689804302786517,0.026998180457465187
0.11293612873734205,0.8846886209480942,0.3701726642905714,0.02709144546659377
1.195051897706261,0.008906684880879867,0.25008069372334324,0.01781376134778312
0.9513541993742094,1.9355515987052478,0.23080273220593844,0.016349802232481864
1.9794470009353242,1.3448418099452808,0.3701133687595429,0.027086806458817326
1.60150953137781,1.9828237001835562,0.15068685822725447,0.01036502877450245
1.4733617547842557,0.3915762635387239,0.21796099655574208,0.015379239278964585
0.3091876430598426,0.8188686628936048,0.3599500475789341,0.02629243945171191
1.9100859972254862,1.157371188573431,0.48878529096540896,0.036464915537549804
1.6192730667485278,1.334904225476719,0.19689582011627693,0.013795795493239808
0.15885781797592236,1.0672199007677408,0.34873694699508667,0.025417817284876437
0.9027969428861911,0.49240218952404,0.1516267716853575,0.010434156771741449
1.7774300978641324,0.16480027395738883,0.3590127412778766,0.026219256682396712
0.48249918275940185,1.8671429265827146,0.31916764058274577,0.023120865479705828
1.7677909400104004,1.2154733208407984,0.2857787007412908,0.02054489142780785
1.7633847351265555,0.19131034319782803,0.2624679720843291,0.01875860395956913
0.8105462761287279,1.3042592086103937,0.37752945148010975,0.02766740183633453
1.931932035295779,1.2659283295695758,0.08140325984277663,0.005366412020510114
1.2686137397868285,0.09176759940218648,0.4240442715541762,0.03132640125475914
0.12856590083123454,0.5902826053062595,0.24885249793615394,0.017720253713632134
1.9878354715322413,1.7723706521919884,0.2643337586410431,0.01890118774023443
1.0990603706021995,1.2204073541274176,0.20557544608979322,0.01444688414090278
0.4294528429249991,1.5639293959012013,0.2689100541139885,0.019251202344238477
1.8147241652133717,1.2665366376723224,0.44352025807727496,0.03286687575405739
1.7280186298848055,1.762556341802975,0.2361075038362796,0.016751831587149428
0.35907676706664104,0.041389048329425915,0.36501690435261064,0.02668827512044155
0.5005200621035857,0.05636566402500032,0.3049806233586435,0.022023937491643848
0.971229266675389,1.6881926640306797,0.30845444207905054,0.022292210885726353
1.7830925480361175,0.5215714013537811,0.28244570424032917,0.02028884947074505
1.3752741841145097,0.7555491591688301,0.4527727047042894,0.03360035817629763
0.7749869329043273,0.3228965368283907,0.12612430379148226,0.008569625253716016
0.9043166726142498,1.081842157968849,0.3363785819848624,0.024456112500794654
0.03042866286577106,1.5924492185677095,0.4177198070770088,0.03082719938839645
1.0762162427120479,0.7795934180075093,0.14255836831442675,0.009768460983657542
1.5703291963223847,1.0827209995304148,0.41915809522959746,0.030940680646712557
0.21828872585210934,0.8104971642609005,0.41864852926820023,0.03090047269978629
0.9848525503316072,1.3784689409567732,0.30564890710658343,0.022075530889518122
0.6628144891716123,1.9007277735048447,0.28422453432229206,0.020425474033708587
1.4186254813713222,1.5533725401782417,0.18269271555164507,0.012734676853821113
0.7800878287246191,0.7663724502149227,0.11122109047800582,0.007491727893944767
0.09675124553447145,1.7776138573562557,0.43005357229154667,0.03180120299643457
0.8706920985180162,0.12271409560641833,0.4247792733229732,0.0313844498014251
1.6352577999586366,1.46018745888333,0.0560396701902998,0.003600391253344252
1.1506649008212546,0.7304772441192529,0.3192658690838683,0.02312847233346327
1.1112603087841657,1.2823043687302846,0.11793247585028682,0.007975979971744485
0.256556316827633,0.11891307954256414,0.33023741164605797,0.02397911869125924
1.3526272222806424,1.4946503036475556,0.0689621481599286,0.004494515247115085
1.3748560144761777,0.34253707466318817,0.2441186815607423,0.017360147817001206
0.32428496256843964,1.6230801683738025,0.1591973123385646,0.010992012911394816
1.406552583105584,0.33775981045928893,0.39889802711773314,0.029344674164697885
1.1259386736443875,0.2298137688293369,0.17916468563966492,0.012471961491033209
1.6561512793041984,1.3329551733135223,0.1103024431353303,0.0074255980827694044
0.3378883675865578,0.15555712821539958,0.22729743038200806,0.01608449689594244
0.8898638499453813,0.7760937336011067,0.20143536640469956,0.014136080857744902
0.8724711277213135,1.041483196059383,0.3697430923528023,0.02705783890761251
1.2377502095666721,0.36612902830854654,0.05181889769884693,0.0033112790928961373
1.455028925825018,0.6455019606463841,0.35535762314001573,0.025933999504200438
0.22870602615524338,0.39101687051763756,0.10413943626929445,0.006982944747125083
0.5405503890431247,0.5888267299618821,0.11319265628378034,0.007633780072744142
1.7796335713103084,1.3825680220984125,0.4977409522423865,0.037179585190152575
1.0096104594130346,0.8996838914647085,0.32406833036472976,0.023500572881378284
1.31967573980912,1.5770330514335236,0.0802213963826455,0.005283165009156397
0.4581053569819422,0.25244194031539946,0.4466230168549443,0.03311272861076677
1.0844123638540164,0.6014168820702606,0.37433862310506877,0.02741749870175476
1.0962517600124093,1.043291980732633,0.08584319074716532,0.005679884290709646
1.631439732766059,1.4919811645930259,0.4477569551507595,0.0332026077710313
0.5756106370258858,1.011062644715982,0.21802587646244542,0.01538413310413747
1.1824557439332652,0.5956746446681982,0.10791854211062088,0.007254168371700513
1.0912389258901485,1.1329590535404925,0.4113394542755887,0.03032411436195554
0.8943128542237573,0.7810691017606219,0.08891100327649015,0.005897139129032072
0.5462953211343371,1.8285787263692161,0.2662422388563745,0.01904710603801337
0.9124936152839833,0.8931565312918528,0.39263352665750023,0.028852300256633077
0.5334845476094647,1.1191429199843281,0.4642812318189894,0.034514132242227616
1.7943292921375635,0.3387027891318606,0.3873477913179996,0.028437275906077718
0.5647328934365883,1.5297425419659074,0.22271218077783234,0.015737880285336875
1.4991968305031727,0.805245270982885,0.32274946404468446,0.02339834737228097
0.4330451130279578,1.409213301665146,0.3706511212038274,0.027128879595361772
1.0717295329692085,1.8852127196800221,0.19208930965719628,0.013436088296366618
1.4602556445666863,1.9417301178159558,0.4208997762522278,0.031078135634449767
1.973096487702026,1.0289488456226856,0.3799779688819972,0.027859266682731382
1.1954498280449153,0.23746380812182033,0.11447685112182701,0.007726398921034641
1.13001675266731,1.0056885702844607,0.43269257438115016,0.03200985866512244
1.2910744892177708,0.3730435082967054,0.45353501485128245,0.03366083629702864
0.02875580815905443,0.487721205705435,0.3048954643433249,0.02201736353447444
0.4915108066453253,1.7183005040423163,0.3760708195109298,0.027553144785225102
1.0450419625863137,1.9032897853947992,0.44135060716018254,0.032695029876758264
0.06366038464140744,1.1826666889250026,0.2650311305867529,0.01895449890077457
1.5332745514804123,0.29895066501672707,0.4577109850998075,0.033992262411613544
1.8689386302882325,1.6055774322006309,0.3348285463457913,0.024335661800294933
0.1118785583615014,1.9339847266950252,0.06733464157255319,0.004381218831886044
1.9562024624873295,0.44652937945386495,0.270402198568487,0.019365417143780893
0.915940734091315,0.9984866692329002,0.3484890950554936,0.025398506511457752
0.11869028615464616,0.625857052320292,0.32437720493231964,0.023524517944685807
0.5925484278685409,1.8568993659360375,0.2673047025172689,0.019128371039328313
1.5167651220097618,0.055279634748644835,0.3839883086060078,0.02817369939612771
0.0796709197643859,0.12557048741386723,0.09810378546293383,0.006551187301152297
0.11671646338911845,0.5059155458883546,0.2727707759354461,0.019546806912749494
0.24069176542153814,0.4222916899784488,0.4765916145627439,0.035493304189650354
1.6483788671407165,1.1510331091829,0.09381933900645936,0.006245805779557444
1.1124677258319449,0.005267264220832235,0.3930308107541333,0.028883509777655043
1.4183016466221385,0.5056586759478099,0.2841489953619569,0.020419670997147466
0.43179412319910515,0.012967247680590654,0.4057214633968118,0.02988158617895495
0.2436263229520219,0.9575971793103548,0.08610642069538926,0.005698504842162884
1.9334520759535614,1.3155707649285038,0.4141802440607104,0.03054804205424053
0.3967603606680372,1.6535432920699198,0.06503909782062696,0.004221739990663802
0.4765183532268251,1.2968408759015873,0.3224025483007529,0.02337146266831845
1.4601107147659218,1.592045785651034,0.27566504245850154,0.01976860236713041
0.35426878597721734,0.15068864270457083,0.20483775624903616,0.014391472548979458
0.4300001096616288,1.7144418703993924,0.23781800678710502,0.016881598009570783
1.4897996609221975,0.13735357667077985,0.15202495973411134,0.010463451313501198
0.3359795330907682,0.6644767564222784,0.3349009539428633,0.024341287619407622
1.4707783083791037,0.09018559900693446,0.4474514629153296,0.033178392044070304
1.128629206935332,0.4476899500682836,0.15268219456654486,0.010511815403654558
1.0636855397502345,0.5151474117808335,0.1101620636402813,0.007415496053757014
0.8020023054181968,1.079454268288443,0.2401549565046731,0.01705899353259428
0.09325037234531641,0.3829768954807826,0.09064842742578347,0.006020409968618802
0.17591296798382605,0.21677865734771418,0.25169770639579986,0.017936919529664103
0.4177093041283271,1.5351357243988142,0.44473913210303007,0.03296344139528444
1.2234918238198669,0.8019456578288273,0.15496607620373642,0.010679991266246159
1.8473685812612755,0.39724604540496444,0.14536891989861322,0.009974474730605167
0.5967089334645055,0.5562323116138415,0.2676119984508755,0.01915187944221907
1.5036041032582312,0.6316103738771777,0.30866299410667886,0.022308323438910607
0.08292483482074409,0.735664621143435,0.324174076684401,0.023508770537812265
1.4104255583182523,1.9965150242108656,0.2655187948363566,0.018991784540182216
1.5042401331940807,0.18981449071674472,0.3178554673330958,0.023019265777167005
1.9864243612947412,1.7369516753465504,0.2758664363653926,0.019784041725425593
1.856805360076091,0.22832551529239709,0.4032055968161086,0.029683548478051512
1.5780388082272165,1.3607164163320868,0.24259947797714426,0.017244682208064365
0.30798118066098756,1.004514259709279,0.05424917674258288,0.003477556641153787
0.8468779267282396,1.2736320195751423,0.05833136533480168,0.0037580047317266677
1.0971879869918544,0.6391007745346053,0.3120709314752675,0.022571723888065102
1.2513750870734053,0.17551786332785135,0.19984728884261005,0.014016977424076225
1.1193638136976942,1.9423442561943403,0.46786871009354314,0.03479929860599918
1.5073058829316497,0.8697972270574248,0.07953183535616597,0.005234633341454882
0.5810351190792837,1.7873063796300823,0.3467329212674898,0.025261705738211772
1.0372892628690928,0.7794047429220354,0.3548250887677915,0.02589245565369188
1.835664903780458,0.2601841495752639,0.19442402730652036,0.013610736094462027
1.5575730796485572,0.31234085830690606,0.4621797252845858,0.03434715535501673
0.984497325283896,1.8977911378423065,0.41169701640420037,0.030352293648815226
0.43674277897837976,1.966662639494158,0.28554624502222475,0.020527027385315984
1.5617681969711368,1.874854616299536,0.3173413382317419,0.022979465378206804
1.5692091648641044,0.168675761354264,0.48506018940881573,0.03616791418208291
0.9749393512661115,0.4088882592298033,0.0635311192765551,0.004117186201433958
1.2859382907515244,0.2941371850279215,0.06488177258815662,0.004210824160013493
1.2281182555588905,0.9717673948706465,0.4988940231156434,0.03727166609041822
0.34701972222837596,1.3646928802076952,0.14809986744645465,0.010174916993458568
0.7617694410103757,1.008552994736284,0.32506136920217554,0.02357756241053099
1.4817420067582039,1.7531260869965806,0.3754200510484434,0.027502178873359262
1.6767159067893234,1.6436047652924934,0.20253879191989937,0.014218874302652175
0.34827948485631377,1.1969461112227218,0.24026138858213547,0.017067075530507222
1.3776123024096056,1.232525463977919,0.29023383043688117,0.020887457576455506
1.652932542343299,1.6134247769528478,0.07236922706896065,0.004732287142750867
0.6417566443244489,0.22649777081044387,0.2718149231092205,0.019473592909742002
1.2344423398420707,1.8049761825639083,0.31028737820162483,0.022433847654768597
1.9955472631863767,1.1317312978537917,0.4296168021750217,0.03176667778164343
1.1963343942808518,0.3541726617855192,0.10749605435192044,0.0072238137612070825
1.5826147007035278,1.8860605623332578,0.39976840086374604,0.02941312575778395
1.210035852447999,0.26263976164411806,0.4960840577541662,0.03704729617193875
1.8882465336709142,1.5827032137029589,0.21334309308198512,0.015031175402331898
1.0766973746295545,1.9235608254142216,0.32320626554213727,0.023433750862211045
0.6582666252369545,0.7584215641013701,0.11953225352602326,0.008091695149886956
1.8518781812040208,0.7815945583367396,0.40786552090383243,0.0300504236511075
0.7109206368053218,0.9823954194464295,0.22479636549491733,0.015895371367286804
1.2506288677705035,0.1729753065146511,0.49625603762762155,0.03706102589478748
1.8238227252950778,0.5549486761335722,0.09668909743170387,0.006450249103596898
0.08753956985464661,1.7279759843540032,0.36263990609868235,0.02650253046908219
1.6886579722329724,0.7191309417984406,0.10153049766843017,0.006796097602905823
0.13607405924776472,1.7756315928704145,0.30063239680444487,0.021688433291307322
1.348322877232563,1.3444102489829326,0.2645638042768353,0.018918772692924777
0.09554019653090928,1.1938091492225424,0.4512678853202794,0.033480993479401415
0.704244659461688,0.008424526590165904,0.17032213223653037,0.011815081538480515
0.6517127000290235,1.376895715364077,0.10642225603590491,0.007146701350735008
1.111696961156141,1.0813185224637782,0.4013484829151248,0.029537419483494986
0.4374688076330402,1.6802654476851067,0.28743970704173427,0.020672567613010735
1.715138153921489,0.1340604599986619,0.1418023843541365,0.00971309485941634
0.28197052360623376,1.0724440435114257,0.19344393447556685,0.013537402843060974
0.5300507172475568,0.4977047453157226,0.09664654337364992,0.006447214436383567
0.9678816978636873,1.0491118103446007,0.33661778708503975,0.024474704148476804
0.6847489499172521,1.6107919135490363,0.37480104728660607,0.027453706318203958
1.5295825761053101,0.23797385091744272,0.36638708384831525,0.02679538237112617
1.4023478877550053,1.5502196447294299,0.37257375542009213,0.027279338709574025
0.7577745825985776,0.7126556715296981,0.10662852586733645,0.007161510005683067
1.1293474855428345,1.585996217376198,0.29147636484199285,0.020983064144944972
1.8820153450237296,0.4683658587329169,0.10834412731700821,0.007284753816532338
1.69500068543097,1.2969075471706644,0.4740147009177533,0.035288189649655646
0.2402034911894706,1.1639787001818025,0.08938203951867339,0.005930543025810046
0.919348815417933,0.8149611279030871,0.06944775461593156,0.004528355959543913
1.6550489863602318,1.8289122986715745,0.36573703368363186,0.026744564346114514
1.225237478273699,0.36892184871025124,0.28391118872233506,0.020401402965561474
1.8052804913298668,1.2204344814331392,0.3189423525414491,0.023103419695359236
1.9803433481021748,0.164481569026818,0.3223130038032695,0.023364523620600455
1.834384185650057,1.316121840442836,0.20836203225328137,0.01465632206845921
1.0907937005396595,0.5457516896240995,0.19044312808872366,0.013313034128588974
1.568027495838852,0.7482700989785045,0.47883809892089946,0.035672180016816726
0.18445722337814097,1.2514948148298826,0.23652812238222937,0.016783735599726974
0.16085678335184528,1.778402118989544,0.36974577560288663,0.027058048817068605
1.173031746546857,1.739394162551233,0.4151004065197602,0.03062059741056423
0.6434409895259265,1.4861015456255677,0.2920674692966466,0.02102855644200331
1.2719988506243043,1.7087855140825337,0.49115760831950084,0.03665414126355164
0.5644859498596568,0.6372374942274615,0.3405751679522748,0.024782414011678657
1.3494902924424947,1.6958201961091048,0.359977042562001,0.02629454735429193
0.17709445794621081,0.7200940589013904,0.3425105640204346,0.024932992584051072
1.1313381827161078,1.9722289950462084,0.30304210048020064,0.021874322222209423
0.4500289742889667,1.1169946131286261,0.1211646489325176,0.008209879829761521
1.1087880942122839,1.4032829172961694,0.3093871871473162,0.02236427981068781
1.5616746706475313,0.4332815107867778,0.09901745742703844,0.00661643142057381
0.7104871596567557,0.5936531324917838,0.24544510494483385,0.017461001913848608
1.5704395133519915,1.275810748133817,0.4872124097430335,0.036339491016619534
1.3988890518916395,1.1257918881694544,0.2530630522201031,0.018040952286228203
1.5844723659576145,0.6591418479281714,0.07017443472896276,0.004579026971084922
1.4754502682432207,1.1466744374226139,0.06178960644711752,0.003996653766839083
0.5484856660956337,0.318218954722405,0.41102777165995064,0.030299552194530628
0.8022771595711813,0.009322371534325358,0.0951465455997777,0.006340303933505417
1.559852108966429,0.4719409573282696,0.3529992140693299,0.025750048972433857
1.9010343269535652,0.8876736752779175,0.12809193149166156,0.00871261873657621
0.329150894511814,1.228351475486114,0.4572647037436146,0.03395683327485178
0.5023418889150464,1.6214072684024257,0.4444813880734489,0.03294302002707843
0.34912540015382376,1.347609848331136,0.33865839146796634,0.024633342270401756
1.2925775230425374,1.8812355420659095,0.3478979835447859,0.025352455340235138
0.21795711204813006,0.17170914448528785,0.24320757169489754,0.017290893816090874
1.9405435675830283,1.1162990816867076,0.24004700787059957,0.01705079662628941
0.9402265256144073,0.5268502245060824,0.4483605863378839,0.033250459696731516
1.2993465539354685,1.4938292320491688,0.31641160127312606,0.02290750273068654
0.18363790972229443,0.1497234409461654,0.16831889853183085,0.011666591248550257
1.192634967370705,1.9887324732585914,0.3935885641677874,0.028927328989636146
1.9682203111715086,0.674274373685483,0.4574377371370092,0.03397056967083885
1.7045279310037336,1.5418396049988876,0.22043773271972283,0.015566128023397473
0.383524272403043,1.020152347192082,0.477723144650894,0.03558339477148031
1.758441600180319,0.8675318484420833,0.07621671692022622,0.005001723002478467
0.9860546049928804,0.9398040261088778,0.18639981594889526,0.013011104057230903
0.9671578320388101,1.3466159889370475,0.16667929879415402,0.011545146084004386
0.08031279218215759,0.9032076912604052,0.2544354695351722,0.018145562893458252
1.965100094928169,0.9861041513817037,0.3895529549585122,0.028610373318663743
0.36636243354454723,0.28660328684918435,0.20108555687830604,0.01410984008614501
1.385932539640877,0.41848097027478315,0.23927464702487938,0.016992156071259066
0.3275599505938507,1.3447974221228145,0.10973673617968213,0.0073848939451965434
1.8411313623196364,0.9230833200954744,0.13217650915671786,0.009009939107258755
1.1885321618367817,0.3389212406110551,0.21679500357879294,0.01529130678014469
0.5696493256120836,0.42010858230566206,0.39396807883367607,0.02895714754333252
0.5403736083646389,0.21396554579188942,0.4375276539159878,0.032392377179443405
1.9752620328556738,1.345037827548889,0.29344749606073867,0.021134790109226077
0.9782345516739996,0.10120034705385006,0.10449359390637976,0.007008333922645498
1.0850282114172163,0.00922462888737785,0.27967127234299494,0.02007587548118917
0.9746116832276135,1.521793616661362,0.15064759332501382,0.010362141597197788
1.187602309433961,0.8086832129375936,0.27612114306435687,0.0198035692888429
0.53127648073066,1.9181830054063729,0.12514523021749074,0.008498530185516377
1.312976696101227,0.5803543979789114,0.05567829507540384,0.00357557745487277
1.3061295901709222,1.6001013834716984,0.4164564140628158,0.030727539632855405
1.732933882911698,1.4261802437003845,0.4576350397056055,0.033986233132421585
1.492659343155017,0.9914963631667042,0.422188875191879,0.031179897734889096
0.33149646020657153,0.6694354266179752,0.485988038386437,0.03624187666345879
1.3891768489247065,0.06455850014862419,0.20939826084545593,0.01473425375682724
1.735466474971278,0.2097441095955308,0.26838160985671866,0.01921076354572452
0.7157095611571325,1.232238982695871,0.09644080104694326,0.0064325435882018785
1.5956531918503187,1.2566951829549071,0.24852460842466112,0.017695295505002883
0.5970991071128975,0.9381024620281428,0.17499186878135897,0.012161692965548124
1.9910755673669571,1.1336338238596892,0.24134516840020748,0.01714938719410387
1.7260680535525625,0.02048062781200488,0.2785862598820759,0.019992626128830474
1.0271704810995144,1.3269492189135936,0.1552023810278932,0.010697401611764502
0.6183383777711429,0.3570537730325012,0.26249855934110794,0.018760940881363843
0.5790292040412548,0.6960473238392084,0.4079420428459588,0.030056450636036493
0.9132520150263281,1.7786106000452202,0.4884358716346393,0.036437049770448794
1.366959421112878,1.461083634234206,0.15313405841743294,0.010545075150268871
0.36831413102305177,0.5939867433693005,0.40359542558444006,0.029714228476791837
1.6952626145783265,1.3257198992226618,0.45963643887963807,0.034145146568023914
0.7190081594164186,0.5866801043966585,0.1658295986311279,0.011482241156622467
0.5580459712079433,0.5739295991073294,0.3441024081112462,0.025056885992581084
1.963984164985276,1.4406209375965153,0.27038013266209393,0.01936372781223495
1.1309182110669505,0.5331973854492797,0.10365752789242047,0.006948406831540547
0.823243491865095,1.544770759097071,0.44472832576175797,0.03296258517951631
0.7193998044746128,1.0047106589720378,0.4328237687298265,0.03202023398965327
1.2164270526752543,0.6676620780476941,0.37777946546470037,0.02768698890599415
1.9551792717396284,1.5538054063826545,0.17611623098319523,0.012245244835969105
1.7691426189574586,0.2178235964521653,0.12216477882033962,0.008282343166057398
1.7776954769941655,1.5149315900960094,0.1304850002440831,0.008886734479731862
0.26062702815125927,1.4936124987846089,0.05865760107397855,0.0037804770598252792
1.2660763200654175,1.1984197191020711,0.11589656681237778,0.007828875261334555
0.5385594239328355,0.9626526367948971,0.4305079432673679,0.03183712206791577
0.7576434146990962,1.507357778288698,0.23481731728029437,0.016653995132897347
1.292812240965297,1.0121338094317942,0.1284520048799434,0.008738802842292776
1.4089598202802478,0.10362464793809179,0.3329154312413908,0.024187049854864362
0.7225013492274255,1.4170370618916515,0.14119268144440345,0.009668456774290478
1.3995549774020262,1.7391257276617444,0.38755514067050223,0.028453549194267732
1.1421826843824785,1.5589723598782466,0.4113300331031549,0.030323371907063797
1.8096455726230694,1.1194708204725046,0.21976291469044062,0.015515193396242605
1.9394100726429495,0.36973825437472696,0.4296526402151131,0.031769510567502136
0.7045046940696063,1.2977930402949749,0.4643643265213074,0.03452073567185219
0.3416998605306114,0.3987038211315854,0.10997222381170843,0.007401836159143198
1.013390028968497,1.4628394279327466,0.06813955344160827,0.004437228221488683
1.5103205116151563,1.1082080610078828,0.2546157315002711,0.018159306009394086
1.3089087700537305,0.08398248017715115,0.16906489305353636,0.011721874140626849
0.5743503472279319,0.11735994495453217,0.36746285974852316,0.02687949539973031
1.7453114091584996,0.2870445121722913,0.44066343163916444,0.03264061469860795
0.47113448908394395,0.0919941831946045,0.05363142154018877,0.0034352407083968898
1.4677166057459194,0.09387772752292811,0.1568598840490362,0.010819573535564016
0.6605637853987347,0.5470796822850941,0.09737067617955243,0.0064988672170019105
0.07838105959203312,1.3615417019457456,0.3374192924271742,0.02453700588682805
1.2946813862854054,1.1192651672732243,0.1332174248156489,0.009085810580520598
1.0221403211898958,1.1460669290892544,0.1934461925446107,0.01353757176860766
0.6966160131253101,1.4934608440813624,0.45112332406589345,0.03346952809232186
0.9418851428083765,1.3837797396418003,0.2483855533165235,0.017684711630324944
1.864716671046912,1.8765550490544347,0.4370358562364957,0.03235345612070265
0.13538004426936645,1.3762397676702858,0.48299433880084824,0.03600327221464006
1.1423919308785075,0.9272973863430853,0.48863595012055894,0.03645300561836611
1.8093876386262506,0.5751117867911331,0.09761635819578407,0.006516397879318699
0.3580047539164626,0.20214947067111022,0.0631170922376238,0.004088509938186328
1.9320819619189997,0.0530409319424634,0.3301590285172565,0.023973034488350108
0.27986873909733,0.8783142035048075,0.36185751913829434,0.026441411121587023
0.19894955553763083,1.9401906498106725,0.3123590655207119,0.02259400298194714
0.8761449777485579,0.7149966043529357,0.48335157366552345,0.03603173927064873
0.877151363781207,0.2811764564987891,0.49754227718685845,0.037163721061153766
0.8771167231967685,1.2200318696096089,0.28871860648748315,0.020770907188937888
0.7085282352332523,0.7765733624950184,0.35886311835235124,0.026207575679935625
0.005337396347221635,0.4913977289826321,0.21323551565913146,0.015023073152317956
0.8958218670990943,1.391894650030243,0.336680774724048,0.02447959986461327
1.0950615994912722,1.490234158218938,0.36587519119210643,0.02675536436330248
1.9669973681914559,1.4984335738433923,0.2642828240542975,0.018897294384657426
1.5022411066385855,0.7657053811631658,0.32791289120520384,0.023798728752608703
1.9850864242955624,0.28871181752733155,0.09257404360258378,0.006157223582044517
0.04533450288250007,1.4841347984036815,0.4990091423193796,0.03728085998341641
0.4562699591487085,0.8183708889326398,0.16633752419206943,0.01151984119038868
0.3061441728537295,0.7295296308883008,0.23807668622655848,0.01690122820972068
0.5278448209934634,0.7648773175279475,0.48465822073543463,0.03613587471193143
0.12329508649335064,1.362698516921802,0.15787137770315496,0.010894172969969302
0.2875255684003941,1.0289376191982056,0.3603479313015192,0.026323509296311984
0.8144841597526744,1.7638996943132894,0.45093457261100395,0.033454558290514365
1.9761259928112804,1.6586760249767443,0.3712568124454603,0.027176273229338355
0.8916563911408637,0.9221803441425402,0.07003361386486204,0.004569204768171349
0.18574632721162843,0.22588843574899076,0.3594673897513702,0.02625475296901252
1.2166561570154864,1.3215909007815938,0.29027970108804485,0.02089098658350289
1.5883013301963793,0.4545799746925021,0.0570866615364877,0.003672344957771489
0.05348550895739668,1.6505112849765462,0.39213613005103376,0.028813229250372812
1.5009193118671917,1.2107110969961703,0.22562840042710486,0.015958272149862007
1.841009971031614,1.44586558904228,0.06735708101303334,0.004382779645752153
1.2973259972868936,0.03824311530060265,0.24499860029709247,0.01742704789379322
1.525047109636566,1.8257511733724276,0.25079116422578906,0.017867866889303214
0.5049648277286223,1.5715245324410798,0.43482597073150314,0.032178602270134825
0.745388999785614,1.5605167401776097,0.2278514907906949,0.016126413324530284
1.336251687756548,0.3103573112385438,0.14738792552511612,0.010122638106066256
1.348911353440753,1.8252590613028261,0.19223314884467108,0.013446843924950026
1.026094429615314,0.14280408689409252,0.3597956481271387,0.026280383383999836
0.3881907005326948,1.9676336098086404,0.36818763209156014,0.026936173660104742
1.839238637442802,1.630782877942511,0.2527174336585821,0.018014614151957296
0.0719393745357424,1.7455322001039633,0.1863131572572524,0.013004637821438327
1.2214305763361117,1.4837449346660816,0.26825515590846033,0.01920108756685629
0.3781066566298301,0.25480243541965986,0.10953987467448362,0.007370732621970888
1.2079757808216125,1.0656721320182667,0.2464479594062382,0.017537278551071636
0.2214445960632505,1.42493139476815,0.45093800799647393,0.033454830745688904
1.9630612096317597,1.7880381642383072,0.40931405015111894,0.03016452524991859
1.1296327087321343,0.8446056797584824,0.3299847965133315,0.02395951072505391
1.1886095857350658,0.2421898333395618,0.2103559486521946,0.014806302292971498
0.15866462451476204,1.0460193152684607,0.3594159182926783,0.026250734223787594
0.4023458255439665,1.0531514624116929,0.06436323761747142,0.004174859157426935
1.5328786595296342,1.7645146518570574,0.4835390093339392,0.0360466760801895
0.9563283014887018,0.6696950216836299,0.13056968793085688,0.00889290027800241
1.81934599811314,1.2390125929724782,0.3393643443647093,0.024688238958167012
1.3187108176112723,0.9145888478569943,0.4701984074019339,0.03498456565230237
0.9499354200382113,1.4778359902423137,0.32674026778736576,0.02370776300482232
1.1883678944278522,1.9735690895130877,0.07383134094650023,0.004834563861784054
0.8358905413430111,0.321772034609787,0.13952893960346496,0.009546717312236925
1.6896107016894628,0.7251366432297519,0.46188660279748256,0.03432386923015086
0.34415557629677185,0.0723436199014802,0.4261723616740832,0.03149449133980428
0.8923828488321754,0.3966272726248734,0.1456792619314915,0.009997239787561901
1.1621062454767153,1.449034634060836,0.29241364069303094,0.02105520126931211
0.0174153364819849,0.05224505173641747,0.18690889152907741,0.013049094077472696
1.3548536233152881,0.2306717178547384,0.3595919555881529,0.02626447887987104
1.8763521498248845,0.6686465007395033,0.4149736899028165,0.0306106050705989
0.3840839970630192,1.2374192073335955,0.10613648096845701,0.007126188078471929
1.0059890791462622,0.7405722464573643,0.2537682967631948,0.018094703697733475
0.26779658208767354,1.803514136780756,0.17871371993048363,0.012438405827571882
1.6109016934042284,1.4675400120161188,0.10384773091387428,0.006962037180811129
1.455851061382913,1.0693827144004406,0.48915635320427087,0.03649450880514771
1.7889896062099415,1.8404785546559723,0.17561978386291532,0.01220834907118894
1.9376546092502942,0.4139063921614625,0.22401641425164015,0.015836422629702942
0.32422614196688926,1.5191124432928538,0.16880736483271805,0.01170278777153147
1.274422748254627,0.5725188904169554,0.3945997007252385,0.029006778612650427
1.8774113597850877,1.0109741883463144,0.39034716142542336,0.028672732251244937
0.09609907854699506,0.5540207380937066,0.2292546894969849,0.01623260118724205
1.1478831715179267,0.7277415065667654,0.175802062851329,0.012221895142611338
1.51787608270977,0.859185627816401,0.1917132234658055,0.013407968938909035
0.3782094154966589,1.8240101221654452,0.1413494178624752,0.009679930625747119
0.22012198733498844,0.6636352179137874,0.2000988693043722,0.014035841241397444
1.0316703908450982,1.7766947220809652,0.14583879860243903,0.010008943860230152
0.5294009429503994,1.6040877087750796,0.18597031172703482,0.012979057656220266
1.650879384633435,0.241850709099235,0.1309584886600389,0.008921210964751888
0.35104562793932303,0.2063715513115396,0.42360553500910275,0.031291754280420636
0.11342709505044657,0.3285987801095098,0.15058884167313114,0.010357821641753058
1.1766032558499528,1.3510252483473013,0.3920707308756497,0.028808092333300662
1.7920948390984581,0.9611438151509175,0.423673653880986,0.03129713345756653
1.1077408243318232,1.3912139374394372,0.13902397049306933,0.009509787423684505
0.14004111986795587,0.3624490746124889,0.47896661857700024,0.035682415120209594
0.9563540392607355,0.2923565597731008,0.27091280348709973,0.019404510919102565
1.2136753894254393,0.38577623384877646,0.18902103153962768,0.01320678965028472
1.777345461428733,0.7303039494872228,0.2950370620745789,0.02125719670586148
1.128069922566317,1.556903901879669,0.09407883967162263,0.006264275218053443
1.6888005940293154,1.2369248440689313,0.07581570056839296,0.0049735955619091285
0.292979827259658,0.38493439236455007,0.16393976999445375,0.011342413411929517
0.39227877403990696,0.008141438385628419,0.36424422478762797,0.026627886804106847
0.8289346642722284,0.5662395302524994,0.44904651741986423,0.03330484121446681
0.5354290761698663,0.7437640642314653,0.4231789564722299,0.031258069796544274
1.6405178813736156,1.4412946711027053,0.40515478741952027,0.02983697258251015
1.4656804397706473,1.289164608252594,0.3195765103975124,0.0231525295816161
0.7073575702834267,1.9389156521606254,0.384135736834829,0.028185262914111775
1.052271933206265,0.4793935613789537,0.1829222443259665,0.012751780958950167
1.759660180222143,0.25424100013681805,0.13951824852056177,0.009545935345960902
1.0237216002245793,1.2764244303858134,0.39305000882338037,0.028885017979122563
1.11736488655857,1.88155910275487,0.34734104599866483,0.025309071467403788
0.9803538930891029,0.2800674980468878,0.22958303659103202,0.01625745552651036
1.1733307774148363,0.9323449742833827,0.3207319809263704,0.02324202777841083
1.6408190536159046,1.4844895736554014,0.3983053272992933,0.029298066469280525
1.5637511314089454,1.1154303529620104,0.2299898615378917,0.016288253674069896
1.0102410998147435,1.6790992213771772,0.4046378167155842,0.029796275967099717
1.12642922538439,1.9687789745741235,0.13073459114738223,0.008904907064922746
1.0127758867844916,0.3524690768262295,0.30528459613455783,0.022047404084668105
1.2003712020730313,0.6964744242372201,0.08683010842015293,0.005749717802192512
1.1229620875799675,0.8216511970782914,0.19014448444401738,0.013290717981590174
0.6022298377446518,0.0023923063306519055,0.2164087893148383,0.015262187901971327
0.4297832616039732,1.955870167242844,0.3917454280270426,0.028782541609071694
0.7821451387303311,0.8125349381187503,0.10096399927569064,0.006755569551192246
1.2301719873206791,1.1173385345807176,0.28043174647624874,0.02013423739063971
1.8015224759724726,0.13919422487835376,0.3567382523273473,0.026041724566965577
0.21376638392596625,1.754329850152735,0.3430721605413591,0.024976697179517816
1.2244095996379754,0.1751779004041436,0.23351286923317838,0.016555114914328296
1.302072519443445,0.4900047037362052,0.4400859244931006,0.03259488832714587
1.5212850792202792,1.3218787837080808,0.28642808175535484,0.020594801167703698
1.9194482558727237,0.7312439589082687,0.07738104180247346,0.0050834468936005765
1.4773774750565214,1.8137069509082826,0.20029640472283533,0.014050653840913136
1.8149651825001103,1.6432048119828628,0.33868849425600855,0.024635682978499846
1.9673549124435012,1.8601105269523803,0.25047764730414784,0.017843989852432598
1.7917542909037745,1.9669177754207112,0.09411771194987581,0.006267042177332128
0.5711418673574447,0.45964236697745875,0.1145524129628431,0.007731850842309797
1.451076712461024,1.4155391407301994,0.4688575671311994,0.03487792880024175
0.19972496207230428,0.8506029286199706,0.3014768691935679,0.0217535657706139
0.02405467767163927,0.47845546188528076,0.33345421424592336,0.024228896900480013
1.6720634375012962,0.5828798023983974,0.3704918915047373,0.027116421206512573
1.8137267836077418,0.16988090192173266,0.11746289502668374,0.007942034725811946
1.595023209749375,0.8151916751040169,0.46285552553682574,0.034400845903058495
1.054945676710022,1.1711036116732396,0.12444208245641368,0.008447495025286956
0.6637365581092134,1.6380718839221164,0.2500723833051639,0.017813128534554003
1.4118183183091926,0.454931486056805,0.11470748766187348,0.0077430405348136565
0.9465123895253815,1.609437004376354,0.16258667258638654,0.011242366447203193
1.9490972118584564,0.07361285519313943,0.4372086379061841,0.032367129784747026
1.547176579081271,0.4229827289656476,0.3452546476181582,0.02514658961245638
1.0061524405618667,1.663207038509539,0.47777747153098177,0.035587720559866434
0.37092479082276997,0.6936647028823637,0.4819839974506986,0.035922768781264984
1.6476439553851847,1.5109691680899318,0.23448539658886025,0.016628831163164312
0.46007972986434864,1.6055056498899167,0.31045643667251055,0.02244691425066944
1.5074998087052123,0.241098919277156,0.3367746728858536,0.024486898219389513
0.29467432010943795,1.54482072681597,0.2274240922850339,0.016094078649951174
1.1934693881843579,0.1947387060081036,0.10661348270712545,0.007160429950687551
0.9583856427176163,1.7681697043811515,0.45334762804085726,0.03364596925351917
1.3166784673599312,0.1503138416493055,0.19575567520138415,0.013710414523232623
1.2178257805353832,1.2877348140791323,0.15622075054586104,0.010772453413051043
0.08216479067070614,1.1642248616672262,0.276889966976922,0.0198625201397519
0.3165043705101451,0.6947060048250233,0.21357575357432695,0.01504869931327557
1.7610389652056953,1.0153894870397393,0.24087378799737713,0.017113583326507188
0.8095486623498427,1.4356799870761272,0.18877764870190145,0.013188612094459665
1.0868331359925962,1.7496479631336905,0.4650846597368188,0.03457798304590089
1.7440640523933886,1.4306486901234896,0.4540355358726764,0.03370054910871669
0.7106282400747397,0.9851634053768163,0.47020968627355453,0.034985462748571595
0.11971492521877547,0.8839382379915945,0.06434624849634056,0.00417368114842396
1.5180854248132876,0.9938675197178322,0.1548956253403173,0.010674800978047114
0.31343243317693137,1.69077797257377,0.14657593254330667,0.010063033600425708
1.4419728780299481,1.7169855689475833,0.20357376644041308,0.014296559951862523
0.8744623254765773,1.9726438067877252,0.44967779405102337,0.03335489472088566
1.1124287806226547,0.33980678089501226,0.2765514339079297,0.01983656116066898
1.924011261290758,1.4690645491412748,0.4528789710928826,0.03360878843325703
0.4463752157688896,1.3483324276331854,0.2320186972371791,0.016441900010140113
0.7844097988474221,1.676151107791519,0.28022421323296287,0.02011830935218417
0.227813680202265,1.4024650518418849,0.4536323197092316,0.033668556514287226
1.8528083370859676,1.7432374396122903,0.20161494694201104,0.014149553216009487
0.3661913406770867,1.117386983166703,0.3571016515245637,0.026070083963651337
0.7829226971957874,1.494138392768058,0.40293440166367916,0.02966220629636879
1.0943964780622701,0.8297778336686801,0.3184572139711885,0.02306585457528154
0.014655730189275351,0.8111348262641134,0.09642936320334822,0.006431728054316893
0.029188372367682236,1.4385780482640669,0.1653009544299046,0.01144311582984139
1.1799588798131733,1.9379694410951442,0.45227457948939126,0.033560843046692004
0.35722000535888077,0.052545185548116935,0.4199190785819949,0.031000733279503572
0.4324900719800966,0.573061052005281,0.25168872848383206,0.01793623558476464
0.0777253440021024,1.696739311425339,0.10958487802703085,0.0073739698041841335
0.1680497847966187,1.6398305823791848,0.49962992551599866,0.03733044080393065
1.6513902957102724,0.2916285887355121,0.4435074101775555,0.03286585797298254
1.9225918587581394,0.8886967539199768,0.0926492682887575,0.006162572253867176
1.2319968350467418,1.1738736571608521,0.05101779880102769,0.003256585224595036
0.9730578191378834,0.2990390795923812,0.38243215108789197,0.028051661044302286
0.359015564317712,0.7846551286753396,0.4198642466782334,0.03099640599516109
0.5546808102500735,1.4736827630916935,0.14050756234966083,0.009618313125718512
0.38585283761565226,1.8683443208689166,0.07912069408939348,0.005205710800154536
0.4893032431883526,0.4014584939447665,0.3123834246253492,0.022595886541090283
0.19350980946444785,1.9956806955226627,0.3477224667737905,0.025338782558525303
0.5647784892667898,0.6915086803079802,0.2982097453565993,0.021501649158433313
0.8788086029029134,0.5653210830956659,0.36350514456824207,0.026570132694931588
1.4853348885250355,0.9928484612604842,0.2600156968246942,0.018571307011668238
0.7220360505172696,0.24603621147268995,0.26317114009327996,0.01881233201389449
0.41336661677200026,0.7877703363128103,0.43924540184262484,0.03252834408074382
1.9965900557208942,0.15373613477954873,0.32493434835971136,0.023567713677135275
0.4761604632293728,1.9529816183221218,0.3168202408760217,0.02293913008394898
1.392833081547833,1.6811119551103346,0.18297089435152575,0.012755406468767277
1.7581240432480516,0.8741574979483657,0.27946394811259634,0.02005996646615134
0.055155248582703376,1.8149589992484194,0.4817281396286935,0.03590238401986868
1.6181789537231757,0.33396710678465613,0.1447729106030719,0.00993076403720689
0.5326674481741196,1.2641338178766828,0.47086863119454786,0.03503787633275829
1.0823600195659209,1.679573709605636,0.4802351605305218,0.03578344996613143
0.2812457244272413,1.8195403529330534,0.29822612802693577,0.02150291189617098
0.4414473200005067,1.038004213161508,0.3445119679232304,0.025088768484010683
1.4954448514256657,0.964220754801888,0.38750557228834026,0.028449658890822904
1.2430406597025765,0.6265061384103963,0.42177763688188796,0.031147432049718857
0.6158592189603489,1.2128294462281828,0.23445335710194581,0.016626402277153125
0.36113647510183045,1.4927140206274963,0.16338848574375014,0.011301644980517759
0.21583531084922103,1.8611324594010739,0.22230243420166718,0.015706929781535588
1.8807172970323736,0.8851447075364285,0.1956713404821097,0.013704100388033682
0.6458680094750779,0.49428631295780057,0.11749614035806176,0.0079444376700506
1.0510501920931716,0.24271105986014985,0.20886486672050786,0.014694135430210387
0.5188090341765856,0.8809414966460332,0.1185790320628114,0.00802273374107613
0.17333699320221907,1.2433643508194823,0.2384631362727851,0.01693055717717788
0.6886755949395389,1.7955148639642562,0.20397587229183295,0.014326749555575113
0.1543571223995288,0.24600674573546333,0.33710452548294956,0.02451253754729522
0.3105292105023165,0.1168810561911029,0.2754147094212703,0.019749412298258273
0.8972376500386932,1.4459392181445494,0.35973912230098776,0.02627596973228036
1.3570542751609733,0.13158747010508054,0.28403685311453863,0.020411056227639782
1.6013664122238203,1.1541742781202273,0.2059694019339275,0.014476481768141801
0.9495951939876714,0.11283225053142187,0.38747625202368197,0.028447357748027688
0.3338916974505066,0.03489483884390987,0.3183062764364309,0.023054168025502825
1.389611164928161,1.3165959457457823,0.45519215914376976,0.0337923305556706
1.4726292241908503,1.5854379078474004,0.3427896898089006,0.024954714109035034
0.05388818145852037,1.13944885928125,0.0566648117367023,0.003643342594576578
1.117083296184008,1.1597468204529882,0.21022858878961392,0.014796719479656432
0.6950576397259063,0.34685654213171024,0.3540739145069253,0.025833862674194522
0.13502549013032517,1.9914023749251646,0.22188526032540518,0.015675422295011628
1.2619935044864332,0.06600675525680022,0.18566911052914103,0.012956587315243408
1.4999103421606879,1.86015145162379,0.20532487770561192,0.014428061148954672
0.31933183754590977,0.9029894950510631,0.4491076270698823,0.03330968634604382
1.4047650757540835,0.2965097344935148,0.43287232146591814,0.03202407377099196
0.3702242084592944,1.2676276178442443,0.3280251097513102,0.02380743523525374
1.5646102865826188,1.9015935974320406,0.11699896694949505,0.007908507301578473
0.8740862708568726,0.4226760687577047,0.12508285931466628,0.008494002442318047
0.6457768897992668,0.1759898879699917,0.3375314518643094,0.024545724956801032
0.45941072993844556,1.4818234454280759,0.23672692749562863,0.01679881637578281
1.0422288695115784,0.4903791438996776,0.21185160204733355,0.014918868171442558
1.7563894468289765,0.4071002881755206,0.32162498086056984,0.023311211283370596
1.0893679160260856,1.888715324862029,0.3950359411886086,0.02904106036065815
0.04176645383727484,0.008938044694463576,0.2054264727644627,0.014435692898427853
1.028282658877449,1.0480939247677064,0.20264776510677307,0.014227052590965291
1.317616704759436,0.5007139022579372,0.23610829145113704,0.016751891324253296
1.4557783187512452,1.9573826807136379,0.1353749076648174,0.009243197661082808
0.522736282791201,1.1901950256337812,0.14059936471973433,0.009625031134981227
1.339717603681029,0.5077093865980513,0.127817618173395,0.008692674407800765
0.07403228605229195,0.05885447330037463,0.4901510031302267,0.0365738426002943
0.6931870037369443,1.6280523424214706,0.41824782660676996,0.030868857120766983
1.6872035514665016,0.0960013202853045,0.2870084540264998,0.020639413682826017
0.7051561568363449,0.4298830586020099,0.36546596321495695,0.026723375105439037
0.792747858635954,1.045563944465403,0.49245102714580863,0.03675733622172978
1.31732632801387,1.7225809775244367,0.24514356140109295,0.017438070854978525
1.2647146786537304,1.6379166976890402,0.4232969625535272,0.03126738783213607
0.5806701992847991,0.11598801235748635,0.29951215611985355,0.02160205083515666
0.9053009822485427,0.7181267000088727,0.2512615422223454,0.01790369412203951
0.5647908993753927,0.846711405264962,0.14716095418822123,0.01010597494315636
1.086530287992102,1.0430146778941802,0.29172773418010056,0.021002409133999058
0.8930079182520696,1.5083140056465631,0.31331878935408486,0.02266822094685314
1.898538776009973,1.9616591338734006,0.43861919140722533,0.03247877265997375
1.7827125194796363,0.9095048014981937,0.415515826827232,0.030653357186199846
0.8794686034228554,1.8794593032302573,0.27028234987524846,0.019356241828328957
1.157982675595778,0.25118252737728675,0.08952786582630741,0.005940886875890677
1.4639076625307141,0.48309727806564706,0.1571773723776127,0.010842985293721444
0.6551506620602274,1.2326417667658254,0.13886189811010774,0.009497936549965922
1.0231047166376575,0.7579452492304206,0.2972770651253761,0.02142976825831766
1.4872818381207507,0.8984873959859456,0.3363461646804984,0.024453593013063452
0.9718024851663682,0.8159780613248129,0.31760731115115065,0.02300005464833606
1.1426095832217438,1.922100297996246,0.4481533377646814,0.03323402988627398
1.795252821933182,0.6213159387809275,0.35701777718984073,0.0260635382975879
0.7489395638859571,1.9104685763626243,0.36819418367070456,0.026936686038337
1.0339809794098154,1.4946191483845348,0.20682959184619226,0.014541120802343302
0.828807093828116,0.8908083383594314,0.2337740682449786,0.01657491136662491
0.8140004547421287,0.48139892185605015,0.41255881615137135,0.030420218579778613
0.10063715065465995,1.814166183904483,0.1531253100694553,0.010544431157804976
0.19694837342555993,0.913948924266045,0.409302163188057,0.03016358879252002
1.9716064912241622,1.7483221371670425,0.44186219301559626,0.03273554448135089
1.705118269124076,1.8382760777440514,0.23906033625835293,0.016975887100630326
1.6021902521969307,1.9033232502841964,0.08415759149733981,0.005560741010142318
1.0308075597544735,0.20321188788529687,0.3650985060703811,0.02669465316991918
1.2126054513235136,0.29804126805976927,0.26011053264021294,0.01857854801013573
0.1053068268034163,0.25861380588039506,0.37741658534983874,0.027658559757123787
1.3744423639357857,1.1339000801986212,0.392068006195013,0.028807878318758435
1.6740786540365633,0.7798779776656406,0.15569639585973624,0.010733805289121599
1.280644463770148,1.9072687420381749,0.49036439397341186,0.03659086421291247
0.431111824888998,1.3797792577320054,0.40423465299686434,0.02976454087716298
0.2982506035237502,1.455285641987303,0.2626605164634369,0.018773315011809753
1.6670159281194497,0.30698427158085995,0.12521803114706903,0.008503815281319795
1.424714485971918,1.9616258004652203,0.4816020910205936,0.03589234172172924
1.2776945450339825,0.4169982645980994,0.25944601836140446,0.01852781419254774
0.37392007923711934,1.384473581522466,0.141765065316277,0.00971036224536716
1.3409663208838378,1.3981139788567836,0.11645510166300778,0.00786921460968032
0.19293403277843035,1.2155115604268916,0.3402611336355629,0.024757986927836817
0.5690580826432521,1.8992213410351095,0.061407448763983664,0.003970235243349383
0.33605457918750803,0.781737802189888,0.16756331215123554,0.011610614770576481
1.0229471591895658,0.6595472079460134,0.4859822407318818,0.0362414144794029
0.7679213680958201,1.6515900236006646,0.35090153312227146,0.025586505863592846
1.1823921828335204,1.8666569415619596,0.10269323974888034,0.006879330524075414
1.7448479148643095,0.4238794036783886,0.47497494801025064,0.03536461344580684
1.706988717083003,0.6559740577329474,0.2615610859712715,0.018689324765521747
0.5994587834200615,0.3187330990281745,0.3255830450269125,0.023618014037386004
0.16471725008579474,1.5618829973115005,0.4107480281738044,0.03027750808645287
0.6795289769019459,1.0348014359898454,0.3211373643473469,0.023273432458064555
0.622465658708814,0.31000350045380487,0.3116357241047632,0.022538075485278454
0.6040350639478911,1.1031116084260693,0.2943583973716477,0.021204929667417514
0.93473152851612,1.4221675181937308,0.4555732875361277,0.03382257773785973
1.8190034248754556,1.074238479697126,0.275041547126034,0.019720808599472946
1.5113751584690802,0.9287631410945147,0.2523885873479172,0.017989556467503352
0.49568292263870206,1.2792066863152236,0.30757372312032205,0.022224175579571532
1.9253251187526204,0.9169246468641437,0.45715177663333434,0.03394786865820783
0.21904825460493504,0.800099999182331,0.27888035933866034,0.020015189183258075
1.7963157459547137,1.0276597995649934,0.26068609464981685,0.018622497798314853
0.2596874863510381,1.4861927533314976,0.4888857072503362,0.03647292386858114
1.9968285273262296,1.220496256697125,0.34919868513932995,0.02545379500012373
1.837728725516945,1.1694779626623675,0.29798432674102354,0.02148427490732378
0.3753541665617981,1.3059228304056163,0.43379430183264256,0.03209699400087224
1.564558508887036,0.06317074438314485,0.2667264187008901,0.019084136888488538
1.3951938769690935,0.9700672190891837,0.08110385638346432,0.005345314978824649
0.02553070546034153,1.9182329309638173,0.39334535293729117,0.028908220870815866
0.6352800423307403,1.5248773980275008,0.43359681671642847,0.0320813738303355
0.420357335237302,1.7835706740943509,0.4440442093333331,0.03290838370036131
0.4405769924446268,0.19778520962461998,0.10986391635656073,0.007394043642185234
0.4584885386285589,0.8334570261667078,0.19641269599501499,0.013759612050693516
1.8905828637289372,0.8204449206142705,0.29864198316752183,0.02153496663542638
1.979036015370244,1.5055138578710272,0.07369945506000466,0.0048253324995478145
1.4862001150270228,1.5242633114113122,0.22454550101142917,0.015876409480388178
1.2673889777056098,1.9376604674158904,0.12562280812827492,0.008533204554271423
1.2190768299887418,0.16806517104413166,0.20585354797456035,0.014467777335351855
1.252159775006949,0.8860372455252266,0.08657549054530134,0.005731695975771524
1.4691218220536209,0.1977792361423274,0.47219972652246095,0.035143769319339636
1.8939441444864882,0.0941086998134093,0.24564579050933716,0.017476264244986925
1.5816559001922275,0.2207672733425945,0.09968231862275423,0.0066639344297462775
0.42220579238500866,1.5274864500436323,0.39452185705383425,0.029000661579857003
1.6903251034238034,0.25173157973098226,0.29655561843783057,0.02137417762420658
0.948223231957136,1.1264010570551377,0.167756315628927,0.011624911489229988
0.8474860325738847,0.6753080888589018,0.34366924838824,0.025023169197314954
0.12971355196130752,0.09307928417673894,0.35554235836627746,0.02594841199594892
0.16138754667358923,0.9617733923651435,0.14328236876102873,0.009821503722081442
0.13660540607023974,1.5209532276120454,0.13392193104118788,0.009137184687369697
1.4178551637096206,1.488434061597551,0.31692289636393256,0.022947075721592207
0.5981810080082661,1.9243082576081465,0.38226164287829756,0.028038291379949447
0.9031687189112128,0.5244287662780329,0.09633800219156835,0.006425214128921623
1.1573833120933545,1.468168199834297,0.4756360526178675,0.035417235396807946
0.5344713003053538,0.2424606462617669,0.16453612021757497,0.011386525201860058
1.8466941632289202,1.8584012825513796,0.2269740209128635,0.016060033200396017
0.6895343899029134,1.2579384808975254,0.17507489146058136,0.012167861155264493
0.9383803144571508,0.819478520943282,0.30245659640833755,0.021829145959997263
0.5227820184892507,1.3320438388363989,0.22815736407264475,0.01614955662348309
1.9442661289614835,1.9505095959231438,0.39422055289444496,0.02897698558575788
1.4442021816127601,1.0406995708139806,0.4648653078998194,0.034560549747847065
1.1924380422650944,0.07881487533703369,0.3045466923341967,0.021990440963409068
1.5035736298399565,1.2659942068930878,0.20199572745468009,0.014178122588466147
1.735666051215797,1.7215612765495123,0.10710513840485864,0.007195734830990894
0.5958813565306889,0.9676516292537327,0.25037372278421455,0.01783607555246235
1.7807249388094257,0.3878075992056491,0.30414390769991506,0.02195935167184198
1.4604263149686214,0.8665553070489407,0.23861076425513245,0.016941762017261344
0.06065533398938072,0.24445716228015768,0.2937899551936518,0.021161157761818247
0.9276203833094314,1.3116406156482143,0.231134362147633,0.01637491673133356
0.47463332793728585,0.9359623517207651,0.3212164613964525,0.023279560352534055
0.8758263190651856,0.42239296344018484,0.2554710244191326,0.01822452241680595
1.9632775980309547,0.8639649193285843,0.46761614048676153,0.03477921705777271
1.0525471664108719,1.713117039223435,0.12236052782152537,0.00829653075062486
1.8370823131172997,1.5462595514619308,0.12211670398973488,0.008278859016581718
1.6948743289337245,0.03645050599026112,0.3394509402359156,0.024694973415650866
1.7828019623613844,1.400725809927644,0.2162959963970375,0.015253684482039946
1.175113563211072,0.5455414739529674,0.32192283274133826,0.02333428975215286
1.8495293098661625,1.2590135377729401,0.33643681631175326,0.02446063854141163
0.7559727990940004,1.8837216430359738,0.3325910926232937,0.024161860865722414
0.05536292726656944,1.8671125576838454,0.410077854125871,0.03022470181628939
0.6928965412501746,0.2118498125520727,0.08762077554215111,0.005805704338756453
0.20306370051948575,1.7129798276195563,0.39540344373289826,0.029069942399585488
1.7049321814928757,0.2613850874911996,0.39010088692150297,0.028653394509460882
0.00943331114458501,0.3697852125050993,0.20350869522630588,0.014291674873178502
0.8859793897673098,0.5654106470531819,0.3092392146213248,0.022352845651904787
0.7654078701330564,0.8017041487597525,0.48461359151800715,0.03613231759136802
0.03715297267852935,0.9680331807530342,0.11010703549375213,0.007411536344946491
1.6928657454108977,0.8923480639986359,0.24345949055750227,0.01731004053047396
1.5340552135286356,1.3389860920500916,0.22140028064831602,0.015638798843692105
1.8558536036200182,0.9830766764822432,0.2180409995088894,0.01538527383454446
0.7773824848127926,0.8638676140401356,0.47063974355876137,0.035019669652287075
0.02982421344413111,0.41169165973520383,0.40212688817830305,0.02959866346759469
1.4165514515557693,0.9379622742404423,0.44446108319116046,0.03294141128164608
1.6868484442511786,0.6446629941406934,0.15788948819811935,0.010895508951982965
0.5625989355574563,1.1691025439331901,0.48514468650254877,0.036174649373116555
1.9666021865136134,0.17074835345810224,0.2907449684860797,0.020926783581950676
1.7664498183226323,1.9687654716908125,0.13769956534145056,0.009412973793705339
1.1407405373510824,0.6053975350549106,0.2243401836799233,0.015860891416135732
1.1759478687178924,0.02156222543377262,0.25252617534868427,0.018000040230030826
0.9958738093209756,1.6605934586970263,0.06254373991762471,0.00404881996175065
0.569728585130362,0.8268190343592103,0.054609532655637366,0.003502256230327615
1.154741644473154,1.986832298485294,0.3261910583700377,0.02366516606518066
1.5898033971989622,1.6780349886653037,0.33098362722617025,0.024037045925664198
0.48048589920005313,0.25423894752533704,0.37994952615797684,0.0278570374314
1.3212097153564237,1.355740594963427,0.4472849290248002,0.03316519173322102
0.5426837890411838,0.5651843706601447,0.4426075433445045,0.03279457765585704
0.8813609230796136,1.8938992210813326,0.05480516253483115,0.0035156698491421666
1.2626416678369734,1.067231132495004,0.2555777784465276,0.01823266351026234
1.5378613393153058,1.812652884768563,0.49131418862200854,0.03666663297036162
0.3042590193095809,1.9761305125534703,0.052432543230273264,0.003353214382436771
1.9775832504296633,1.6268406490896763,0.4106591959083006,0.03027050821855165
1.2253662971292862,0.2494748044326034,0.13754221302861522,0.009401475643223372
0.26837738676382084,1.1255936976524403,0.1922708234861354,0.013449661152026123
0.6074169128973217,1.4129652435310163,0.09520391000342393,0.006344390384278391
0.9478868119280448,0.09996220885957574,0.37726646910140077,0.027646799738000803
1.748131894292818,0.23131587640334783,0.1584902330688987,0.010939830918284432
1.4106017554271877,0.49894580225516294,0.3953809852028999,0.02906817732970351
0.46050373783433307,0.851958347724068,0.36101412451152465,0.02637553612375184
1.2108388766414968,0.33657523092555075,0.2002999464097875,0.014050919430792804
0.0613438552854777,1.7313300642156289,0.15846558301764627,0.010938012049762035
0.9988174293266683,1.2853568950771392,0.13509442125245363,0.009222726497223294
0.1494613651945842,0.10153691426390865,0.2798022974002144,0.02008593010246625
1.106381552208007,1.0891892615598886,0.2696181799074052,0.019305399732560746
0.7564396405883225,0.5968471025360136,0.13868837725288408,0.009485249611722861
1.4238125085640982,1.8263524512858138,0.40627887824496745,0.029925474854788286
1.867930408980488,0.6312412544162342,0.39116038844672363,0.028736593698031332
1.113430395010779,1.9467943875490301,0.24295308575232738,0.01727155338404152
1.112583697838042,1.8262571403807437,0.4149741147799324,0.03061063857427124
1.0047508860556977,1.832321298387007,0.44361894838006233,0.032874693840754136
1.933704551628475,0.8747541120340896,0.3311539005057354,0.02405026516589493
1.8364775788227905,0.7373558718394175,0.18059917693144822,0.012578738467913143
0.07462761366478898,0.5874929147717192,0.34997182532789006,0.02551404388951931
0.47603412780842413,1.7851139584111353,0.19262789796087842,0.013476364288587686
1.4443659003280116,0.05650126312692594,0.056847531707797785,0.003655902852203799
1.7302590114720318,0.40126980334045736,0.48383309586363554,0.03607011273676587
0.6562187395201147,1.084957999563674,0.44746351419194247,0.033179347301811775
0.7434531153454011,1.465011331352368,0.36864296654209056,0.02697178542068182
1.0478296325224628,1.6308398227502634,0.448183633798137,0.033236431597900906
0.8417830183453103,0.8121683698489321,0.16789941347071377,0.011635512184290191
1.1651206378629761,1.7258844034857708,0.3893501047418769,0.02859444747679357
1.1417821488261866,1.958842179141069,0.3056957751584207,0.022079149528135465
1.5420691672351163,1.774049546012705,0.3706639733438166,0.027129885183662418
1.2856336779190976,0.6429585562238205,0.44961144667094693,0.033349633852887195
0.22483451282132472,0.41568711697190097,0.2007183740191565,0.014082299451601667
0.7855129544261166,0.04891781227245673,0.13503411649576458,0.00921832556682626
0.8132390398269356,0.20034058026455037,0.20263538199755704,0.014226123240306072
0.8918856988710675,1.5901477317275041,0.22857860450092332,0.016181432454064525
1.3547527098376566,1.339062498090562,0.09045138792776397,0.0060064216924526105
1.9098765289164572,1.285124805853303,0.3408016555785191,0.024800032261978418
0.1609252448513463,0.1606642328294845,0.3870750886963924,0.028415874447397765
1.1234850981243034,0.269193945228559,0.1527719250176563,0.01051841953485032
0.8262048185971265,1.3967679100055288,0.10369251150952552,0.006950913701832815
0.3988773370089329,1.6179627163825459,0.17720175334180216,0.012325945430451379
0.6019798717234759,0.7271992435759247,0.3619418307121617,0.02644799702595047
1.507938103634657,0.944497705863286,0.19320189612622923,0.01351929680750353
1.403668616075746,1.2054614565725406,0.32868542192452355,0.02385866975530507
1.1306168829275036,1.2919496671023623,0.10489931401962249,0.007037426852833134
0.24192772158352538,0.6366627936605522,0.12567943536442105,0.008537316557837227
1.7805203179941667,0.8392632324985934,0.43586875740771147,0.03226110356851497
0.17041979822778508,0.6405546266026507,0.1135163127832481,0.007657116062854728
1.4959244237462195,0.12429759340868629,0.47109718654176236,0.03505605719095121
0.7653233239920738,0.0016838528044820222,0.08683692719595279,0.005750200484610406
0.24337128997116464,0.3181103427047913,0.16655008216607536,0.011535578500565805
1.7490077349222357,1.6248645146953022,0.0938189685431845,0.006245779415095411
1.7887385189901952,0.9643305460914529,0.12328761481590085,0.008363745815365588
1.3967026189390828,1.2743317157223082,0.3936786437461323,0.028934406383124917
1.0179505978669725,1.3958278243099178,0.11099383014646233,0.007475364795191517
0.4933651079605923,0.5216589064427282,0.34760998198483617,0.025330020227653453
0.023339486543075605,0.10986435671990402,0.17513385233462797,0.012172241790007308
1.4465683447571287,1.6238219926928648,0.2548903822046637,0.018180246583921107
0.28629469167336197,0.7850736951401018,0.3834162288595042,0.028128831281630053
0.20817429048082192,1.889503338364658,0.3582563771261135,0.026160211078671898
0.8540004598811786,1.1390013776424164,0.4715819067876136,0.03509461717400514
1.7174441657926034,0.9173755478606176,0.4919133487465336,0.036714435468953435
1.9627767046030713,1.7235490938348326,0.29608955419130983,0.021338270287735217
1.8567681509049632,1.0949010983256904,0.08971763291417692,0.005954349303657531
1.815391261110988,1.795424141573783,0.4354045559316746,0.032224376037123845
1.7440592238680983,0.5395169963015847,0.3814241657763419,0.02797263020949332
0.6707316466280904,0.6523582325009312,0.12352250373409779,0.008380781129098866
0.49513282388698054,0.0972761000861655,0.4088799119996253,0.030130324974576492
0.8173226928232213,0.7692203407651432,0.36829439330588043,0.026944523194569296
1.3973209622193283,0.7372513001648069,0.400474333179272,0.029468652210281523
0.8872284949595994,1.4230905897336694,0.45805356553373694,0.034019460614370896
1.8822797749187985,1.306123205541293,0.09020890112444238,0.005989209896267674
1.8494207955150859,1.8941730195552877,0.3283239132659519,0.023830618925902027
1.1245009650202085,1.5861327234598732,0.28321845096375053,0.02034819367072801
0.11715935966871482,1.4188474159701336,0.05953559731963957,0.0038409994195008957
1.553823944663042,1.1640145562520678,0.11044419791854734,0.0074357999808814974
0.5969191599482799,1.0279993134103655,0.10977109993701725,0.007387366097731837
1.9132108835923725,1.4039760941752706,0.314176128917291,0.022734534535322985
0.1880641892941921,1.845714037329527,0.3097893829958619,0.022395360264503776
1.5811661358120155,1.0801080370461573,0.21527136515023126,0.015176451911287098
1.5465804244486017,0.7216835950487268,0.3422589514710366,0.02491341318171397
0.14306182563279068,1.1804527254276709,0.3372870927905978,0.0245267291850907
1.0950502076623834,0.8060318903228785,0.40586107174032804,0.029892578006303898
0.9988134016379759,0.0361519695348389,0.38021200531989546,0.027877610160380747
0.7172719183353944,0.7749918389457577,0.2679274821253586,0.019176016152099358
1.035705963399806,0.021269858349508564,0.44994599975046773,0.03337616204133391
0.7318515599959023,1.3036924396833567,0.2658344034233676,0.01901591773536194
0.3994285288660373,1.393064276356972,0.16726999722496833,0.011588889664477922
1.2362563948219387,0.8396288257236262,0.08053058851768247,0.005304935477756758
0.3661777270786246,0.16381791421873193,0.12151595850015848,0.008235328902110097
1.7897188493225367,1.4819865274092443,0.06484038566647261,0.004207952879188708
1.7700141850149593,0.6167747713728262,0.2783354974476304,0.01997338915103766
0.36899794691516963,1.9235048386179145,0.19469743536735867,0.013631197796612465
0.30937473879930777,1.0201635720872504,0.3182228200323145,0.023047706460812105
1.6217196222599257,1.7408231682416067,0.10270342745680036,0.006880060082367231
0.9020554815417146,0.9712223169403567,0.0983322685220856,0.006567499061415957
0.2991929238804798,1.2012536047613147,0.2344770168176079,0.01662819589768449
0.8217971305314073,1.9565055872347605,0.48415761781018757,0.036095976025746976
1.8162137895777655,0.11330220849864858,0.21116583098277047,0.014867248833145533
0.25234051878497477,0.8840302384114433,0.42199188970720236,0.031164346215013492
0.5983476353744972,1.3879591309000006,0.07694278944881987,0.0050526759605826225
1.0915746972729612,0.00828120330971105,0.31889606134302817,0.023099835117409106
1.5234095283565998,0.4007108568295974,0.1025697814311507,0.006870489870740419
1.187852982282224,0.40386907936620964,0.3202314990951316,0.023203259690785252
0.03875300294585737,0.7742489584608219,0.2960842949943688,0.02133786512173036
1.085529970102085,0.9341482319351722,0.0788881043487503,0.005189353405936256
0.6207359964814398,0.6246913602574209,0.10586325411123501,0.007106579094823729
0.6435826929600803,0.27234907960376864,0.18528572973551227,0.012927989815323535
1.269950497318387,0.6353873712331641,0.1333898855200938,0.009098385056450763
1.9916502082335747,1.7190956439687153,0.48875654080677117,0.03646262269542013
1.0984161633729692,0.4816570632156567,0.3616841072908143,0.02642786558179954
0.2681575319185232,0.4056993078105926,0.39675806158846116,0.029176417853050366
1.2748064186240058,0.7974101543371315,0.2633245211900818,0.01882405295943348
1.341077868027204,1.1558847136988157,0.4308850688232015,0.031866936697878594
0.4296882073836792,0.635262950829456,0.06102222491100069,0.003943616234853531
1.8360246800653897,1.6811771696246585,0.37991132822552387,0.02785404361560207
0.0959008713640539,0.8714970173501881,0.4195370131004762,0.030970581827543277
0.0889189899653593,0.2367235461824171,0.17973480637335132,0.012514391636262633
0.1116337588576437,0.7223312451600661,0.35661978174271547,0.026032479643475277
1.4675264476302536,0.9566179791362932,0.06085878359998524,0.003932325921800504
0.9827472595042506,1.7554879316499417,0.4012993068463701,0.029533550644988724
0.8146482532198653,1.270095220990596,0.28961006929293737,0.020839473035318704
1.8541136229475714,1.0485976713309981,0.42460283326542736,0.031370514387491055
0.4060471780589914,0.6746870679224213,0.20085747380376529,0.014092732254168064
0.9819394379646398,1.6144584121780918,0.3393406939805342,0.024686399716647475
1.1868582732783943,1.8390272339127047,0.05809202140490116,0.0037415233452954746
0.8002642872199941,0.7715386006311278,0.3092681138120816,0.02235507872554336
0.7573924386127615,0.8021214370679248,0.4704660139294881,0.03500585087832925
1.0124670503069724,1.4874627359549728,0.05546181678435336,0.0035607183041200616
1.1181605085909148,1.5855388805269635,0.39428584879412687,0.02898211632613195
1.7519448980839734,0.16360704461547826,0.46307197505597836,0.034418043390673767
1.5691449574884646,1.8989600275193106,0.3742891932250813,0.02741362854571415
1.538427066604664,1.2277467130782547,0.09918933239290341,0.006628709441472514
0.4081045296320476,1.5346983000581633,0.3882572150996704,0.028508654184772934
1.656040366698808,1.7356016781387538,0.4590741780116482,0.03410049756579808
1.758920643986407,0.29913330232869795,0.1571955536067638,0.010844326086071656
0.682793326568965,1.7877960762736684,0.49412458148555,0.036890887905919365
0.2853898957777523,0.44702915866362547,0.3502763996911076,0.02553778113393325
1.0596332790780645,0.6692484604977318,0.44111252021830927,0.0326761758895537
0.7463956026351166,0.2661497180828647,0.2354350327268444,0.016700832649393742
0.4803384991602,0.5544873842830591,0.28084414833610505,0.020165891372715166
1.2766335535767288,0.32343902640745803,0.46935475346389927,0.034917467513073
0.27168123957950474,1.9590122402293455,0.13803337578598826,0.009437369208107022
0.7667408475009141,0.8850322305145117,0.38636146803028676,0.02835987505859941
0.08078984685656154,1.4469216210808304,0.46729288529476926,0.03475351646369724
1.7193381879181318,1.0200745444441834,0.36497300974650154,0.026684844326867633
0.09377037306704805,0.26936044955680405,0.21497991994582816,0.01515448857505983
1.278088695153982,1.6674619355310483,0.19298341206795006,0.01350295412936216
1.2149353482233072,0.05670117278434805,0.08996454621484018,0.005971868730346792
0.7008028872212857,1.7938725756791587,0.29848049677176186,0.021522518655315882
0.5810720801455829,1.0429961800880947,0.2470283203078834,0.01758143031736234
0.9566278063044991,1.8226937554043738,0.3223208847566645,0.023365134331869545
1.0187420636425608,0.42300702889097264,0.24535301089089467,0.017453998360223932
1.0403220427660926,0.9091867220699859,0.3914909764884259,0.028762556880371246
0.30862374678463333,0.320792584175124,0.43536613099649685,0.0322213359846903
1.2124085882671476,1.852872955144361,0.1186171818656844,0.008025492979959198
1.9316229072473456,1.8419745798102911,0.1552294718721946,0.010699397714003517
1.247420250863639,1.320035041126052,0.24947721658669625,0.017767812163528178
0.6464032502153887,1.3464173481750534,0.1992032332950005,0.01396869280543045
0.7409870894479624,1.9130844662060877,0.34883888485399,0.025425759796958707
1.8657465976734007,0.890564366161509,0.2332493069825307,0.016535140899189962
0.40535060000933565,0.14464953556975213,0.43420159035783673,0.03212921021188745
1.078657701062196,0.5659982607258123,0.05138603576019849,0.0032817187669540436
0.6245358945885215,0.20541953464031093,0.30326880603996137,0.021891815964321906
0.2888742263802948,0.9567070453780782,0.2547153350458594,0.018166900040610452
1.10148542172409,1.31359213545706,0.39858269751039865,0.02931987722926783
0.35294091474919576,1.0477402385678758,0.1461547930780632,0.010032128738083235
0.9079103271129203,0.34398846321597243,0.3456493006051726,0.025177318708205203
1.1242589331673105,1.4771801260264554,0.20082094857612282,0.014089992730124345
1.9599843777718848,1.011692565612724,0.09066165734202986,0.006021349265279885
0.8347291708494855,0.5351081526583756,0.09918532258726034,0.006628422981175521
1.2811001626910603,0.39857002923396334,0.09984454683021626,0.006675528636216707
0.9639054795816955,1.7511265921787345,0.36024094087345954,0.026315154421739068
0.5508095438880352,0.28922135055864007,0.291524817595156,0.02098679290312276
1.2126045816874795,0.5943893076686657,0.22426166166554562,0.015854956912319525
1.6482762945331346,0.7404633147890982,0.36337122256712423,0.026559668464942867
0.3099571517121238,0.20290318662187912,0.27835109591250906,0.01997458573608195
1.7019824051268546,1.078982511975716,0.2327043362131162,0.016493845333677114
0.7820491537960885,1.096810658586208,0.45138047258066955,0.03348992313281577
1.0430150666599374,0.432935838193532,0.3917076742704406,0.028779576356867953
0.24048781558941945,1.1060127634278445,0.30389591003462263,0.021940211163430902
1.05092841776406,0.2771212752226382,0.21140466335041458,0.014885224904927668
1.812488968306379,1.7631301301050906,0.35756483297821634,0.026106233178048152
0.36389462369212877,0.35690673576527066,0.2753279220943668,0.019742759622756078
0.28933383420786574,0.09093116799283818,0.18884807187961983,0.013193871630486844
0.7378463042429659,0.30008286122905314,0.44136674300893347,0.03269630769203962
1.4909304047533003,0.9667188072601971,0.4022703367851607,0.02960995072351295
1.7396109348654618,1.7542074722622685,0.4856999650916484,0.03621891216738309
0.24214428113931508,0.5637923336546842,0.12478891821005973,0.008472666227704756
0.08635442388152992,0.7737426217622163,0.3828835048200968,0.028087053981543916
1.9513850184059407,0.9534095063635526,0.12047441924882332,0.00815989402409439
0.6851772216329728,0.9216841711034438,0.2552383233059298,0.018206777375237706
1.0965462387915828,1.3762482774906915,0.2704218233742831,0.01936691959644573
0.3695172073156381,0.09639799001599081,0.4416034269616889,0.03271505132010746
0.43100636299608786,1.074910624963203,0.4859123115744884,0.03623583981683459
0.5741555548949977,0.2265493570957915,0.10274128523143107,0.006882771182777001
1.3975562186953268,1.7631893243363976,0.10472918446721993,0.007025226443632704
1.3632674915012515,1.8663538740726333,0.4940665287598055,0.03688625470419397
0.010510041883988741,1.5565923229633678,0.3666947409157586,0.026819435799338057
1.324842400363286,0.4820298524156439,0.36283593179014517,0.02651784524145961
0.33848094469283807,0.731111972859775,0.34926277447593657,0.025458788972933306
0.23074904523143003,0.116412420446391,0.35042602178923343,0.025549442572490397
1.2515182118102164,0.4051333614870889,0.26132659202609343,0.018671413907924234
0.636817039897456,0.18331072989197295,0.410634103393895,0.030268530979716633
1.2942809826343746,0.014042160689850203,0.2917446707230817,0.021003712585087875
0.3411379264827721,1.817643957782787,0.11290707444447734,0.007613193130293205
0.19656734873207804,1.0642265665107993,0.12161877479964871,0.008242777936509805
1.7480985456780729,0.899311984397104,0.0941668293186194,0.0062705385029573
1.2626652203847302,1.4152718678828606,0.36788142657615314,0.026912226999587917
1.751157916030623,0.18196009699715732,0.07823181217160717,0.005143216159601207
1.1992292653293126,0.013562347688056642,0.2508735729506291,0.01787414337146781
0.43276846875625785,0.45358045311211637,0.10880589127341142,0.007317948689344832
0.45761581698373077,1.7711312162164803,0.4496133215592067,0.03334978251724804
1.6357370486417024,0.8025586627993007,0.30542851804710835,0.02205851536896601
1.5307688821632202,1.377125999374675,0.38512115170897926,0.028262561687135507
1.9474422065682682,1.4681648697806333,0.271368543438558,0.019439408326929725
0.8780170393243556,1.8680016084659834,0.08215022055093546,0.0054190688558405425
1.0832829546434213,1.3076471099834732,0.10157639577052241,0.00679938189895299
1.8823854392106694,0.1082309788740421,0.43237215861084355,0.031984519937399425
0.5050629806923355,1.6278190615950512,0.47996871851725326,0.035762227279906314
0.4485848139131834,0.7734056652822283,0.32102590788794805,0.02326479775617885
1.5794032140857603,1.9508093741073682,0.4305878715345507,0.03184344085203703
0.6911699666600126,0.7474624809324735,0.4385346394873182,0.03247207982264265
0.6541204764600079,0.2820051174048619,0.48520079114822806,0.036179121471127756
0.23558855328890438,0.3431910300746279,0.1293354679777703,0.00880306865328533
0.299845949912916,1.1991071662743351,0.3805930706973597,0.02790747924572325
1.2972290112333702,0.5952055756718966,0.4246453347867935,0.031373871164046135
0.7692656153276196,1.8049847991894412,0.2924412736835856,0.021057328275625103
0.656927377013901,0.2465197577922018,0.1955885769237527,0.01369790406811401
1.1938806009458973,0.4241573734635222,0.212566227280726,0.014972671688039995
0.9732839100875232,1.3263900990794533,0.41275366524033147,0.030435577462288785
0.19946249045315678,0.06229400156169529,0.2544901311719254,0.018149730208625887
0.76099071973292,1.4344524014522313,0.10667064882507762,0.007164534367035618
0.84665954215146,0.5216142395149475,0.21544509141265394,0.015189544913915127
1.1009359216755654,1.2670331251888283,0.09825809555075582,0.00656220345086972
0.7336778949108311,1.653903516895137,0.16960410678297982,0.011761843759216607
1.2117681241902514,1.1547833471740037,0.35269460605520186,0.02572629641272264
1.2376713091215954,1.3567113504135901,0.21042770757896684,0.014811701755910633
1.0640966593870296,1.8091009524597523,0.37263915305514916,0.027284457460024083
1.2369486016918412,1.1725792274503777,0.07122571390645187,0.00465239610874661
1.7117602111582961,1.2944273639613677,0.1282405208277267,0.008723423360547412
0.5221485919838653,0.7167796682006102,0.2769780811406651,0.01986927716167051
0.7641613297363481,0.7457894176820163,0.45455034247764103,0.03374139853204717
0.4511043640806478,1.2827031793490418,0.2209518803066549,0.015604942621122863
1.7080785633249438,0.7288882531036445,0.3572192047891183,0.026079258157289474
0.6924579960173538,0.7314859294645855,0.4279332053265279,0.03163361777002415
0.25040526160767396,1.732652758439021,0.37884564289107714,0.027770527433151445
1.3808252098892875,1.9539711873087275,0.056829537729518986,0.0036546658137838186
0.4550664480355424,1.4406772026444439,0.10803023114707774,0.007262194300684274
1.7040230801518672,1.4579364859781208,0.29850030240984166,0.02152404532356041
1.758461333095005,0.21768811662955945,0.15304912646704621,0.010538823158786674
1.671586499455324,0.6290119963399838,0.1793770268856284,0.012487763495006583
1.4145567828738186,1.9170462771601422,0.4122233577094218,0.03039377740769972
1.272813851763656,0.8493074625390415,0.20882731078071165,0.014691310990621457
1.0607275654423127,1.173683196293272,0.22405378020102434,0.015839246426669885
0.1563437818411635,1.3064609403319793,0.21139455830306486,0.014884464305175373
0.7264724503137399,0.698066957128584,0.19144207112717487,0.013387697677042945
1.3665555687456719,0.7540202974703836,0.25168478745576106,0.017935935354456718
0.9943661216869626,1.885118487608149,0.05052742262745999,0.0032231346697848898
1.1973961939306272,0.06893365173972743,0.2921495989375465,0.021034877766937896
1.452072175813812,1.9264927001948642,0.0792074269045582,0.0052118113294348425
0.36178716804015987,1.6316337283291702,0.40324034538232234,0.02968628314946601
1.6323320018043326,0.7767433608625112,0.3424793885901498,0.024930566592775785
0.592728768026622,1.7371017421395756,0.38825918848021973,0.028508809082771203
1.4590885043037716,1.0753689921889182,0.26012535276408694,0.018579679587426737
1.8978746558323967,0.5830247803242408,0.3555692128826515,0.02595050714829898
0.5759062569518538,0.015320964684109262,0.37726948349054434,0.027647035880307463
0.7875275941587365,0.9991758217662843,0.24854158923502667,0.017696587990153927
0.553053576603523,1.4017380393185466,0.4600383819817324,0.03417706708481655
0.25877894305828764,1.5480631566869274,0.10150484555323361,0.006794262078373563
1.2875820525071986,1.0379732867591533,0.4939122423847583,0.036873941254823156
0.29243235794596245,0.061157452286771496,0.2372261485017535,0.016836689676253038
1.0541805146728715,1.3989437671012,0.37102592480954805,0.0271582062923106
0.43141900036915537,1.177329332879472,0.3382036186353837,0.02459798216192457
1.75473687714868,0.30955290160453797,0.36479628477026915,0.02667103182640638
1.7079135074966083,1.3713897873662098,0.17122399113299683,0.011881971529192428
1.9077305448654598,1.1113891547005392,0.39724019217967815,0.02921432026118901
1.5791975549443305,1.9651437417855662,0.4344602219785124,0.03214966885797718
0.6931869150123102,1.2967989590780487,0.13676313959205638,0.009344560072749832
1.74681870820081,0.24323998685183001,0.36482930858552715,0.026673612872251277
0.6007652753417123,0.8785438397752636,0.22662652422020707,0.01603375015305083
0.33725551770931395,0.9289776032836292,0.15489724173918087,0.010674920060297277
0.7152183707536868,0.8492615131587604,0.4943286369337668,0.03690717391735063
1.2071308208795497,0.133253980423075,0.31520815085661597,0.022814376034359443
1.9559525013093397,1.2380486286280956,0.3691783027623209,0.027013658010709388
1.1163048162571891,1.03066016290805,0.3506451453981653,0.025566521528714897
1.7155185086222764,1.5962251647612864,0.39154590332398836,0.02876687078083871
0.709040508832768,1.9905796525895194,0.08434182400850593,0.005573755169613822
0.24260839388479005,0.5866699344824284,0.17624026861274217,0.012254464387659987
0.8204632258739004,0.17443944945611456,0.1385273637961309,0.009473478128854074
0.1835873601267446,1.593021082793272,0.2727717424974064,0.019546880955994075
0.06123532200038717,0.607185484483155,0.3033880752961343,0.021901019742749037
0.7604887712676962,0.48662139694911155,0.4381322503782263,0.032440229313953246
1.253314753718191,1.2507152546266564,0.49678196722399154,0.03710301463293116
1.1385383973312877,1.9131444267190787,0.4704166962665779,0.03500192812495237
1.0737922148984158,0.11455292306926435,0.254246358807739,0.018131145872745346
1.5394726483622463,1.5513092474101544,0.4323075491036455,0.03197941072437803
0.5488834002430474,0.4782948617744103,0.154860637967426,0.010672223432853699
1.4431926235864416,1.1872627398540883,0.13790673903402384,0.00942811390695623
1.6812836510180884,1.967279396730885,0.15470043987148424,0.010660422035991225
1.603027572660352,1.1386388788439896,0.43610480956641123,0.03227978100523083
1.6409797754453987,1.0101220689555321,0.19927691583597051,0.013974216214697098
1.9012391627318759,1.5276378214269573,0.4124906852181238,0.030414848310946905
0.06939176326995189,0.7103981375149946,0.454986499465791,0.03377600967992679
0.8989821866751955,0.5876273919085946,0.4858582713874967,0.03623153184048741
0.27883876318042056,1.0563963673299206,0.2172270841397292,0.015323888020093334
0.17169069725894248,1.780504493624816,0.4813243363422379,0.03587021363448469
1.4599596869373999,1.3196774372445943,0.15564466455173204,0.01072999286385256
1.1603124263016296,1.6917585071112018,0.3313279583304485,0.024063778705695024
1.546035033959608,0.9192210439380823,0.45222110740487037,0.03355660140741793
1.9138480881314872,1.8474345282419433,0.4349951863296327,0.03219198903482051
1.24996162901549,1.807995622909005,0.4320071765387654,0.031955658450471276
0.4876992842803278,1.9713815887324408,0.475314641913436,0.03539165143450193
0.5815689699740498,1.2151216462540153,0.22059534831894628,0.015578026251093164
0.1343928795460052,0.6645254329753492,0.08189169746419075,0.005400840572381487
0.8793713563901229,1.318237703771329,0.24124224902146751,0.01714156950369464
0.9508633573350378,1.9558793108135135,0.24955358363186608,0.017773626381946465
0.8540258471231919,0.3567450992064871,0.3358512762442507,0.02441513213854668
1.5370825642976704,1.1975990871652682,0.3833681325042957,0.028125059303302422
0.35759277577364945,0.3326860312996698,0.05075247941771646,0.0032384839414250598
0.2600632015957751,1.271965025203264,0.3348333959903852,0.02433603859823389
0.42262619163149173,1.5235629172907683,0.0651668289287934,0.004230603807353554
1.289652542116791,0.1226775657381467,0.11069594031465355,0.007453919763648328
0.21672620879045934,0.44558609658310133,0.41920360348676117,0.03094427169744461
0.5501692777361926,1.5875048624860382,0.499085891616614,0.03728698957921034
0.5770617482085627,0.6894413798443606,0.13520225044481643,0.00923059601151134
0.32893985472799003,0.4100409899128463,0.26197121865813816,0.018720653730643785
0.4437846074558369,1.6913762014681062,0.08678968425990315,0.005746856340592722
0.9071828502056436,0.8030170675674349,0.10151887278840901,0.006795265786347321
0.31749181111121616,0.31833243008790535,0.4281121967095575,0.031647762314679785
1.4639991709550366,0.28029609565678837,0.3923179818464435,0.02882751349640467
0.8372484159032254,1.455869271212537,0.1831840873145465,0.012771294874214384
0.4938556079625749,1.1760040766513682,0.12324987317371824,0.008361008812286965
0.6764956547954701,0.4090173050413526,0.054183186514756565,0.00347303474941807
1.9629955724445118,0.8761642034629002,0.4433096552241168,0.03285019253694281
0.1493805371461272,0.3446506875021571,0.12529282156589167,0.008509245027955512
1.088501253612476,1.0860630022780606,0.09534701764387138,0.006354585640638589
0.7859147543811762,1.5266608085125477,0.4196358787483001,0.030978383823746045
1.4403144318111893,0.618613021795976,0.48007062461581473,0.03577034422646515
0.19635704611751614,0.3702217506568408,0.21002678856153983,0.01478153644314645
1.344140964577644,0.6970075900484605,0.35040154894141967,0.025547535152853986
0.41167376457517,1.5082135138860697,0.2831467123538868,0.020342683929706756
1.1384699735122972,1.120971314533928,0.4895167128267679,0.036523249991329276
1.9497846157067886,1.3957077383971803,0.1377398072899577,0.009415914525145622
0.83144124899477,0.9927854058187553,0.3802417640724502,0.027879942669310286
0.8903283932707216,1.3513460237462085,0.23450573991037987,0.01663037338479916
0.8506939332895873,1.8323929043199274,0.40544343195197324,0.029859696619775892
0.19101186410000004,1.2853262499567741,0.25998248818087377,0.018568771475355385
0.5910796516919801,0.3562768376499401,0.35931315924280816,0.026242711207973408
1.7380822580772899,0.6893206106229468,0.2023153558995901,0.014202106685191772
1.5430337821700717,1.5459744741058843,0.3280262585875816,0.0238075243688478
0.6350843350260351,1.975538158955129,0.23876568514903407,0.01695352089758847
0.17795536131186918,0.5636167436637802,0.19024393466576256,0.013298149131229628
1.2584496189719465,1.6067584287575445,0.24286466746391822,0.017264834094817317
0.2941881824831154,0.06291608872638421,0.2791134389890422,0.020033072017550776
0.21329334736155148,1.3779007746579086,0.17727480162802606,0.012331377260063068
1.5775631473306988,0.8418600496864264,0.14773583585955533,0.01014818347501745
1.010511497545103,0.3128321226423745,0.1601373080674977,0.011061408742723091
1.055103096683655,1.4499618407395907,0.19359003469821806,0.01354833284231566
1.1451265955875716,1.8597595665559656,0.26443468793390673,0.018908902761374424
0.41461989154680645,0.5691555227618084,0.05568674517092475,0.0035761575535288113
0.17652429759827615,1.7574035359897902,0.2414614531126827,0.017158220383522976
1.0259064080306577,1.3161688976706338,0.12980022574747138,0.008836888730265271
1.892675309905527,1.015223045753798,0.4266603047162888,0.03153304035614178
1.699359742579681,1.119688499999269,0.40450487699564797,0.02978581135677681
0.2502890274128813,0.1827656227649752,0.14139503930811365,0.009683270497603168
1.6693199129610672,0.29402656091739954,0.45639124299736733,0.03388749836394787
0.09416752240288173,0.14436714316182808,0.2648137374317999,0.01893787906624572
1.676885281322169,1.9919509614044184,0.2250329020832056,0.01591325160084786
0.5764063075402113,1.056366493881734,0.3590363719867163,0.026221101553183575
1.4547302087792335,0.17959738484294863,0.4357724769385793,0.0322534856544008
0.3304106509844238,0.14798690008245186,0.3975649535728093,0.02923985297336865
1.0420937571241713,0.774210634475998,0.37864733855533483,0.027754988403257443
1.4334218809052404,1.6423723807775121,0.3517877192564376,0.0256555880668202
0.6489944610038954,0.9283569741318183,0.16317779552944717,0.01128606657682145
1.878200938437571,0.7405567550139647,0.18864311554666985,0.013178564898443329
1.2990168166038785,0.7100079801052657,0.3878423322894649,0.02847608969252859
1.3842305406963844,0.47739291989167,0.3177993876470748,0.023014924251066708
1.457624227820171,1.9712553603558205,0.2149295041492434,0.01515068944455341
1.547306377593461,0.6594473410680337,0.33726132558899086,0.024524726172266993
0.5784436240589372,0.20266742019238926,0.0532194544221122,0.0034070398231931935
1.6535156129863269,1.3124897333732901,0.0643152991320306,0.004171535205007007
0.043350899406082055,1.6490667402596917,0.19791350176555084,0.013872034496798892
0.1193996273174256,0.9766838235878077,0.4740511965682863,0.035291094057064855
0.5358966174991524,1.7468672464224375,0.08916920995772251,0.005915448546008201
0.8512834856966729,1.0809774517698272,0.16915018601749776,0.01172819596009241
1.492123626071318,0.13707948626288013,0.2634755250851112,0.018835592706192488
0.13060953962350497,1.1508316448694098,0.4502585247530915,0.03340094475605013
0.135952686196539,1.028203467356105,0.2655187450043438,0.018991780729904435
0.19710788819954494,1.7589430473256413,0.4052566976849392,0.029844995515901043
0.2179476810590546,1.4982129061120455,0.49790626936321103,0.03719278603357425
0.9088409542424329,0.20735482731125265,0.23745813607973748,0.01685429123919543
1.1534085464741912,1.1158594456244173,0.0915547910161909,0.00608478171203721
0.4931417795640527,1.6298577742629001,0.1340527382942262,0.00914672548888944
0.8199473344194115,0.8013149694640476,0.3991322793056668,0.029363096197933734
1.2830469659408628,1.0358338867892614,0.38657357135843784,0.02837651853014801
0.018830530253181044,1.094197950425527,0.3995463366806006,0.029395660274223877
1.0331872153734099,0.20467081990776426,0.46235777806485057,0.03436130065364589
0.8713217268749813,1.1035306907371414,0.3317282252532234,0.02409485657542241
1.1228457477472036,1.2684872963941638,0.15082018100638567,0.010374832484365487
1.0279915560583193,1.3943050804551094,0.33805310826030915,0.024586280199304617
1.7290131876666577,0.2915237329303211,0.24970158371100792,0.017784894743492038
0.813546688929546,0.8431946665940466,0.12347854261725513,0.008377592679896868
1.5158137522886628,1.357315255234232,0.4883365786535258,0.036429131526765385
1.3177016811297266,0.12970887917944318,0.07415586643196415,0.004857283887698396
0.6735988490519116,0.7962599355668663,0.44849845212494954,0.033261389416874045
1.9900840761451728,1.5236197046973246,0.14191087734804272,0.009721039329913483
1.5527233285337525,0.8708882300162994,0.4791174473889207,0.03569442713139782
0.28233123213564526,0.7543184741656959,0.21575600058775457,0.015212978621930745
1.7022244274223277,0.6627220818879935,0.16909648883010114,0.01172421595873044
1.952538861655572,0.5684081965437418,0.16352262807752938,0.011311564167425361
1.6836874969674076,1.134228427423,0.4635851520564367,0.03445881887862115
0.6483270069885203,0.5957364441096635,0.35575743262547477,0.025965192099582316
0.9137808333248922,1.979808650444638,0.33436887153715145,0.02429994862101889
1.6667071153893345,0.20222181418413898,0.35744011001365117,0.026096498797561162
1.1283787321705139,1.909849885108841,0.14325280632437817,0.00981933751448779
1.2761565502821601,1.1310824126295829,0.2033733741295482,0.014281516283776875
0.07119159300668865,0.33291411575275554,0.3439093988109341,0.025041861946017964
1.4327388852192424,1.510019391026012,0.3291589593477657,0.02389541654224738
1.57236298064254,0.29490910844897855,0.3424615006858936,0.02492917460925595
1.3203647462004384,0.07822115007769193,0.1468886699304236,0.010085987459528926
0.2130305647341637,1.9073994083373362,0.480994593396798,0.03584394490344724
1.2542237608726174,0.451619038502058,0.19781205433538052,0.013864433407915122
1.1421882174807068,1.9104572817024437,0.2081353055763403,0.01463927418634142
0.9012640492771249,0.7397866291457076,0.4534996690683701,0.03365803197280836
1.7613815719054342,1.7891128810782404,0.44700093374476096,0.0331426816262224
1.9006050841479283,1.549634315874363,0.24510744900807585,0.017435324796933167
0.4420584743352802,0.477234940299631,0.08556955924951476,0.00566053212298091
0.04501078796335367,0.2645505147289202,0.06851812475001838,0.004463586738815181
1.418993564551066,1.118128552601922,0.21928866198827762,0.015479403705193717
0.7353524273472487,0.8409107206321578,0.25031262234549573,0.017831422596592712
1.4871588851133146,0.3553098948551632,0.17647856233838,0.012272177698761357
1.125034055688094,1.491164353626539,0.167211066294083,0.0115845251141515
1.3092216304462863,1.6826283955154302,0.2089602620499304,0.014701309908150906
0.3648392170655381,0.011043706985459645,0.08018959744174546,0.005280926347922853
1.9471407530919995,1.7894811410933449,0.3553013426498287,0.025929608770828554
0.09364724211009334,0.07332615614910587,0.41603636064224325,0.030694409334612018
1.371878523372414,0.708156272422841,0.09700352384572122,0.0064726747195865166
0.576394688436429,1.110466539025607,0.4315781705227669,0.03192173632837796
1.9580922670578287,0.02920883460108592,0.16428845803116782,0.011368204386275218
1.2044746634487498,1.1113236270577136,0.18143939176753143,0.012641307433211062
0.5218973061150309,1.1105272082228348,0.2786057069811683,0.0199941180426265
1.534914106526289,0.020382710038996388,0.29770969603771946,0.0214631088357556
1.2782352699283503,1.3889389380778425,0.2709424761122888,0.01940678291994236
1.1430521078235671,0.6850311241761398,0.29549674237115403,0.021292603478575728
1.7569392284983036,0.3452061404593607,0.14909629068451713,0.010248114846620181
1.9412723105810603,0.4991663398403734,0.4831947157159274,0.03601923951666522
0.7993386865134859,0.17661251336853612,0.28124635909723844,0.020196766224633768
0.021948389534007573,1.4642655426243525,0.09509782711399582,0.006336833522873192
1.3085360511610038,0.3614639061815734,0.18578313266583385,0.012965093347965785
1.4768605487450843,0.5686602457065402,0.22700818249874316,0.016062617175180142
0.32222520217322903,0.6193451542104023,0.358206899986659,0.02615634894294001
1.6530892764326557,1.1236602434728364,0.43574833225993514,0.03225157529463238
1.972343774502216,0.11697714679868665,0.36982021640948004,0.02706387233003712
0.7905125117123148,0.8158410772943361,0.4492195293331691,0.03331855873190965
1.083148727816751,0.03330123265484897,0.49926621436151153,0.03730139134208153
0.7880208439231977,0.621804333674294,0.0668351184359263,0.004346482953726265
0.7540796605535149,0.767359057221271,0.29794741659236124,0.021481430125773783
0.1879490918613398,0.5970932281083683,0.34373983242702255,0.025028663200748556
0.6775051077776204,0.4109842613868331,0.1166443463310902,0.007882885555543073
1.8549191245790624,1.3484267800704777,0.49077396534251366,0.036623536049266374
1.9418766651443258,1.599541677466184,0.13035241552064186,0.008877082029376827
1.1132647325230012,1.2287297995374333,0.30834101659757474,0.022283448044550565
0.34475899965920864,1.470173955377036,0.1656307861678784,0.011467525896098046
1.7090581339169377,0.7989532781953161,0.3297649121479462,0.023942444161447723
0.42153437076875355,0.16209299635141816,0.19551857398709932,0.01369266324822332
1.7447465918871476,0.7556557687376781,0.4703633821937009,0.03499768752690075
1.6934369162639507,0.5783045118427965,0.12344651991328112,0.00837527015934414
0.968895846155867,1.9358176579197754,0.34580435637985935,0.025189392569037742
0.031090017325051456,1.0888207923358453,0.3472173871389624,0.025299439439942138
0.05498269229472519,1.4460320068718169,0.10322465016945448,0.006917392339185855
0.2304784650257934,1.7921370029805845,0.3159835648907306,0.022874377153016566
0.9444037139939505,1.4083373055146966,0.08715743222839675,0.005772891103024155
0.01213128711915723,1.8055138580131915,0.1857972965042921,0.012966149993151682
0.6375081968404166,1.6707498579330122,0.14205320535812377,0.009731462027095787
0.8267212158663162,1.2227570657683144,0.07095990886293818,0.004633838380463801
1.6748366728067723,1.9401883611463202,0.24294814911215662,0.017271178222895808
0.5842904843485837,1.4492713130313426,0.4880625924962653,0.0364072827322557
1.3305191044801967,0.8601551458301517,0.12823647153545414,0.008723128906157411
0.10792529497554804,0.8013282480370838,0.3936054808306194,0.028928658093455635
0.13597651563787805,0.4963399419273695,0.2151385604440505,0.015166443482336091
1.9566298097839105,0.36615215698506787,0.1772759039609338,0.012331459230103134
1.2681022153907158,1.0564340490242994,0.08426002455948867,0.0055679766253196854
1.3214444332103987,0.5271390531314994,0.43742025430272075,0.03238387727472359
0.4599450400945979,0.8963865224091878,0.4022691700244176,0.029609858915804862
0.38384242245844824,0.5767261601655791,0.07288238407825828,0.004768167034319089
0.046133551234482484,1.6003552663970182,0.4820489457728632,0.0359279434772988
0.20213498683677344,0.5156266967722856,0.344635856695536,0.025098413213969727
0.7204674770211565,0.3757338907613086,0.19446924897548074,0.013614120321218831
0.6971317247578193,1.8836322967705394,0.24227812130964366,0.017220264185102682
1.5973637904200713,1.9521321057067023,0.21104839690646915,0.014858410497877256
0.4994991634656263,0.8310324873711217,0.48676596251733595,0.03630389555752951
1.598406176109124,1.118316942427688,0.08871148294884187,0.005882993669191301
1.8840615374781688,1.704981331354176,0.15431573508323468,0.010632085232615034
0.7254148805460352,1.1386239958123596,0.4024643315095004,0.029625215643237068
1.0441105022145083,1.1910879436847763,0.24358200216926867,0.017319352335478773
0.4277330512264481,1.4544479384145714,0.40783195237219017,0.03004777976695175
0.692240691242614,0.24095798238028188,0.16919601188489042,0.011731592613172585
1.359490779439869,1.896806497215218,0.46340373617608704,0.03444440376694364
1.0855484471361074,0.02454392730621291,0.47133271532310717,0.03507479340063378
0.3594936473308181,0.7602133109616154,0.13383063994169667,0.009130526490574496
0.39531726001507006,1.3212342290515116,0.07041261399535105,0.004595642980707001
1.619037322654901,1.7674036932607817,0.2576712215502527,0.01839235739759241
1.0462345302770695,0.36705322991819567,0.2905549574323085,0.020912163929347888
0.1667269272082148,0.37247560688987624,0.4399286646167774,0.032582437382589306
0.9746728636554935,1.6157179963526282,0.37385472538527176,0.027379613020829432
1.3674266365186438,0.22331134311407563,0.2665721526345829,0.019072337868619806
0.8369977855231976,1.983916295396229,0.42729835199667743,0.03158345266287344
1.4037101378038475,1.617897567778678,0.07774747257039569,0.005109184265492201
1.9182396502580457,1.8295878042124363,0.15973947671947644,0.011032035129607272
1.889991039878477,0.8210916429454911,0.31550949831306324,0.0228376929290569
0.6417715203411525,0.8841509251149362,0.2791387214407216,0.020035011853720214
0.602775940905631,0.8828390413021052,0.3807645787720704,0.027920923253694163
1.2033248579139968,1.1428765400142369,0.135174185310782,0.009228547739932426
0.677848942969026,1.3775977738047496,0.18181551211333474,0.012669322778705507
0.5228383526794309,0.9669508003205756,0.49021328820482335,0.03657881086004713
0.5906766062271724,0.27671746440970835,0.45017522426420803,0.03339433904929369
0.2805993642710809,0.8094959586881834,0.48450039783443,0.036123295720078066
1.9005169649366167,1.0873765360376373,0.18368643288923892,0.012808737692029122
1.6364228361111184,1.674218368614235,0.1178187644960827,0.00796775910281473
0.30920784733476836,0.5953841162670608,0.10920008625555805,0.00734629391799516
0.5594522268324427,0.4303003496087603,0.21537769219554992,0.015184465237732576
0.8794602007967278,1.2743576840423418,0.085009821890556,0.005620958870714707
0.24587058139776286,0.22005869845298331,0.06403182503859668,0.004151883213642737
0.8378266392287796,0.7725840303165545,0.409897665339021,0.030210504881394797
0.7661011201632704,0.25651862218079535,0.10733827014441533,0.0072124794990872
0.9766667836411491,1.280411413952181,0.27049075352995333,0.01937219686986827
1.8936721707964208,0.3579535027083649,0.45607212229918914,0.033862168992871755
0.9844926714550608,0.7259597530350694,0.29545675869066623,0.02128952359347319
1.8227966109996419,1.4296607255626956,0.10060125748232653,0.006729626752193884
0.5851751086080215,0.7611388879926868,0.4596182370850117,0.03414370110877691
1.9139749975641738,1.8001289522230508,0.4139194278021757,0.030527478559291634
0.34160845530755224,1.1767120502753232,0.4350886521681221,0.03219938333693385
1.3915058860949308,0.8369009019064366,0.2884387389547217,0.020749384506976498
1.0818085262563253,1.70265969792153,0.49272997213624503,0.03677959420134196
0.832242891819986,1.8611925659276067,0.3276954623352501,0.023781860105782218
0.21430317344820926,0.5493548580448275,0.46651928805499476,0.034692016142440385
1.321649370477209,0.8190163958718091,0.3492707545615698,0.025459410802031634
1.4122916057745456,0.05663862592830138,0.1576606700366329,0.010878630182671893
0.8492722914836912,0.8415506581880596,0.2999462010825111,0.021635517671399783
0.7409076410508058,1.215784462311937,0.21353679247856283,0.015045764684634593
1.6208774212224317,0.6052610909937641,0.3326785591816142,0.024168653581584418
1.2206540732666145,1.4107019984868976,0.14265609152535058,0.009775619435908253
0.9920747091762632,1.8171567156825879,0.319846219393115,0.023173418183664245
1.8365559203695978,1.9446392635780014,0.05052123467316342,0.003222712706879892
0.46868573508818523,1.730069603309462,0.1787921598427512,0.012444242001249349
0.4723223384288895,0.3041107205976905,0.44722219607892827,0.033160219293432706
0.6191729269158979,0.606892254203742,0.3053271851309651,0.02205069206924726
1.9902301870094867,1.795451499450869,0.4873641010625796,0.03635158595325309
1.4147367467743799,1.2812216650668573,0.15156177931574044,0.010429375811602026
1.2749257599382597,1.5924991575842977,0.43924220209669124,0.03252809077337531
0.6855774451802239,0.8746369473220164,0.3009877024863479,0.02171583577706294
0.8825632947236643,1.6290597844422263,0.08085800435407442,0.005327995379707782
1.6799322263738747,0.7407039682494418,0.0863622487508147,0.005716605557256985
1.49244145681542,0.6424504989893736,0.3740646513444603,0.027396048285203877
0.9921577545200797,1.1100338865864547,0.3571406983602721,0.02607313126749717
1.5375566409734824,0.2879934560894699,0.4847208672236862,0.03614086791652037
1.5857320182454817,0.46805696570884026,0.31338458511296646,0.02267330968084357
1.5551979589313205,1.699459510128929,0.3663565759485931,0.026792997260257603
0.524613035001678,1.2934190308817666,0.48868626100490536,0.03645701787889817
0.15624209940620748,0.4766616507658208,0.1762932289895296,0.012258400998295373
0.3249735518585455,1.553211272602418,0.47771814620394676,0.03558299677087574
0.24173504012243585,0.07585410615774268,0.058456355391711456,0.0037666134884368576
1.6202824813742809,1.5025210747868702,0.46878344668545,0.0348720346240217
0.23233919448380846,1.010302702585601,0.38719040647586894,0.02842492435703796
1.889981563430606,0.24698264829034122,0.21878574245685378,0.015441456493662528
1.4196588925690485,0.9716397352038877,0.19209952306592215,0.013436851989467712
0.2462201650211293,0.915728274982132,0.18079894310609845,0.012593612802510187
1.0804290838180417,1.9319913591586784,0.35969360263347283,0.026272415498643616
0.4708895942336986,0.06022416273646858,0.49312605624154876,0.03681120060727589
0.23415493662649323,1.631094482914519,0.12319660707720971,0.008357146082749128
1.3202109711646615,1.9247603494077714,0.29195614146267496,0.02101998799676241
0.031230214712349547,0.2895461165460975,0.49500212357651774,0.03696092931977474
1.9182261852000866,1.9514636438633401,0.43386791510712935,0.03210281660015191
0.09611785686888474,0.41125212982908965,0.19481896719418296,0.013640293805392405
1.259782578911081,1.8004647461153753,0.43213748001881686,0.031965962194187264
1.7081472729568719,1.4136507684130595,0.0958057456226275,0.006387273390893735
0.3515493472733311,0.9876524664382564,0.18825980175913415,0.013149940996210198
0.0008908658936594982,0.3038108123564025,0.30568404575307273,0.02207824390808475
0.7755827116235225,1.2719025339752854,0.2529244980489981,0.018030393358410935
0.2078656464942723,0.5564093731828326,0.15149855721143607,0.010424725211217881
0.3646517076184932,0.5644953124306256,0.24580553852925846,0.017488413851343986
0.08534894570419427,1.1533672352884512,0.05273302095187406,0.003373760798739662
1.7096415707812156,1.7187385374104298,0.26916674914190836,0.019270847717220582
0.5864819456535662,0.5622141056311096,0.409557709467621,0.030183721194449627
0.09747496445285964,0.761487829568293,0.27392792230588486,0.01963546277536233
0.6834592634686765,0.5198069151241658,0.1294656507719487,0.008812541114164766
1.522547494988582,1.0786347369501488,0.27395688959347403,0.0196376824634867
1.8830078267689936,0.4126754651988316,0.476176914635919,0.03546029015086788
1.3295717211580111,0.18023262776918592,0.1696233610972206,0.011763271161882744
0.2596092067141549,0.9892218049091563,0.3762269424775294,0.027565372695895145
0.022749988884339656,0.8812401399141592,0.13685105867668634,0.009350981924731055
0.8940407226008928,1.41031634310725,0.35256823249307895,0.025716442538499223
1.94872155779966,1.5836186910475767,0.42320962683670393,0.031260491582862766
0.628713908897834,1.5761626474230777,0.4110634193991478,0.030302361351710844
1.3688584766685712,0.5013564404980413,0.1487153679001626,0.010220128030915428
0.37702496195293156,0.6696678408648642,0.329994373033067,0.0239602540348599
1.4017754756236338,0.2814103982715106,0.36790806228331835,0.02691430997813444
0.9927760787297715,0.3236297902564571,0.08359596660428113,0.005521080050768371
0.42444783543210307,1.3259277592439045,0.44755529503806063,0.03318662247011437
1.6030417594132447,1.4724375524932019,0.2049952707328731,0.01440330309915853
1.5153029320572435,1.230974851059704,0.3671263224545515,0.026853180311028707
0.5036893593425955,0.3652971835656327,0.15138495981796718,0.010416369355095314
0.6358565543179642,0.9532588214569993,0.17432957908421384,0.012112495232334005
0.8046284830353505,1.5007384207520855,0.3547467840059933,0.025886347337748406
0.2413947460681174,0.427939890631436,0.11155483036331018,0.007515761867524869
1.7922828283495411,1.7549363615455176,0.19778052222031645,0.013862070875411215
1.877765185720458,1.732049205371058,0.24895562940772487,0.017728104317424113
1.5081168906813496,1.6587518581254985,0.32451936884282945,0.023535539529259016
0.8587027782230459,0.40977214095538605,0.07663200604230687,0.005030862305171029
0.4593523698896096,0.011561494012801488,0.1738718080354029,0.012078497559721946
0.584008968280999,1.934526137107808,0.31545136422264025,0.02283319465804492
0.9445531514848327,1.2571918459338778,0.1428681383071064,0.009791153518727566
0.09771606784999842,0.3504146076209924,0.36128524169085346,0.02639671110792563
1.1267383464383023,1.3682803634119791,0.06686414814964223,0.0043485011352404545
1.9971627322617622,0.3350932133403359,0.3927471200524055,0.028861223611840528
0.46517239772624763,0.6470460399561699,0.4615031471529686,0.03429340843254144
0.8349451181229475,0.4765968004060832,0.3284302872026509,0.02383887266235657
0.8954668706970959,1.2788091663518517,0.2644482244844199,0.018909937508871603
0.38902790651326224,0.06520528030465256,0.3834561606882917,0.028131962978100174
1.336193648864539,0.12556982593026156,0.13825358334034754,0.00945346456628811
0.9018558988541829,1.7078633140355466,0.3603130708135608,0.02632078702459727
1.796072388687503,0.36610419662746496,0.4917329853127405,0.03670004519861909
0.7950079923400493,1.123131525994695,0.28260695574618083,0.020301232088959092
1.5860021895373138,1.0824940521923347,0.16216920657747397,0.011211510909771086
0.6991148521945318,0.654570614827505,0.2313637328270512,0.016392288540693464
0.007964728147214828,1.487444737920488,0.39563948753999617,0.02908849406838976
0.06116310733928243,0.8908155318313364,0.3006568633177813,0.021690320167521194
0.5985915042676562,0.17344730703716693,0.32500457973384544,0.023573159129209466
1.238196025928949,0.08504876586537646,0.06646212448279645,0.004320557343720354
1.4960735058991548,1.6958133560605797,0.44300434114577586,0.03282600760089504
1.3155414058978014,0.9546257620000393,0.48770299473933854,0.036378608197434735
1.9494408913114165,0.7178439466839908,0.13758706211552107,0.009404752792417469
0.38299199027122466,1.132054908196376,0.3130722923287096,0.02264915718542163
0.15185616385303136,0.5972915204680471,0.4073797628262841,0.03001216642389656
0.633679273651581,0.2529953555862754,0.17928181719689634,0.012480678023759614
1.141865590771313,0.8895184419743845,0.16644720398904764,0.011527961460570925
0.6702181729207439,1.110053968202888,0.3290123720956679,0.023884040893850673
1.464996445226081,0.8754935764941658,0.21740955074642804,0.015337648344729428
1.5826179390499522,1.4931247754179546,0.44401930469438267,0.03290641065324485
0.04928991097653279,1.944196401554366,0.17816855614632077,0.012397848831690834
1.7146693980480445,1.655474555615423,0.2831997584052223,0.02034675801672961
1.1176798567760005,0.27302891767664006,0.203611259076384,0.014299374678205079
0.8802852046020049,1.0108400717151664,0.2998542135255626,0.021628424734118124
1.820276707189124,0.7457258023510833,0.4012145034211191,0.02952687896532338
0.8158502498165365,0.4957522835315882,0.14905204911358558,0.010244864116291741
0.25709526604425537,1.813558563075525,0.1718898719112138,0.011931374864471442
1.7275927865736485,0.9107236644565952,0.46378401835033795,0.03447462102868015
0.10819035861456228,0.7328509491580186,0.4395483903954899,0.032552330697172886
0.43957650310629703,0.3154733864785224,0.3065886238676397,0.02214809284984627
0.6733257599005125,1.3348768277209924,0.441420923602986,0.032700598335353256
1.221513886565209,1.8238936504505892,0.3620044118238311,0.0264528855479944
1.1194079466320273,0.977726075254236,0.42232986459864624,0.031191028809468037
1.2990097520637474,1.8608662977490338,0.3871993984951677,0.028425630040619092
1.3304444636179924,0.07285171994984108,0.1318103056872573,0.008983256627520045
1.4732505630543922,1.880639865974647,0.14254515276891314,0.00976749294022881
0.38612275944982377,1.351357560566332,0.2964855185894424,0.021368776620198048
0.6969059924945558,1.7827418708121865,0.3781716629761131,0.027717716989010915
1.1673396515747896,0.9534737786963894,0.2394476207605863,0.01700528775767338
0.6187749537826555,1.873585071681003,0.10047057566560819,0.006720282146830816
1.3266529972651626,1.6434200314754535,0.4055505724307839,0.029868131722359883
0.5891405528867837,1.2641358883522604,0.25769398312792513,0.0183940942098315
0.7187823236079782,0.018164956006191613,0.42774731578138714,0.03161892853983653
1.0434313629162428,0.6119265755652852,0.3587869198272079,0.02620162702043193
0.7445236696085156,1.212926942853649,0.16180793179168662,0.011184812972640241
0.6251750866854917,1.7124853601403383,0.4546391663841228,0.03374844694909007
1.125292665223846,1.3940745454073207,0.4634862541029023,0.03445096050481932
1.061074845458673,1.8604137303875368,0.4152260657730227,0.03063050657912101
0.5047384479594261,0.7747651195291043,0.14013454456652538,0.009591019159960815
1.8772930454261163,0.1848825002945662,0.08023599604162797,0.005284192852911261
0.738777927618163,1.5035180821190521,0.1442539974363159,0.00989271760080616
0.49025991997873875,0.45745881143442335,0.43649507266725085,0.03231066178824385
0.28326899606074196,1.848030562648501,0.4016539415394616,0.029561451622225968
1.4064548968717838,1.7773136742100546,0.15343786026213577,0.010567440500536502
0.7658511704242472,1.9338630819385008,0.41972827133289,0.030985675111921792
0.489143846916684,1.520490104436345,0.4391656895560704,0.03252203370841657
0.2821513193802594,1.3485414943203895,0.32230193442257554,0.023363665833289665
1.373996099013736,1.8578494609605163,0.4667044643994345,0.034706736863852
1.380861550939686,0.02521772661082977,0.14856895386433394,0.01020937214597887
1.521803809198674,1.0417363184108046,0.12269542133114475,0.008320806944254805
1.9297783187881463,0.8551970135512239,0.12917640989387175,0.008791496039282795
1.5733354924692273,1.2667112569714478,0.07236644478909235,0.004732092653726878
1.5286575296525564,1.5266630155248966,0.29424370691958424,0.02119609765771007
0.5219170387837169,0.5730581361671194,0.05885443463728532,0.003794039860904754
0.7666254738471616,1.409251493398356,0.29810953690037023,0.02149392543026334
0.4280038083863147,0.47740947161551617,0.1626021340056544,0.011243509328909329
0.37187935103053404,1.9430185421856974,0.47244429800962146,0.035163228022679384
1.7774500401560651,0.6720907580643558,0.10187925620407605,0.006821056020833628
1.65295265814837,0.40888152178280346,0.32810101375518,0.023813324368480597
0.0705239625334444,1.7005874769564553,0.06042922062208868,0.0039026622582843174
0.7870600334641369,1.0807611507985477,0.05203736867107148,0.003326205048513318
0.6395452990878079,1.0928625264949516,0.3582162047307749,0.026157075259095077
0.1227507100498424,1.8130812348678342,0.19102898730879686,0.013356819471934936
0.10691899722418619,0.47887322412315303,0.07549517862212646,0.004951121407548277
1.3245498194519112,0.9809008968339561,0.3545182425417039,0.025868520046355953
0.6371829946067553,0.8480344783450182,0.27735123643997595,0.01989789416548717
1.289317013733884,1.7004474707752837,0.2658032486366483,0.019013535378391448
1.7721521352162402,0.9984675664092768,0.282973595665294,0.02032938844401746
0.5600837594556065,1.9436726038386842,0.30991816152297524,0.022405312460260812
1.3668750942381591,1.5865075326780862,0.20512712526178933,0.014413206871529511
1.0900715675061419,0.9902861330985444,0.3707928533273766,0.027139969256297174
1.4575340173164355,0.6286504351607842,0.14558775400854537,0.009990526900109174
1.8196116693650173,1.122046233141788,0.16555550404875122,0.011461954148994426
0.8918850913591367,1.0674994544200578,0.47890254459245013,0.03567731234510711
1.3533007475183478,0.6226153672005421,0.20591210235840407,0.014472176648144859
1.0144113590818769,0.4696694168592763,0.34694119425405934,0.025277927097419845
0.7374710245695066,0.0998321303991887,0.11933759957968261,0.00807760969390252
0.5597126066509557,0.6489015932166504,0.12599996274883396,0.008560594157217997
0.910575630812315,0.8179597895154243,0.4705926255122531,0.03501592176149363
1.7771645491508397,1.5954602305739367,0.4969911503477801,0.03711971607733692
0.5990681777166522,0.08875404467783721,0.45790009867557707,0.034007276374447115
1.7149716763483729,0.01754057589712965,0.051147226177769685,0.0032654177026041208
1.6239016296938609,0.7376582602486217,0.20069789694266182,0.014080763666061938
1.7068261027613778,0.6823679467029007,0.20705656480098655,0.014558179798078792
0.00255375332161778,1.6317477839189,0.46536112775865945,0.034599956541811645
1.2051027780577286,0.30495594284705985,0.4559698011196972,0.03385404777563972
0.4202808022143789,0.7337243792582198,0.30786579011079007,0.022246736189357724
1.718853471948458,0.8625460246052861,0.1945583534879018,0.013620788740752815
1.3260821638751181,1.2777122704456985,0.4534261584329994,0.03365219970850322
0.33146575719188953,1.6116889909768988,0.1992048286105917,0.013968812392388326
0.9649906191805642,1.595741883997847,0.2154824735615934,0.01519236234126972
1.0451760733546311,1.9795299486734452,0.19886185877426943,0.01394310444255489
0.35312702382391814,0.792950889886384,0.4428804510838535,0.03281619418808202
0.6111178496869645,1.0956518676924087,0.17933077395896246,0.012484321336199086
1.6712552198754285,1.1326343577716855,0.4158522438915994,0.030679888473651534
0.8891314090485178,0.3492880657016908,0.13894181368720532,0.009503779927319532
0.701835742967394,0.5959302478292645,0.3804483011926046,0.027896131520075577
1.9677101349375667,0.0819004464730968,0.3194952919267305,0.023146239557613107
0.32850735142165277,0.8602647966369426,0.18555491725772316,0.012948068877136829
1.3412637043407776,1.648645857260867,0.40287286883737333,0.029657363999812766
0.7178311054047346,0.5475946362705386,0.4992401561171543,0.03729931013675525
0.34778863426669515,1.274544148666961,0.49877412554511985,0.0372620907330205
0.6508986156038115,1.7212739475177157,0.38509654828971573,0.028260631557997812
1.057651142375129,1.9797355935525336,0.25337252456957715,0.018064537976388597
0.22046132379318162,1.6977820921356948,0.09834287720093154,0.006568256495047766
0.6747462682250893,1.9292554489519123,0.4082963634929061,0.030084358487483785
1.5891511978133526,0.006695165434042805,0.10849996825172839,0.007295955680513073
0.2867761932725743,0.25205928425033486,0.071555835294001,0.004675450867368618
1.7621447016683647,0.8827182343323243,0.1347650563927395,0.009198691707712104
1.1815506406520888,0.892274145629327,0.07041889752675479,0.004596081388885542
0.03313909728155062,0.15828267370708793,0.24293880580013888,0.01727046817711326
1.483462265965545,0.9418842808589774,0.11092808348629615,0.007470631363902439
0.021240434838961653,1.7956422543146515,0.49162558351189983,0.03669147633455423
1.9248621287575234,1.1834162669516815,0.08402392946880693,0.005551300372805844
0.6456084454629263,0.15870204507611496,0.4808809093239299,0.03583488863277177
1.6037443226604944,1.5110275720645978,0.0540975286896165,0.0034671657287902898
0.5319454919799074,0.5313772056104218,0.20184428514235092,0.014166759660727703
1.9399980647645274,1.4977337188487798,0.420961088926205,0.031082975200345784
0.6716397032512942,0.7286325274855086,0.19011482146166642,0.01328850154714159
0.5843803184501446,1.0380331993178258,0.34071444525965106,0.02479324816113284
0.3526865345914474,0.9356215955284064,0.2658031481238626,0.019013527692369827
1.1171506387916799,0.6597342612361063,0.08408712619639243,0.005555763870361368
1.0348344770436908,1.5947548589315874,0.41260360788113193,0.030423749221299506
1.8537815781670732,1.2045606180670725,0.40203154016440046,0.029591161161297536
0.34626280127644926,1.2279404495801007,0.4858032050307905,0.036227142093938854
1.1831195950911475,1.7156025662434793,0.339967011448486,0.024735110114873705
1.1766433177936877,0.8068946006132451,0.3682160044171865,0.026938392574270633
0.6895962892961889,1.5504894518872308,0.12427106758376555,0.008435085600213842
1.3249648817067867,1.2553002319657973,0.1839284336096379,0.012826777975058257
0.8402145621587955,0.08454049997242907,0.09099922110963202,0.006045318789581842
0.3510790319496042,1.2383303349064143,0.07299133498744473,0.004775787119768433
0.9653566347209248,0.7342663391844828,0.31918088718185567,0.02312189129212833
0.0610123439944088,1.1787761472316016,0.21795371082777903,0.015378689730214003
1.6201098504810116,1.948172593478116,0.27044010233185073,0.019368319019278143
1.9500771297443205,1.9110435170620652,0.25997371135124475,0.01856810135325187
0.30487620541476446,1.7865652221946073,0.09904215081262208,0.006618195321240786
0.29315636727219063,1.6205110254330264,0.2019953170616809,0.014178091795312996
0.700688647770124,1.073246361234939,0.07063477798365224,0.004611145219034851
0.12058235458289879,1.5025722298750586,0.06150744146835842,0.003977146636369099
1.83441684212583,1.035417975242512,0.3556950596764049,0.025960325687134262
1.4815642672894882,0.9289531434992799,0.32837520610331405,0.02383459880222119
0.022272624191600476,0.5547853526502449,0.45217720168783265,0.033553118640065306
0.8498401443501002,1.9607375777364677,0.18396568637056115,0.012829555179876486
1.7090283957360046,1.3626224899448194,0.46367230966258044,0.034465744467149034
1.9852647160313595,0.31881868327167284,0.33854590934252843,0.024624596103871552
0.17742014639118464,1.7484473686472193,0.09924196657652043,0.006632469698758201
1.8132649843651114,0.7950878913621202,0.42769048540049565,0.031614437818180983
1.392231851019213,1.0269690231445405,0.2350894802717744,0.016674630511714243
0.6759074236647737,0.8344935262836652,0.3634733022770676,0.026567644617661777
1.0972576993042948,0.649368673849458,0.4911608352892635,0.03665439870286773
0.8412517405620714,1.0812426146243161,0.2783280218011449,0.019972815682990204
0.5977511884251845,0.20627577497725458,0.27675424731353127,0.019852112787243557
0.3076375040901067,0.529294449464955,0.36565364295297986,0.026738045681196178
1.2526453212068485,0.44505060101951943,0.3649693900795071,0.02668456141569491
1.4883324521376384,0.5958693452787935,0.36685165897539523,0.026831704596917246
0.4253216637972437,0.26052440573252555,0.2266058474141031,0.01603218634239829
1.986645418875139,0.5635835255562893,0.30690127183756155,0.022172237943366726
1.9298054668348268,0.9477162459814967,0.3810765655165334,0.027945380038104317
1.582473035317204,1.1967843154483448,0.07377563666927489,0.004830664697923777
0.5815202008078071,1.1590321198688291,0.07918787768935062,0.0052104362552943
1.7403937473280815,0.27910567701806754,0.28685492590531997,0.020627611555636728
0.6566681673670269,0.8667085925670763,0.40943891560840545,0.030174362289739954
0.3026280422762706,1.588210380840541,0.35068833001691896,0.025569887515863733
1.1111862110585595,1.10705776153875,0.32486223748457915,0.023562122580779443
0.9115274246652925,0.8122517076453573,0.11413823942158878,0.007701970536014165
0.08028015409156963,1.5380771389753372,0.2949949971793704,0.021253956856657482
0.3133862074334195,0.008919127066839616,0.34176779044898503,0.02487519601357744
0.031920486929664316,0.4063349109781893,0.1891689006668804,0.013217834353867633
1.0540748706870777,0.4950982544431326,0.17765293148488281,0.012359497251816131
1.601028841679201,1.811270093099286,0.40188034100893516,0.02957926454877933
1.831809673539827,1.4148228408547634,0.2698139592588523,0.01932038571066623
0.7362256145110082,1.2671762929511623,0.09788818517699482,0.006535797665552817
1.0793739773387796,1.4833946266875182,0.36969406205390665,0.027054003307729342
1.3475365543463038,1.6629213269239886,0.3740460959456027,0.027394595543147906
0.5167620836167968,1.0710137710153014,0.12421564571838994,0.008431064252506882
0.4266319678829191,1.450542605216365,0.30403356564137657,0.021950835317107894
1.2542757424807054,0.4628327280206199,0.37795887658976896,0.02770104522381704
0.46117967988077213,1.6828144571652508,0.20850498005368417,0.014667071162799186
0.9293345021133788,0.3291389505642628,0.37193256955457216,0.027229155616707565
0.19167104168300209,1.151721397763108,0.10831657977248463,0.007282773811505751
0.45800926624372096,1.8358317589402542,0.12498321421191054,0.008486769145170294
1.3241535880684878,0.3984888946213674,0.3917356159346186,0.028781770946682
0.8915097973605668,1.4826781756030576,0.22772321110280574,0.01611670793266797
1.7403839883219534,1.9840558597655622,0.24474761766865272,0.017407964033188467
0.44912338051369916,1.778041999736106,0.13681636299778674,0.009348447622813665
0.918830020627299,0.8024121359618459,0.12567393680059105,0.008536917272387217
1.0400877952824044,0.14428412100891297,0.37323641106954697,0.027331208419860527
1.609055785547854,1.4813785638859072,0.2960554824463985,0.02133564542569415
1.178594852458158,0.008218284421725786,0.3803883408290398,0.02789143162747392
1.7627264687688275,0.36463329488506613,0.41213618968222326,0.03038690697901747
1.3513591867018129,0.9044291215049771,0.09426957488355875,0.0062778526556613755
1.3984310629771401,1.2438985834109586,0.12097790751187157,0.008196354242470687
0.4612299294967164,0.8445796443306088,0.333610945896418,0.024241071057112158
1.7328007911707637,1.9832700729279513,0.1076126294287355,0.007232188546378872
0.8043705800986942,0.5853386672525109,0.08985438338126253,0.005964051852811628
1.6979172691519098,1.0607997436850645,0.40921578238372236,0.030156783751330813
1.854663773892772,0.6218757570023705,0.20499830134969815,0.014403530727961569
0.42184535922563104,1.9051733520255976,0.35034360186551183,0.025543018780491575
0.29568332890150884,1.9452088153628289,0.3618534543860448,0.026441093610683083
1.5882187905716856,1.0616452859110788,0.0944309302611577,0.006289340177509134
0.6817695924205704,0.4720104225412123,0.3467821135184853,0.025265537020219685
0.3276903976925085,0.8546222387000657,0.16443299554964208,0.01137889632095976
0.7302559513088773,0.2616591543565101,0.18975300844065507,0.013261468599696518
0.6811587390498728,0.16335353717914902,0.40768630528240507,0.03003630866065735
0.016164001357531044,1.547852175251088,0.4943718589546895,0.03691062359969169
0.036636181522834876,0.48855708489622596,0.20766414597636362,0.01460385116532602
0.9973247994952807,0.3143956836252926,0.49775409353112493,0.037180634532559244
0.4281407626194069,1.409851177352708,0.160083235591419,0.011057416041437456
1.359106747244956,1.2363334011590215,0.1384762990278286,0.009469745047673629
0.531039221951632,1.8058431054923085,0.3275761152998435,0.023772601208295763
1.0288624366044166,1.3770590992889473,0.22310416410533612,0.015767492706887664
0.5800733213875289,0.9039044476699198,0.44344283108630134,0.03286074219667228
1.6877042706502874,0.4137025932938916,0.2090145608872534,0.014705393708078838
1.7437488149335536,1.6999664610414236,0.15265567089998153,0.010509863321937487
0.3890709792443232,1.8462882651973769,0.05986485468785891,0.0038637118414345567
0.26081514962710384,0.12054358756768258,0.39261515333165997,0.02885085695253971
1.6756628371275852,1.0500756557074178,0.09142557048805486,0.006075601515331029
1.523115619084462,1.3104336652117345,0.4973902611996431,0.037151582936497146
1.3818322175067035,0.42581386632795004,0.2833061648190189,0.020354930489497835
0.5862468023875402,1.4947634288506482,0.4014194112140257,0.029542999697081566
0.11131673030317435,1.6079289258477782,0.45655786240049845,0.03390072382910902
0.8024119620775845,0.3565219130000683,0.16213118958569533,0.01120870128907497
0.4947300185578094,0.9623417223896145,0.24282305674080845,0.017261671973899096
1.1475311368411185,1.5498130232862133,0.3092487021564778,0.022353578763047704
1.9514376261662505,1.987686755513564,0.2524141418820704,0.017991503610889043
0.53942867482907,0.1222653261903679,0.19079290484395334,0.013339174267499077
1.7405219193719443,1.2998651135887596,0.23266520245554412,0.016490880200682893
1.1245971151909397,1.8323414433362943,0.43178853475144147,0.03193836983961395
1.5079350068590955,0.2416120169760303,0.11801857034242311,0.007982204617602462
1.7151676697071552,1.5190771565873624,0.26270383700784045,0.018776624952833745
0.6689661288786444,0.19705715325847728,0.4960224267130628,0.03704237604175133
1.8162782276946035,0.21749885807545666,0.4911215158988219,0.036651261911368
0.8576286558791759,0.4630383269062954,0.4738345090425362,0.035273849793939646
0.58556263990202,1.634321634489408,0.30604489565208454,0.022106106000463432
0.8285763335974303,0.43879857632475927,0.46974386236423077,0.03494841339080311
1.0209229358258216,1.9625599060764884,0.08136120652405082,0.0053634484691707975
1.8569586656936654,1.0160949808524973,0.18198520940406682,0.012681964000799257
1.8643896788410617,1.7205157229297776,0.3245691586802493,0.023539399679853495
1.5697040585853759,1.1560847520675273,0.14922256102077233,0.01025739315649289
1.3085872482300998,1.7090261442281531,0.32728890981135217,0.023750320870216137
0.6443502119590363,0.2722559476043651,0.48646578380430444,0.036279963425962604
0.1697227335424587,1.0366818781089202,0.47143395564013124,0.03508284722131987
0.6138486005559733,1.5246661830017187,0.29723834147561995,0.02142678419450091
1.9432755805192938,0.2815727476066605,0.16647336535486026,0.011529898401986607
1.5298951440716266,0.4195354177567663,0.05437694745663884,0.003486313036258107
1.5473521238445653,0.7319131416811318,0.3404982644667926,0.024776431948797032
1.2745624507905853,0.6401215438218124,0.053425594732226224,0.00342114912048194
0.3051876203585746,1.2427690738150219,0.19628162331902416,0.013749796458586346
0.787273156157863,1.9035010938120378,0.28953376923038643,0.02083360393237986
0.8896834954397088,0.11395423669633487,0.2268306407759631,0.016049188251335823
1.8284499170202073,0.4347123105299644,0.12817349993367816,0.0087185498516069
0.49176183381005467,1.7142439324597458,0.43504203099104627,0.032195695012361004
0.1284455837090177,0.06406833251010946,0.31866791234186465,0.02308216883048623
0.8502212512639509,0.05826449381759402,0.2001146406344831,0.01403702384996482
0.5127254419055782,1.1556078382943715,0.4311623812101522,0.031888861490175724
0.9321789152759385,1.7890161926129906,0.2464290348432624,0.017535838959195034
0.4734469820233731,1.6388963342445715,0.3024626205632494,0.02182961074041186
1.9862564994642848,0.5122439526801019,0.15938968163771217,0.011006212411797922
1.8327607445949718,1.9440308933274848,0.19601017550182603,0.01372947008250455
0.8478471650404515,1.8469417079592183,0.3767018883872404,0.02760257370661002
0.9932937390882701,1.208911522138259,0.33386513788111466,0.0242608163001521
0.40972357192301345,1.243236406704325,0.30922745759935966,0.022351937177444086
0.7224549161564229,0.17520126154290838,0.471009676071783,0.03504909593669894
1.9467516085288974,0.3938953961819798,0.39807478605559676,0.02927993886100605
0.8343626540566131,1.6223819635163856,0.15862998833643957,0.010950143495302793
0.7860881237407693,1.2857813315113413,0.1898979188885122,0.013272295192290054
0.34699420122960256,1.1176713979166308,0.2802438384310979,0.02011981553825843
0.12492692607661082,1.894253516422102,0.3383064691860886,0.024605978849243638
0.6139748426676197,1.4770427879884072,0.3683811788946065,0.026951310607084004
1.8425748206365444,1.3652958560491504,0.4281211762692939,0.03164847192262714
1.8326069337372872,0.6768449293295775,0.20250292449260932,0.01421618256779795
0.19450389298608028,1.8907884401154718,0.3154976227467547,0.0228367740226886
0.01127657729121223,0.7196848154360933,0.08067610081036988,0.0053151831134857185
1.463840838636854,0.25811099005821303,0.34816586592334275,0.025373324333582945
0.8802625149226952,1.5795623046254812,0.09030844407910942,0.005996275103441004
1.199328286173395,1.3234112098420674,0.4586341011620605,0.034065553799583086
1.5187290517428838,0.3764010267512745,0.3967096698934758,0.029172613744315123
0.6907027414140103,0.21110749000133766,0.17717365936445834,0.012323856419179203
0.587796098413728,0.7637307583364803,0.05140231308687222,0.0032828300425476104
1.7409845304314113,0.03388529224581949,0.08809947691781445,0.005839617784252971
1.6329365936313276,0.4847218328423353,0.30024360823528434,0.021658451042101123
0.22200461964396667,1.1108165998671033,0.39285981936956815,0.028870076908551538
0.5119008599086705,1.958545922936834,0.1005114838732345,0.006723207261345916
1.2843118865041443,1.571943347740411,0.38656755403372256,0.02837604634983901
0.2750325915501999,0.525604431802082,0.3707432013309007,0.027136084261772452
1.9124258565476637,1.2852457356686815,0.4131597319281296,0.03046758707441163
1.3992628078468135,1.619999020421099,0.3754248669848817,0.027502556018296157
0.6559669580727436,0.27205807071025045,0.41543427826658486,0.030646926141328888
1.0478067115271514,1.4059417917952064,0.3908263473262206,0.02871036086125319
0.18489879596526326,1.3489529097959472,0.3287497802903341,0.023863663788562736
0.0199561449786263,0.5803458548642306,0.20920844468431854,0.014719976249888933
1.8554976495562772,1.9141680167337098,0.30787767379737707,0.02224765417173668
0.03444046457548611,0.9860418712061776,0.45638660777950957,0.0338871304469008
1.0422024939319732,0.738813898046168,0.25247434369325056,0.017996090778538646
1.0286291854033616,0.8418997814202132,0.2569359426278326,0.018336257959961397
0.040729616495181364,1.3217928876655058,0.2223768353748658,0.015712549435665267
1.563492917831241,1.6286704360556048,0.17786113505866769,0.0123749822751858
1.9077150029879129,0.941723932324878,0.1465781842704585,0.010063198857460876
0.9971791960591256,1.4872441483603327,0.15283011567120036,0.010522702490569616
1.566745339920903,0.4284625139078446,0.11335551521706046,0.007645521806556678
1.7698460004807643,1.0413387175153275,0.4105154285803161,0.030259179759990915
0.2554237699126305,1.557245115829583,0.05086811314779802,0.003246372194520137
0.5090411169318318,1.4307379239495461,0.20521588412639613,0.014419873917536715
1.628057388412084,0.25150424177131514,0.08628646949801393,0.005711243528263105
1.5464501158737936,1.3071218367458803,0.41561781886981614,0.030661400558059628
1.492582283082729,0.5473761358250913,0.3473054685628799,0.025306300247955067
1.1935613462072359,1.8698512439646062,0.4993657783335472,0.03730934333089303
0.5846471734223375,0.335691308352537,0.10988202652978638,0.0073953465980724775
1.895319039924277,0.819228413622554,0.37222953848641427,0.027252397464123036
0.7369038925858284,0.2508637363628996,0.3835623124955036,0.02814028815676391
0.4853558249609937,0.11296019471040264,0.4983954952006618,0.0372318532910427
0.6718494168668381,1.4451747195055704,0.05159419803162141,0.0032959321213499263
0.41216755158562646,0.9598763819684035,0.1269759606726858,0.008631498993267022
0.6393603759678328,0.7401148972446596,0.2649725005803358,0.01895001650964099
0.2743516349663935,1.5465957733947504,0.3810717472840549,0.027945002324137456
0.06890056373546916,0.4969529235498862,0.1700424787398902,0.011794344870092432
0.009994377953645772,0.019011505745526014,0.17148950940422575,0.011901669397567441
0.42892717751803344,0.7438387904854609,0.3861275256866128,0.02834151863913851
0.28809473917216866,0.8718002606556792,0.24367309803266013,0.017326276516540486
1.7149203511318036,1.666001746233451,0.059598945168266734,0.0038453685301026827
1.7449044449765927,0.018829322507397883,0.23017058836439902,0.01630193656708481
0.7463928158290467,1.3031459393973273,0.47095556344066747,0.035044791447464
0.2135581687529582,0.10011384788144317,0.4759438325809562,0.03544173548420822
1.2427545494887353,1.5977131823636674,0.3458675756026316,0.025194315421624442
1.518995203562916,0.6756054082261576,0.05297669924375651,0.0033904292525204537
0.37756157349689046,1.214216058349181,0.18209406106037385,0.012690073090984563
1.994733273667769,1.6575472718077895,0.09450937226521933,0.006294925260696221
1.8539751624683332,1.6251179357009593,0.2929949546521112,0.021099949925013763
0.9837764053628903,1.8383405550477998,0.23865336371593604,0.016944995369562423
1.6561203016780266,1.3680314367092579,0.3643123252323707,0.026633208799349262
0.666470754696532,0.639070376178198,0.2966441350240494,0.02138099771397491
1.4777881238543225,1.2611304602970785,0.16459856313924004,0.011391144718813724
1.3133401949047587,1.5249417505539742,0.1696144600359863,0.011762611287678216
1.313627121739522,1.6687639674603247,0.10977325398733397,0.007387521063384271
0.30226744332769817,0.857152420346766,0.3002722115470828,0.02166065675547243
1.587351394190364,0.7003554985728302,0.19507939879504382,0.013659787039319339
1.3845665325145402,1.1412946679939573,0.2203809433511748,0.015561841200447532
0.5027515025717957,1.5696439532114377,0.38123151549788575,0.027957527151974023
0.8388064275913223,1.8843580996884084,0.3527734266625648,0.02573244250790633
0.38029910004412426,1.0739444132304818,0.2325305158179481,0.01648067536671901
0.03685112711334826,0.7269566095825803,0.3001130294972052,0.021648381788516195
1.737871383225551,1.3862386241020248,0.42050798924187704,0.03104721203423999
0.19095481441854978,1.893937618449699,0.37048826970063087,0.02711613783500591
0.009020313839115612,0.8798986602206336,0.4927549306068856,0.03678158576588948
0.31365586221186503,1.272442467088835,0.3578316347830391,0.02612705731731201
1.3891792088624946,0.12437516278652794,0.17613110678005028,0.012246350510485384
1.4517895403751928,0.47607964278303694,0.47163905994903466,0.03509916394577157
1.5031487163009747,0.6039666035807205,0.1679992503119811,0.011642908471565409
1.3468165011371935,0.04844898478814619,0.21491461361497644,0.015149567365882972
1.7934338503678917,0.33925338522770243,0.23927605629296061,0.01699226305633844
1.839706504368221,0.2814028483154758,0.13265804688702756,0.009045032885340146
0.6368990957371679,0.17353374735687077,0.14793850697366054,0.010163066546316143
1.864368407483458,1.473485869399914,0.3266778800272284,0.02370292393203758
0.6241838059168214,1.0499088387977118,0.21352736046026166,0.01504505425146783
0.474646712908964,0.8782022802390013,0.28048411953881686,0.020138257116926024
1.7557240809078194,0.13063288446454524,0.09155500975016528,0.006084797252284029
1.5649519940391963,0.8146440234886283,0.2257057768209968,0.015964122521180096
0.615508635111861,1.2890007163405452,0.2987622135287852,0.02154423474651975
1.0255110927023414,1.4023441812321737,0.4050129181094093,0.02982580408645559
0.7747207693076974,1.3364396613786358,0.07930895682679366,0.005218953228972416
0.7529512232015889,0.9345837247892708,0.47970929906202475,0.03574156473674205
0.2432878596971204,0.020087198854984,0.45760267291535106,0.03398366356485749
0.29511278024110243,0.27767603690928033,0.14299089822407815,0.009800147368652304
1.4957210803765573,1.267911564518155,0.25569615664065315,0.018241691340434116
0.2101896162526533,0.005872958981830267,0.33908019833280484,0.024666142093618587
1.111068973004513,0.41586851609760656,0.40831125085208386,0.03008553111791696
1.584232796568048,0.6187168510673295,0.3133606805379174,0.022671460859784425
1.1179860233430692,1.9378052355049291,0.2754771652990182,0.019754199938006506
1.3046285883602773,0.12015411260658371,0.31528049649355944,0.022819973670239354
0.3758445650365656,0.2924037041118981,0.4138852335067559,0.0305247826501541
0.7783158276264981,0.8580275392967238,0.49277343876340773,0.03678306263124223
0.34072792882086844,0.31123425709175945,0.1726369880873671,0.011986820974074473
0.6342318018711086,1.189863449263434,0.19231659509866744,0.013453083904091919
0.31555300849276313,0.014290180659285223,0.4198779338167704,0.03099748616812594
0.8289556766912927,1.334035003534681,0.23854287779209238,0.016936609432210706
1.2561959418737751,1.8579194727557005,0.21097774976531403,0.014853093609091633
1.816484384746662,1.450040769202617,0.4522297124903737,0.033557283998044904
0.7640112001519135,1.842141458063528,0.22270265836014724,0.015737160958011018
0.5494673550864781,0.5237281066209571,0.24171608595860672,0.0171775637631857
0.05201404083917227,0.11969368907528466,0.19190248192927029,0.013422119013438014
0.15419307880089783,1.831416093428916,0.19481534041876403,0.013640022354934812
0.19564989722904413,0.5502073578806543,0.4757443583449621,0.03542585669031769
0.5947191391442375,1.5199803829131666,0.0640027011982869,0.00414986452760563
1.2353854869777159,0.3410251326973781,0.09115235660315132,0.006056194566737254
0.07465032012296646,0.4054716554766651,0.29548519115088506,0.02129171370182447
0.10757635355678663,0.33316988322227625,0.2980166572281312,0.021486766739892128
0.832126940168328,1.7965923839933924,0.4577880147353763,0.033998377838874855
1.9410023538097987,0.9570495165454651,0.4963216591326909,0.03706626476339977
0.9129592216611371,1.1264285710862716,0.19196696830894006,0.013426940614001247
0.24737337036111562,1.3683222725809916,0.492879256452953,0.03679150646731147
1.7992663216092026,0.5124293890206264,0.38001133169608975,0.02786188156993557
0.3953190681020571,1.366341471606411,0.29062579627492424,0.020917614268152245
0.5027778427563094,1.6950137011120252,0.10565097451501426,0.007091346592670454
1.2395929833706856,0.4913519561210218,0.26037378502743164,0.018598649072599085
1.1624748796770343,1.5061095410414203,0.4285593945942777,0.031683103287416345
1.348523505001288,1.7507174950163766,0.4503734444951796,0.033410057999639496
1.510766469929414,0.985080748879664,0.27853747140900964,0.019988883278515834
0.021151026006535067,0.07764619625210556,0.33168071054788767,0.024091167262274484
1.0901912597404373,0.7954473561928002,0.24666634644498148,0.017553891809144302
1.8578063682633745,0.7130299575577774,0.3873300688761608,0.028435885033043815
0.7313583231195158,0.3544352793468475,0.4474841135617959,0.033180980137708795
1.6309830970703523,0.8278442910227717,0.44354781407154426,0.03286905868342505
1.5092264666609496,0.5332077383191907,0.41214935695868193,0.030387944793872385
1.0353481453129068,0.029522788686836554,0.22712089688661014,0.016071143056784542
0.7451909473252343,0.2186401845952446,0.16976917305594563,0.0117740811737118
1.0928453459111263,1.8613734508996747,0.3344421710166892,0.024305643197056977
0.24031777739151217,0.5949516403669981,0.2421211980585961,0.01720834131237251
0.3288642588254449,0.11555852610128481,0.29405693259367155,0.021181715167113625
1.2048538981492827,0.007747289744542085,0.46629142005226676,0.03467390217148793
0.48608057322087683,0.33868178033179874,0.27134849414914014,0.019437873006171093
1.6195405611527398,1.6755845067013486,0.2633781769240612,0.018828153288680777
0.6018772284748026,1.8543513907661118,0.11453697110927988,0.0077307366649209085
1.377834717517833,0.11134426188840219,0.08624428308498953,0.00570825862020729
0.563430068761392,0.9691467504474383,0.2454373266143789,0.017460410381628738
0.19513238768447705,1.013326362624812,0.2961866602794176,0.02134575138331652
0.18520982513832007,1.0420165550045255,0.23107255834750584,0.01637023611048949
0.8844133109080161,1.2981890392091413,0.44302403334079343,0.032827567449981714
1.4695509950867867,0.5936627562037862,0.2572388718860371,0.01835936915663632
0.7964232101097095,1.265966989608983,0.08560420984555157,0.0056629824973744485
0.3461628447748917,1.8922962544869497,0.47757879399777026,0.03557190098759315
0.3268215113282451,1.568043211558896,0.3700408599576934,0.02708113377561301
1.9658678995492915,1.0465797974098987,0.42325865394130613,0.031264362875056025
1.886698974266746,0.48101025023361776,0.44223014761447,0.032764686332748816
1.4525312755080464,1.5462949762252876,0.38381079767855886,0.028159776751249806
1.8989494104313154,0.23198554746168942,0.21649095497280868,0.015268382535678499
1.1437612113985494,0.1595451529022316,0.2645344609780552,0.01891652959872974
0.7192182595241605,1.808126985801831,0.44824267588467537,0.03324111217897704
1.5905146674720019,0.6736004791749814,0.055035437468859055,0.0035314631843935762
0.9653387798252562,0.3474283271509315,0.1482973171977453,0.010189419079200481
0.8333100889455549,0.8690409365999867,0.2117134850427232,0.01490847090413032
0.9342243956356864,0.29894658480532565,0.4559690210342005,0.03385398586084951
1.3157469163274615,0.988916658568179,0.13712724695055484,0.009371157327599435
0.9440610007417292,0.6880999656999627,0.1679441511185026,0.011638826479350465
0.9353577739251406,0.5571723144223586,0.1808678560127488,0.012598744232793117
0.6444271629358256,0.7081017561644856,0.3653762839243999,0.02671636522575725
1.9022582936851278,0.6141162365991866,0.46496636604474384,0.034568581416612426
0.3791018303337119,0.2659144533085507,0.46953393121299103,0.03493171732124512
1.2240632367608877,0.7905378855955121,0.12110011003471181,0.008205205147047749
1.4221284843744428,1.0957121067433184,0.11456261122225302,0.007732586683880838
1.7843305760968735,0.06473829330733039,0.36892548715059625,0.02699388291656874
1.1135021376952154,0.8039154532298898,0.3499242434695711,0.02551033568837886
0.962156251264344,1.2221869750282186,0.42736740123701694,0.03158890857564414
0.9945113249619497,1.3735512242817207,0.3943428041829546,0.028986591744042556
0.3889528785232823,1.9239484187619662,0.24914315241882662,0.0177423795733775
0.5563333731437599,0.3828974128400835,0.4002873252880267,0.02945394208989923
0.3173147794810307,0.2494590024144907,0.4609584501497531,0.03425014201022098
1.893647298526109,0.6340940829958435,0.07829896909055005,0.0051479360586914906
0.2597432465903251,0.4390573228946728,0.20144383764164064,0.014136716361999256
0.5208603472511575,0.6328878956268982,0.43549609863312494,0.03223161866425812
1.6202503361701217,1.2879358367183724,0.23384134301952236,0.016580010415181406
1.2387380844164435,1.3989819173802243,0.11866776328179064,0.008029151447405023
0.5870990407878758,0.9448972167890071,0.29616178715065455,0.021343835130451846
0.18318388963589505,1.299496631338457,0.33677077995963667,0.02448659563392781
1.9476170744280823,1.7766931166017494,0.33371312844360584,0.024249008315738445
0.3190132738500657,1.359227418716137,0.3320951209377998,0.0241233456796871
0.9549046202991132,1.456485528767311,0.3314847959903507,0.024075955722098637
0.6555270878903989,0.3544663335737266,0.37686686972681854,0.027615496930632647
1.2600973798893125,1.19400681815929,0.4266096606878849,0.031529039179011925
0.2325866716160201,1.9262342483953208,0.3821946739264165,0.028033040411548672
1.3094332436616853,1.8958414032162358,0.2558275448601116,0.018251711686780824
0.35521464979003814,0.21592107617243617,0.35845436124231456,0.026175665887851605
0.4534932078447642,1.368691506751697,0.42704540848771844,0.03156346689863202
1.136660156401398,0.5546333832534289,0.10302660213648634,0.006903205734653693
0.8792668284027019,1.6981080626200336,0.27925944558037935,0.020044274771778073
1.1151588943566988,0.7401368690854999,0.1639044748675224,0.011339802991988376
1.1582016308061416,1.4525817347203207,0.09447998175857106,0.006292832614455756
0.08960255370554826,1.978332289235421,0.4179074056049593,0.030841999427473347
0.7155568181984469,0.8251877267582404,0.2199484526234149,0.015529196549834971
1.472168319931943,1.7746827562330374,0.0638564613993924,0.004139729040124705
0.39451745122765614,0.4538762411995716,0.1465653437726156,0.010062256479822835
0.823925761939958,0.1702096506611699,0.29635606919085034,0.021358803125228414
0.10705400473021465,1.7292808971859845,0.45338557296337195,0.03364897972367005
1.9579875917560743,1.7220803387510322,0.32747732287607323,0.023764937105815592
0.2654302826498831,1.97463858989027,0.3374690770099321,0.024540876024765665
0.5056412456865942,0.1802953914320935,0.1221307270407735,0.008279875305882423
0.619856609487129,0.6720203672029539,0.0690358689656311,0.004499651611979661
1.6285157872853355,0.7814443846052193,0.444788792133692,0.03296737611284198
0.25732731212665794,1.3784325483906625,0.321902510316993,0.023332715062112774
1.7056548127549223,0.7366112123014563,0.2128004944929981,0.014990312182688101
0.4437150067872049,0.2903175774939095,0.06605394072925315,0.0042921973083584405
1.3534071090272655,0.22641062010886692,0.24590663647377936,0.017496103118501593
1.6271462519167494,1.7707304373689283,0.17401136608110696,0.012088861582364462
0.7849250020759153,1.1677709537345426,0.050715990298395325,0.0032359949993117977
1.5070530829913562,1.895435892200958,0.07186922124234424,0.004697343661483791
1.6634761326091547,0.0442932850285358,0.28581552559711065,0.02054772148155829
1.5748579211696485,1.7327347741899302,0.42101839638342525,0.0310874986682324
0.21464067187656388,1.2179729534481936,0.17168302557786008,0.011916027009119225
0.184830857342964,0.20338652847919758,0.3650288029755727,0.02668920511932045
1.8141223582143127,1.4785386578677029,0.1708720630128262,0.011855866465947643
0.6473340968790693,1.1679188602904969,0.31285481018112854,0.022632338257089293
0.9326775627306225,0.5065659327499732,0.4180528524971485,0.030853474351605473
0.549976782270595,0.029270135722688995,0.15391644722673753,0.010602679416062735
0.6574444018574095,1.9961219650788895,0.0982043271157432,0.006558364803225766
1.5143347947938326,1.3090612713458514,0.30958138084504777,0.02237928615242961
0.5916912967132189,0.9670691625951722,0.2704827839192305,0.019371586713957705
1.3677199247150438,0.8304783482634974,0.10614848615463873,0.0071270497483190524
1.658847322929782,0.9195096090748687,0.10864892237755547,0.007306663557633957
0.49201025941460785,0.9690594306173865,0.3260495989786145,0.02365419520964264
0.9832943714553555,0.5552605286959902,0.2583407730238994,0.01844345165090866
0.44849510813548155,0.6374385336457646,0.3756596682836851,0.027520944149396334
1.042615703394444,0.3836823296051397,0.27184030022839833,0.01947553645301058
0.8939960581958344,1.5589969706099718,0.1931728416948965,0.013517123453107346
0.9480366168879413,0.5656493756687737,0.3869549508617576,0.02840644646728943
1.3831737302362648,1.5896799431602127,0.1864021873032995,0.01301128100416083
1.638717207341526,0.28530338520996046,0.2934280614947342,0.021133293807796882
1.6472661948078444,1.3508617816807877,0.27431927656792743,0.019665452605574715
1.964320805910407,0.5971770903180971,0.46267670861184745,0.0343866388432941
1.7074053108998262,1.668328233249399,0.17388105326471587,0.012079184121995186
0.6709756154565152,1.2025536219218784,0.3345668656764896,0.024315330820062386
1.4690909624527655,1.0596969069462834,0.17654201401085012,0.01227689458979322
0.8511618708235069,1.509086158608062,0.15271606505384072,0.01051430822873665
0.2917114232785798,1.2851777934968753,0.2912278807724786,0.02096394233298068
1.5191084775117185,0.6707035367356498,0.3930754900057308,0.028887019790181524
0.6086152492243497,0.40428701405661016,0.1735297235831134,0.012053095713111828
1.9065040560434354,1.6332267303483294,0.19728126047006933,0.013824667332401903
1.8154096649908142,1.2063841876941996,0.43095807696777344,0.03187270875244194
0.6986745433357349,1.1845083022299527,0.19764308209131437,0.013851773526208932
0.3323481748931998,1.2392637497578745,0.40785962665586406,0.030049959414379473
0.09463168874077366,1.4678049202027315,0.27684539642894745,0.019859102310220728
0.2248623700515291,0.1022910025809951,0.35560344076384903,0.025953177576235397
1.886235436257843,0.2142764322090711,0.1911342144724103,0.013364684813803955
0.2577674514238937,0.5108529776492887,0.3227004866917031,0.023394551685254034
0.19113486790977663,1.7823818411147179,0.14157226072267254,0.009696245294451254
0.1059494654954003,0.9500737538869264,0.4962040122240001,0.03705687249988093
0.7427311725622885,1.644490989918865,0.22851581198565996,0.016176680602604597
0.6763501423177474,0.555591125665065,0.4962559930064647,0.037061022332490166
1.375017859953986,1.619076931062819,0.22401590869576565,0.015836384424362446
0.6447758067191858,0.3606079986718942,0.4492149440533682,0.033318195176197433
1.8731329118190458,1.4265065917114377,0.33887115041708477,0.0246498861154133
0.32855322081514426,1.0025474586011838,0.17021515697531608,0.011807148906871465
0.09656162800088675,1.2865127962338947,0.4462207975437861,0.03308085135004727
1.2593349619149696,0.8044483838023262,0.47587434729983885,0.03543620417912465
1.4754873199433642,1.123767547716453,0.18586889305139032,0.01297149129605153
1.645605889263471,1.7120271399042195,0.22032019417116383,0.015557255550106527
0.5218585754295357,1.9317729773131738,0.29643099687050256,0.02136457592990876
0.5566524877533048,1.5073275756682238,0.20268391919535866,0.014229765972807378
0.36774979501389216,0.3915908418945744,0.252362395198696,0.017987560754763585
0.9672351590449408,1.4402361628628315,0.2954739067278374,0.02129084447846323
0.44440355948814037,1.9532753139169086,0.3232090437709309,0.023433966193866472
0.6875234948750062,1.2173822530760439,0.20243191001667032,0.014210853257234604
0.6847720606655474,0.7067595253280783,0.4490956551613646,0.03330873713931551
0.19631234991420277,0.7785513549764684,0.08932172202405116,0.005926264884879967
1.304235661197067,0.34946152839436917,0.06661707177689448,0.0043313260159954575
1.3183493850122745,1.8041019060032581,0.3118954172442248,0.022558153476338536
1.2873900666382336,1.6606974101208722,0.39907625515251954,0.029358690285126325
0.31518748087307813,0.47864026776183266,0.14335245842222089,0.009826639712760288
1.3767688618774165,0.5599892664084356,0.21911049838539504,0.015465959889050047
0.9420595255715427,1.9420470248240043,0.1981548441771248,0.013890118490788946
1.8606959289240679,1.349505418095232,0.14135402467585936,0.009680267879688662
0.7862935711874464,1.601135080106841,0.23187717201799168,0.01643117910584667
1.46845883529878,0.7460716498748461,0.4543808422369247,0.033727948493566876
1.5165893482101789,0.41670610873130665,0.46407995974440447,0.034498137746115536
0.5891577020377765,1.7108637342686521,0.39630115626642004,0.029140501447129045
1.233768208586545,1.6175907177134659,0.390925745733305,0.028718166631381697
1.4812157685796934,0.17648047728108573,0.3105687709013341,0.022455596879046
1.162352276588749,1.175523078744555,0.11149960412897976,0.007511784457638197
1.8727041987578554,1.9347794534863991,0.31057595601322724,0.0224561522439197
0.29082619702661283,0.6796775439920955,0.26661294523035994,0.019075457839154215
0.14892294546873242,1.0696513117425932,0.2074417848252183,0.014587135392990882
1.7463441515661728,0.8853134854033153,0.42365657202454216,0.03129578454042867
0.7691778706365247,0.9282173646612701,0.350773043308325,0.025576490501975382
1.118570346438651,0.597949482818388,0.2038056063444595,0.014313965699750623
1.1721015723700572,0.4355353196570839,0.3736766137572514,0.027365669024159336
1.268214031333121,1.4593895955119283,0.27095795493124913,0.01940796812319442
1.2579533398267715,1.9186011212026841,0.4383655584067328,0.0324586962165927
1.2050755702586418,0.7846307213588666,0.4171899256484326,0.030785398415275375
1.151736214643861,1.9936597791144364,0.3390694836962682,0.02466530888553318
1.2806206960352835,1.20373127707422,0.23276496936268987,0.016498439526074292
0.9840805332490712,1.5847025996509538,0.15972094969591924,0.011030667322047362
1.248970907264937,0.5125254736631157,0.3846555170173927,0.028226034261646712
0.8720344236060458,1.1378691929086087,0.2270390249874617,0.01606495011723807
1.7017764261271193,0.1363322901152697,0.39113067746011326,0.028734260379342232
0.6677752660122116,0.041275526621494585,0.07321553458868328,0.004791470229099255
1.4859878019821788,0.8732967765347799,0.374930669403406,0.027463856228025395
1.9611255282028048,1.3628941113217792,0.323571075494907,0.023462027210748523
1.2193449091298572,1.386404751166897,0.12354566328506003,0.008382460896163601
1.9565351974602545,1.7320910108942607,0.16965881413381184,0.011765899472680898
0.09593352094991903,1.0270544268867037,0.40536150163102125,0.02985324640085394
1.737889295848438,0.26236110011787117,0.22128903752898382,0.015630399051142874
0.08026110750373361,1.4145098762040305,0.20122483367739774,0.014120287482496191
1.3792476540721208,1.5933250259119451,0.23716060194332628,0.01683171668600028
0.4668806300955466,1.5608366987996294,0.1434244150209104,0.009831912688088763
0.8731154259566327,0.4448842001096378,0.22776530011267526,0.016119892263780192
1.9669503124621122,1.1522763848366615,0.3340693970061103,0.024276683587043848
1.8180895966170192,0.6127020758538968,0.2681446363537053,0.01919263111056799
1.2393542299455838,0.6939227880263583,0.4911068944560776,0.036650095457793505
0.3630435384029356,1.4852613439012938,0.31794268998069586,0.02302601840575333
1.7571630969777652,0.6777937305083264,0.2633815075391449,0.018828407813581947
0.1961251728634683,1.9736081462154047,0.4167024307136576,0.030746944438120094
0.0843861307994076,1.4844986536453235,0.33596653993316833,0.024424089651351313
0.13989578707748396,0.7777923504345616,0.38572911302443974,0.028310258728790925
1.6932652355999396,0.5178514576411952,0.46864318907091024,0.034860881290491835
1.2698818437525707,1.2216990336360976,0.2627636666165651,0.018781196344114147
0.6158525709516773,0.6711644861700368,0.4939095208581628,0.03687372405474667
1.8279693709521698,0.3723599061091001,0.2652563364688327,0.01897171701486332
1.1598765924838,1.4816957584871064,0.05578498495649594,0.003582902155697797
0.3980105700222145,1.3119967837225097,0.09747430914203553,0.006506261584607265
1.771257560239367,1.3946839563129418,0.45922967809338616,0.034112845413154055
0.18077563281590514,1.5412980525029345,0.22955068230909614,0.016255006349703872
0.03399898209942931,1.1389350393724127,0.26590073837437955,0.019020990327697607
0.6343870394981843,1.0673561816828885,0.3610927301149652,0.02638167532083742
1.342608118384867,1.6804922929426547,0.0720865947212536,0.004712533002399809
0.8718414583805478,1.7820096932487401,0.47198972728506605,0.035127061823300644
0.432930030316935,1.2193455226161243,0.3413121921531291,0.024839749363756495
1.895835954821137,0.5775322618874723,0.29108228789695256,0.02095273892004285
0.28370713350769106,0.7484704642862829,0.2622213267214614,0.018739760494173516
1.937209005239588,1.6992549379633248,0.2519967270167203,0.01795970013390092
1.6422027264683743,1.1097936884410513,0.4581738144551742,0.03402900776958868
1.4324421696372336,1.6506437732408166,0.2856461459091669,0.020534704568419725
1.7893909774102577,0.2349126628908078,0.49580958697470595,0.03702538494100377
1.598246791810833,0.04504523746439015,0.09783807501772013,0.006532221116885349
1.4867341737467834,1.7542742389105865,0.16298367111267742,0.011271714274177785
1.8409512381435988,0.9729168776915369,0.45450254635984516,0.033737605820248914
1.3972694580535117,0.9588311072354354,0.24051502319888807,0.01708633645690111
1.944463054712014,0.8037697348545465,0.4649947058481632,0.034570833764502006
0.04798825662250472,1.5125785878743956,0.20929994659553297,0.0147268586881032
1.0156579027734198,1.572570191269203,0.35403495896215803,0.025830824303539137
1.4273686604774483,1.478050742001121,0.06672692540269934,0.004338961773547993
1.0188285860199386,1.3654367029659544,0.34965828458543885,0.025489609332171276
0.11170877049901051,0.6892117002885818,0.15065474118105465,0.010362667180474119
0.3082656359190892,1.8157090231622268,0.17050310134104052,0.011828501883917444
1.3442423804156058,0.9676551013014176,0.1555136859367992,0.010720340566734503
0.9471540029124443,0.009505816249332666,0.18723715291724435,0.013073594535673276
0.1269727427858478,0.0006089088526954889,0.38150468698863443,0.027978942925790413
0.8776382056516121,0.6572166388153104,0.36528342329834035,0.026709106798619407
1.8181757002331327,1.9832746371930752,0.12078356852283136,0.008182279896762299
1.0939753274269357,0.12627021659066484,0.4745723002468168,0.03533256636299089
1.4509478361471853,1.4680861599687265,0.37511225789870545,0.027478075712139744
0.39563973608643455,1.1784143945470156,0.3903695905202306,0.028674493449986602
1.4416408441384867,0.6629175657424635,0.35898700738778544,0.026217247623880138
1.878095058831016,1.1469780844143267,0.4398007402710499,0.03257230928537506
0.9944260125400268,1.947161373063975,0.29636414728097643,0.021359425497011832
1.464528000944031,1.4534767703296692,0.29971297808158454,0.02161753470402128
1.2200297519293941,0.020452779804915666,0.2467988889688344,0.017563975151363237
1.174185204775002,0.8932532455373294,0.3261987055619588,0.02366575915101443
0.08110188060155576,1.1163698873480505,0.471851680884827,0.03511607915954598
1.4301790972480262,0.6362812291780626,0.33239324855367486,0.024146496607672784
0.5060334048433419,1.3764701552322292,0.35661130304194893,0.026031818011074605
1.529765494765872,1.8996266194710036,0.3047371205868837,0.02200514032609463
1.2382553379099015,1.7797961357892766,0.19478304414240222,0.013637605115869719
0.5564631132593132,0.24930066236217763,0.17254845270130986,0.01198024958662616
1.8107645441428768,1.9181670335716212,0.23113726568029697,0.016375136628277658
0.13221826516749524,0.8958551404863908,0.2989941910503257,0.02156211775754295
0.7271484627077562,0.5936655078132989,0.29897522057393394,0.021560655298694727
1.8702963011861384,0.21462416092716285,0.3620993127530449,0.026460298843072258
0.8821610342444379,0.6703231476161278,0.22877073107397894,0.016195972277061068
0.9985972445676998,0.15348313080557419,0.183161580109923,0.012769617443422695
1.5348198881874382,0.0352120401570164,0.20354028145453368,0.014294046126528816
1.6640199236763105,0.8467703737238368,0.051215653409137564,0.0032700879874218
1.0763532550938952,0.26096352055633654,0.3069646645840536,0.022177133828391798
0.48680947943675434,1.627900107047817,0.391791209746524,0.02878613741927735
0.22610334733485882,1.832188618458535,0.4038427314171974,0.029733692807146075
0.03510820725424635,1.4903636020155935,0.4227047600363532,0.031220627947474388
1.9503728388216524,0.32975550535144027,0.29588377431069113,0.02132241747510944
0.4048690603796752,0.027147769735414995,0.11551622327999335,0.007801413188209849
0.20734669134144124,0.15464370704427077,0.2683548739769103,0.0192087177485915
1.7503905679586558,1.1044301525481053,0.20094796606187926,0.014099519648553039
1.6776238003131172,0.6499429189739052,0.2474384547927917,0.01761263618868365
1.2324819116942025,0.592823593250005,0.3271050422737173,0.023736057815830793
1.066295282340553,1.631458316419073,0.13922361671084274,0.009524387039250343
0.4735079680796148,1.544783902427085,0.10244868155333904,0.00686181881482249
1.0841505781940337,0.16485711023504313,0.48241212263103533,0.0359568801358317
0.5522746382214891,0.743663617193411,0.31859461475462114,0.02307649335547587
0.9386653485929553,1.9231191916380501,0.22125414242901653,0.01562776423718627
1.4786513608677334,1.7371951265985925,0.34705278715024335,0.025286618796078634
0.07552190098480294,0.2078286494624233,0.2825424423464149,0.020296278000429466
0.4475033978968441,0.6354888396162068,0.461364550197061,0.034282399052044096
0.6832816853135901,0.7533065772438694,0.3264971162877352,0.02368890345068234
1.1754888233452325,1.8609825215167062,0.44224231893465954,0.03276565032484669
1.3451101129365064,1.688861577934532,0.09459663070009539,0.006301138450961472
1.4837207912033106,1.4859234742385599,0.2731326143750718,0.01957452672330788
0.6973924449113313,1.2370107998882125,0.288830962584276,0.020779548126580377
1.8880832228654043,1.3654827717766944,0.07778027868869732,0.00511148891113914
0.42446640409747194,0.6355414178386825,0.15404855789375954,0.010612408210952799
0.7781619429975843,1.005266050676037,0.4150663091732193,0.030617908616388276
0.1489597381165233,0.04678809386457683,0.42004288985908655,0.0310105044971188
1.4204798110422665,1.0435211806676836,0.4188862265343743,0.030919228083368847
0.48490468788576657,0.8147888726321733,0.49920507809287906,0.03729650855651355
1.148199670069778,1.2614641905014836,0.2624582787580669,0.01875786337581443
1.8522128046600361,0.806888545195946,0.12851942488101248,0.008743706107423838
0.8623846527340395,0.3304652692115333,0.3056159280516322,0.022072984630359005
1.8230558198236675,1.7866936550015826,0.051698651707408276,0.003303065727683693
0.9476608777441733,1.0948687762727725,0.12080075912648687,0.008183524805284626
0.3005215524197089,0.6713402200837448,0.3971293312144633,0.02920560471153662
1.400253338268393,0.4648610637888253,0.0696150312089835,0.0045400168385767
0.4747927412728816,0.14279849691011415,0.2367371305295361,0.016799590371758235
1.9132669547792436,0.23893877620462645,0.06686281526928149,0.004348408470428838
0.43983288622287486,1.451754653209602,0.4622009582792939,0.03434884217807639
1.6503121315901168,0.8561902594065436,0.34958169337410705,0.025483640728828177
1.1955347210250926,1.0583329951404246,0.11330247387311573,0.007641697526498132
1.2447805106582328,1.9898726480548028,0.17714245113512234,0.012321535865231529
0.7901285101512474,0.3746342608626694,0.38633092114445955,0.028357478136233367
1.0200925914498404,1.336822624101243,0.44288454387590864,0.032816518377791766
0.8649650044920765,1.9312634950144385,0.26946407794833904,0.019293604488661076
1.1401710430243646,0.6750664255933376,0.30278091402198026,0.021854168879889467
0.7640508629977096,0.15745533289321045,0.19113765114058817,0.013364941697097734
0.04339353367087928,1.6033600124504395,0.05618073953697168,0.003610080771342408
1.1396751410202608,1.9925812284675262,0.1603092288778329,0.011074103960398275
0.9902932138274654,1.88319630501876,0.09494147427545802,0.006325696720019198
0.9454008119927737,1.6694458443393694,0.2828209000219104,0.020317661775043336
1.50306553024965,1.155928246762419,0.2752374927714152,0.019735827924271056
1.7070984679286068,0.7129146951823688,0.3574496282618261,0.026097241669729807
1.1212470606256018,0.41358589160123693,0.12848429562028607,0.008741151233944987
1.9092768757964595,1.4023482753291394,0.20904806223025746,0.01470791337096122
1.1281074025303592,0.2711902534093009,0.05030588874952268,0.003208030273413883
1.4771150989280017,1.2584312747375495,0.11494912262803372,0.007760478218305853
1.5359905965152618,1.8562360174613586,0.44368279891504564,0.0328797520411481
1.3491495617423803,1.4969422070538794,0.22103653249873467,0.015611333875864875
0.3476516901029081,0.020638114622134385,0.26720838821269255,0.019121003296007928
0.9573582846025066,1.080581999739026,0.2202180495740349,0.015549545364417569
1.7888245317426403,1.7689177233409392,0.08257409854816965,0.005448964760103253
0.06571931932174135,1.5313417262909137,0.45247607734232026,0.03357682704723524
0.5729831452381475,1.8908957437592275,0.1845932216330975,0.012876343953994694
0.6623329631346848,1.6939891721499472,0.16794376643187647,0.01163879798038672
1.352337008156966,1.4342372373897265,0.23361780348922717,0.016563067770066837
0.04063697821015566,0.8292718900215728,0.2649201795108416,0.018946016508200793
0.4047864964856407,1.4241499538760762,0.10085999857546776,0.006748130904119202
1.507870754083454,0.33471264102523524,0.39691912415734,0.029189079337289845
0.5981475632712732,0.9812857758878666,0.47820553400157717,0.035621806304271794
0.038844567971707766,0.8045759092156879,0.274570297869282,0.019684690148767916
0.04439298433642236,1.1479020744506294,0.09568216428086193,0.006378466244274259
1.9779949478900716,1.690822682053668,0.06241836843683436,0.004040144531450818
1.2144478197374293,0.21392134064268187,0.4792029856660779,0.03570123951835551
1.3240521417314695,0.24616820141640194,0.21442735263623308,0.015112852696122376
1.8806530631358276,0.4374776380822971,0.0828168927195995,0.0054660936860909904
1.606053383586108,1.3079051151056396,0.21005869642616976,0.014783937058663257
0.8879901867265112,0.9433880221979565,0.4278187390797843,0.03162457244835215
1.0348763219754087,0.44530748336210935,0.0873980284521865,0.005789928246220292
0.8764672522321737,1.2163623563799562,0.21845547036763135,0.015416539468274466
1.3956497821129734,0.5390229029235003,0.1823004887476934,0.012705452192837495
0.22251267068798009,1.639240222346313,0.15351847758190254,0.010573375917166583
0.7964804289801561,0.5181196355819198,0.24567366825475134,0.017478384442543557
1.8763581225926105,0.12300649571855282,0.15865258997852533,0.010951811335171846
0.429320586625074,1.2085802880684233,0.3423417268410208,0.024919854294063112
1.330548572416903,1.6798759091018058,0.4066060685321517,0.02995123848026383
1.3966561419736225,0.4371367367870287,0.3599414423171769,0.026291767512354788
0.5111444344067129,0.1305241258714993,0.17847481468967213,0.012420631623120548
1.3026249220050767,1.1695315399295492,0.4315417832138408,0.03191885923858576
1.5801674647904735,1.297213271405337,0.17715035587783812,0.012322123636439912
1.5627399260139523,0.02240631247003999,0.39742579742142764,0.02922891235269852
1.0393606282016217,0.905572489045293,0.24230307180196908,0.01722215994782982
1.7243558241145993,1.7545938476626184,0.09146313081671212,0.006078269816499644
1.1909822663807221,1.3332312780509865,0.4812338868497538,0.03586300791806773
1.3896761501010424,1.9590615829405376,0.23975334881489718,0.017028499384480703
1.9727405126301234,0.2902458704126487,0.25530281271250405,0.018211695019058068
0.48683379321618747,1.9684483703795945,0.11556404851971502,0.007804865987723463
0.09031438486900534,0.7746495449689212,0.1254300738695182,0.008519210057599797
1.5254679851071333,1.359542435726341,0.056601411601352986,0.003638985091714988
1.0978741862425296,1.1672611037092457,0.4191346678402973,0.030938832004918593
1.0030717754681922,1.4842826600690198,0.4165357801706306,0.03073379962625524
1.6195939304041513,0.39820911476257437,0.334119251509044,0.024280556493401655
1.6159587813414777,1.8881594380518991,0.06130709818815005,0.003963299895290306
0.20423204423519703,0.7104461743335346,0.38422051677498253,0.02819191275869831
1.0491866448216887,1.4478503275597732,0.17738937692565476,0.012339897326034402
1.0723356565486932,0.4372888291662138,0.15217909889381737,0.01047479269448336
1.376505582665145,0.6907231743490998,0.21716735752020982,0.015319384039433687
0.6280603967030383,1.4466047382580207,0.15864695911754886,0.01095139581628795
0.705327395986987,1.7646936338939099,0.21384532811164414,0.015069005225047168
1.7070892736755474,1.044332521949756,0.4071138971857976,0.029991228769153916
1.898090688583354,0.4309245069984162,0.21743212933612815,0.015339351115671971
1.959352892052989,0.18736621373842421,0.3521560345427388,0.025684303437725296
0.192874983573607,1.5364699559427417,0.10194882932599587,0.006826035630224759
0.9431431441163167,1.7245528766129625,0.28136172170008616,0.020205622351433764
1.744793986084379,0.11250521199992591,0.2150140013408543,0.015157056845961645
1.1841950895610007,1.2424212368885983,0.11536244074370493,0.00779031134555251
1.249140174187706,1.692796369279331,0.39134416406001626,0.028751026579439953
0.3011631960190402,1.2001451246633477,0.12792869357230402,0.00870074994266305
1.587122477003027,0.38109973152216803,0.17204297275365624,0.011942735662260699
0.5095452603798039,1.4706315101006193,0.20052641036040475,0.014067902556682773
0.07057595951435203,0.5205595441708588,0.2717668164715531,0.019469908627885682
0.6191632473931632,0.6941122408740772,0.4903453731579048,0.036589346952955876
0.49619075067324125,1.3369532820937946,0.4276858547007351,0.03161407190332568
1.6581370747125943,0.18830465497892557,0.4510582036221864,0.03346436336733938
0.5700588430742781,0.5785552274257393,0.15116515010081305,0.010400202093401917
1.1176074512647236,0.091977800575755,0.47890837109861534,0.03567777635910675
0.8685878298567129,1.520570924850248,0.4291719625971581,0.031731517192325684
0.0902906342744283,0.33512755420964346,0.18338986735809587,0.012786632035071032
0.598771243051033,1.3022137672868879,0.22455422895681854,0.015877069167867575
0.7692342534950338,0.2254433705368568,0.4867789569724383,0.03630493158007149
1.3027643668373414,1.5010547064192081,0.3422375027421411,0.02491174418015885
0.6675392082815539,0.07390872392468317,0.4044541598334096,0.02978181911858836
0.4587921327420441,1.0394319860119858,0.48846810916191774,0.03643962061649981
0.40808358765502883,1.9471165677130453,0.43692984943371876,0.03234506709707648
1.1183142317342527,0.16172627830236097,0.25712129826942615,0.018350398961483553
0.21546991476211041,1.3688612609305537,0.2799780950250383,0.02009942099836587
1.1682717800415359,1.3817806612898949,0.06028649961836133,0.0038928098101447986
0.2976103847545506,0.4195573606373795,0.13803345505871126,0.009437375001971423
1.2966758377419945,0.18993753610455055,0.12823814918377552,0.008723250900462755
0.7333501453350177,0.19870970575669977,0.35371911000970147,0.025806190249361996
1.8076766711910026,0.23309986328415877,0.23182442012569693,0.016427183127980742
1.4413908781184517,1.2250293783068023,0.3946204841159106,0.02900841180615644
1.1166720337938651,1.9820265102088472,0.08978330739219204,0.005959008830325771
1.677230882255722,0.8031595245862202,0.44859928613456684,0.03326938347955073
0.4704158186421705,1.4180677121050433,0.17842565936506893,0.012416974741612822
0.8062548976254806,1.8302179601976607,0.2559197661478569,0.018258745172092226
1.7033264839900861,1.5956461229019465,0.16581505946605918,0.011481164987633626
0.4954563803733223,0.35126101429103085,0.0871272635449369,0.005770755021542477
1.2496864532684373,0.8221256917593069,0.18863177787442925,0.013177718201753789
0.04337769990978768,1.6287823818658445,0.3934474865510011,0.028916244994870267
1.8478892137639902,1.8670824124422687,0.42671723397032246,0.031537538142313276
0.27620595591677644,0.7710005450998132,0.3945460386279887,0.0290025617829867
1.6787265947942334,0.9663902181721098,0.3207989129188077,0.02324721274944309
0.12530919026750276,1.5252133411725282,0.23875577032350997,0.016952768321953096
0.9864836308583858,1.424998742063916,0.4543531786220276,0.0337257533868587
1.8724422426971092,0.39558912936684143,0.18299222592950104,0.012756996167128819
1.1911258509710243,0.3180060177359436,0.20277514296881777,0.014236612509575464
1.6843354172432774,1.451078317540058,0.27461086454210737,0.019687799174642657
1.5706220605634662,1.2925910747053078,0.3551908548009488,0.025920989179428817
0.3530330827835382,1.8907508485368496,0.40653000624436025,0.02994524905410407
0.2941959169290067,1.5895204365209852,0.3033690950292111,0.021899555055457386
1.7934662633225849,0.4070435532053198,0.36002550536668515,0.026298331598554305
0.12022081182384659,0.7806857390764157,0.32669922241953975,0.02370457933594894
1.9370756272329044,0.7894143604659314,0.4484727268422694,0.03325934995101379
0.9405182833869226,0.3572703748266568,0.1684983171779961,0.011679885758942288
1.774607280254733,1.568812835888435,0.4686389062803492,0.034860540725143566
0.32743085933256366,1.484778155160984,0.21353144626899961,0.015045362000185074
0.955041271564224,1.2906663618642271,0.35897757576767325,0.02621651129475898
0.1489573999995928,1.0313883607890864,0.08848228429933139,0.005866746804727718
0.5898954659290465,0.23735647637910473,0.07753696887862102,0.005094397877260543
0.5040790026200224,1.0356438027051935,0.11400385634031744,0.0076922771538315915
0.831060446503733,1.538655554539115,0.07291600893547176,0.0047705186911982285
0.11527573745621056,0.4912219677837002,0.18418356508423545,0.012845798882119178
0.7934956937807642,0.8948651459399337,0.48580599697809584,0.03622736465988082
0.9975081130822272,1.7552025987075808,0.27778908728398266,0.019931476010130886
0.34815275640044896,1.9462786775769627,0.3445725771092388,0.025093486873882215
0.615590462489698,1.6180262396295282,0.32607754357990226,0.023656362421723785
0.449004832268749,1.3796902832725446,0.2520266598726158,0.017961980643059875
0.8482448777964176,1.9709522538897903,0.17480665162738424,0.012147932940846685
0.22161583162964638,0.11344776281946212,0.49677537021993334,0.037102487927699455
0.2946269849563401,0.06585066407526141,0.23292393452122861,0.016510484757036033
0.02050216713459463,1.0085497607130955,0.11501572036005034,0.0077652847149935885
0.35173653332011146,1.08220803476146,0.3566038610288082,0.0260312372771188
1.7199930435675335,1.889860034973415,0.1480880348129502,0.010174047964744578
0.1117400947447873,0.029099235860857053,0.47754283076297344,0.035569037486418195
1.7942369967549383,1.248720705556447,0.2603382338584989,0.018595934423573827
0.4778765599761876,0.47554661275651844,0.11315383638580348,0.0076309814242959545
0.15904615500666064,1.5074943725891166,0.3129712281741823,0.022641341313613374
0.27064394055782004,0.2842512088350524,0.099689051322924,0.006664415579840771
0.8998734652715006,0.5464305567490999,0.24724779077737608,0.017598128705979547
0.6011243782045788,1.2933586600716394,0.21877740188203088,0.015440827215933357
0.23901908839090136,1.6430568889517836,0.3100750831565793,0.022417439982754923
0.5231704622929025,1.3785762134612134,0.427310668694288,0.031584425859966805
1.8950226331035358,0.9536249024551113,0.45311684405225433,0.03362765971293212
1.2807495462479936,0.9584417413957755,0.246134135401893,0.017513406938848793
1.6139922669638609,0.06203965140661527,0.18409501411417734,0.012839196904207173
0.9681904188418196,1.5717923331505805,0.16080837995294883,0.011110968294414589
0.8565549628309339,0.3568851901476482,0.44899260139432395,0.033300566473419994
0.5140203693288892,1.7473477565007107,0.08928925491335482,0.0059239621715655695
1.0247162919866033,0.6913665508357372,0.45982861749113485,0.03416040829044114
0.8040163193512013,1.4152098791354395,0.13911176958146443,0.00951620776762153
0.4347911799148132,1.825960882145796,0.33450510867752203,0.02431053284067443
0.42607583416499395,1.122269937513967,0.15781585391367797,0.010890077135455188
1.5290346085750404,1.7125645816344583,0.3656309758235777,0.0267362738062938
0.5432072488236601,0.04487225073682444,0.23363187954773396,0.01656413459833243
1.0498107264584238,0.7737094466089138,0.21475693026781212,0.015137685440441544
0.5877787567302706,0.950118499023326,0.41191856320076703,0.030369754484966833
0.1412097756318218,1.0656477764342076,0.29254338217354375,0.021065188037538717
1.0627615322222275,1.4848883031829658,0.4368941388042569,0.032342241108985766
1.9587805925412656,0.20068855212144832,0.34673949394068104,0.025262217641148728
1.648685086697738,1.265604138475617,0.36363136557548903,0.026579995437793148
0.25069897987280254,0.16463532643050516,0.3284404413070675,0.023839660546403893
1.5732181032141677,1.3863372483348604,0.30018474708182086,0.021653912073701563
1.2042469021920814,0.785607705659326,0.20829798757018664,0.014651506333292324
0.2732185414578101,0.7214841414309066,0.24539248320562795,0.017457000122182993
1.1529485078791768,1.6489894949045922,0.16672361326454224,0.011548427377060758
0.6978831075860472,0.2873857773572768,0.3886999734786845,0.028543409301772477
1.6947234941094038,1.6330165906996714,0.4839143142132287,0.0360765854491235
1.3020394468637548,0.1484172884074324,0.14874167684753567,0.010222060819333334
0.19719344177666298,1.7667990225996286,0.1443250825700617,0.009897928967431077
0.04413206813651693,0.42007323889213066,0.3194937571307762,0.02314612069527748
0.834205222260844,0.6709693646200621,0.09303311953562574,0.006189869741844369
0.6481683277339889,0.07858726371237368,0.21053099479865056,0.014819473771807123
1.7912744663751425,1.435027900841426,0.4337973516867077,0.03209723523424428
0.763042666141911,1.7114904023789346,0.05080685149554516,0.0032421929186395577
0.6038408672439886,1.8331664464853041,0.09844568620184987,0.006575597097356044
0.2762659182723972,1.989976297092751,0.21374757669256633,0.015061641819118239
0.007021734509641497,1.572865485301588,0.42170336444337725,0.03114156875874297
0.7592649691358391,1.1598217783494706,0.3448231406589905,0.025112993708099038
1.763681828325185,1.9654302232326935,0.1734369311863912,0.01204620590995361
0.13395319303130693,1.1961266399426569,0.460199282783154,0.034189845643621763
0.7053723637647002,1.7936905404317305,0.1225668212006093,0.008311484270326477
1.1274059651391528,0.7229225013036409,0.4576337794491425,0.033986133081669
0.8404050271694865,0.11145777139945956,0.29325407247079477,0.021119898391426823
0.9483927053494061,0.9043528446323805,0.313450698250852,0.022678423035614004
0.8710855923838627,1.038323610062431,0.2666942399757004,0.019081675664033588
1.3033425146971258,0.39545908203352087,0.27457404122065077,0.019684977037526787
1.0800723332364306,1.5501544113720358,0.13964986578436794,0.00955556237244348
1.4304101326809655,1.3442814941457049,0.2282808016098134,0.01615889688789593
0.5281065149363453,1.6435767498497895,0.4231865695678421,0.0312586709389322
0.9982548015426349,0.44819814468900065,0.4864210309703553,0.03627639553634094
0.4824840808518931,1.3290154105261422,0.3839429493720324,0.02817014171088887
1.5065612641082642,1.9404374953920691,0.40491050733453277,0.02981774208534221
0.31919159897873106,0.009532518284143032,0.19093408147706326,0.013349725867899245
0.6417664822885247,0.973892410955812,0.24738159608399068,0.017608309771205043
1.7445289836863955,1.7578082790244234,0.058057208021999006,0.00373912646181742
1.9691290176593954,0.2946995767420655,0.4788810929933237,0.035675603976066304
0.14675598808968737,0.22753412157570674,0.2915679978398648,0.02099011594311714
1.716145268317702,1.035676326434456,0.26336942101511435,0.018827484165027965
0.9933687715819985,0.6178730587270336,0.3932629254727856,0.02890174506456324
0.8823554931890325,0.8385507139535768,0.44552607839743075,0.033025797144003936
0.8411124624546138,1.3092377720747483,0.39085813396541247,0.02871285705535993
0.8012814003493436,1.4614674493420712,0.38979235259213085,0.028629169247238316
0.6918001526574027,0.7734901961785268,0.21204495535800294,0.014933424341222919
0.018273287302004615,1.0117982937076764,0.39411197413658394,0.028968453948362276
0.3168725456009216,0.13840840971340684,0.1786354333882364,0.012432581241329465
1.8142179972059824,1.932583221364387,0.30222900578757467,0.021811587174537374
0.34234301411003343,1.8526521054040226,0.3031710345639602,0.021884271314401498
0.889209856567525,1.6706888932069426,0.2812908325778487,0.020200180323739384
1.15935374329042,0.9392826622628652,0.22262550011805232,0.015731332471125525
0.27438136193964446,1.4547579466939413,0.1316467840185276,0.008971343690125
1.7534810763922684,0.3331068701459561,0.12818033293739314,0.008719046714052329
1.8429812454541896,0.8859548044790722,0.21552718178183833,0.015195731966125394
1.237992312638766,1.0154812360421865,0.393156285404546,0.028893367165638104
0.4786459879123144,0.7668993017537884,0.47047181265739235,0.035006312114123216
0.44233597708190375,0.4021853535815809,0.23249028281597706,0.016477627102551486
1.25456214365456,0.5930907946262047,0.39386668580777745,0.028949180876099736
1.2630903732965515,1.8789888695750938,0.3237480911267653,0.023475748450786343
1.8565619215237321,1.1757708875922745,0.21491794372680478,0.015149818306544438
1.1906168728531774,0.9257491364646515,0.48000707943270654,0.035765282760225794
1.8341314835609033,1.876862402979302,0.4174317688319145,0.030804476343310194
1.1779696789285565,0.27238984583979575,0.4343159205356899,0.032138254016465785
0.7135984667745812,1.3765694394419266,0.05314903123855794,0.003402220563653985
0.10119567165602428,0.8423362488604467,0.059027900337185094,0.0038059950963490116
0.3622168116602247,0.7252164070984866,0.13985974690468522,0.00957091523334507
1.3255127944106337,0.308356092643596,0.13711954407501528,0.00937059459870372
0.6756471814833716,0.8980537940224342,0.19599039193601514,0.013727988738505694
0.022302415645767848,0.448222097196215,0.237332589661429,0.016844765524954647
0.1429112135357009,1.7622506826522373,0.11872440185095055,0.008033248146084438
1.5588993949825556,1.183860098707585,0.3846632083410343,0.028226637594520956
1.2671509838626174,1.444277427487738,0.35607356538659,0.02598985806270387
1.3681610781305804,1.484583918209283,0.219080478870524,0.015463694759661972
1.963844873749738,0.20743583704009616,0.19600805622095369,0.013729311395552297
1.025419822801024,1.6313150598106165,0.21395537838915757,0.015077295355669323
0.06297723135297395,1.4074352741207738,0.39663578329639027,0.029166805523286533
0.3705682042289302,1.5794369817164262,0.49268200118283917,0.03677576637215986
0.809977979804428,1.0678756994439957,0.15518123696362549,0.010695843695701467
0.12940970632430426,0.5329426353690285,0.49123902875836417,0.03666063681162269
0.6947595993136677,1.4135572253117363,0.05349315597201631,0.003425774175406368
1.0482866410831186,1.2970666061347607,0.46870388787292955,0.034865708051744784
0.3592670053224687,1.3926817932024156,0.42140781702455427,0.03111823805745807
1.7493969061647445,1.1103686513957454,0.16842646106992903,0.011674561268733803
0.32607173612853857,0.7102878596163811,0.42251192461648307,0.03120540277671445
0.5580755039695773,1.4874949613022483,0.11738654379814253,0.007936516301697411
1.4063150256169965,0.3965990865926661,0.060139497023427795,0.003882663473683317
0.3909180048136951,0.8819620894500839,0.09813092513650237,0.006553124707508775
1.5809039256694712,1.719027382514015,0.45551387601453086,0.03381786259474844
0.0571784059056788,1.017760232125847,0.09381567953851802,0.006245545349459641
1.703599164118619,1.5690920718302286,0.24238937627065815,0.017228717549354067
1.5172221412649642,1.9394938080379522,0.3573596440348611,0.026090218711576144
0.7227500790082679,1.051414866748092,0.07067130707575416,0.004613694481467974
0.6270022258168781,0.0336386291622206,0.2881968629734991,0.02073078465397055
1.4505605240309607,0.025873289670611532,0.2243714830976684,0.015863256990335608
1.925706813526277,0.744095722250909,0.13536854640582152,0.009242733355242961
0.043288885525919474,1.2146589705900341,0.1572225151144554,0.010846314408264505
1.0918657000322791,1.136984087209195,0.06192372443740569,0.004005928007011848
1.2673623977208077,1.3105935996894604,0.3926710020996274,0.028855244128903088
0.6115460321719772,1.7839725656641738,0.4070414513781402,0.02998552362490991
0.7727381070005672,1.853258483709489,0.4071938628771664,0.029997526189404614
0.21345786367821873,1.8250050252704497,0.4692708115158892,0.03491079183191222
1.6215096885447742,0.5428022944356501,0.08346688845365177,0.0055119673730091925
1.5781003970736331,1.8592938833813866,0.0669443840595691,0.004354079549104947
0.49116472033787595,0.26749100639579804,0.48186612198947315,0.035913377288477565
1.5123350753603058,0.4246629190660516,0.05154679545100071,0.003292695116773565
0.989903073311392,0.8375768177672196,0.2651911948095561,0.018966736506051157
1.9388635222647386,1.7674056421620854,0.3768085000518632,0.027610924705974153
0.6734108815745885,0.29353212280732177,0.1918963682257721,0.013421661901994073
0.7872903277712253,1.3267199657636362,0.4579970351371157,0.034014972447001586
1.3790416853826397,1.628657857077063,0.48302252223705716,0.03600551802176683
0.38330746388965586,0.16765279261879384,0.30062627750982523,0.02168796136828428
1.6086801635879675,0.5884236974918047,0.43244636614955884,0.031990388211885774
0.6233595059262438,0.9883112332780741,0.40753626058914444,0.03002449149658023
1.7210075168969703,1.448316546206928,0.46813549747820077,0.03482051140739664
0.0031202651746145005,1.669218514853879,0.11192643144208492,0.007542528217897469
0.05942908331086749,0.691493606109028,0.40497313573220806,0.029822672313642645
1.8131808770499278,0.09421922556192275,0.06025451495674933,0.003890602036052919
1.3330136070812182,1.5100341186410482,0.2631820488876764,0.01881316561725307
1.9937874635742256,0.8289046954782291,0.24766525739228396,0.017629894433761856
0.5002600579154157,0.26621814755654616,0.4757421738147735,0.03542568279719689
1.8670402656950793,1.9628221062863975,0.43953893287492274,0.03255158195883321
1.8906033745409703,0.46048084577817194,0.17586548942329977,0.012226608918563918
0.9247214454998369,0.26563750916857476,0.2386716348295781,0.016946382182120415
1.69160291569871,1.9216634333774703,0.25307788549606175,0.018042082723259762
0.8187094535208326,0.31749299034442013,0.07997253226315242,0.005265646488861348
1.4002454628100525,1.0165426014447456,0.2575292737159073,0.01838152636901155
1.5398423445211866,1.8265722857783437,0.3580903167502853,0.026147248718348344
1.8062403328016363,0.4395962802018567,0.07175255171429262,0.004689192486694526
0.9750187226417706,1.9116236586444104,0.13623311136116684,0.00930585139254321
0.927736138053272,0.7057342248725833,0.2524306451656089,0.01799276109591761
0.06357170068885676,1.6431978684963895,0.08173975005494341,0.005390128717725148
1.7223957657066729,0.8498077065315672,0.4587228251937979,0.034072598637127915
0.607034377725995,0.572600071560333,0.4027029932273924,0.02964399598426188
0.09604394871957922,0.8231599374432452,0.3800213717223768,0.027862668483163173
1.0310745551822902,0.33745983141129887,0.2128883368475042,0.014996927122574666
1.0402661641394506,0.5137861567999229,0.1669001850809681,0.011561502346618735
0.5237181866104941,1.35659712238501,0.487012118759771,0.03632352143854633
0.6520951381146349,0.2808776071958341,0.1185737846043285,0.008022354215951603
0.15679776145652657,1.9054582612790656,0.42524785576152296,0.03142146085409161
0.4312225703011321,1.325476739181279,0.3997774478368973,0.02941383732193928
1.5138241203566627,0.19897934792477434,0.08810560663079614,0.005840052124405873
1.8603605062567807,0.7880766036182991,0.44024477737687323,0.03260746570867127
1.368856819974795,1.7226816680378294,0.26178465235682846,0.01870640199808704
1.5029387189450405,0.19624800967915723,0.4918217655687195,0.03670712847292536
1.4428418318675522,1.6803806550128568,0.4316337311812909,0.03192612945837716
0.29783797552135094,0.28408988509085775,0.14572308818015223,0.01000045492014905
1.961331259719876,0.03800710389588735,0.4191195902904963,0.030937642247920297
0.01460990303308951,0.4617763639277934,0.06322006772240031,0.004095640997636294
1.726582851972042,1.3331605530290551,0.46955720945415985,0.034933568641556834
1.0698555166540464,0.6800197041144309,0.41083437109615045,0.03028431189743265
1.799558194950542,1.8584223921309235,0.15599299280942297,0.010755665183724424
1.5733566040333191,0.6675485046627818,0.12235017981497073,0.008295780703900565
0.8101959865176602,1.5007348337146902,0.19715844440235575,0.013815467235126815
0.851664978119921,1.164653775081021,0.49054387520688275,0.03660518134306809
0.046320545415786896,0.319340435540457,0.45531054785115066,0.03380172595520073
0.3594669137828512,1.1142825870510702,0.3219740418669501,0.023338257739281
1.2820858730558504,1.8272169414400137,0.13032829174732927,0.008875325840101573
1.5970408385299713,1.1725470692055857,0.3912640426797902,0.02874473416159577
1.7255181523843597,0.4375004588912548,0.11408447702429818,0.007698092427508045
0.42265724421335293,1.091533513292799,0.20379019773929297,0.014312808831919445
0.8248457542050058,0.6930240591874504,0.42119798946533016,0.03110167482168963
1.196388445700632,1.8239317146730105,0.14615521458311181,0.010032159666704711
1.1687465748028696,0.8720144074342677,0.21292439442952904,0.014999642481566308
0.4941142915419656,1.4305366080218858,0.26684335166182616,0.01909308080443272
1.238068514012361,1.5633553256022885,0.11008622960125522,0.007410039232583506
1.9505956087775653,0.536601848237934,0.07635227168181567,0.005011233177611994
0.07204681829179993,1.8274148036579565,0.10081039837056638,0.006744583437256901
1.6096689330930192,0.2515559402632621,0.3732265912687677,0.02733043972351337
1.4763957901776574,1.742888591724381,0.4398584602442302,0.032576879097925254
1.3648173075935202,1.5140871145581707,0.3558238059829827,0.025970370693360306
1.6574558398777763,1.8421893802512688,0.30065525268660986,0.021690195954088096
1.4466074233822117,0.19519119557085984,0.3686619696298827,0.026973271720401683
1.1450887484973116,1.2345505250321454,0.3941152508063678,0.028968711412173286
0.30752367646295364,0.27635191327805675,0.1932712316798283,0.013524483395941598
1.03131328410751,1.6645954058920918,0.4063623197864223,0.029932045074706065
1.0293060804876113,1.2429513900025635,0.47887238724192693,0.03567491066626859
1.669621282392694,0.03543911213433404,0.4685584167942907,0.03485414028169854
0.7647419519019507,1.6377126095060308,0.49001988074893704,0.036563383574834955
0.3339199140488551,0.9664836342425369,0.07752704069883744,0.00509370056153228
0.9263552223429743,0.46302500260847945,0.20478336859474205,0.01438738776326543
0.9504110635723135,1.916855900282187,0.4215487327552703,0.031129361894124047
1.14554281100129,1.7060493893336144,0.2732830962510629,0.019586055623092416
1.2018734898286432,1.2283240463528111,0.43924364419032635,0.03252820493646857
0.5879611676496801,1.721574342747069,0.09704595161609977,0.006475701150320248
0.506999476505064,1.1383105009619279,0.17076966181620362,0.011848271322298947
1.2418354676269125,1.6486954799215223,0.22530256111065095,0.01593363720209115
1.7413908619859273,0.285599269534915,0.4983616274326316,0.037229148686270974
1.4376917776468585,1.7991409955802136,0.23178020402406962,0.016423833788154863
0.028860906656813734,1.300956437814001,0.2795905935874119,0.02006968450393329
0.686987975134334,0.3084986598867687,0.43758461682268207,0.032396885441066905
1.0934612697704074,1.8566362081451804,0.34411390605795356,0.025057781023178422
1.9073023266792748,1.5846332070735865,0.18294950871438287,0.012753812754577936
0.6004245473256429,0.3229512520372675,0.33241952303976724,0.02414853700644809
0.475621815413634,1.7409628800579147,0.06171645792599649,0.003991596142033709
0.23114533782770397,0.2927192493950741,0.28726074755892883,0.020658809123715725
0.08439429618289918,0.6429947330312176,0.05385818875570631,0.003450770266673323
0.8911418585577953,1.77785778261582,0.47688758602421893,0.03551686753125649
0.08266494508748301,1.2248736032017475,0.4928437810344848,0.03678867565429371
0.4429488085535769,0.004620228040486785,0.40139870586015336,0.029541370716864336
0.6190650346920514,0.565449511750576,0.05069128092407783,0.003234309629990212
1.4550141046395135,1.0958223444610111,0.3480907793991894,0.025367474713583745
1.3769509007026977,1.6473686016366413,0.42195770668254456,0.03116164760022556
1.1984514354590152,1.6968805411116947,0.4812889247371375,0.0358673925352842
1.7014107225056152,1.8637340406731278,0.440961034833535,0.0326641802023139
0.28738746736213083,1.3047687337705023,0.09118171031044256,0.006058279429185409
0.11841413460403016,1.6807297836864308,0.346292278463224,0.02522738845239291
1.4257082606985994,1.6091227109125934,0.31703863917372294,0.022956034544052463
1.1360901269025745,0.5794174888856216,0.3415751251170564,0.02486020578645227
1.50933142977894,1.65654529028821,0.2618592163611151,0.018712097831470233
1.123136661065994,0.13537089953537818,0.31676636438380085,0.02293496006053441
1.9529005886091877,1.7899040642501558,0.10335647680987921,0.006926836405004926
0.5145871642731916,1.4356171258002328,0.30893024881459014,0.022328972409558313
1.4151784255454656,1.2542166354920086,0.36468856902141206,0.02666261318721743
1.9443692273403517,0.05429853840138765,0.18998715155529672,0.013278962253527394
1.425952092360521,1.9428069261060883,0.3453569125625438,0.025154552094941832
0.4959204209329606,0.9304460884938801,0.07592398773060817,0.004981189855500157
0.5199240276417445,1.1145896944159965,0.2869517057227222,0.02063505123451849
1.64315136627489,0.4530468454596168,0.3292232464155096,0.023900405538450686
1.1489029548304504,1.9010097120622327,0.35421181945957764,0.02584461887293158
1.3606758195736404,0.8793309895643473,0.3319800260925724,0.024114408439489525
1.5234368876498066,1.4410899544665616,0.22637222163302512,0.016014517639881345
0.8538058393060024,1.108606722218874,0.13430527169787904,0.009165146552462245
1.5189857835846732,0.6645574787487012,0.23843218960114299,0.016928208411419777
0.4450294528558758,1.7407245204806234,0.32579978795010406,0.02363482196618157
1.5431521419855057,0.587229557793919,0.1960770203459467,0.013734475333800003
1.7683758596130084,0.6186047592574124,0.35326191782769967,0.025770535080530194
1.5229778309362028,0.8516189400008836,0.2781812311944354,0.01996155537087605
1.1106195006003554,0.6292930298091914,0.4089570263092139,0.03013639965655733
0.7738170769497539,0.6794960797554186,0.28399938457840895,0.020408177946306335
0.9377095143413079,0.6956650382320351,0.06281261672122235,0.004067429687910306
1.0796871383676885,1.8325805102038009,0.2174788990745774,0.015342878307979011
0.27687878490279916,1.2567060688041451,0.3884543435111147,0.028524127797184672
0.27631673259608935,1.5052193368384172,0.05361529434102985,0.003434136451771455
1.393569937439393,0.00100376535557678,0.22266448773219333,0.015734277554471203
0.018314488792823713,1.1430378224666402,0.15077429545790788,0.01037145828523598
1.1832074292648305,0.6071830415659971,0.49006087148872524,0.03656665319567755
1.235167262316128,0.02033520888810414,0.3366035855412922,0.024473600341793845
0.6135154969537919,0.32609792731913223,0.28763952810754884,0.020687930649049797
1.7499662950206176,0.0978241211037909,0.42322237855875994,0.031261498484993155
1.3859327965305621,1.1943498353155406,0.34061434439381105,0.024785461450830996
0.218939209375981,0.15994605670897188,0.43414718676480474,0.03212490680856123
0.522300822630535,0.7244546845061917,0.2022312379618016,0.014195794437746862
0.7218198117938321,1.5496658184712597,0.4479074092431641,0.03321453436951975
0.6535300860023854,0.4397529931786932,0.29960902873084494,0.02160951986313629
0.9533461429654839,0.5330325631777024,0.12477523955094764,0.008471673423363277
0.8825317575710201,0.44740987496169105,0.4076097715935389,0.030030281011386346
0.9775471555163007,0.0751909420738004,0.3779200458143745,0.027698002911221174
1.8192719008416183,0.6201830714558725,0.08691792238671436,0.00575593411176813
0.7548495547351415,1.3116137912104318,0.09830839531215574,0.006565794593442749
0.4635799007141215,0.8223362000357564,0.21642826779706487,0.015263656409129746
1.923330707234247,1.2729287644256617,0.12779268973423127,0.008690862097485005
1.0240131806865271,1.8429467440367788,0.3990793926615456,0.029358937027419173
1.537598197843441,0.2864581260260006,0.3202315681671125,0.023203265040918172
1.537349878659791,0.33448313949703445,0.4225567385449213,0.031208940982860534
0.6169177222252524,1.2870911303279118,0.35453552241877073,0.025869867928994674
1.9162483504567374,0.5820480186611645,0.32789932399401484,0.023797676153641933
1.340759267745051,1.7671899037978036,0.06738882281536435,0.004384987562660902
0.7059242643825872,1.1225517366529392,0.3126470597627318,0.022616272683001086
1.0038796293772478,0.04123805699185712,0.10630811310979357,0.007138507580078894
0.5629685760106011,0.7824001516292163,0.3995450501555936,0.029395559090197823
0.3689587400477059,1.505968900644124,0.4228159185500688,0.031229404599334466
1.3743077495207874,1.140251605081354,0.3851674518658051,0.02826619394037742
1.9625382300067113,1.856158966198846,0.42165613889152365,0.03113784066787489
0.01142902766581666,1.021261006481716,0.48069392903448055,0.03581999377950408
0.6835755536225845,1.6331484647723178,0.07138194465281171,0.0046633059122098515
1.2850043058167244,1.0156953946667908,0.26340640446218455,0.01883031043821634
0.46072395572816394,1.5722708067924982,0.44291599715271696,0.032819009796064676
1.7342039462925571,1.162649170094761,0.054429843411805436,0.0034899385227824503
0.7918034998713599,1.2452405387191328,0.3749542000293914,0.027465698792425882
1.60789663910018,0.6879896326181105,0.18068961945191547,0.012585472562079718
1.5972079244762223,0.6726589432459777,0.3811985114188411,0.027954939809092173
0.34869980145611046,1.879872957769531,0.37350222117886317,0.02735201662863814
0.9036037297059154,0.04460444418290033,0.4365001534036103,0.032311063829894356
0.41685948271986417,0.6797896431232688,0.12940912397068502,0.008808427986683144
1.9891223675995342,0.3769495249852419,0.1475735608681577,0.010136267892098861
1.5699490905002143,1.0287284511417583,0.175753875885519,0.01221831403175194
1.9775352570616127,0.6894673577637378,0.10326786000046498,0.006920487801585318
1.7746408043029949,0.5049009166779177,0.151791018369633,0.010446239694797254
1.5372420543813419,1.4297092232134332,0.14502058712241858,0.00994892686715306
1.1661321169632937,1.6012304216223459,0.297263606599936,0.021428731134575222
1.5637376805346694,1.5532655876378465,0.4468982895974538,0.033134546062140335
0.8761679572176468,1.574471805565796,0.06804572306750753,0.004430696720530315
1.3038664438887293,1.4193241967496089,0.09181133454995502,0.006103009948361837
0.38999065263988264,1.9206844422464084,0.11401152603524356,0.007692830366585754
0.024891870816759587,1.2134955339469538,0.2875911573932277,0.020684211649117424
0.40104120913824204,1.2022008533855548,0.3399101669573477,0.024730688909863723
1.3380160056200363,0.6964570295007817,0.1503022069327946,0.01033674731886584
1.7790780803942412,1.2203707756470483,0.13347530104993727,0.00910461329946842
1.7929297304970877,0.14254626387725655,0.49335354438636886,0.03682935431824897
0.07029791613369807,1.5851256864257444,0.2907692065357689,0.02092864853069791
1.7229396236253527,1.0406238186749381,0.4808066082485497,0.03582896975989549
0.4542073765137131,1.6253125354624964,0.47416246905787407,0.035299949471719494
1.628094733538656,1.0696321690955086,0.43341801231630794,0.03206723164252483
0.6221021695029265,1.7598243733673262,0.2729116499583851,0.019557598724047075
1.6729981310860265,1.184712067448311,0.18911835091045703,0.013214058602978827
0.46085118774779166,1.5278493721927953,0.19820714770635434,0.013894037839551251
0.6167753528563644,1.1743902705464493,0.1593029014127788,0.010999806691012918
0.9981145661630564,0.30042874839254274,0.3793078914577395,0.027806751181175454
1.4289094039448647,1.2199650706037823,0.3390316462014615,0.024662366522462984
0.3745916125150992,1.0899078365050436,0.19031663900915147,0.013303581936847638
1.5243986228042523,0.22884141988476392,0.42378302497446235,0.03130577034442512
1.172689632766481,1.883927002278478,0.2825243220275199,0.02029488652581193
1.7828683835443544,1.1324140178856488,0.44356343050795977,0.032870295789653614
0.4819670870800059,1.76933712924644,0.15933588271254745,0.011002241191922533
1.3711541322308483,1.8110521888898712,0.24888775062342594,0.017722937203669208
1.0297324881470393,1.9248050466692157,0.31128493521743433,0.022510956324084775
1.044883532887773,0.9225395153829987,0.4437819538041631,0.032887607130479744
1.0885786258358743,1.4508128816840418,0.35344626011236796,0.0257849110486779
1.234603212351638,1.9049008034930286,0.4767709119412783,0.03550757857167192
1.5537395594834984,1.0084922379374315,0.1973742792233203,0.013831635589060722
1.0112612718824634,1.7125967573921081,0.3773754651567767,0.027655338393143106
0.7625694838469654,1.7672897641768308,0.44956003260167576,0.033345557125406836
1.1109201110554896,1.1742308439143578,0.2334709770660035,0.016551940020368913
1.635669612700251,0.6488993913542023,0.4230407897101448,0.031247160054397347
0.661502257270616,0.6198394893454504,0.11751816616433602,0.007946029702407669
1.6167495175121656,1.0278720263965264,0.1604422607847068,0.011083928133881238
0.1759642300251001,1.3669998024168561,0.2846862518120406,0.020460946300223184
1.351460201397596,0.25225265696876553,0.08281845768723953,0.005466204104501043
0.8646209672458816,0.3055660447517139,0.4396952562449614,0.03256395799849479
1.0922757004284636,1.5012060713143116,0.10477461104530728,0.007028483961693869
1.5022399935929802,0.6677733804873671,0.1152381723105705,0.007781340925889229
1.2803055997198074,1.37887379458748,0.39887398745273034,0.02934278368239225
1.3739944487937308,0.7610419337736392,0.4848813360232596,0.03615365819881907
0.11622677974525342,0.417259196549286,0.3881616849635736,0.0285011557331204
1.866864587914167,1.9095939233894388,0.2671279600418325,0.01911485093266704
1.9591785319302482,0.865879188408295,0.22307419941381784,0.015765228894321005
1.415870143038015,1.5974368441585334,0.16216567696849965,0.011211250054434444
1.1140942310747195,1.0599627083139123,0.12443895252658427,0.008447267896278993
1.6326192689871575,0.19985332750293594,0.1997785796102668,0.014011825804763869
0.5527205610732593,1.116684082435742,0.05459008139968634,0.0035009227105135903
1.6770848322378853,0.17182367306825963,0.3509172358050279,0.025587729853815414
0.3210485380740229,1.5389879483299134,0.4424363399720526,0.03278101741338763
1.6011019326875209,0.5136528618319975,0.27862741828537,0.01999578366685164
0.9196143737864921,1.4574174951302477,0.474909099256023,0.03535937235840128
0.5801640812790214,0.8242878485850211,0.10917775109306588,0.007344687683030397
1.7094241148173575,0.9265131221528902,0.32299279570515027,0.023417205877786933
1.9444661912783536,0.2699914007247388,0.452421140516586,0.03357246908483391
1.9494050938461254,1.7124889454171357,0.28162268861165585,0.02022565711689966
1.822840454048701,1.80491826290993,0.2844476789239155,0.020442617018150682
0.5630730038846992,0.002696145671120087,0.12962604101588976,0.008824212456432917
0.8078944843784521,1.0251324186622754,0.24470001684470088,0.017404344781640834
1.3477893538926744,1.1573433153440105,0.14696691070600276,0.010091730593628783
1.7980515731873867,1.6879810860074043,0.2642031980902232,0.01889120801138469
1.0389488329055931,0.5779516191191922,0.2562289734432702,0.018282328909484384
0.3608970542143364,0.3265059637280334,0.1271241730620339,0.008642269705261614
1.894326227093898,1.8135866536869125,0.34465785628791507,0.025100125905304155
1.0325199700954233,0.572544265396755,0.3600792544535544,0.026302528666122708
1.768583978820509,0.6599148792601885,0.32201811572535416,0.023341672878404895
1.580458397084912,1.31374395232985,0.3436258557962972,0.025019791715300447
1.6822896699672896,0.34290287853349133,0.3045816866403758,0.021993142164181547
0.5231970792623872,0.9377723832194294,0.45793954024181815,0.03401040774355056
1.4192037474841523,1.7603734351081795,0.3623788230366925,0.0264821338886716
0.6688186282446027,1.9690348326855296,0.4915258963961203,0.03668352308866982
1.2538062666377139,0.029307469677940068,0.4766086193258496,0.035494657972039545
1.3877466110715277,0.3610340399211849,0.06621377762867361,0.004303301115868346
1.514419859306915,0.947392519273021,0.25805027921323775,0.018421282606085842
0.7649011756455004,0.03763566385544337,0.10915525778796707,0.007343070098142096
0.45060825699164453,1.7376445452335834,0.1101096566167086,0.007411724952303275
0.745519519799628,0.15697142504148243,0.26442618855747274,0.018908253062383543
1.67736815050322,1.5389487702485698,0.29616384550115277,0.021343993707589198
1.5731143684586302,1.7333624513869033,0.2851964189700765,0.02050014541488749
1.8439675812073446,0.5882776739436939,0.1167443668254871,0.007890111607403251
0.1828643515585211,1.2845312520740884,0.2846871787811618,0.02046101752026796
0.2038886106146165,1.1960311324326958,0.43186874149574644,0.03194471193859277
0.01783439623497607,0.8014622845341244,0.42448868560804814,0.031361499103083786
0.4002690574764809,1.6788047318663006,0.33085307698426847,0.02402691091855447
0.35031403146302065,0.31990392945533097,0.3396886899677463,0.02471346353777896
0.013918505627033895,1.3947794550714687,0.20115596235565714,0.014115121261786384
1.312330954502639,0.35346269960643406,0.4136999515147168,0.03051017511781806
0.5439429669931,0.8929811539305854,0.4480010171887086,0.033221954874688805
1.8256445165079833,1.6345769298947168,0.16039121602402828,0.01108015850116437
0.14207737881742166,1.5640339886864352,0.19900141206359145,0.013953564553257766
1.3866540032299428,0.7429531503917592,0.3456835538343834,0.02517998590159213
0.5317437938960272,1.107414975664126,0.36078072675173756,0.02635730800698258
0.328647303835069,1.345259617796938,0.2901427446315312,0.02088045010637291
0.8830369926935406,0.4166602182363417,0.19268249642040786,0.013480447631923468
0.6108101691455927,0.27289992722356593,0.11929807095836814,0.008074749536228625
0.7290197402680225,1.15384306275625,0.11411042008999937,0.0076999637945346045
0.04698720615984864,1.474831249677515,0.27841744826271314,0.019979675790579906
0.9992024954082936,1.863523996148551,0.1018886950468824,0.00682173158047662
1.6538987967024552,0.1595893040367491,0.24406859128188202,0.01735633996129386
1.7452473591057491,1.9693602350126744,0.09988512465284252,0.006678428875603595
0.6698082307600841,1.0642061878462181,0.19085953993882143,0.013344154535157448
0.19891446501894072,0.26198384986431966,0.2904870777402314,0.020906941353535536
0.9592247993768959,1.9187384063990862,0.15617497556264975,0.010769079161837173
1.036863912018126,0.9940815674915071,0.18337141996653572,0.01278525706895673
0.6354628015199866,0.20373119023770392,0.3022011602046794,0.021809438929758614
0.5190186260743228,1.7390780752620452,0.1565765766664527,0.010798685058726637
0.9370245771936134,0.05298976015665002,0.18100997932609747,0.012609327522101853
0.08589439856479864,1.925091779285207,0.1630042560560843,0.011273236135747832
0.6891872663527758,0.3298643340591678,0.38911645753111185,0.028576104461577507
1.718016302113542,0.9764247006764135,0.05485761434519916,0.0035192668383704478
1.1368970351947976,0.28045851940345434,0.4981765928539574,0.03721437245951854
1.0588148899751921,0.4642029595366173,0.28658645836420965,0.02060697476796823
0.9626129266890378,1.1048628672295364,0.35356756782934207,0.025794371536331424
0.4916585872189019,0.4261331350635613,0.2701448299475123,0.01934571399334153
0.48139929257502057,1.8440915616800089,0.152997733687875,0.010535040161419446
1.2894064765331381,0.8915035342239379,0.3481205272018943,0.025369792207458004
1.365363857872205,0.6937125562751361,0.38860337119613275,0.028535826098397107
1.3099311676634335,0.5512527799721434,0.43950146440289967,0.032548615644565064
1.5387069446220447,1.3631408031985321,0.3004856577663774,0.021677116886873005
1.4608903949480554,1.7938119714688645,0.18457264510394195,0.012874809602097992
1.7384565257427205,0.666815892712262,0.2395267881723036,0.017011298146440083
0.08939527648575951,0.9222964946587255,0.1901197465512695,0.013288869550908983
0.13049009133049472,0.6023496242589541,0.12060399393190405,0.00816927620163142
0.451495033845023,1.1615900231353227,0.2704401340252317,0.01936832144570451
1.172566864022344,0.6128953782073718,0.14672396710575086,0.010073898412371128
0.6695425107519153,1.4138508198985942,0.07853840053444222,0.005164765967434141
0.37845175570287126,1.6478394069514606,0.2729144550196063,0.019557813612787172
1.5242408999409995,0.5447658281362417,0.05060524106477041,0.0032284414925176116
0.24707871213269472,1.41104196435685,0.26866035813396927,0.019232093863558772
0.9095796823098798,1.3421496767440775,0.24732220372936237,0.01760379064017465
1.1841001956834896,1.3771176986167775,0.3240064795460394,0.02349577817346537
1.3020035680257984,0.4855767671607498,0.3790005148954122,0.027782663517322333
0.3270961318463135,0.49255551587295954,0.2989037856832622,0.021555148346952633
0.9994906130703476,0.32699693109845884,0.17371606975963697,0.01206693261959903
0.7298150226044011,0.7960880510681927,0.23770837433651204,0.01687327886371639
0.006112892023042882,0.08086015950525827,0.07848041445769745,0.005160689734807747
0.014009942260465813,1.2865316989794444,0.27413549520071184,0.019651368905671172
0.13667349218240354,1.0360544778125624,0.40229804322708046,0.029612130837341516
0.32305758391383566,1.5033280709449837,0.2761228289181973,0.019803698542108953
0.4681243060454918,0.3505498364776747,0.22928336025299717,0.016234771331552204
1.8696718020469874,1.1907425495564345,0.22027145670243942,0.0155535766665652
0.21071518214155938,0.6498017346925635,0.44046618063795284,0.03262499611918179
1.141224802897108,0.11201505745867402,0.15726604691860024,0.010849524784780634
0.2500512868070679,0.8624477899050147,0.3365141834403499,0.024466651689571062
0.8978256276485679,0.7711711890598434,0.35240917481421496,0.02570404049365342
1.63091568110599,1.5128303956085163,0.07050936447217142,0.004602393655904071
1.5078547901829331,1.0652191045887287,0.3069277707823521,0.022174284474809968
1.8248679232044425,0.41351055137394543,0.05751438988864194,0.003701766575998798
0.4321141798524486,1.5726434859286809,0.0925446594771134,0.006155134375350318
0.1717909957718744,1.3225387536318889,0.23693265853158346,0.016814423452219732
0.6074956504483413,0.9568189034573384,0.05842918570904436,0.0037647420539481525
1.972035463848749,0.4549156447442093,0.08417093207824937,0.005561683320992556
1.764724193516537,0.10134410855328024,0.2739698404973819,0.01963867486290518
1.0312182348360772,1.0407519047872806,0.20514204439475792,0.014414327495494999
1.2569641994857519,1.176073416424702,0.33462201411059156,0.024319615423335786
0.7202022307055946,1.8980718312637175,0.4983908584044693,0.037231483006042745
1.3136119475574917,1.409589823417627,0.2695922059492466,0.019303411606014724
1.826503819002613,1.2429843432049235,0.11383725773600384,0.00768026108135144
0.37109531695761167,1.867812745635224,0.271471042197725,0.01944725752901222
1.3078065747553322,0.45794822131648005,0.11420355145074947,0.0077066819377519455
0.5966044299841131,0.009570786537860254,0.27007334902771113,0.01934024191917459
0.07899484338010776,0.7698901772209346,0.40354060970064953,0.02970991427640075
0.8132577113420467,0.045368253528902835,0.2206682247741173,0.0155835278126335
0.44378811248115646,1.8781936666431034,0.10124549159729021,0.006775705932117191
1.5503060607879329,1.529017472832146,0.22860853265964276,0.016183697312454788
0.00421045493194705,1.9039210375729558,0.06739500282785035,0.004385417444331254
1.421958789891674,1.649852636160178,0.2195277958885108,0.015497449384486914
0.06632519318937358,0.5661704200814006,0.057973401602304186,0.003733356839816489
0.031581210842137386,1.7011798216329854,0.19992480267575985,0.01402278933357038
1.3443098553278423,1.2659569359525513,0.36582191532097585,0.02675119966073696
0.8822987241578821,1.8960601548842853,0.399255936984118,0.0293728211715393
0.4860592144965916,1.6786061191725752,0.40509612800840944,0.02983235465602686
0.5716034420442124,0.07407309296547271,0.28103280141624665,0.02018037254472342
1.989743443278142,0.5133429434796246,0.09433485725755532,0.006282500200492486
0.4107686571909337,0.8158959028467279,0.3918977851696507,0.028794508230589405
0.8794512673579222,0.6630215316452954,0.24656763915191876,0.017546382768296443
1.5783819643846104,0.49432099662743156,0.36992404219150715,0.027071994768129142
1.277028386372421,1.731518233747169,0.08242664662256255,0.005438563845259094
0.46466603493389846,0.2802071641303052,0.22524688174611118,0.015929427832416354
0.5037879086036519,1.750107125545101,0.06451461642277374,0.0041853565620602485
1.2286747607940154,1.7790588153498963,0.47881682288542404,0.03567048564508068
1.569847045858392,1.8074766668126625,0.47900174194610123,0.035685212323087814
0.7481308737888721,1.916956927890751,0.1842349474880191,0.012849629832665382
1.1517644857169742,0.8141175992401843,0.2823399025190251,0.020280725146060562
1.611842110536641,0.7114064862271323,0.1603235583863774,0.01107516214249965
1.967154764359011,0.13184915020487065,0.16292152619063383,0.011267119930126494
0.6506726516679302,1.6381727386240437,0.21595374120966337,0.01522788385257585
0.09599954695452118,1.206862225964656,0.14600775074147726,0.010021339642128167
1.273615026051557,0.4318409982081295,0.10209987838645461,0.006836847585230412
0.4451035117114037,1.4050386084726953,0.2557704114233277,0.01824735435123614
1.4395504501821066,1.3781937672987816,0.32012350012079605,0.023194894473333543
0.1451962192561771,1.7525658155354944,0.16253482296518906,0.011238533866502129
1.3233566106883106,0.4121527990348379,0.0871382287169872,0.005771531400230441
0.059068183514653816,0.06903032819345234,0.33486309110291296,0.024338345797618535
1.6593907802556607,1.8072420859303218,0.16698175204230367,0.011567542622341985
1.2829500972264334,0.4502819288627722,0.06180229122528677,0.003997530858042001
1.6234270075592945,1.1864134733852212,0.06309303698092741,0.00408684422561081
0.44764370859126346,1.1029989969092602,0.39550820197979136,0.029078175693519552
1.3320251534363678,0.9080256481962734,0.1957713829835135,0.013711590584643874
1.3728317779894126,0.9940339170162877,0.4061395001940807,0.029914500379694856
1.8577292401864398,0.9052249486258448,0.32137422450347364,0.02329178306215885
1.1717106389651755,1.1010545385770272,0.40461345757610123,0.029794358471991383
1.439330676953025,1.2940863785346433,0.07366781863991943,0.004823118275443157
0.07073316558958664,1.3222507917126454,0.40752027785255035,0.030023232751853264
0.633202039693642,1.3192392967592554,0.48265215084693786,0.03597600556748033
0.6843071078747869,1.2271128967515115,0.3565938602180712,0.026030456869926572
1.0224681425046587,1.4814040898327248,0.15030290517391845,0.010336798652468063
1.3785406755065597,1.3496910408535259,0.10609120026673546,0.007122938125648431
1.4349029124546788,0.8716467454225576,0.43050629434242776,0.031836991711872965
1.5239869175948104,0.4936492553370808,0.33292613001686916,0.024187880778732455
0.888971290794262,0.27983741442865884,0.451566957728496,0.03350471420060744
0.474328152510477,0.41706355605042256,0.4296732062245405,0.03177113619670485
1.8171512207061742,1.0916766583398716,0.42513340301774494,0.03141242052748625
1.8370656255828703,0.6810847162099658,0.18557376638118955,0.012949474934113206
0.4241662891416098,0.9237127794349196,0.41759699692525787,0.030817510887798844
1.1673324018118212,0.5331632569151636,0.4091598202615101,0.03015237513323976
0.5115119844119804,0.9588603310926185,0.05236174760483947,0.003348374617318642
1.2951315128153922,0.4872327296264338,0.17477734841991197,0.012145756059363818
0.823879939514558,1.0308758424449629,0.4615279377514567,0.034295377685499506
1.5188741111279478,0.5031649376779721,0.067130266195827,0.0043670048045492205
1.1404777189093225,0.644404702325778,0.4123875427351863,0.030406718451276484
1.8628631314230915,0.07568217398951638,0.15894739767075433,0.010973567539474849
0.8020833094128947,1.2675268622830642,0.24839692342309178,0.01768557702571253
0.2473903506658195,1.4385104779027962,0.1487027294830045,0.010219199557219505
0.689755971238061,0.5379894165957726,0.17674844635240627,0.01229224123339279
0.36758009311067763,1.3358955916493556,0.06696006874252992,0.00435517008300197
0.9829674432858191,1.511068048252532,0.4627259595064458,0.034390551804240894
0.97961773188768,1.4139211611471725,0.46073914786062087,0.03423272336648604
0.8173511062852445,1.6907168513086792,0.2223328188838135,0.015709224775430533
0.8540357976971977,1.0206105621159594,0.059382865978596946,0.003830466835614885
1.1577573244565555,0.07949812682607371,0.41062067172919736,0.0302674725954243
0.6682184152789319,0.48980321142844563,0.3801053760515267,0.027869252597610812
0.7250961299810086,1.2607846984347115,0.4788897545075222,0.03567629376375914
0.40695925286685397,0.5747863799596538,0.4735621430876887,0.03525217534392376
0.3312299944969346,0.2722427426259013,0.22451393423913962,0.015874023572297755
0.5558553286303887,0.8096281472964122,0.2714198714367644,0.019443338922901968
0.8701793508726108,0.6571648464939148,0.07848982584944153,0.005161351310918725
0.6657295574124109,0.07189879175146574,0.1999168953862835,0.014022196445810783
0.6331008280571642,0.48300045343981113,0.05372961071082846,0.003441964381294116
1.2571838010545333,1.327400755803329,0.11737420489462017,0.00793562450821208
1.3146185816541176,1.4537804695691108,0.34490692089949415,0.02511951637248001
0.12776353583156164,1.5176360024400555,0.21498008589963297,0.015154501080768823
0.20733738785381983,0.6531979779455381,0.17015724054038228,0.01180285432152228
0.4126641296917444,1.2875365935036964,0.1741433200062212,0.01209866142644587
1.0215651362607938,1.2138384751034605,0.2256530658215013,0.015960137066870876
0.8958933153687889,1.3858247535781,0.4611022792750054,0.03426156631589426
0.6964350154682741,1.311634603906323,0.49219654741349383,0.03673703116797059
1.775639015021378,1.751755698417664,0.09132933078336858,0.006068764952459051
0.8146003471558168,1.5349911530228104,0.43650299843577856,0.03231128895910089
0.6991673942067833,1.6200411167418405,0.05490521896344724,0.0035225316270108987
0.09064403697199719,1.0075774213349298,0.0673142912529238,0.004379803361445693
0.27367836433879433,1.4731060647315877,0.36446924990620916,0.026645472598305502
0.5969323340827282,1.2948567659410668,0.39311869977864444,0.02889041438630231
0.4834441986680913,0.5364187943722176,0.24443077719469564,0.017383874495674433
0.932501235079704,0.5427903186026488,0.29368065423218775,0.021152741900031993
1.1923258884515795,1.9972984018653168,0.26622728297410486,0.019045962262106052
0.4688893388108586,0.8746113180972226,0.3962373877688594,0.029135488961271824
1.2544178669975812,0.42782551560346893,0.4596564790526442,0.034146738022994484
1.206276446311323,1.046382478508912,0.44878616052606607,0.03328419910234267
1.8892918577366824,1.3804180676529185,0.48897355966847006,0.03647993030776836
0.358926442529933,1.551763150830072,0.1904213112511161,0.013311403783548243
1.6996585805951316,1.4353800592595907,0.16839085043804455,0.011671922602483408
0.5048481528216735,1.0196243924944404,0.4829437591297423,0.03599924177825467
1.141633642581671,0.00855732590094882,0.11105009720786668,0.007479415896337613
0.9552143586870976,1.1924903482360993,0.47218143798346734,0.03514231426656345
1.1657344564641023,1.9592900967398899,0.30048443579948225,0.02167702265130422
1.8708268349553832,1.3384802063075367,0.24981960689708976,0.017793881068524284
1.1155389716141442,0.03701577924192434,0.2843075611513207,0.02043185242435253
1.914412277704673,0.010279706427003488,0.40299163390164483,0.02966671020596658
0.05322211622468531,0.867347808197187,0.12849887538128693,0.00874221158188367
1.3266983130652432,0.039023558688490834,0.3969533528037882,0.029191770172459938
1.9161836444716105,0.22906970407958283,0.272429759195456,0.019520684538461407
1.3075389915797595,1.2421729181534207,0.2524528963935348,0.01799445656058806
1.1461892610774769,0.39559548567306746,0.09713406442167269,0.006481986648571906
0.043117331205773546,0.17965508348582127,0.220959488287771,0.015605517018067902
0.024371945831473507,0.28854952069245887,0.21002778472126116,0.014781611389695515
1.8730010045486172,0.10154368579721629,0.3330405823331555,0.024196769870273825
1.9501921362846104,1.0446856131004532,0.08019142648803598,0.005281055112030111
0.49331588045469377,1.4408259365685243,0.3123983143014819,0.022597037885017168
0.6592388162321123,0.6740441795629706,0.4954308537809497,0.03699515172897981
0.06451165114140878,1.2972440095951903,0.38534204124551275,0.028279890770574995
0.12571545730333766,0.9761323263442312,0.15687003236242764,0.010820321827040087
0.5070041394592248,0.560714333310022,0.4434935240321699,0.03286475794676088
1.7298042272738456,0.0580455636534305,0.45079833381098144,0.03344375351484424
0.8813449492770546,0.7094213612062055,0.46182544597995834,0.034319010962111554
1.0292771500640148,1.3055884894698258,0.3315220377975904,0.024078847267785766
1.124282823988851,0.7770744764352104,0.1673119376235997,0.011591995924405234
0.4880896160956618,1.9113682676349575,0.46086782738612986,0.034242943996711336
0.4681266859593085,0.7124419620977966,0.0521086582896006,0.0033310764980026184
1.2281452546163756,1.5106230337730866,0.4242759065270369,0.03134469443969947
0.066961096854532,0.2041069477079902,0.3547623663528343,0.025887562861746066
0.8025054088912653,1.3936359360021915,0.187543062991389,0.01309642942620354
0.18159620956813805,0.04028361859745311,0.4165905190460433,0.030738117197249188
1.0882435411850877,0.7655251611853875,0.2102554575579797,0.01479874110672904
0.2874626076612219,1.9541004826625532,0.33236951572297857,0.024144653595894124
1.4179259527462826,0.23481041578888795,0.4750198458785486,0.035368187022069
0.0152116787362917,1.9517876732588426,0.3201891037783579,0.023199975876722356
0.8074568144735563,0.23685904249725298,0.12001121826740578,0.008126360501817833
0.7729534646966651,0.21845641303265717,0.3837749498382199,0.028156965165578873
1.3135597797459326,1.3561700278870044,0.47783717258672825,0.03559247430717542
0.01415371169424895,0.8087029724703392,0.37662687364190467,0.027596697823583854
0.3943725097197681,1.3066081452489327,0.49444700564579447,0.03691662133762923
1.3856098702509172,1.7697373047491491,0.3466827237536369,0.025257796201122836
1.2109707537403607,0.0983199615043664,0.081000394766864,0.005338025950456487
0.6139694547803438,0.37910099409644094,0.49456380155647695,0.03692594338010037
1.5360789998779147,0.9934401022290016,0.20492385087311527,0.014397938840194665
1.6025468538670649,0.14859976714269774,0.36912612059589506,0.02700957627461918
0.8942383236885665,0.2597554697624691,0.319477566472014,0.023144866811445675
0.2677574945513399,1.300712627646704,0.3469423141852652,0.025278014325173327
0.19375302890213386,1.6224725271485596,0.11878012828770891,0.008037279001342254
0.018967582716790332,1.1934630085461342,0.06362622108608183,0.004123774949554431
1.1589677884163778,0.00917518675010398,0.37748872620762935,0.027664211344567508
0.3064917255959745,1.858552363110102,0.2638618481817865,0.018865117668347153
1.421146037373607,1.425547156061254,0.29918085581065507,0.021576508329557667
1.9442313770481852,1.219029245721174,0.3409849562530772,0.024814291633208623
1.2872708348284176,1.7846880614379435,0.11480641251212921,0.007750179179884419
0.9456978906753786,1.0671917127910053,0.14617134026406767,0.010033342919507955
1.0998573672389904,0.4921108511618708,0.21243930331706828,0.014963114779711692
1.525627872586351,1.5480375073967774,0.07112395383262543,0.004645290953444595
1.939785827323189,1.8490550693250891,0.38362570410010394,0.028145259852454474
1.1662768216369626,0.26352881130030714,0.1132576499727222,0.007638465820291713
1.9688222071860384,0.36348281146797157,0.46101902644635034,0.034254953537901534
1.049598109281537,1.899737619491434,0.41481758638515204,0.030598295692563764
0.9556680924920253,0.39934192696164783,0.4939842587940257,0.036879688783170876
0.643456755751235,1.0214302171818794,0.22396306550997114,0.015832391047132733
1.7679389775024545,1.7678520584157182,0.27297063051221937,0.019562117109174132
1.0405129417867578,1.3210857964267169,0.2514325462311116,0.017916720114427576
1.2212605550265319,0.42699991088021894,0.28874728216437745,0.020773112518828442
0.7396364313110371,0.1447626332968952,0.45163677977909783,0.03351025224436563
1.895189364851874,0.7144777777148812,0.13695688219881524,0.009358711943644337
0.5485694175945217,0.5278066629214371,0.3547924553329816,0.025889910007541674
0.04387357288572935,1.3623014210169317,0.42280297091439345,0.031228382295260163
0.788143064221603,0.9478313805865488,0.09681784000522094,0.006459430713009863
0.16308218357846127,1.7671463005741264,0.20230075380463203,0.014201010924503574
1.0651409312796332,0.13231812470630433,0.3313930140915261,0.024068829644998322
0.9896020110649557,1.7194213675435668,0.3350780109604887,0.024355044688970092
1.6176118898560545,0.8504463754384313,0.08186420280493181,0.005398902176402748
1.0032033854536613,0.4540443786822703,0.4404630686606458,0.03262474971281744
0.8794534629304707,1.0502020084141717,0.13203656655282978,0.008999741944181284
1.0274744941064107,0.041176104936959224,0.3221768128713321,0.02335397006826779
0.046186924395568596,0.3143104778540633,0.39221943261656206,0.028819772512834387
1.044389485863727,0.23531514903357587,0.24891509527421934,0.017725018739585253
1.8506478541276266,1.3824747188308104,0.3332270526102472,0.024211252784070353
0.6365443172637264,0.03621741935101652,0.24975083650673818,0.017788644832278544
0.1867375895660095,0.34607116490972456,0.3348713884564745,0.02433899047353779
1.487715145382434,0.7276299375669497,0.09172477291266563,0.006096859074591128
1.7585246219592476,0.9635149299944505,0.10756487766758448,0.007228757971161326
1.4825863281466514,0.6445607365594024,0.4840351552672333,0.0360862160394376
1.3404501421776802,0.467023215556037,0.10169275654745086,0.0068077086985223545
0.28935970100424346,0.4940296317570738,0.06301986542235434,0.00408177771123204
1.6441643941937953,1.0911431524077315,0.49732407902739806,0.03714629852323144
1.4848555022317511,1.048049883664393,0.15046816716219674,0.010348948919673716
1.645069646171008,0.5341751978636091,0.34004958968892435,0.024741532909564188
1.6394683923664426,1.6517830072349624,0.32647142587551886,0.023686910882426835
1.070537890787022,0.12515558851313235,0.09642887645882578,0.006431693348915075
1.235680175064064,1.6874163894709477,0.27319826742367154,0.019579556560321888
0.7932407426944399,0.699365431819005,0.0882200510091336,0.0058481618246384835
0.7054168636727469,0.9259357995334958,0.08349157840042554,0.005513710362244552
0.1542641643653342,0.9171521616750073,0.3022343708335073,0.021812001081319313
1.312143361801377,1.2502243034515996,0.2671665854630329,0.019117805573312094
0.204153974738829,1.2313930339224188,0.10214239704552946,0.00683989123149543
1.0695441145693627,1.178108455154322,0.05383044416300294,0.003448870008354737
1.0629329001382588,0.12695368455231404,0.35363120023039857,0.025799334158856612
1.9058878675844457,0.8755549208530036,0.13014718177644757,0.008862141911614715
0.5927996879516138,0.5442431480708565,0.4310139508117762,0.03187712620758586
0.019171123079092522,0.95218302034551,0.16014913678246046,0.011062282185174153
0.14259313214086689,0.16213397456081458,0.12264022062875378,0.00831680516934786
1.1885050580008314,0.7395670132376257,0.2710584829203098,0.01941566560060305
0.12064821232276013,0.6996260614055732,0.09625135956002975,0.006419037011881959
0.05807508816068441,0.9377564829868079,0.2584166602398772,0.018449243269763733
0.72132507376261,0.3566426432515153,0.4135411833349164,0.030497658279267197
0.28717730982360035,1.688471324956868,0.05918358095723298,0.003816726650701882
0.7763883111448497,1.2829387697878727,0.3299652405783293,0.02395799283814099
1.9806330561595828,0.6384065841529807,0.13595163721430126,0.00928529917556949
1.4278435181075062,0.09137390014717606,0.0959232157062526,0.006395645739387001
0.6457603950725066,0.6251952264535936,0.49155315751018225,0.03668569802611716
0.7124809572351392,1.8160912917724041,0.13238256305286566,0.009024954941303872
1.1476233966269318,1.3103554752067128,0.08701058533767389,0.0057624941485884046
0.5820759068466188,1.5554512149733066,0.30304109987147404,0.0218742450122046
0.7332029206020232,1.1348759526265766,0.2596473065640457,0.01854318104160312
1.0209760014260598,1.6953560436425492,0.3886588889664021,0.028540184183903868
0.37422190556743984,0.769097289633254,0.4838194547250372,0.03606902561089321
0.07175454064891018,1.3199639074356253,0.07888090842486883,0.005188847389496129
1.4032565371428722,1.8171252622421896,0.05821398282026542,0.0037499211073766343
0.7990072628702818,0.169065839641364,0.30516569802507654,0.022038224999727518
0.9923782880800565,0.6672990445733904,0.16400749868947728,0.011347422720136889
1.6022283355850078,0.36945026158350003,0.27238344558915695,0.01951713702335063
0.9543868193231289,1.006603276492502,0.4823492736256657,0.035951872439886026
1.4615485330883007,1.9917812639173709,0.45701189722842445,0.033936764669855256
1.326889595234178,0.6377046283779382,0.18460562036021144,0.012877268508741855
1.408351245212504,1.8889869525371628,0.18709550856503743,0.0130630222567317
1.677953513894973,0.36269838228244766,0.14379089119050817,0.009858770870771803
0.9005064961947209,1.2294116522759901,0.47679052101263064,0.03550913972893536
1.639727090707892,1.4372812559832637,0.3496181139823551,0.025486478904366536
0.25016114742532913,1.7684836065155962,0.3851722971705874,0.028266574056900536
1.1445171743725449,0.9862404516404204,0.2503653458111576,0.017835437619740897
0.03846659228742966,1.912628422945208,0.4364717995595391,0.03230882017769655
1.6220613410877796,1.3262083121613402,0.2214682507948189,0.015643931305626444
1.5979042426882608,1.9246096995258228,0.12640295019304992,0.008589866034970492
0.27273501187068505,1.651610469854591,0.05512043560959567,0.0035372939088715886
0.5180534016459226,1.715192166157212,0.262834415345275,0.01878660212351448
1.3651520676339037,0.554602969263762,0.4066073663874274,0.02995134067886438
1.0310207939300238,0.598917777945353,0.4564855027858404,0.033894980222047816
0.1405271220706128,0.4031373587847511,0.49783447625190297,0.03718705319865099
1.8491659476782147,1.0006175595180624,0.18399472308279968,0.012831719902642041
1.1487946236308582,0.08621296622109731,0.18686842815872423,0.013046074216735535
1.1984419666207802,0.5310729347080496,0.475872147757086,0.03543602908767234
0.593817407676545,1.7850030820817246,0.3552444906196224,0.02592517349737393
1.4727539662592222,1.687074275355885,0.49219231772516964,0.03673669368533147
1.2919032710931921,1.5809936531473425,0.14958462756611268,0.010284000709845972
1.3054611419953404,1.4360468854291657,0.153379218749711,0.010563123178759074
0.2246976584794258,0.9587444337137354,0.18654397149985352,0.013021861011716379
0.7316748006193581,1.681260477532285,0.16151374443311944,0.011163075784007909
0.4685806341391341,0.9269033952695158,0.32114682913105547,0.023274165718819136
0.25157467574890124,0.24856119468299753,0.20062575188637655,0.014075352856077434
1.5310155376667993,0.33571079842886475,0.3125387222536238,0.02260789511345556
1.5871047657982762,0.6468419124081848,0.3485484882538383,0.0254031338999125
0.7275844811840491,0.13430087960795012,0.49971249489715597,0.037337035790057815
1.7511903755683487,0.6466146823963899,0.10490065559062658,0.007037523065622468
0.305444576461501,1.1913465645322954,0.47533390945459,0.03539318507738314
1.8982694180991326,0.09912564888964237,0.34681984716252173,0.02526847588719156
0.42477743463128537,0.8302618895658844,0.35738598919827724,0.026092274847966432
1.5565266692833917,0.1917186876520467,0.06379477909800581,0.00413545448557117
0.43800436150137445,1.6081000713829068,0.37061617708973965,0.027126145479798126
1.5385358803708165,1.5601233111777602,0.23190698355642536,0.01643343737007155
1.6460663453739284,1.5177802364087907,0.07932130287529199,0.005219821727693951
0.30233271540140993,0.14925803249510028,0.2534641721082805,0.018071523054545326
0.4578896986835206,0.34293435716771903,0.21886876240624942,0.015447720253522663
1.8055758228315595,1.3217907409492107,0.18861782287442058,0.013176676048002945
1.868897315968346,0.47932513395323917,0.08959020366467355,0.005945309020343184
1.5781909342619764,0.8109158929390978,0.44783071016301973,0.03320845434659521
0.169186515769437,0.48870619088324085,0.46453769604200856,0.03453451338823576
0.567847056646871,0.6039319595372845,0.3071301092305169,0.022189911612009536
1.2149757685106437,0.7431013506097637,0.16253314935406732,0.011238410159198704
0.9646631129237442,1.7072567412447128,0.4806940660749333,0.035820004696002675
1.768419044432055,1.5395130285639949,0.15187445247147077,0.010452377928884947
0.6391335081072329,0.107382797749487,0.19798571935754616,0.013877445663486043
0.5962493809671181,0.17037241960800809,0.44650816941164573,0.03310362635462912
1.9441783382147737,0.2512000417679494,0.40132888161184305,0.029535877382395187
0.8717814368976087,1.9047927327528118,0.3589858549231362,0.02621715765058314
1.4306555424847829,0.07386481077026263,0.22629721619875898,0.01600884537897043
0.4110804165770603,0.22543474942979946,0.3316001170854445,0.02408490960885193
0.5184611821020575,0.9581672112352171,0.4137375959102003,0.030513142945123802
0.13413540450711614,1.9320665087275857,0.25473531915783704,0.018168423705533326
1.583469172452644,0.4632645698971174,0.46897913773691324,0.03488759642816641
0.9649076215334429,1.8165848578176194,0.4363966623031826,0.032302874582070935
1.1819057689218195,1.2007752401733316,0.3491303928332833,0.02544847359289781
1.6955185374294186,0.9921251241449596,0.20715898948661365,0.014565878328488527
0.9675944779233911,0.36874051102000993,0.26100420456410905,0.018646791475253336
1.6414056445681005,0.9347373462006792,0.14104404125658426,0.009657576417289053
1.9025939683731228,1.2769614800474882,0.4830754915159912,0.03600973892204194
0.4807217676272726,0.12087375339733164,0.13579398215839136,0.009273789059958513
1.5236859317059464,0.8755269576485025,0.16162657156363835,0.011171412137076347
0.247869778132787,1.3516751645363148,0.17923880698805778,0.012477477304408135
0.6739303283020985,0.5161845742282403,0.2322703429048742,0.01646096393979888
1.2661281004943439,1.4103697129910728,0.2976431814446737,0.021457982690076097
1.3207872713294277,1.3142997638981484,0.22311772486418807,0.015768517220118933
0.3803844745754974,0.011113668800721177,0.38555480578230344,0.028296583084853527
1.14554209425889,1.258250764228456,0.23886796408521155,0.016961284411214094
1.221129494061829,0.9809285305867004,0.3987158181272166,0.02933034542261632
1.6010260678120523,0.3745807700841868,0.33835620730385013,0.024609846075645075
0.8552027018101422,1.2736477784522415,0.25344744720997053,0.018070248324039036
0.13336627135519485,0.5017954663386832,0.14397617179186417,0.00987235145185782
0.6968243272539529,0.3170646223458873,0.09923297482374241,0.006631827306026853
1.1499554362144935,0.9309547234037105,0.21634910938333834,0.015257688614010076
1.2908341270615131,1.8816160626325087,0.12051102886692001,0.008162544764103864
0.8530664981596243,0.542637704273562,0.06116694595681814,0.003953615118431585
0.45867532019382984,1.5818297608872613,0.38230379740134895,0.028041596706408205
0.5692270278897658,1.5277193200216312,0.3042254097449509,0.021965642250806675
1.641615090394979,1.5459196885241768,0.4545808937698965,0.03374382284893687
0.9127207946918685,1.298310741151531,0.4746942400803261,0.035342271461546546
1.9412263787387676,1.860166019680284,0.07440140275746188,0.004874478444557514
1.8466988497636714,1.261466505357045,0.2873925270962049,0.020668940339198954
1.6700950512700854,0.9429270978572268,0.12157499572438887,0.008239606092133905
1.0179174658639145,1.5456428764719636,0.11420195477123066,0.007706566756160136
1.4018341845487847,1.2134466692942387,0.29460146477106725,0.021223648432557148
1.262527730358592,1.0649710390905502,0.18811407313447603,0.013139059786576123
1.84464615462147,0.546470654068343,0.12378244849725878,0.008399636223016302
1.7780480068395277,0.32346750871519214,0.368844432566303,0.026987543070749284
0.8963853105603239,0.4480165350286871,0.25170068507016163,0.01793714644795903
1.6442278385817528,1.652271151235605,0.0736826537002622,0.004824156568957688
0.2597710889600917,1.400767784539996,0.3731472063416918,0.027324225503732202
1.3845121117352488,1.828340737327059,0.05144768573985799,0.0032859278244430534
1.4288768003778556,1.519442790015874,0.22475474357073583,0.01589222522414385
1.5036198868178885,0.5411211099498301,0.2894841877542885,0.02082979011607845
0.6504033529607247,0.6386314439992355,0.3812616736885215,0.02795989140597367
1.5532156026168216,0.5655998801020266,0.34154076967183805,0.02485753283997624
1.7067195739903613,0.22738182626219827,0.24726968503716978,0.017599794584654885
0.07806077950857215,0.6123258004318688,0.05883695284979875,0.0037928351529223927
1.2285400986157775,0.7353181810858418,0.41483558739872833,0.0305997151271784
0.2667405991588958,1.5949988451594732,0.07690403331063819,0.005049955363847808
0.8773357182159549,0.6140082180178181,0.2552536420261889,0.01820794549746729
0.0660678987286698,0.5583849189930998,0.41410600622016824,0.03054218884094989
0.0640255844835349,1.9739182038269918,0.050894164812322805,0.003248149546882247
1.188511260480349,1.5090452695144103,0.06907609336048687,0.004502454334135306
0.46586087362969253,0.49699134440283865,0.46763403932364045,0.03478064015114741
0.6621751297617164,1.3335727780778295,0.15064966576342181,0.010362293983828997
0.16380417053998308,1.0943449255150337,0.12343077597279437,0.008374128308946913
1.0505849878188906,1.2193061691097966,0.10689265529137462,0.007180475439101625
1.8225718283952241,1.833858392446093,0.10559049461658392,0.007087007135717519
1.7997759398622604,1.272136468466879,0.1524118794229037,0.010491921918619283
1.664906716604875,0.10309085958972419,0.11206013530734169,0.007552160381387576
0.7911834852459425,1.4764999361984712,0.3005101377145927,0.021679004735603084
1.4465611300756585,1.5403117623112559,0.30186032396948737,0.021783145034686546
1.588927307163543,1.4450921472669682,0.3755223364955581,0.02751018910864708
0.09156870265739814,0.6559215174910678,0.26150425820532397,0.018684984108095208
0.4499145392508852,0.8748271555734803,0.36087117739776803,0.026364372009689968
0.618019765744968,0.9177325871191733,0.20786672989387656,0.014619081279536997
1.325767060083753,0.01934741772685622,0.44277839631608673,0.03280811050547562
1.2654004183931489,0.0035101817988063555,0.4825351716964684,0.03596668459485572
1.278564566184869,1.334067613777519,0.4923306526005627,0.03674773139167246
0.8173682771249893,1.5577326241982765,0.29012447475509806,0.020879044575100095
1.8242954635159616,0.5408763178851306,0.1944374234182933,0.013611738605535625
1.0791818531297783,0.6640267884005808,0.3516613351471991,0.02564573512103805
1.801162225968368,0.8307223534685486,0.43944976644674616,0.03254452283524268
1.7647575847266712,0.09396565230189458,0.3431657981814285,0.024983984733502242
0.05063228438155587,0.6224881433798009,0.09728058016958521,0.0064924391725253595
1.2285071538674381,0.3783852348759553,0.1880916337607455,0.013137384343598926
0.3291303468594571,0.586212769877378,0.4639420744556667,0.034487180686537916
0.09824146456613492,0.8472715881671677,0.4074939922766982,0.030021162598759844
1.0551745431572783,0.3458733982939357,0.0780564677274854,0.005130893981134377
1.0778743065945664,1.5216494301960923,0.4617735771821885,0.034314890564664635
1.8830209060551908,0.7803435474149096,0.3193696020874117,0.023136505633369137
1.7597178940641798,0.21253117627639218,0.28572297184574047,0.020540608613819646
0.9390573077518767,0.7590335061068005,0.20651372879120594,0.014517383090640887
1.3359386306522911,0.17199754475591145,0.2597098966392644,0.018547959493372065
1.8477838882284503,0.9590917115544944,0.3658519492735168,0.026753547481662223
0.9584312495560288,1.7869614335665303,0.3407797653765239,0.02479832940935859
1.3210273314713352,0.6139441642972341,0.4193300183741527,0.030954247221118662
0.6054577609463478,0.004131766185243357,0.18795777133221125,0.013127389749388351
1.0238510158766905,0.5996426952749101,0.13274118210408994,0.009051092551231325
1.380546733128383,1.851335982295745,0.1876175986823141,0.013101993589191865
1.3842600507454663,1.9829776565746287,0.14788036450759356,0.01015879673384095
0.9213972920384466,1.4917893615589988,0.49573232559958164,0.037019217252009615
1.786951210091598,1.0466516232062266,0.17170850714953673,0.011917917655296371
1.7600961687953591,1.2768006907726583,0.178364061377489,0.012412392293636325
1.3729408012881168,1.0716893620562227,0.4042354745605692,0.02976460554444794
0.602135659837612,1.3492662061348406,0.3659610821476494,0.026762078753312768
1.7781569024254495,0.5985913150335991,0.2477658372919198,0.01763754827784862
1.1049596936663142,0.512322723946389,0.49579842040279365,0.037024493521981755
1.6610293852765938,0.05648186315987891,0.13933818558023117,0.009532765819163033
1.3599973238116123,1.067070812465088,0.4027714528200967,0.02964938322584521
0.041606574205689695,1.7833960374471718,0.15089595218595844,0.0103804044818942
1.7658653120889343,0.9201204690705673,0.2598444111706917,0.018558229300958694
1.482486116839338,0.38100549813386664,0.4606130813489126,0.034222710471139894
0.04367271030580455,0.8936520598876929,0.4158949858018411,0.030683259389418457
1.7862096243939296,0.9636673206110331,0.42055597169989206,0.031050999164673694
1.4349200551477033,1.7681098128637385,0.2731295327279842,0.019574290633006617
1.8030153630962766,0.21150749154760917,0.21494250440814971,0.015151669085597492
0.20015703309466115,1.6620249236664917,0.37717483037193356,0.027639620972220284
1.5189765068516474,0.4750963754954056,0.379262559870501,0.02780319867196402
1.1760200068512607,1.0004745388402636,0.43544897792681375,0.03222789057996707
1.0840141858147017,1.7524487757686342,0.26366784287053086,0.018850290329102983
0.10372138827696897,1.8475754562531477,0.49047689393901306,0.03659983823782869
1.2952837744226722,0.6255566243088617,0.12109201349335764,0.00820461871033872
1.3890001643244072,0.8397644445226777,0.2670476394190803,0.019108706923789427
0.2562905425610409,0.8356174394658944,0.3372956455202807,0.02452739403366967
1.3304006577096175,0.4574836410053298,0.3410283574665506,0.02481766798855218
0.2821835793136722,0.8220313398008225,0.383186608346745,0.02811082348366372
1.271235045428896,1.663890212345813,0.059863856479609255,0.0038636429712246897
1.2599460272575342,1.5026025924501536,0.3278975752606365,0.02379754048007164
0.9089282162924999,1.2107235561577914,0.08938570849392555,0.005930803261767236
0.7246257302306212,1.9197929909965175,0.4329555383793249,0.032030655029487105
1.0617638021478248,0.113168062995056,0.21423419885021144,0.01509830032722643
0.5573295533842266,0.16992662095995947,0.09152435606607062,0.006082619445410049
1.8843186049118346,1.7093260381631503,0.08541182999092761,0.005649378902272425
1.1391203764329663,0.31667914118235485,0.10745883328627476,0.00722113992169566
1.542530308554954,0.7279256071308446,0.07086626598682473,0.004627301651148386
1.071763942981631,0.6558842706378374,0.28560615712576315,0.02053163148825454
0.23271602120518753,0.18685982810709834,0.35723730276575083,0.026080670593755285
1.5434337808450949,0.9916529169626644,0.3620593615365344,0.026457177991570036
0.6679304694412092,0.48149784636820425,0.3276687420823121,0.02377978713853268
1.6585540035720163,1.3756485683106618,0.1754008607608648,0.012192081073073874
0.6317696525152574,0.11791250393716202,0.20865443187022442,0.014678309876479077
1.2835549987472703,1.609316228515864,0.24965120134541657,0.01778105870250161
1.5718235381364183,1.992336869267924,0.33361429250202485,0.024241331009554952
0.6863220407466644,0.8826199218403121,0.306618169236951,0.02215037449903736
1.6383267728816437,1.9915061062039243,0.20597351213682896,0.014476790585416106
1.2780051022667387,0.5687327911752014,0.09744554426966262,0.006504209113326218
0.2408054732149647,1.8301850758186764,0.3548810940505893,0.02589682451225922
0.47208952985145913,1.1491423996038133,0.23771596948558427,0.016873855191409586
0.7269346306176034,1.9333223855255712,0.06375168252976252,0.004132468082817045
1.8297802449769114,0.021401751402397196,0.4260011763457755,0.0314809678884428
0.7002121606187264,0.38110266967851936,0.46957822984686753,0.034935240400447855
0.755243535331698,1.8614889903545344,0.2612073798173407,0.018662308797746
0.8938187385913245,1.3360610482835586,0.28299971305632227,0.020331394242416485
1.4275891814772133,1.8586113425980408,0.2149728977266417,0.015153959405340398
1.6576600818248266,1.5114739962513657,0.10639912904104878,0.007145041126208227
1.7975705289004809,0.16351625525005864,0.33698363818215743,0.02450314081831141
0.557797118384741,0.28801035976927225,0.458203296907463,0.0340313485533443
0.6460157095279309,0.8324056327501184,0.3079428067699864,0.022252685559655993
1.6718911266860208,0.563183740055486,0.24018112735962088,0.01706098081276207
0.08144723980477697,0.3158262342672342,0.33958536360489067,0.024705427595337833
1.6971292705868444,1.8974009900068955,0.46208091774799465,0.03433930581047819
1.5049044566861263,1.3616665623988682,0.4274218709686107,0.03159321253418293
0.422108128222195,1.8266384053951559,0.4518105775266857,0.03352403753760303
0.7126434827469772,1.6163523311651498,0.4441670297321253,0.03291811414517211
0.4831026184523053,1.4176357137136466,0.43256199474337376,0.031999532169695026
0.14702800468174093,0.747942725389797,0.3679099028290717,0.02691445391377437
0.6963283631879686,1.8984952813111582,0.29785729738590727,0.021474484456520823
1.22901827571099,1.7262398167516315,0.24581950429034327,0.017489476040644512
0.7802025215830146,0.8940577821870039,0.2692064440976206,0.019273885765328017
1.3180252042270504,0.4386357022448957,0.08623106733892488,0.0057073235581834095
0.1457142572213923,1.2414552946190531,0.4796453902373492,0.03573647457052725
1.981463907507384,0.05831018238518704,0.4223057372290583,0.03118912394214078
1.6156024103024518,0.42152966814448867,0.18154022824703203,0.012648817851362066
0.31505401371082353,1.0771969954845049,0.48554533366178526,0.03620658571687695
0.4569960754707305,0.6854527548938405,0.3350369578949371,0.024351854881548726
0.21046472190998733,1.8332593464834204,0.427369981034344,0.031589112419024686
0.03143528690152242,0.6801070644956317,0.1756281408383421,0.012208970098991674
0.8530134891248309,1.1270693343479377,0.27883656700834686,0.02001182936970087
1.2180611376721469,0.8171981402542325,0.45891142112678324,0.03408757378414113
0.6570322523017373,1.9779679569160808,0.14821945989810617,0.010183700537339094
1.58592999537636,1.4256692249499108,0.4339659278261874,0.03211056923144833
1.2666112134497667,1.815834547950114,0.27557568042930386,0.01976175190074584
0.44796602257931495,1.945404083035003,0.4886927819657124,0.03645753792339737
0.7760646277503007,0.1515496219846859,0.16706811792615628,0.011573938494437868
1.2233217311344344,1.391267867457519,0.30111812062188104,0.021725894665247325
0.3645449824984397,0.5333242395487912,0.46913988451965494,0.03490037971859173
1.7554990196207636,1.6293268955378464,0.31363915027455425,0.022692998792893618
1.4587564326167133,1.6000521006347594,0.1972961555117343,0.013825783140256585
0.7996216871611015,0.8070612875487675,0.14459818039374447,0.009917951859059122
1.906301819569192,1.8867214305656328,0.4996906642583889,0.03733529212477204
1.8309041065734408,1.9984299237630314,0.4902317439856006,0.036580283020664815
0.04210940370845706,1.5742569295097348,0.07385211632738306,0.004836018139872419
1.9237856432750042,0.3920887153724988,0.16903856608581164,0.011719922859550334
1.3157536797347817,1.3618411248944888,0.2623297369460808,0.018748042779133726
0.5587301901439985,1.7314274876832267,0.10738299743503499,0.007215692320154125
0.7113664184945754,0.0010323707320833986,0.17531763224371716,0.012185896796937538
0.8369415482796478,1.1783713249086525,0.20056198999904257,0.014070570887477365
1.3895956407536965,1.7675923291711333,0.442039748394857,0.03274960658467344
1.2275257074350154,0.1450286837755992,0.4025717405546264,0.02963366758863166
1.2747324606010544,1.083615489507688,0.3522287388861739,0.025689972011620203
1.6636915088734872,1.535152233498201,0.3861052124973489,0.028339767862092444
1.7980902665713552,0.09331569951357221,0.15868887071786886,0.01095448862906518
1.9268523642263968,1.0303396826683504,0.05320337331569891,0.0034059393083741966
0.07024245558209774,0.8393952913097746,0.05486573717534117,0.0035198238991410377
1.1431386676515776,1.643941118858936,0.2591145703197181,0.01850251240586647
0.13979798706207736,1.7518298052440358,0.3910555741578795,0.028728362281078935
1.3654647153119572,1.4907281305176903,0.2753926802549256,0.01974772364059942
0.8850713181907583,0.44476916032349156,0.3415007589454478,0.024854419920727146
1.0034803653610365,0.8986368165481373,0.3951176788279344,0.029047483964584425
0.2945614338361702,0.9908930736162045,0.35845870072606495,0.026176004638256447
0.2662282415538515,0.18965787693532188,0.43432581928213126,0.0321390370399296
1.7769705965893872,1.131951736045113,0.4914763999973011,0.03667957420414998
0.25121176754578767,0.335743236136977,0.17989093217594715,0.012526012621632306
0.7915034965614469,1.143639856494677,0.28121500259468696,0.020194359099982035
1.5797433469217552,1.8866694469868364,0.0979804517212917,0.006542383402816328
0.0901908978214272,0.37380272865239395,0.17002093534247803,0.011792747496887074
1.4575785024720744,0.373851691940265,0.3403338767311472,0.024763645093663605
1.5122086366593264,1.6916182573501493,0.2252296553032267,0.01592812552487008
0.8812371356439028,1.1399528606416278,0.26825704913738607,0.01920123243026244
0.5983391501787545,1.0567387868466507,0.23674782559091823,0.016800401695110906
0.2504724818809996,1.2075242685459306,0.21445845856523182,0.015115196327590055
1.1688309566522455,1.4294489021056331,0.23268791105603565,0.016492600808689035
1.1702014929183016,1.5003411178787205,0.39397210248703235,0.02895746369331428
1.4092376586542033,1.4319702829486063,0.10821236417031183,0.007275283533954446
1.8192149215435727,0.51699500632805,0.06331770405096375,0.004102403060415641
1.1911459122261079,0.18247363945456163,0.23402453735165168,0.01659389602557207
1.6951660798028425,1.7181825223822205,0.3210594861355591,0.02326739909246108
0.36694219518980753,1.6713183118179278,0.21011009017393373,0.01478780376418274
0.16060995727688643,1.6680342482299384,0.17315725334364973,0.01202544146654984
0.31858344432580754,0.6895031110451151,0.0652624905070446,0.004237242965264645
0.12733882886198056,1.822377368317733,0.4816012720821298,0.0358922764774588
1.328280434035454,0.37889047049826163,0.43923544647042545,0.03252755596573452
0.9011401784774216,1.6580523163717658,0.2906473757484636,0.020919274610530725
0.20311102780108659,1.5433227749631053,0.23675427656652376,0.016800891064928113
1.784937988367736,0.9347123690962365,0.07551243572947958,0.004952331263010471
1.3657717243678031,0.7456262414718622,0.3189476492020036,0.023103829846732152
0.7486432116722854,0.7447449491296343,0.2528594357991076,0.01802543523613776
1.9689916426473708,0.2774097819996135,0.24222206323042456,0.01721600488673697
0.6070441470337249,0.8990116568564614,0.18943734855847322,0.013237886899814267
1.2893394877146618,0.7344013819281621,0.3733602034012742,0.02734089903278454
0.45403524660094186,0.2341138076616458,0.21713528218613154,0.015316965275761726
1.9783458768683089,0.4611602728641335,0.3721265202905137,0.027244334747824662
0.4568588551773789,1.5915226271059397,0.06995948419547658,0.004564034798594927
0.8037205479555236,1.5386874307475378,0.2554320783360129,0.018221552435511334
0.7516725634434693,0.6298608834328097,0.3072834378810093,0.02220175406516383
1.092659809519229,0.7765193959553178,0.352877197183825,0.025740534235575728
1.8192671539472438,1.6253994768863245,0.11065684038376197,0.007451105262554126
0.13589623259836126,1.823992001273592,0.4128074504558022,0.030439817143261345
0.36805893828157243,1.6551484444614628,0.45279353318873294,0.03360201051750596
0.4826212436200745,0.45556157303882516,0.15613362292141747,0.010766030957238961
0.9022794781835712,1.0033786525733162,0.1415341944575107,0.009693458279034409
1.744289300365171,0.569133391603555,0.06289022900348389,0.004072802477508741
0.9760925566002179,0.9811443723913054,0.40500531879037277,0.02982520584653941
1.3226801239103534,1.6490934813793712,0.3872426720790755,0.028429026118724915
0.40506922665752243,0.100099975776474,0.40558822802804473,0.02987109636039393
1.6049089208283285,1.4643713863500258,0.08931899179939455,0.005926071242860314
0.5541282012724809,0.37601613686097024,0.40311035546046664,0.029676053178414482
0.05495259766673577,1.9374662293360307,0.15205586526100517,0.01046572524283362
1.1835567141802608,1.9925058150148613,0.4688456707202513,0.03487698277431223
0.6787170588895204,1.2101434390210515,0.15383920858965852,0.010596991733014614
0.8584072645493184,0.7846712187546419,0.40017692892128026,0.02944525848724021
1.9024497819919408,1.2150656266683517,0.12627372151344043,0.008580478523744524
0.2175933763254687,0.47152320530556335,0.11269769582354142,0.0075981017858801235
0.58010230555461,0.3119342725542462,0.262509249216998,0.01876175761166625
0.3060681886256156,1.4465980854754537,0.05279411915581898,0.0033779396329200488
1.2195728340094554,1.0218413053075,0.2653700473189332,0.018980411160373415
1.3942163090137094,1.3695183283362813,0.20857363908501814,0.014672234224049858
0.13262043361584874,1.3809872043917066,0.09792111767879311,0.0065381482496394685
0.43703868906539434,0.2509382821062971,0.21134610314709196,0.014880817154785318
1.6301594888155693,1.8952835597380209,0.14372331665342286,0.009853818135218075
1.7044753478474,0.7129463106214784,0.44411371201730865,0.032913890026966076
0.11839041587720156,1.2781161269466905,0.22942097481974172,0.01624518790166651
1.5842854320636879,1.0338323104217708,0.36880027127951154,0.026984088948161317
1.9428778466296723,1.3753303581901006,0.37390002910997755,0.027383159830317912
0.32023410084279536,0.39092812476002714,0.052338491097915815,0.0033467848431255717
0.38260217633074967,1.3209210429671219,0.2839071331179204,0.020401091427865066
1.0496174435880412,0.15694182266583856,0.1452738411190388,0.009967500922825386
1.1115963929063215,0.7529667070737895,0.17996155344321585,0.012531269436297437
0.8436780104762769,0.3943851267451972,0.41319230159438763,0.030470154585150178
1.1079026998018968,0.7792418515212776,0.1742576004108849,0.012107149122299108
0.3349170961737573,1.4291021198776697,0.24708650384306874,0.017585857106110783
0.5597109178364332,0.233500452099634,0.17215399492887556,0.011950974462743368
0.5878920352471915,0.6396350820672394,0.37586017412879896,0.027536647108401265
0.3576898203663972,1.437852211989769,0.3173109400939636,0.022977112299137972
1.4969903085611223,0.4308992762269319,0.2790084517821407,0.020025016837449446
0.620519104041451,0.09874488605684117,0.10809852273670195,0.007267101988803841
0.07633396073957588,0.15677223316113142,0.21804297215193813,0.015385422631283478
0.7667220468531357,0.674440844301234,0.28600342114202426,0.02056216197023026
1.7183907125547406,0.6322656189558458,0.46713598841951265,0.0347410427275356
0.13550523262450964,1.3068424891738633,0.2316882316833272,0.01641686708671564
1.4361024294831235,0.6904125624384787,0.06310407741682326,0.004087608718057957
0.417463474449957,0.20576296459268595,0.12882332442475586,0.008765810059668193
1.4140577000544747,0.13131048868805828,0.1571466201050073,0.01084071746195709
1.6481225373812285,1.250813577844083,0.3307512444224566,0.024019005542702143
0.26361297512408766,1.470945924484224,0.3447389909043546,0.025106442385473
1.0464566679833254,0.9529665453814691,0.2886824539709442,0.020768126867203397
0.9232200723628063,0.6368190354640804,0.31995451002975334,0.023181805491087164
1.7378226200102427,1.0463815735570403,0.45807311352095414,0.034021012613761545
0.9687427695012119,0.2321659593699521,0.4631183503128928,0.03442172809983023
0.7792632661109185,1.4197542974837607,0.3310963296439001,0.024045795574467163
0.6912446308503155,0.43169719248845784,0.06977540248671212,0.004551198162432008
0.15063394013504006,1.5309795380391156,0.18139949782297698,0.012638336165371003
1.31413703647132,1.6357227851383729,0.3196441029576089,0.023157764421076175
1.3631434099798325,1.7873989899838043,0.1935303846128616,0.01354387025201401
1.2717647541898771,0.7051678268665087,0.486873492110192,0.036312468739523186
0.4866325771640292,0.13902341604646185,0.1801216753852674,0.012543188913739338
1.1149158352007178,1.8850763892161888,0.3013212487041002,0.021741562123890407
0.03544402348415687,1.8948201010260857,0.2912527810990204,0.020965858458854018
0.09470616996239811,1.4045061440572437,0.37542593867139196,0.0275026399441048
0.737961307854013,1.0718356465832946,0.12115924842004235,0.00820948865314766
1.9660342485532365,1.6055141581345942,0.159650825370816,0.011025490303469863
0.7503954999549924,0.7318170363969483,0.1815896063355414,0.012652495693763722
0.9352568287127125,1.67337661906417,0.11337521180205487,0.007646941961464894
0.29442051027328087,0.8121256573568816,0.48160464740124187,0.03589254538688612
0.8440364743377506,1.9197913833286524,0.28007197145757157,0.020106625414637987
0.6255559206712076,1.1613878264585904,0.3061290461693423,0.022112603791221767
1.4075890313695802,1.6198265829402962,0.4275892851409972,0.03160644110240585
0.23507769010516677,0.18632393915733925,0.3982427771553862,0.029293148039106407
1.6493722604370784,1.2102774397860658,0.0724437794807404,0.004737498753690631
1.0209504499935842,0.29714476151227065,0.20422075541413204,0.014345137086246745
0.28155612073111613,0.5347362276405283,0.44964271977470155,0.03335211357744914
1.586930825751124,1.1242444386474837,0.3035158735204179,0.021910881962269962
0.14036226629445636,0.36347158737822927,0.4559630255983519,0.03385351000792828
0.7961122980625006,0.8440874374102925,0.23028158464928827,0.016310340503221585
0.5251024289946746,0.7356608552135495,0.23079484864024896,0.016349205236452953
1.7666569336498223,1.0942582572374673,0.06197865036465262,0.0040097265273786355
1.5519333107865816,1.5940704563590513,0.28175282533063745,0.020235648358962955
1.7975138371775299,0.6208942147720207,0.4858159833462754,0.036228160744912016
0.5163156202225267,0.7563815747040099,0.3892986265046038,0.02859040599334301
1.9101256589303404,0.41687908574957544,0.24930168929896435,0.01775444882816909
1.9438449915587468,0.9183534724123401,0.3670768113703244,0.026849308997676406
1.6541252294725792,0.1911910176587459,0.3796287505433002,0.027831896844125358
0.28316370639482424,1.2050605947591706,0.22508961602085725,0.015917538903976045
1.3106531295581312,1.9199441888806865,0.47451488648208806,0.03532799690472316
1.5727456165096068,1.403019918968042,0.2012824840402732,0.014124612083098368
0.7935592108081395,0.4910612094475659,0.2525973520798427,0.018005463822404734
1.8646654374223366,1.5066260905932305,0.3075644629987238,0.02222346030897314
1.4529477775014124,0.27712253140805077,0.18815577061506483,0.013142173178847917
1.005191826241935,1.0410606089524892,0.23284602713236635,0.01650458142720241
0.34820275355194585,0.4276643017137929,0.22949690358734642,0.01625093542353874
1.0444634047385908,1.7769724180767101,0.40521233932426015,0.02984150336606269
1.5602591055515147,1.8946885794817268,0.30876469232462883,0.022316180829675677
1.6267186197672983,1.8531152619277684,0.2197734807405765,0.01551599082864698
0.40049926888830356,0.8913238722113102,0.2638530231381146,0.018864443176063454
0.9766665210406869,0.0750137320290647,0.3144309602425069,0.022754247663707768
0.16823183758793414,0.5228289489569844,0.2021683994734867,0.014191079127861501
1.3966226847969478,0.7337830264274554,0.30698584728142314,0.02217876980478385
1.4881596764525518,1.0605180345506553,0.42940180087318086,0.03174968353820993
1.139448375180843,0.9108784679934727,0.384481060878401,0.028212349568491425
1.2085227348692698,0.32777361369958524,0.08713417617452913,0.005771244462990094
1.8711465959032072,0.1477060792659246,0.1808300598576184,0.012595929818254043
0.40331225801711423,1.7220333186268186,0.22044852057111924,0.015566942367688885
0.7558857491135758,0.9052694666315297,0.0805423803188705,0.005305765862345596
0.8620451210069973,1.6834877935467591,0.48527951134685876,0.036185396313689756
0.8967520356724832,0.03870316417043518,0.27699011153619035,0.01987019972232245
0.2789678918952927,1.7105552790582585,0.35670196549212224,0.02603889287939448
1.0445190414522447,0.03667932991031986,0.2054553321853358,0.014437860845359028
0.8379212715250361,1.4643129619996684,0.48344210768616874,0.03603895390638715
1.0571081883849276,1.723492243941353,0.41136318723253046,0.030325984691694046
0.21930534926624712,0.04368195292421695,0.4934653145978814,0.03683827386989638
0.8805598523715945,0.6110608692745247,0.40411736054127334,0.029755308594704023
0.8482230603987921,0.8040723246405861,0.2837765268151219,0.02039105886141397
1.6509709796865877,0.04872883323109667,0.4393889848006269,0.03253971093338744
0.8013231908165586,1.4039650817490017,0.11572031960137291,0.007816148849763982
1.698413053769101,0.2982030569917007,0.09558484624049329,0.006371531330153844
0.4246025256749253,1.4981620732368208,0.21792349929124116,0.015376410944388623
1.3687141657470892,1.8405920192179,0.08081156132641551,0.005324724003861637
0.9021559036813243,0.2917334081527294,0.47207863949278495,0.03513413559762277
1.1142647277013868,0.5726002130272998,0.44224143896339396,0.032765580629359234
1.127285639190349,1.4104110482590186,0.4314169038151668,0.03190898533965434
1.5472697055018119,1.4273537997764967,0.2757959826466184,0.0197786404794662
0.29112077959310656,1.3694535110227988,0.2332642707627552,0.01653627488475253
0.6982664087600761,0.3117966181218965,0.3259258481208431,0.023644598005301564
1.097479694224897,1.4665706065344453,0.41612894731127476,0.03070171159795755
0.6599315007025919,0.37242821302223694,0.08997106410339412,0.00597233124402423
0.5224271517399626,1.9133005352782468,0.09016218968614796,0.005985894668843667
1.8933149201857207,0.7144193980876996,0.26974714501482494,0.019315271313732015
1.284185196131478,0.3095202704390898,0.4013605847237303,0.02953837157647322
0.12968176356225314,1.517826117213316,0.20674203682233888,0.014534540624373695
1.43393010082949,1.9432287442973177,0.4977349457500656,0.03717910556757765
0.5158406811688745,1.0253599195651064,0.17460921723169914,0.012133266388966026
0.9213224380372551,0.8840067684019082,0.4511963677812209,0.03347532127593668
0.2134295122836185,1.715048104052349,0.21167968988345032,0.014905926920035048
1.862408337535934,0.30207327073433876,0.33706048147290185,0.024509113921501617
0.8927107429339778,1.969747194483818,0.1486770323014929,0.010217311746065359
1.727433034896319,1.3189418732980196,0.09951192217004079,0.006651757852950294
1.1940557476020783,1.025634055966446,0.18707932108447334,0.013061814064681718
1.883792737976488,0.08022294259147156,0.37092570092834404,0.027150364023925275
1.325726995269688,0.6920295049144736,0.09123019269710275,0.006061723017520252
1.4093869299546973,1.5198612408154604,0.2971837097249493,0.021422574290089664
0.6622325066372852,1.5842053520372852,0.20233030853549994,0.014203228756595741
0.5362482650259015,1.2248076434309485,0.2840898828441605,0.020415129943200168
0.45524677948970216,1.2972351655401588,0.18162386093118837,0.012655047129227806
0.18523571977946518,1.8017856829203645,0.3071394388352091,0.02219063217936165
0.19337620093355712,0.486391615071883,0.1716275781424308,0.011911913064413707
1.3287151872233318,1.0912044100758556,0.056714148404930664,0.003646733745555319
0.3791825909722726,1.5767161100090266,0.4968663787349963,0.037109754096035334
0.9803780906851838,0.4367441802158192,0.3210620043319641,0.023267594180101138
1.6691493818826328,1.6606121478438531,0.22390821116411597,0.015828245754635886
0.07957678942063029,0.2669847389272355,0.3542442217944651,0.025847146205915557
1.0208190436368192,0.8121392356708985,0.24081104118371205,0.017108817734156005
1.9148409226062566,0.38490728979222055,0.3075218248301123,0.022220166869410356
1.0496228057603556,1.9162789317873627,0.44813866549960685,0.03323286674959842
0.9617250142726264,0.7378710868688871,0.18622208468583107,0.012997842457592581
0.6908486471427122,0.6554057163508413,0.19633851411779096,0.013754056763736719
1.9735623945931777,1.735975969835984,0.050607021838053,0.003228562938817018
0.5537193607583759,0.8642463753561227,0.4406236397701068,0.03263746389011265
1.8248746426766327,1.9675966891988383,0.4755872758745392,0.03541335274128414
1.4604502127952488,0.36600324639566995,0.2579795021387794,0.018415881512101193
0.29903127794146345,1.3963037876306998,0.2969381869406619,0.02140365504594384
0.2869340794106541,0.30640226162740936,0.0908546761154374,0.006035054273445688
0.20129461355684497,0.36322915550078116,0.4040245029231434,0.02974799974969127
0.7996707939756911,0.7337425314524333,0.11748439539814823,0.007943588748990668
0.33491513427414943,1.4335977414002952,0.16555527842742085,0.011461937450670425
0.3903530629215608,1.1354623118833187,0.3738875294353764,0.027382181233106196
0.7381188396025138,0.3957326797670433,0.43549755335934937,0.03223173375936768
0.9687285547383842,1.7746658774005883,0.14808173168010114,0.010173585043258092
0.5193389233576271,0.0206788992892446,0.22976764100381825,0.016271430294512397
1.8386551139999867,0.3305025716977579,0.3979924924648116,0.02927346823773374
0.33041602906877743,1.829925591868445,0.36751988438643296,0.026883954530692998
0.708037924405241,1.491748998221053,0.3484541873242077,0.025395786837669
1.845246723542325,0.0893303826268832,0.07363018121035665,0.004820484127841691
1.8622202357300355,0.6831839732067138,0.2258169490042265,0.01597252840911962
0.5952257440651569,1.3984132689788928,0.4543314883234067,0.03372403226900215
1.6001753277440447,0.2766374143018968,0.4264522845645542,0.03151660574566377
1.7398580626605065,0.34295278841812693,0.48673891599473224,0.036301739197192984
0.811766831516956,0.024711241415053653,0.25536637073142726,0.018216541723717974
0.6943789908068996,0.8151941035472632,0.15008411429629182,0.010320714292780631
1.8951489598474351,1.8688983974032531,0.3301123107235898,0.02396940823835337
1.9526613233758514,1.5745244349297631,0.22296666409246746,0.015757104844910483
1.5938897418490814,1.655532362158473,0.2123185434422754,0.014954022370371104
1.9797091713241535,1.3634133327404345,0.40323128979352196,0.029685570483679452
0.4335574068290269,0.7033969233236881,0.2074209589997008,0.014585569896134248
0.8833915459114585,1.6689811018898493,0.2422050678733471,0.017214713591272163
0.1882414861441486,1.3851283767849278,0.4976440334906559,0.03717184620942241
0.8262982345253662,0.0610365339283192,0.2804223789689928,0.020133518423153147
1.6399785805314173,1.6849538292603135,0.17603070577800028,0.012238888122394471
1.8029507993192577,1.3334292128047704,0.40408075886642775,0.02975242765441111
0.1290062126859577,1.0617124147727182,0.45478936178575335,0.03376036557630771
1.6848354368501612,1.1640844615603987,0.35079794336689213,0.02557843136049737
0.6406356092937715,0.07433828985922886,0.2965845391407429,0.02137640591193355
1.7266582868949174,0.868956395323861,0.19755386386419682,0.01384508934378358
1.6481901420699856,0.9402909765640457,0.08410351018831905,0.005556921086865337
1.1571616981523318,1.2338400221355719,0.2573167056578217,0.018365307584331636
0.4323369514295785,1.0799254681916772,0.37961909244043474,0.027831139919105054
0.9826393710408761,0.546483302536902,0.4043286758771057,0.029771941706476995
1.6369466436591977,1.6172309482552896,0.17059716116840012,0.011835477580901024
0.25668548165830907,0.595311204898207,0.08149424254949503,0.005372824050061107
0.7304380342835073,1.3250314278352,0.3316308153715554,0.024087293155013404
1.3881949433223733,1.68882490349754,0.05863099089803941,0.0037786437284855934
0.6499081770727309,1.4533287469923888,0.1472147266606981,0.010109922503771114
0.8108925890080743,1.6108437830115918,0.22956793219289934,0.01625631214037198
0.27547037517063355,1.1870787683847932,0.2788087911708527,0.020009698384472127
1.5166558797992158,0.4846739922676402,0.3030990793082143,0.02187871891045123
0.020828293461271574,1.863227442875491,0.44350979067522545,0.03286604655038097
1.9984747715604796,1.4240144938227053,0.3933453012036829,0.02890821680640303
1.7384810020177595,1.7414007209467433,0.20558195981651017,0.014447373480840466
1.705402903162327,1.9791584501855752,0.33753594835724465,0.02454607451012495
0.4700967030734655,0.36159281546308586,0.29112435966315037,0.02095597631463392
0.9713783230110926,0.44715450695510817,0.362875939837132,0.0265209709944239
1.5579339791228888,1.1737539293662356,0.17169254163249859,0.011916733065826949
1.238840304276608,1.5364127380234163,0.12631694841558944,0.008583618565876392
1.703657349853585,1.9976554031885003,0.4652501916162857,0.03459113930219928
0.1625859953516675,1.7041915653247501,0.3148014076488999,0.02278290653540033
0.8156710881479015,1.7278883424284417,0.44511768909760285,0.03299343639981368
0.7081240284384658,0.749372070435713,0.2802890494005002,0.020123285397546677
0.8482087510329828,0.5667051489153567,0.3780271105734646,0.02770639127046816
0.9033185227600116,1.5920783709075947,0.3472743326767713,0.02530387500849001
0.4069113081938571,1.4561289901778385,0.3361316945012494,0.024436924714765877
0.1723510555438903,0.5585583198303661,0.30571503154910107,0.022080636307215077
1.361110625453257,1.923887937801368,0.2744565360826305,0.019675971625543298
1.7234355601032973,0.9626080293365156,0.38537115808333233,0.02828217507709239
1.5270782117248705,1.797960585710057,0.45703151598611813,0.033938322043362626
0.42398126507968104,1.197590578592234,0.36768409951785896,0.026896795857010467
1.6674946173763414,1.3133697429283442,0.091862837657299,0.006106669832344033
1.6834163421061934,0.7300852891434924,0.05439280011931375,0.003487399551560154
0.6318683562215786,1.1814290293155374,0.05367450482443025,0.0034381908061426885
1.1163920258922078,0.8924022863394829,0.33466959742031394,0.02432331231459571
1.4518688707807277,1.844499469804275,0.40936711956025734,0.03016870609179139
0.26952422681352806,0.21986738440040932,0.050859036976263386,0.0032457529952893143
1.7450512770038509,0.06687573291737037,0.3814418849472584,0.027974019352310354
1.1464235725786582,0.05975259916369913,0.29751941126579534,0.02144844418214607
1.4245976749037252,0.11379120533564469,0.2681921742895098,0.019196268468862993
0.6629991159718829,0.9486319287315215,0.2901248904080689,0.020879076551890467
0.7688760503279028,0.7182885155281566,0.4539396949069617,0.03369294457034599
0.08961990183010315,1.761915579777423,0.9941771619207354,0.07789269250312109
1.06926239883389,1.4895923456254363,3.466395810916901,0.2960313301321793
0.3253815718110571,0.798383419440353,2.4693645674894804,0.20600678516845855
1.1140242706287313,1.7328006250879104,1.8397018544935544,0.1503913829033938
0.5449843116563378,0.11817238049765688,4.9655393619358845,0.4347064112562871
0.5960324025954864,0.1409538140048101,4.254903102200897,0.36854539981171863
1.9961417154410612,1.9098983787721502,2.8939162145800577,0.2440823729589252
0.18725690064930478,1.4967944115553031,2.708641008242572,0.22741506567971495
1.9211526833288934,1.6786858098663497,0.8208818894277736,0.06347080020061704
1.366302645810976,0.7248216648269725,2.814441781291905,0.23692357048065674
1.1298939579676806,0.8792137648499043,1.7030345044345316,0.13847959919333808
1.8504678533844487,1.4223241479036421,3.808946082004796,0.3274072490844815
1.348232845576371,0.9719279536377412,2.65557535548995,0.22265554127587978
1.6374206245129805,1.6949397028977493,1.9520719249582634,0.16023152259726295
0.217265309093448,1.6596695001878403,2.121789767926383,0.17516718302916032
0.3297176761686038,0.3429075350710813,0.7077057152258609,0.05416272077287292
1.6920518417352086,0.4636101733415767,4.346304631021714,0.37701478927863885
1.678427199969207,0.8897219243837182,3.332121181089316,0.2837895860236709
1.111702912643531,0.4570963165774018,4.009800202276671,0.34589647401506785
1.2580261999637454,0.06173024892221002,3.4034937423228335,0.29029243036599167
1.0192564249185596,1.648057428772716,2.156571626694737,0.17823850391881774
0.14497222202869064,1.2442563358561203,2.4887002989507323,0.20773163641018652
1.4173629451983265,0.07675977721448746,3.799127202907301,0.32650508729974675
0.9998336202696692,0.7385126129762336,0.6873574858150143,0.052499625296028904
0.05205616673615587,0.11311808040151039,0.5037362241100254,0.037658510199631894
1.7389183428733326,0.3487995655288485,2.012299628900753,0.1655218656195031
1.5267697985432271,0.6266105946149574,4.2543760705701015,0.368496600482687
1.1368372193383478,1.3221041593340541,1.3359447938372246,0.1068257257757012
1.375874147015335,0.3755120265610383,1.8051555466307563,0.14737440765585097
0.2635126409919568,1.89397405504097,2.5899500346097906,0.2167786085256171
1.2880627506544229,1.554002548343698,4.069950325837804,0.3514460690533404
0.5788823977280928,1.8512910287688555,3.167109856857102,0.26879229578197894
1.879079471305295,1.55474829428454,2.309092690076536,0.1917461945777052
1.3057346680728208,0.30820998484620854,4.346775809105394,0.3770584813500831
0.38534778468745134,0.658002859189248,4.019105151926852,0.3467545976762493
0.7382084583453703,1.97654514032759,2.742844291155795,0.23048622044445363
0.5632262719685466,1.9708250358905983,1.373878677065703,0.1100714669823882
1.082711376655882,1.182499576457602,2.609530460313334,0.21853102718561612
1.698815759688358,0.1149517363533139,2.8157070975013374,0.23703743790877044
0.3453390719066265,1.5278843562984084,1.7276515453205155,0.14062047494573945
1.5331496511670055,0.6881656153682951,4.118976894738924,0.35597357016878095
0.31145504930743884,0.9889082131592479,0.9850384398320673,0.07712752245065728
1.7308814861212043,0.40830840869620144,2.0565279986091816,0.1694138252902093
0.34289094056962255,1.6665877123801578,3.8929348687904937,0.3351306842054873
1.2956444413567954,1.4143864843687444,1.7637966175365487,0.1437677199522971
0.4660358808302998,0.557520383773592,0.6528953530573344,0.04969076894409327
0.37353290811361206,1.005883414974048,2.4721914019096354,0.2062588960170592
1.4434032274107924,1.1168099419787048,4.532533570537469,0.3943088216106125
0.21440212943777048,0.36149256451555667,2.3708364002221933,0.19723215905711872
1.8122987221737044,0.949439432992143,3.3736363663178115,0.28757093074990336
1.7716896276042047,1.3736439438915542,3.2591648323710656,0.2771523688214382
1.4448883661502412,1.8110988942037893,2.797509845788798,0.23540018436869095
1.7023523474020397,0.45104915605594464,1.9145516401565066,0.15694144487493134
0.5192635265192658,1.4061378100469326,1.6157313075648128,0.1309044902513047
0.6373104661307951,1.2975350262932002,2.3496562095425966,0.19534916276136663
0.8034396090513054,1.3095524693698464,2.320300929779912,0.1927413092164709
1.5838453356775013,1.842051306258825,0.9299733403395066,0.0725275314579147
1.0072456632140339,1.6449251074145377,2.0555747000344744,0.16932987659998813
0.7115127338782792,1.8034807515619407,3.6562912225364004,0.3133996640599428
1.1450953459163897,0.5013632897448312,1.8493520990405772,0.15123485358421504
1.7715304165269437,0.8490469453245824,2.6660194708866776,0.22359177244749337
0.21678468736169298,1.8952734264499382,2.2922391451607895,0.19025049374958386
0.10646312861810747,1.9625163178277805,2.3633235499529675,0.1965641058516997
1.7314573823643156,0.8220141640285128,4.488472380922799,0.3902126016555273
1.0010192694640234,1.855896492334195,2.5469293383306257,0.21293153989816704
0.10678016488021314,1.5177707764447517,3.343544698397356,0.28482975650688686
1.1522335381664286,0.6201052052743417,2.3399037829414078,0.19448252949975423
0.4127785012875931,1.3765472167776995,4.6011867689366195,0.4006967460823787
1.80070868108261,0.334021184023225,1.8931564809660972,0.15506733203684633
0.9704217690414343,1.6302083404280578,1.0963523604690302,0.0864797946452003
0.1851899130553929,0.6872743025111692,1.5559152768141633,0.1257305768467352
0.9479789034365034,0.4644889413921698,4.083940550789215,0.35273765535449153
0.17258881675225846,0.9395529766355322,3.4102320609351437,0.2909068564538532
1.7059052176228329,0.28777879804242135,1.3877691075061827,0.11126153221252943
0.27805727579785433,1.5327281738573848,2.6824784701563855,0.22506770308116594
0.8226019270660994,1.6053823383085368,1.9215729745089982,0.1575567957237813
1.0538442739833471,1.1522620846118974,2.717371865173199,0.22819876704727177
0.8557372755987454,0.4148642515330463,3.7887516929077814,0.3255519569031518
0.46725215195061853,1.2812410276064727,1.329761590222875,0.10629726940100805
0.5476891320827983,1.3717909180189036,4.0737105643680485,0.35179318656242875
0.7864276908807513,0.6837974469980561,2.047875144266991,0.16865194245084988
0.1572348241826813,1.2160302855364413,1.1760820099789207,0.09321927793114693
0.9603388611530579,0.2952827110106482,3.161777308149623,0.2683085234978996
1.8523631160782006,1.5076539970499117,1.3496806457108863,0.10800028300182415
0.275707706236465,1.4141698954650048,3.448490586066578,0.29439700114037015
1.522392260746281,1.5519305519044937,4.038518659553791,0.3485453966393811
1.6599412014066437,0.04026647637417624,4.669964993349815,0.40710290188731363
1.5045584647342822,0.6779879031635634,2.5800754189117914,0.21589519153207898
0.7019355211251996,0.39928877888392655,4.605874181221258,0.4011331333505746
0.03866680127993538,1.5585778569775546,3.5051780167159463,0.2995732339089262
1.2331896949424939,1.9270487745247773,2.853399631641646,0.24043105008523352
0.5676888275684553,1.1496049882825008,3.611883685622636,0.3093323338646894
0.06031098665825718,0.6184418449287792,1.1612347939570467,0.09196179840910262
1.4903690531303289,0.4945769610270756,1.5501847434516942,0.12523561415707773
0.5700727248986623,0.5882626024413891,2.659181433102262,0.22297876854295148
0.5262274003610785,1.6012532031085045,1.2851015701837172,0.10248541675145766
1.9174493460911113,1.4115734925627526,2.750231921190851,0.2311499130459939
1.1446352044465649,1.629981537191686,3.11112543790307,0.263716172426213
1.194714854268765,0.3711533801142568,0.6501042819234025,0.049463721504597914
0.8673201964996256,0.9880720596180717,2.91485722822232,0.2459709470784991
1.1803084241329593,1.7899363568838071,3.812541696709269,0.32773765549014816
0.7208851589142411,0.8551770929008877,2.8244323595537586,0.2378227314684585
0.324886747621528,0.9321033372193717,1.74832165136512,0.14241972440824588
1.3492609282600887,1.667826970313835,3.8173975604294674,0.3281839021833128
0.6781956774978461,0.8461127743576391,2.8682760118871715,0.2417712849477529
1.8533785310523283,0.41529972573247087,0.5200736174811192,0.038965587529092176
0.19444192160504636,1.6937864164606926,4.826068064874852,0.4216667175480325
1.973920400434406,1.1515795006930258,3.7148932039291367,0.31877229052296246
1.1728177891485612,1.9585828464412123,4.118363136052704,0.3559168677581849
0.817551408104866,1.1188608466808603,3.30978074834845,0.2817560855553725
0.3823645579630026,0.0044877175893283106,4.481128805572185,0.38953016323845713
0.19092765236552012,1.3792503927753417,2.339934964231217,0.19448529997692288
0.04577291112085202,0.18722532745908893,2.6573140795321493,0.22281138633964262
0.8479847374439939,1.9028555146073043,1.6759725499266531,0.13612855995418563
1.9182383809995303,0.1453078054584871,3.218018767979809,0.2734136024261665
0.35037143639825996,0.8467759241503054,4.932250619727588,0.43159179862915853
1.957072821119714,0.5979891866976861,4.880047289146001,0.42671039377355935
1.8164351944567396,0.16816577244578212,1.998956406554957,0.16434885596548388
1.510908620450672,0.2297410526049226,1.2887731619934961,0.10279845649739328
1.4521900157587633,1.584442588271248,2.003448028190336,0.16474365662970944
0.7656172022478065,1.4270592401932196,3.8115956764020256,0.3276507221859872
1.8023703178790154,0.7966427007479595,1.8250896445715163,0.1491147977274295
1.5860496206198182,0.6379916248963338,4.118927892007244,0.35596904300489934
1.8555207420692164,0.04074862755281572,3.450090921533227,0.2945430506235726
0.5117346989413789,1.6659893298949198,4.121948673952372,0.35624812775741266
1.788276098658325,0.8180135861867217,4.939250865051462,0.4322466462712473
1.4143341100911615,0.833766808024146,4.599216806544611,0.400513356281883
0.5006095694018191,1.4760182486736266,1.0313031128033914,0.08100613626249017
1.5961931575154966,0.6259359666195363,1.5291384261284873,0.12341886955300649
0.9310482644833098,0.3355482406969008,3.175418214312447,0.269546147344064
0.03148266473105332,1.424682747744081,3.281303886250769,0.2791654003853792
0.07585928459947588,0.6324018387308554,2.0521050828271674,0.16902436036586505
1.6072551592021889,1.6932731258358091,4.110356555476724,0.35517722915598415
1.4857145403919567,0.7411290403483954,4.559188713891864,0.396788196144349
0.32686163509042965,0.5481508251817484,1.7223272639731864,0.14015725752141597
1.4859042398252014,1.9810451995171166,4.934634759720604,0.4318148191094752
1.7280320391371822,1.7301598938304874,1.5371512145756796,0.12411034143156711
1.8225755796161534,1.1023589980854434,3.229952833537277,0.2744976620436597
1.8865355672077577,0.5536202122450771,4.125154404831941,0.35654431505313616
0.22684782713112095,1.3197100706167981,4.0787529543757675,0.3522586975452519
0.413813538493663,1.7658270746071945,3.2437032517189257,0.27574705708435693
0.13654702305948185,1.0361502934464315,3.502957579442294,0.29937037240106307
1.9974434231435145,0.6690021039275142,0.9490539451232662,0.07411940149390785
0.11774279274874355,1.2290570670923726,2.2582174818184315,0.1872334914247976
0.8844359195512526,0.9502120700063796,1.3824840285133084,0.11080863476116219
0.6663969113816777,0.25167193554778744,4.551389489664611,0.396062633957044
0.20891102265165307,1.2743872661736682,3.5443647426271014,0.3031548291927998
0.4207273978655728,1.1794392610524784,3.696504456944601,0.31708577716601405
1.2380636114290697,1.4282649803760432,0.860308398462194,0.0667349336033302
1.6176211638264648,1.2491762895142873,3.2558374385773097,0.27684990121130426
1.1495936911983058,1.513013531187931,4.782657956617087,0.4176134125582368
1.654263727912031,1.7324696093555616,4.578789185985585,0.3986120067464342
0.3776156539547575,0.8424396417152471,4.9065820319200695,0.42919114436074723
1.861539817497233,0.33182869673084214,3.4488384378259678,0.29442874631773175
0.720491020678371,1.3708469809268493,1.1097271266091817,0.08760805792615621
0.6302675543049849,1.2593598641366206,4.44834192035264,0.38648422115979
0.4420085694823763,0.825728849676826,2.566001889311978,0.21463652863667057
0.5470092909759043,0.9091893529818567,3.8796591081194314,0.33390910108770355
0.7459198015167776,1.533638328768415,3.783918583864983,0.32510803216780126
0.6964598659545771,0.9081724250517778,1.8828125682616053,0.1541617780610594
1.457366466638049,0.19946449495031082,1.1605360573733592,0.09190264638834396
1.6417984752345889,1.5110254950549113,4.314834745822906,0.3740973465281673
1.0107476853984296,1.6953166982209154,1.4396686723020888,0.11571525148066383
1.2309956919096126,1.6375938105897696,0.9349054217591877,0.0729387944822662
1.6643582170069775,1.9432194280268322,3.4195363358485182,0.2917553940828936
1.0663676738579988,1.661549858509313,1.5129010369527611,0.12201841503143067
0.5297012150869418,1.14308042329111,1.2270819462167848,0.09754696810975318
1.4956251593641874,1.7665865931700289,2.3716317764055574,0.1973028935844898
1.8815758362210306,0.5162278098584896,0.9513853641168446,0.0743140610900552
1.6383433053823595,1.4348081907206607,1.760387952082001,0.14347072710510697
0.41599067288138913,1.1546879776793357,3.9706601685151757,0.3422883988137441
1.886511313077972,1.7501361518673175,1.6327325769991532,0.13237748628045534
0.6901943650596891,0.3769817928532786,2.6483138869842096,0.22200475852313045
0.18627717686909184,0.9603138321734299,3.2346806074275767,0.27492719727687553
0.15104646166586888,1.836536426616872,1.729283002024008,0.1407624329254269
1.7746833302886766,0.6194898858247033,4.8728613789554664,0.4260387382234013
0.7255449994563947,1.2069515010144702,4.642921989497087,0.40458327474428696
0.17631461684131988,1.9070792254434772,4.50055263359573,0.3913353870300263
1.0145511434519394,0.0498916372879763,2.6462343473043837,0.22181840999191613
0.23357355988167883,1.048915112244723,3.5095184246718207,0.2999698037930077
1.6507983367244765,1.2963487628195007,2.743456589534489,0.23054122364634427
1.4981083712767176,1.487163944669309,4.516781250280687,0.39284406465087235
0.5770974786547072,0.6200993790846823,2.5139541451664056,0.20998580719228857
0.9950700195133368,1.3455560463118457,2.3166831392599936,0.19242007023617383
0.4106279662605623,0.5536657966116285,4.668330074558128,0.40695054600808095
0.7889450455811859,1.4454460699830414,4.668529150273278,0.4069690974089037
1.018237591775438,0.5144939159099509,2.452110583231442,0.20446842337880014
1.3760376011576347,1.1982198005654374,1.4795173626844131,0.11914238336338785
0.9331653771064281,1.6791718430925202,1.6656234452881757,0.13523015916680917
0.6628723824429861,0.5213250750311293,4.0510653203010145,0.34970307954184016
1.7149977881475327,0.6882713641973852,3.556749782740579,0.3042873690670175
1.6034567336778245,1.525527249222677,3.9928604522062954,0.3443346046028102
0.17743069207056572,0.724996318369445,4.000538547766987,0.34504247956277334
1.614468238221544,1.874342319390215,0.7065082036404035,0.05406475376786678
1.8994360521175604,0.30629662935836754,2.250565271050559,0.18655533236053223
0.924930310904702,1.8156095490190773,2.479751781615205,0.20693326515258398
0.1352208277190734,0.3622722679723942,0.9572658155371244,0.07480518980152401
1.6196453515846048,1.7375184561189239,3.6194258001677277,0.3100228815228128
1.1748379213135796,0.3883419698661428,4.315545075826931,0.3741631821272126
0.9146125368241635,0.6993835435605369,3.9305189700565286,0.3385905808765809
1.8638074712477328,0.48686432777537014,4.03825352929679,0.34852093569209414
0.4945029240978218,1.669599770621686,2.8333820647402175,0.23862839934225272
0.7764186234248707,0.1546796904587071,1.5945859645960825,0.1290739431450875
0.1212622465938833,0.3744379540503835,3.6100807134792188,0.30916727045820463
0.7750116590572034,0.1795224622243663,4.389467515694923,0.381018610769315
0.8436922601960029,0.28577783490745556,4.309452046641416,0.3735984855014969
1.7348900275201804,0.564215048379378,3.8183539898736987,0.32827180125317723
0.6745876421418704,1.0731410741287608,3.813321281276987,0.32780929551744586
1.4945271011197256,1.8875210901333275,4.303938208302308,0.3730875152575922
1.316584598161973,1.2548201364604334,1.2144568637006121,0.09647446771670588
0.5213353359647452,0.3081388853620408,4.421707759383006,0.3840110142892847
1.3181368159031324,0.006777887607329891,4.309833386671636,0.37363382614736634
1.5110055122007873,0.15440370783487167,1.9565232924146803,0.16062214526063168
0.8354605950016527,1.6871022588999567,1.7869937975556172,0.14578991010150086
0.8001609023066649,1.1661306427568638,2.431862518248016,0.20266406263601114
0.04434291522142009,1.684401964876179,4.277297858060261,0.3706193775140036
0.7822840548418195,0.4520162360309765,4.163043735864073,0.3600462264801872
1.1901516819730804,1.9383330800566825,4.982868048098909,0.43632831541164624
1.7363800876554185,0.41873431730057353,4.640547340414867,0.40436207428753
1.712364704909704,1.8271585605883895,4.981681423929546,0.4362172391289024
1.6091882334943388,1.3387527769024066,3.884046193308057,0.3343127514981927
0.13372436133969368,1.2080299418014095,3.5731654339314423,0.3057889041381362
0.5439283928207277,1.809931241695017,4.822657506675866,0.42134817425925486
1.2949306805793606,1.2634924579148794,0.9475009104153587,0.07398975065233442
0.33368343382073684,1.3585134298137402,3.6175468857355906,0.3098508409028809
1.9960594045821034,0.10515906021314159,1.0111053083871764,0.07931133759061086
0.08153039164549214,0.10828560862651515,0.6644516596788951,0.05063155870078216
1.4981592118392553,1.2128871616845172,1.3350488536492489,0.10674914248695355
0.5071232274658537,1.4091412985349117,3.2449775532100733,0.2758628616153139
1.5401417341167203,0.42070845318712213,4.206562490489264,0.36407114921875167
1.1576987212852663,1.3185007605123384,2.121918777388138,0.17517856848897093
0.7250976296233553,1.7082088733046203,3.629395602488393,0.310935857935691
1.4459072923796903,0.41121782659470063,1.4254266144837782,0.11449196044301747
0.8154457786166949,1.5808744064706914,3.2830188275047494,0.2793213735631693
1.388012614483427,1.0000489888368556,0.5826818196638717,0.044000151518559495
1.122884024325033,1.563172274957256,1.968473552470103,0.16167112426110886
1.155383708551994,1.506684659319419,4.010769176888678,0.34598582865836414
1.6204831839364717,1.7186462636106743,1.4109289709806314,0.11324758237004867
0.7801949783475135,0.6957300961961461,3.6596989770399233,0.31371192503592016
1.9348596503230335,1.1943137098940202,0.6270434151823658,0.04759036981622456
1.0569708987372297,0.08075125933943328,1.5570622728838712,0.12582966132815968
1.195615522323273,0.6236604874810214,3.2581745551014873,0.27706234815326486
0.8807848310694957,0.28171582413641727,0.5049087682376706,0.03775222360149367
1.9016821727988287,0.9353313334341833,1.817121104945843,0.14841892875459628
0.4383521523254763,1.126182716736129,3.3689362930544724,0.2871426701089559
1.8839141124073333,1.707889154686687,2.3510779942584668,0.1954755280641319
1.9637067925002678,1.0966816548220826,1.7713316048954852,0.14442437461460592
0.8152962688750465,1.5232854837469942,3.0428690279620096,0.2575358763870982
0.17408320636052999,0.772567965672355,4.200221391685737,0.36348449993079524
0.6583987043101782,1.0732199834122562,3.110278629533909,0.2636394401626016
0.6267096060110884,1.7598314131851325,1.265232180251742,0.10079242823137635
1.4847635467272062,1.8136116783031049,3.2934893034670276,0.2802737807428941
1.1164180278632119,0.12681836441347483,1.0382042454105038,0.08158573804250577
0.5095593217596703,1.815716443560891,1.9246059745579362,0.15782265634636297
1.9034458746496183,0.7936336850237689,1.3833623640293236,0.1108838942298434
1.255268895491118,0.7199237796118312,2.909370293802622,0.24547601479980122
1.8732769533901514,0.7756615116311589,1.7615215102896697,0.14356948824382793
1.2102497152141352,1.9512044020363521,4.2256438213864485,0.36583683391130173
1.7554011308551258,0.9875121751428804,4.6249453919175245,0.4029089347376768
0.23928205640030553,1.334070581932921,1.5084502232754833,0.12163471851487698
1.4508066243747846,0.3806200491022629,1.221692607729616,0.09708905036364344
1.40762852688568,1.153428099752944,1.5773097420715019,0.12757958662149643
0.6606328073031986,1.4744236784363682,3.5368292406597512,0.3024658849129331
0.49431319862857115,0.005165720736714174,2.121752557951399,0.1751638991496372
1.048724291645592,0.06344575058609148,0.9467497286105182,0.07392704556008355
1.8064451355451956,0.5910702473685274,1.4911603064487877,0.12014492940941746
0.34502028248125405,1.5092573754154082,0.7758401835831673,0.05975503279112009
0.3060595952557694,0.5948493156243582,1.8818346141801223,0.15407618116685018
1.6247237065272726,0.7120530146507458,1.6230699744103525,0.13154018442913828
1.6261487471515683,1.7555109392930346,4.726338760409373,0.41235854049120646
1.276783352471195,1.5499318412535763,3.6078766251848067,0.308965492304651
1.6496376609308911,1.4207096464064786,4.165129652246797,0.36023908081123185
1.5841009124825283,0.08880920312117868,4.716048598796158,0.41139888046802003
0.12964333758686064,1.4191173927787522,3.3311279330716954,0.28369915725594747
0.6668407581673177,1.4481753518335279,4.842302382043368,0.423183201987065
1.8782087860567056,1.173452230257985,3.896705509548419,0.335477696151774
0.17646789587589784,1.068497627496806,3.2129021375661204,0.2729489058613165
0.06591748950802057,1.2774679679071952,3.042500360752016,0.257502521084881
1.2724771894292684,0.9695574038180643,0.6903784616060471,0.05274632250971961
1.7901075430965405,1.8602510650907322,4.465167051514044,0.3880471038136701
1.3011361114953661,1.601432323061225,1.61312251870679,0.130678558205487
0.3699536797612848,1.2247921586993833,2.3055172646164483,0.19142882330830896
1.0691561428981025,0.3995930898124771,0.6951032274265552,0.05313230291410678
1.8426437240719573,0.0721904115954477,4.027617247823496,0.3475397226343775
0.9679094173797496,1.4853264621818012,0.8713931972637279,0.06765452909519838
0.6991294552221086,0.8483181888824278,3.8367543093036467,0.32996314758713224
1.7167916577671571,0.7152998746692101,2.0773757931646877,0.17125037815526256
1.3638564389696746,1.105295854262124,3.5128631988926786,0.3002754287393098
0.3181891470157021,0.48185848936848097,0.7887705249867965,0.06082025025338361
1.3476717898237442,0.35452787078007053,2.915812617985284,0.24605713168933058
1.8508126094710593,0.4689847320983416,3.5459722574088652,0.3033018116684059
1.5674211437317795,1.0378994300977233,1.3332713746087521,0.10659721740713855
1.4708672811866557,0.49165280968911773,2.347467722668832,0.1951546648585626
0.2529457220549145,0.5624936875366242,3.316713752913757,0.2823870496332037
0.9827274522830483,1.1428575286816625,4.593868925485703,0.40001553307639565
0.6195569151941942,0.9603745057973916,3.363428148856026,0.28664083223791503
0.06765855735496373,1.1010106892901559,1.2301369485289684,0.09780660519794118
0.09299021563076626,1.8363239833511376,4.985531136236055,0.43657760564387277
1.3693674556223334,0.8789144505377471,3.1442275217194764,0.26671679344984695
1.8740492647492284,0.9643001222284269,0.8713820621046625,0.06765360491502058
0.047819851534361746,1.8260632265622958,2.344463534738796,0.1948876933431802
0.39220021470832633,1.038963120756674,3.595389667647445,0.30782250679980494
1.0385258052836808,0.523211237922121,2.6164030987889286,0.2191463334937514
1.7738529105844676,0.3088301491081642,1.0055462621034734,0.07884528561535674
0.6168015858064315,0.9167568992849473,4.547434130208007,0.3956946994612347
1.8755862845888567,0.27536084240681924,1.0179383379776286,0.07988443826959463
0.7550802983056177,0.45538294739688645,4.687634264189508,0.4087497120035196
1.276767690115678,1.3444392001633692,3.1104301458411654,0.26365316947846296
1.871104361848327,1.5978678682939333,4.376029321341873,0.3797717813056972
0.7065032658726287,1.4948525866150106,3.234360024894263,0.27489806983283693
0.16593784505061948,1.1874552029561605,1.5793821849351484,0.1277587891587135
1.1712884018228424,1.6045321958394416,1.6153671519726402,0.1308729513387327
1.220254734340816,1.3864134383428364,2.450974498969401,0.2043671564818273
0.96427285411288,0.6143519629949252,4.20004327755733,0.3634680225130107
0.028948247215669243,0.10758043003217588,3.7182153787579986,0.3190770433996564
0.7340015967732638,0.5160264230829488,3.978387465296027,0.34300053638379535
0.27232348556057073,1.4786290655082088,2.698598034913087,0.22651380136419827
0.349508587971457,1.454162896998321,3.9243130672976694,0.3380191233223843
1.8802986781295183,1.949219207099873,3.1047430497366486,0.26313787747241857
0.5559912304909347,0.44026304591071974,1.9745601786056655,0.16220556983880327
0.49756788271598085,0.7466891933818058,0.6182435715202833,0.046876756599712105
0.7527873457518091,0.27514756897823966,3.0075330432724643,0.25434011223960046
0.15026591426016034,0.8485441077264599,1.3580861556571104,0.10871944837228129
1.9122929909705215,0.7528188982841413,4.948345649878548,0.43309752615014735
0.3162134340017828,0.5810708786530292,2.131389308211081,0.1760145006212392
1.997971875234409,1.6716448478784691,3.6415491522793992,0.31204904325005184
0.8067870607530376,1.760800769598557,1.1663110991604269,0.09239161012669211
1.3500180705793356,1.3174904045471616,3.019915627972086,0.2554596920781543
1.3482908962121067,1.4600030779142352,4.047698360703652,0.3493923851853215
0.3667469671114698,0.056893015549840165,2.5574375829892344,0.21387081479294628
0.8460990321751634,0.699048864956493,2.571979722141935,0.21517109670547988
0.11755123161585157,1.0744493550718783,1.751539561339785,0.14269996301246557
0.13020994115244178,1.6922850344761957,3.960757429342942,0.34137591512926346
1.8762097544380982,1.3997788808284284e-05,2.4132454678014947,0.20100596036497273
1.5540936507828569,1.090434171597292,3.079110908267226,0.260816230048722
0.18674284540979658,0.5669308752017566,1.5017983193445987,0.12106141569678897
0.9817690031438631,0.32908104136323724,0.6451839647172254,0.04906362856573754
1.309351070019022,0.3575141466493523,4.281773016224546,0.3710339117393568
0.9325955474852028,0.5425502473370993,2.139486973081193,0.1767294577868234
1.111000101764382,1.4264477350631752,4.276730936810375,0.37056686569249336
1.8220396881513639,1.9107533390971858,2.5878494941442116,0.21659066747901703
0.43630950830076665,0.2611339510795112,2.529064191208248,0.2113352856686596
1.194846377090935,0.5382297062453114,0.9059421829023495,0.07052585308771941
1.7679919312790477,1.7141437651899942,2.0929174819173424,0.1726203265454186
0.8999988909140366,1.8715858768817761,3.4421319144077565,0.2938167435929057
0.39799420981549516,1.508983854792624,1.9282010564245111,0.15813782424760237
1.7339306451273004,1.1807139262661859,4.689816223841803,0.4089531045967511
1.4519430153293522,1.6970771745958926,3.869641981947401,0.33298755550949705
0.008559984437694235,0.8764207417143814,4.170638544695317,0.3607484399569004
0.14160776023174249,1.5192684550357638,0.5880157924388936,0.044430864491860296
0.5492801056069307,0.5847951863076477,2.9093334652426615,0.24547269300870067
1.2227665933763383,1.0414638776864482,4.26226565975656,0.3692271631450103
0.5082206538976373,1.1591118908331504,3.79837072295301,0.3264355883465241
0.39894996893575807,0.22212434699494388,2.0530625430291733,0.16910866571494435
0.6213369196507468,1.5171084405307909,0.7228901249249469,0.05540592542857521
0.7145971315570596,1.4696647455521599,3.2528387140752906,0.27657732865360496
0.1088654358651251,0.9082975533497448,2.6860347147255563,0.22538668503551584
1.2138812335748812,1.5803182922665124,3.815021396667544,0.3279655313516022
1.9498277429253723,0.2152664653640406,4.271473553718988,0.37007991660199896
0.22445404910753242,1.481392962780638,0.6976904727988857,0.05334373960828987
0.8856760673905346,1.1175498673730564,1.0344481389709008,0.08127024283225256
0.3204326230679264,0.8232679784480039,3.5581026471858874,0.30441109715405895
1.3832387765561036,1.1067559906983724,4.149014665929977,0.358749335924008
1.6039255861834472,1.6739728795395272,2.3442484536725754,0.19486858075753466
0.9027050058470634,0.27226439537153957,4.048723394871917,0.3494869708099423
0.7262312367189818,1.7172366758905635,4.3413442510312255,0.3765548359461203
1.7733017301684815,0.47636074802175954,4.006714445833962,0.34561192884519026
1.2874865724905376,1.5996832369604759,1.0383228182095436,0.08159569888182629
1.3113195344034252,1.7536152082345808,1.1377969307812101,0.08997899935833754
1.5628473336909499,0.3633673927826657,0.7047450289078027,0.053920531388508386
0.3725846616320019,1.0178806537705782,3.499715145899981,0.29907415616776006
1.2442175568395915,1.889961711749477,4.239719620597683,0.36713968615619796
0.5385680317527795,1.6631534874076286,3.6525469733619396,0.3130565923983856
1.6581523915920187,1.837519004856002,4.281366400463168,0.3709962456566799
0.16349375219650675,1.2413553743665273,4.672329846224299,0.40732328585184
0.9754108171386022,1.686186845229506,3.874503438749426,0.33343477443014863
0.3348302092841191,1.9513218097386442,4.675519985232036,0.4076205915853145
0.9919717358334095,0.39219384545446356,3.148883021976169,0.2671389782862321
1.6303711945122479,1.7841253020641423,4.830556389979364,0.4220859470361569
1.5380785690954983,1.7237408186869376,3.060395206840696,0.25912188506759426
1.2389022085736388,1.2151354198974298,3.9269968818772876,0.33826624911893893
0.7697441971465362,1.4125610324953581,1.630399642139645,0.13217529707253153
1.5325757851966089,0.9232882810405467,2.9488503392918424,0.24903862114118377
1.3279448655424637,1.2926457523899433,2.4425433546997506,0.20361573269876634
0.051707461104207875,1.0511616119295253,3.0507761725412736,0.258251345293873
0.08836880888861542,1.1789497898960757,1.5665035570229857,0.12664544778244471
1.3110552894361767,0.7883793249060091,2.1778248669665015,0.1801169022103878
1.8315407125676795,1.1963904114078614,1.8658567537155286,0.1526781308202446
1.8076742594978656,1.1499826796429393,3.6356008157205144,0.3115041826180394
1.0589968705819301,0.6961544447418717,3.2058751539372694,0.2723107926829313
0.7346168637892754,0.25396312343747685,0.702155858402082,0.05370879018092566
1.290636346456173,1.5763231524786114,1.702520123983697,0.13843488761665884
0.9110924385975718,0.13649951631899016,3.6501825185159915,0.3128399586709144
0.38720430346105994,1.9267538957243466,2.691798233340576,0.22590371315963162
1.01125128721197,0.7374369745240239,2.4941501199545457,0.208217957129675
1.3621133230660771,0.494318160880846,0.8444349942375412,0.06541950066211531
0.08647248774641447,0.599646359336681,1.4042446273511489,0.11267414080655998
0.5370530187768392,0.24732092762002744,2.3100780966282057,0.19183366977507132
0.6582895595176672,0.3037820781899785,4.02835156513785,0.34760745877735055
1.623296924197496,0.2956717838481624,4.646207471649352,0.4048893328995408
0.27523023579239037,1.6078852819901803,1.596202586916117,0.12921383489460753
1.940955184648608,0.6286263398096692,0.9268118659096057,0.07226399009743303
1.9398675773530811,1.722790944319922,2.63722277675408,0.22101099576619299
0.5468916533229962,0.03492097724311605,1.0999649379020688,0.08678444990546416
0.9269702989710549,0.6322002479864668,4.546182612094003,0.3955782856422088
0.8642386649927949,0.20048970803184174,3.120448101522042,0.2645610267193235
0.6636721978396993,1.4434343621613868,1.6280378875020274,0.13197063046480417
0.5783426230054869,1.5683907818093417,2.1066576898857114,0.17383206529056594
1.9262820834950583,0.20667167806767628,2.381440824459904,0.19817536789380016
1.1161504721839743,0.9783932174520369,1.0545207132340775,0.0829571551833269
1.7107073770329664,0.09549379473143382,3.751952017488216,0.3221728660766798
0.025317709967637603,0.4351669304299166,2.457207192689754,0.20492275857126954
0.04312578454864724,1.2829763901827422,3.472181382009885,0.29655954237017296
0.797042875697354,0.21862729661336422,1.2480104317938254,0.09932651668265671
1.9398867925170005,0.2467043294236313,2.9167854234514805,0.2461448893528229
1.108861580662232,0.9491113956911106,0.5258233175668175,0.039426272827491164
1.066109574393946,0.7458311233205486,3.429893365252429,0.2927001289009259
0.3431972572572748,0.3253999616446941,2.5725749222298018,0.21522432720628717
1.2494818780965768,1.465241857488243,3.3112417783659747,0.28188904449305663
1.9156377037082133,0.8600993853201098,0.6693284449272183,0.05102891394590786
1.665230067811655,0.7383909406590483,0.6841170699560288,0.052235091449749825
1.7950608475477055,1.6863730029025341,3.300398457114215,0.2809023601963684
1.8563473340743863,1.3695667363198099,4.1165628510519685,0.3557505508700104
0.9919644280872411,1.8888176357696476,2.6876370950361927,0.22553042213488456
0.5319340741146028,0.6242471960846965,4.277300100207093,0.37061958519673693
1.4586403225734605,0.8138987396144521,1.9725903474995743,0.1620325933277907
0.005600921520039215,1.7063954612628047,4.112554181516343,0.3553802334036608
1.409910399573713,0.24238661124659155,1.5609671217183876,0.1261670236067593
0.30696563012606193,1.5593609999791695,1.9940678300433419,0.16391923366872496
1.9205703757601849,1.2404982963808329,2.0624390141396765,0.16993441676631557
1.0352698047457674,1.853056478505606,4.00840429078385,0.34576775172042296
0.4107239621586818,1.3870395041332664,2.7810698687975144,0.23392166892652858
0.1393192040780784,0.24055851641566584,1.0651753593981104,0.08385348193925032
1.4484245352090972,1.6633948098876785,0.8147580307385294,0.06296476105330566
0.38254797439780397,0.5343515706655957,1.1891427119486369,0.09432635573202383
0.5641334886797496,0.13269881325283706,9.816318984193215,0.9007433263741896
0.8317507753914604,1.9757752577332588,22.574824355086744,2.19397863999177
0.012710356314721727,1.818051022973984,45.82360539781949,4.676407496907045
1.913219208655919,1.7175159216524292,17.097755413802822,1.6301209576696443
0.00990979229833977,0.8920469881343278,46.910779510462554,4.795108023831712
0.8387666894290491,0.8299866756394925,34.58597650485873,3.461721121809408
1.1814864961534728,0.2888462273500205,26.24117594524798,2.576920813797908
0.5459605076343514,1.4873648074224393,21.993308367530446,2.133617404243902
0.4031780428213556,0.9271305059757282,20.458801278988396,1.9748715325742936
1.6885111707722946,0.001345564088873319,16.422346327978367,1.5613784063330618
0.7015213757414336,0.9555997070283251,43.059711982438245,4.37552289698936
0.07968619117906406,1.9144147744991804,5.777278900917521,0.5110815188549502
1.408326326823168,1.6656377168804533,35.423745984329166,3.5514339119523433
1.4490486128803057,1.7361215904487994,17.057527919152527,1.6260213137008237
0.4123290992254931,0.3586420181216745,9.292687961262748,0.8494758576511466
0.2952904343046847,0.37101260061220853,33.024186698060404,3.294879079327841
0.9230490771346003,1.0469863360747982,29.70527951553012,2.9421654930557386
1.1879294346966918,0.6958355822832898,12.47871702985143,1.1641624719622885
1.572511117762252,0.9221196273368923,24.39963151183037,2.384079020156527
0.4286829576981941,0.6529126578658264,36.380377300993665,3.6540540618192097
0.17254403704842103,1.9024320413002576,13.987840556293438,1.3152714786216626
0.004180997072546155,0.9623331201166667,16.714641999698777,1.5911045238566117
1.7134582539636685,1.6367414915221434,31.868758629551408,3.1717962036935896
1.0329353497074303,0.6428200790555303,17.251176685168463,1.6457624456943907
0.33657410484303885,0.2818029622979401,10.318870493842441,0.9501249310068021
1.0758679972195293,0.6568953861307594,29.047022440443033,2.872523332246814
0.12318201570269283,1.6084102298489424,18.681109807452422,1.7919974635179352
1.3574398524514963,1.5419256550025027,12.503764763187537,1.1666606296587225
0.21235480311488053,0.9546450413834136,42.93641543195705,4.362130925103571
1.2963035217142327,1.429884484481567,41.608994241281906,4.218121346110731
0.153116053894077,1.7760884736210285,45.539718546396706,4.645443781854913
0.1055124041214861,1.5680943894317347,30.609227200377724,3.0379744084120306
1.6866097510297728,1.553497311165092,30.734122387852587,3.0512274698105117
1.908392774510403,1.4318874148201832,8.790782775011813,0.8005222038250329
1.2831016940238489,1.3262824427255884,11.187154202138668,1.0358317324262754
0.2787365114224889,0.15080940670944476,28.088174648101578,2.7712746711646536
1.0008507205312107,0.20320874716351578,46.81193664192753,4.784308186859851
1.2152542598876905,0.24229556212644687,12.047804102280065,1.1212397221429644
1.9749533021014436,0.24868244999527112,38.15784736952158,3.845219058757229
1.904685219035098,1.82212888806463,30.97569956322864,3.076872596119273
0.4913797629975667,1.7489876933001427,37.660572180701585,3.7916744665249413
